"","GEO.id2","STATEFP","COUNTYFP","TRACTCE","POPULATION","LATITUDE","LONGITUDE","GEO.display.label","Median_house_value","Total_units","Vacant_units","Median_rooms","Mean_household_size_owners","Mean_household_size_renters","Built_2005_or_later","Built_2000_to_2004","Built_1990s","Built_1980s","Built_1970s","Built_1960s","Built_1950s","Built_1940s","Built_1939_or_earlier","Bedrooms_0","Bedrooms_1","Bedrooms_2","Bedrooms_3","Bedrooms_4","Bedrooms_5_or_more","Owners","Renters","Median_household_income","Mean_household_income"
"1",6001400100,"06","001","400100",2937,37.859419,-122.230389,"Census Tract 4001, Alameda County, California",NA,1425,162,6.5,2.02,1.59,4.6,9.3,50.9,2.5,4.8,1.3,13.9,2.8,9.9,3.6,5.6,11.9,40.6,31.6,6.7,81.2,18.8,156250,237805
"2",6001400200,"06","001","400200",1974,37.848292,-122.249525,"Census Tract 4002, Alameda County, California",909600,929,37,6,2.53,1.81,0,1.2,0,1.3,6.1,6.5,1,10.8,73.2,3,16.4,27.4,34.4,17.5,1.2,66,34,111667,195229
"3",6001400300,"06","001","400300",4865,37.840265,-122.254416,"Census Tract 4003, Alameda County, California",748700,2655,134,4.6,2.45,1.66,0,0,2.3,3.2,5.2,8.3,5.3,7.8,68,11.5,28.4,29.2,20.4,7.9,2.7,45.1,54.9,66094,105877
"4",6001400400,"06","001","400400",3703,37.848451,-122.25731,"Census Tract 4004, Alameda County, California",773600,1911,68,5,2.04,2.19,0,0.2,1.3,0,4.9,4.3,8,10.4,71.1,5.2,27.7,33.7,21.9,7.3,4.2,45,55,87306,106248
"5",6001400500,"06","001","400500",3517,37.848941,-122.264742,"Census Tract 4005, Alameda County, California",579200,1703,71,4.5,2.66,1.72,0,0.2,1.1,1.9,3.7,5.8,6,7.5,73.8,4.9,30.2,38.1,19.3,5.4,2.1,43.6,56.4,62386,74604
"6",6001400600,"06","001","400600",1571,37.842226,-122.264926,"Census Tract 4006, Alameda County, California",480800,781,65,4.8,2.58,2.18,0,0,1.2,1.4,1,6.5,19.7,17,53.1,3.5,20.4,40.1,30.7,4.6,0.8,51,49,55658,73933
"7",6001400700,"06","001","400700",4206,37.841719,-122.27215,"Census Tract 4007, Alameda County, California",460800,1977,236,4.3,2.72,2.15,0,0.6,1.8,2.2,3.3,0.8,9.4,9.7,72.4,8.2,22.3,43.2,16.7,6.5,3.1,32.2,67.8,38646,56705
"8",6001400800,"06","001","400800",3594,37.845393,-122.283126,"Census Tract 4008, Alameda County, California",473500,1738,257,4.3,2.17,1.93,13.1,4.1,1.6,2.4,7.8,3.7,7.5,13.3,46.5,8.9,25,37.5,25,2.1,1.4,28.3,71.7,52837,66822
"9",6001400900,"06","001","400900",2302,37.839285,-122.280316,"Census Tract 4009, Alameda County, California",439300,1202,80,4.4,2.7,1.92,0,2.2,0.6,5.9,0,5.5,9.1,14.7,62,14.2,20.1,39.4,18.3,5.5,2.5,31.7,68.3,59091,59690
"10",6001401000,"06","001","401000",5678,37.831263,-122.272163,"Census Tract 4010, Alameda County, California",369800,2665,500,4.6,2.75,2.08,0,2.2,0,0.5,4.3,11.2,11.3,8.5,62.1,6.1,29.3,35.4,25.3,3.9,0,35.1,64.9,40402,50056
"11",6001401100,"06","001","401100",4156,37.829959,-122.263403,"Census Tract 4011, Alameda County, California",467200,2182,148,3.5,2.3,1.96,0.4,1.1,1.7,0.5,4.1,3.6,13.4,11.8,63.3,11,44,24.4,16.1,3.7,0.8,16.8,83.2,44140,56674
"12",6001401200,"06","001","401200",2416,37.830988,-122.258039,"Census Tract 4012, Alameda County, California",591200,1372,33,4.3,2.02,1.61,0,2.2,0.6,3.1,1.4,3.5,8.2,13.9,67.1,6.2,29.2,40.8,20.4,2.9,0.4,41.7,58.3,59554,81476
"13",6001401300,"06","001","401300",3528,37.8165,-122.26787,"Census Tract 4013, Alameda County, California",352400,1908,227,3,1.45,1.97,5.9,8.4,3.2,7.3,8,16.3,7.1,6.6,37.2,22.5,47,17.5,11.1,0.4,1.6,12.5,87.5,31080,45789
"14",6001401400,"06","001","401400",4314,37.819904,-122.273309,"Census Tract 4014, Alameda County, California",322700,1870,432,3.9,2.15,2.6,0,1.8,2.5,3.3,7.2,2.4,8.4,9.4,65,12.4,26.5,31.9,20.2,7.6,1.3,18.1,81.9,30777,38234
"15",6001401500,"06","001","401500",2630,37.823505,-122.28048,"Census Tract 4015, Alameda County, California",353700,1254,382,3.9,2.09,1.86,3.9,2.6,4.9,2.6,0,3.5,6,6.5,69.9,15.2,28.1,32.5,21.2,1.4,1.6,40.4,59.6,27183,47209
"16",6001401600,"06","001","401600",2163,37.81667,-122.279621,"Census Tract 4016, Alameda County, California",321600,947,173,4.1,3.47,2.17,0,27.6,4.4,7,4.2,3,12.6,1.4,39.9,1.9,22.4,42.9,24.9,5.7,2.2,18,82,37679,47593
"17",6001401700,"06","001","401700",2667,37.817286,-122.293793,"Census Tract 4017, Alameda County, California",377800,1025,167,4.1,2.51,3.1,36.3,5.2,8,2.7,4.8,1.1,5.2,4.4,32.4,6.4,20.8,42.8,24.7,2,3.2,44.4,55.6,62895,79060
"18",6001401800,"06","001","401800",1703,37.809593,-122.298293,"Census Tract 4018, Alameda County, California",334100,854,277,4.6,3.28,2.53,1.1,5.4,9.6,2.1,1.1,9.4,7.6,11,52.8,7.5,16.6,31.6,30.7,5,8.5,15.1,84.9,30370,38382
"19",6001402200,"06","001","402200",2385,37.807292,-122.295186,"Census Tract 4022, Alameda County, California",374200,1020,158,4.5,2.92,2.31,0.9,9.2,1.6,0.9,6.9,2.3,4.9,12.4,61.1,9.3,19.8,28.7,31.6,4.8,5.8,32,68,39286,52775
"20",6001402400,"06","001","402400",2351,37.811419,-122.28219,"Census Tract 4024, Alameda County, California",330900,1210,126,4.1,3.45,2.01,0,2.6,2.4,7,10.6,12.1,9.4,8.4,47.4,10.4,21.7,33.8,17.5,8,8.5,14.9,85.1,20874,29672
"21",6001402500,"06","001","402500",1784,37.804984,-122.285183,"Census Tract 4025, Alameda County, California",285500,846,79,4.3,2.21,2.72,0,5,11.9,7.3,23.6,15.1,10,4.7,22.2,4.5,22.6,35.9,26.8,10.2,0,23.5,76.5,21571,36145
"22",6001402600,"06","001","402600",1151,37.804782,-122.279657,"Census Tract 4026, Alameda County, California",356000,628,71,3,2.2,1.44,3.7,15.9,10,7,26.9,4,8.4,0,24,14.2,48.7,18.5,9.6,6.4,2.7,23.2,76.8,22531,45619
"23",6001402700,"06","001","402700",1569,37.810251,-122.277443,"Census Tract 4027, Alameda County, California",347600,796,131,4,2.25,2.24,0,4.3,4.9,0.8,14.1,1.9,3.4,8.7,62.1,8.8,26,29,24.1,2.8,9.3,37.3,62.7,35080,48131
"24",6001402800,"06","001","402800",3345,37.808665,-122.272709,"Census Tract 4028, Alameda County, California",324100,1716,211,2.5,1.71,1.35,20,3.8,1.8,10.8,8.3,5.1,8.1,5.5,36.5,37.8,39.3,14,3.9,1.6,3.4,9.6,90.4,21993,41640
"25",6001402900,"06","001","402900",1434,37.804261,-122.267119,"Census Tract 4029, Alameda County, California",NA,894,120,2.6,NA,1.48,1.9,0,0,3,13.6,8.2,8.6,16.9,47.8,30.6,65.2,2,0,0,2.1,1.4,98.6,19766,27340
"26",6001403000,"06","001","403000",2788,37.800788,-122.270661,"Census Tract 4030, Alameda County, California",369900,1597,375,3,1.54,1.91,2.4,3.2,19.2,8.1,18.8,3.3,4.6,6.8,33.7,14.8,46.2,29.4,4.9,3.3,1.4,21.6,78.4,17569,33976
"27",6001403100,"06","001","403100",2238,37.801099,-122.276502,"Census Tract 4031, Alameda County, California",407100,655,82,3,1.71,1.75,32.1,3.2,23.8,1.5,2.1,4.3,5.8,3.8,23.4,30.2,22,36.8,6.1,0,4.9,41.5,58.5,42625,56426
"28",6001403300,"06","001","403300",4054,37.7956,-122.267839,"Census Tract 4033, Alameda County, California",404000,2372,334,3.2,1.84,2.05,8.2,38.8,5.9,0.4,9.6,1.6,6.2,3.1,26.3,9.6,46.1,36.6,5.1,2.2,0.4,28.6,71.4,69605,74171
"29",6001403400,"06","001","403400",4146,37.803458,-122.263683,"Census Tract 4034, Alameda County, California",452300,3086,118,3,1.26,1.49,2.4,5.6,1.8,10.7,11.7,18.2,11.1,8.5,30,18.8,60.9,17.8,2.5,0,0,12.7,87.3,42358,61668
"30",6001403501,"06","001","403501",4374,37.817316,-122.259876,"Census Tract 4035.01, Alameda County, California",351700,2513,170,3.1,1.96,2.1,2.7,1.6,2.3,6.9,16.3,12,12.5,9,36.6,10.1,60.5,20.4,6.2,0.6,2.2,12.2,87.8,33635,51389
"31",6001403502,"06","001","403502",1991,37.816035,-122.256743,"Census Tract 4035.02, Alameda County, California",272600,1359,133,3.4,1.66,1.59,0,0,1,3,23.2,25.9,11.6,2.5,32.9,7.8,57.7,28.6,5.9,0,0,29.2,70.8,63199,71320
"32",6001403600,"06","001","403600",4482,37.813421,-122.254114,"Census Tract 4036, Alameda County, California",364200,2932,369,3.3,2.11,1.77,0,0.4,0.4,3.6,13.8,36.5,17.1,11.6,16.5,5.4,55,29.3,5.1,2.5,2.6,22.1,77.9,56303,73091
"33",6001403701,"06","001","403701",2587,37.811375,-122.258315,"Census Tract 4037.01, Alameda County, California",343600,2030,318,2.8,1.44,1.44,0,0,0.7,2.7,15.8,31.4,12.4,5.1,31.9,22.3,50.8,24.2,1.5,0.5,0.7,10.9,89.1,60278,68211
"34",6001403702,"06","001","403702",1724,37.809381,-122.253441,"Census Tract 4037.02, Alameda County, California",377900,1184,33,3.5,1.54,1.67,0,0,0,5.3,9.2,25.8,15.3,7.9,36.6,5.8,59.7,30.7,3.7,0,0,18.9,81.1,66761,76234
"35",6001403800,"06","001","403800",3461,37.814476,-122.242249,"Census Tract 4038, Alameda County, California",720200,2033,139,4.2,2.37,1.7,0,2,1.6,1.2,10.7,4.2,12,8.7,59.6,7.9,32,32.5,15,10,2.6,33,67,78036,107081
"36",6001403900,"06","001","403900",3584,37.817368,-122.249127,"Census Tract 4039, Alameda County, California",426900,2374,122,3.7,1.92,1.58,0,0,3.6,7.5,20.2,28.7,8.8,0.7,30.5,3.6,43,42.4,6.2,2.4,2.4,33,67,61995,85867
"37",6001404000,"06","001","404000",2819,37.822454,-122.25253,"Census Tract 4040, Alameda County, California",429800,1835,133,3.5,1.53,1.54,1.3,1.3,1.9,4,20.3,27.2,9.3,4.3,30.5,3.8,53.2,35.2,3.3,2.1,2.3,23.1,76.9,61632,71972
"38",6001404101,"06","001","404101",2929,37.830348,-122.250622,"Census Tract 4041.01, Alameda County, California",682200,1892,207,3.6,1.98,1.56,0.7,2.5,0.6,3.2,9.2,12.6,11,5.4,54.8,7.8,40.1,35.8,12.9,3.3,0,39.8,60.2,73899,94146
"39",6001404102,"06","001","404102",2283,37.825832,-122.251044,"Census Tract 4041.02, Alameda County, California",579700,1773,174,3.3,1.81,1.43,0.6,0,1.1,3.7,14.3,21.2,8.5,8,42.6,15.3,57.6,15.4,7.6,3.2,0.8,10.8,89.2,50684,67765
"40",6001404200,"06","001","404200",3483,37.837583,-122.229689,"Census Tract 4042, Alameda County, California",918900,1457,64,7.2,2.48,1.86,0,2.5,16.6,0.7,0.6,17.9,19.6,12.1,30.1,0,11,19.6,34,28.9,6.5,80.8,19.2,152853,198644
"41",6001404300,"06","001","404300",3218,37.844021,-122.240192,"Census Tract 4043, Alameda County, California",NA,1392,72,7,2.49,2.14,0.5,1.4,29.9,10.3,3.5,7.5,2.5,11.1,33.3,0,6.6,26.5,33.6,28.4,4.8,83.9,16.1,195227,265897
"42",6001404400,"06","001","404400",5314,37.844684,-122.2158,"Census Tract 4044, Alameda County, California",857400,2433,233,6,2.47,1.93,1.1,3.9,45.5,2.3,4.2,8.1,7.9,7.7,19.4,0,12,29.8,30.1,22.1,6.1,84.5,15.5,133347,165338
"43",6001404501,"06","001","404501",1677,37.826215,-122.215638,"Census Tract 4045.01, Alameda County, California",NA,734,33,7.7,2.49,2.16,2.7,1.5,6.8,5.3,2,11.2,31.9,18.7,19.9,0,1,7.9,44.8,34.5,11.9,89,11,134574,216509
"44",6001404502,"06","001","404502",5784,37.834622,-122.202426,"Census Tract 4045.02, Alameda County, California",832000,2606,134,6.4,2.32,2.74,0.6,4,5.6,3.8,18.3,19.6,22.6,16.9,8.6,0.6,0.7,21.4,45.2,23.3,8.9,83.3,16.7,125714,152845
"45",6001404600,"06","001","404600",4353,37.824214,-122.192737,"Census Tract 4046, Alameda County, California",836000,1907,91,7,2.48,1.7,3.1,4.5,4.2,0.6,11.2,22.7,26.7,20.4,6.6,1.4,0,11.6,42.6,37.3,7.1,96.5,3.5,147778,189849
"46",6001404700,"06","001","404700",1954,37.812155,-122.207488,"Census Tract 4047, Alameda County, California",770800,842,47,7.4,2.56,2.6,0,0,1.9,1.7,7.2,11.3,17.3,18.4,42.2,0,2.9,18.3,49,23,6.8,83.5,16.5,137232,138297
"47",6001404800,"06","001","404800",2684,37.804704,-122.213272,"Census Tract 4048, Alameda County, California",648900,1337,51,4.6,2.51,1.42,0,0,0,1.2,2.3,19.5,16.4,9.7,50.9,9.2,22.7,34.9,25.7,6.2,1.3,57.7,42.3,88833,88446
"48",6001404900,"06","001","404900",4129,37.80394,-122.221525,"Census Tract 4049, Alameda County, California",599400,2032,56,5.1,2.23,2.3,0,0,0,5.2,2.3,0,11.1,6.2,75.2,0.6,21,39.2,29.5,6.4,3.2,60,40,65158,94377
"49",6001405000,"06","001","405000",3136,37.808241,-122.225708,"Census Tract 4050, Alameda County, California",721200,1663,231,5.8,2.62,1.67,0,0,0,1.7,3.5,6.9,3,13.1,71.8,2.6,20.6,26.5,30.5,17.8,2,63,37,108472,133830
"50",6001405100,"06","001","405100",4197,37.811496,-122.232389,"Census Tract 4051, Alameda County, California",890700,1669,101,7.5,2.8,1.83,0,2.9,0.6,0.8,1.7,2.3,6.2,7,78.4,0,3.9,7.7,54.9,26.8,6.7,91.1,8.9,166554,212536
"51",6001405200,"06","001","405200",4597,37.805121,-122.244707,"Census Tract 4052, Alameda County, California",569700,2660,287,4.2,2.73,1.64,0,0,0.4,0.8,5.2,9.7,17.3,14.6,52.1,4.6,37.9,30.5,16.8,7.5,2.7,23.8,76.2,59332,72401
"52",6001405301,"06","001","405301",2603,37.802213,-122.25137,"Census Tract 4053.01, Alameda County, California",438000,1680,63,3.5,1.51,1.65,0,2.7,0.7,3.1,12.3,15.9,10.9,6.4,48,14.4,42.4,36.8,2.7,2.9,0.7,11.9,88.1,61750,73818
"53",6001405302,"06","001","405302",2530,37.798371,-122.254529,"Census Tract 4053.02, Alameda County, California",528800,1623,98,2.7,2.22,1.75,0.2,0,0,9.1,9.3,11.7,11.5,11.4,46.8,20.7,64.4,10.6,4.1,0,0.2,3.9,96.1,20787,34790
"54",6001405401,"06","001","405401",3957,37.796502,-122.249274,"Census Tract 4054.01, Alameda County, California",325000,1815,259,3.3,3.38,2.23,0,0,0.8,1.8,10.6,8.8,13.3,14,50.8,15.1,43.3,23.6,10.2,5.7,2.1,18.3,81.7,27360,41809
"55",6001405402,"06","001","405402",3114,37.793393,-122.245787,"Census Tract 4054.02, Alameda County, California",320400,1284,188,3.4,2.33,2.21,0,0,0,10.4,5.7,5.5,19.2,13.6,45.7,9.2,44.2,29,14.3,0,3.3,21.2,78.8,30534,42939
"56",6001405500,"06","001","405500",3643,37.798377,-122.243251,"Census Tract 4055, Alameda County, California",423200,1745,181,4,3.3,2.03,0.5,2.9,0.6,6.6,6,10.8,12.1,15.6,45,12.4,26.5,31.3,21.4,4.2,4.1,22.4,77.6,41550,56051
"57",6001405600,"06","001","405600",3137,37.800774,-122.237766,"Census Tract 4056, Alameda County, California",462300,1539,142,3.8,3.24,1.88,0,0.6,3.1,1,1.6,10.7,10.2,5.1,67.7,11.3,41.8,18.4,18.6,6.2,3.8,24.1,75.9,41820,53145
"58",6001405700,"06","001","405700",3243,37.797944,-122.229405,"Census Tract 4057, Alameda County, California",394000,1530,322,3.7,3.23,2.07,0,0,0,12.1,3.6,14.9,16.3,19.8,33.3,13.4,32.7,32.8,16.7,3.6,0.8,29.6,70.4,43750,55855
"59",6001405800,"06","001","405800",3965,37.793907,-122.233227,"Census Tract 4058, Alameda County, California",353300,1433,135,4.8,3.06,3.05,0,1,2.9,0.8,2.9,7.4,10.9,22.5,51.6,2.4,11,39.6,34.2,8.1,4.7,42.1,57.9,38472,48021
"60",6001405901,"06","001","405901",3910,37.787735,-122.236032,"Census Tract 4059.01, Alameda County, California",571700,1169,169,4.3,4.2,3.28,0,2.2,0,6.3,7.4,8,18.5,14.4,43.3,2.6,27.9,20,43.8,5.7,0,21.6,78.4,38879,44860
"61",6001405902,"06","001","405902",3035,37.79099,-122.241014,"Census Tract 4059.02, Alameda County, California",332800,1054,24,4.5,3.17,3.23,6.9,0,2.6,5.5,9,4.9,15.7,15,40.4,4.4,20.2,43.3,27.1,4.1,0.9,35.8,64.2,38523,43573
"62",6001406000,"06","001","406000",3450,37.792134,-122.252325,"Census Tract 4060, Alameda County, California",402100,1589,175,3.2,3.93,2.2,0,2.8,4.5,13.5,13.7,6.2,16.3,11.6,31.5,14.5,42,19.9,18.8,2.6,2.2,7.9,92.1,24922,45824
"63",6001406100,"06","001","406100",4381,37.775082,-122.229059,"Census Tract 4061, Alameda County, California",348900,1606,241,4.4,2.84,2.73,11.6,1.7,29,5.5,1.6,4.5,0,6.8,39.2,2.4,20.9,35.6,33.7,5,2.4,28.1,71.9,52917,59223
"64",6001406201,"06","001","406201",4649,37.784942,-122.23063,"Census Tract 4062.01, Alameda County, California",416300,1607,226,4,3.69,3.76,1.9,1.1,6.9,2.6,12.1,6.6,3.4,31.1,34.3,7.6,30.5,33.5,20.5,6.8,1.1,15.5,84.5,29727,43231
"65",6001406202,"06","001","406202",4718,37.782006,-122.226739,"Census Tract 4062.02, Alameda County, California",381400,1389,192,3.6,2.99,3.42,14.5,0,1.6,2.4,10.7,17.8,10.3,14.4,28.2,13.8,27.1,43.1,10,4.8,1.2,13.9,86.1,25417,40365
"66",6001406300,"06","001","406300",4113,37.789134,-122.225086,"Census Tract 4063, Alameda County, California",304900,1368,169,4.5,3.68,3.26,1.8,1.6,0,8.4,15.4,13.2,9.1,5.7,44.9,6.7,20.2,31.1,20.9,17.2,4,42.3,57.7,37731,48206
"67",6001406400,"06","001","406400",2145,37.794392,-122.22175,"Census Tract 4064, Alameda County, California",405100,803,46,4.4,3.33,2.29,0,1.5,5.4,8.6,0,18.7,7.1,14.8,44,9.7,8.1,41,39.5,1.5,0.2,44.3,55.7,48694,56143
"68",6001406500,"06","001","406500",5930,37.788388,-122.217093,"Census Tract 4065, Alameda County, California",342100,2059,365,4.4,3.82,2.91,1.4,2.4,5.3,0.5,5.2,7.9,14.3,22,40.9,2.1,18.2,45.6,23.8,8.9,1.5,39.3,60.7,34669,53048
"69",6001406601,"06","001","406601",4596,37.793538,-122.208333,"Census Tract 4066.01, Alameda County, California",384900,1914,110,4.2,2.6,2.58,0,2.8,1.9,9.8,5.6,16.7,10,16.8,36.3,0.8,23.9,53.3,20.7,1.3,0,37.9,62.1,49357,53550
"70",6001406602,"06","001","406602",2493,37.795766,-122.214744,"Census Tract 4066.02, Alameda County, California",351000,1003,121,4.4,2.8,2.37,0,1.1,6,3.9,18.7,21.8,5.6,11.3,31.6,0,26.1,39.4,21.2,11.3,2,43.3,56.7,50793,64401
"71",6001406700,"06","001","406700",5048,37.802231,-122.20407,"Census Tract 4067, Alameda County, California",540000,2363,221,5.2,2.5,1.9,3.7,0.3,6.4,3,6.3,10.5,8.6,20.6,40.5,1.9,10,41.8,39.2,4.7,2.5,69.3,30.7,94565,108294
"72",6001406800,"06","001","406800",3428,37.796987,-122.195694,"Census Tract 4068, Alameda County, California",524900,1505,133,5,2.59,2.55,0,0,0,3.5,17.9,6.6,12.2,20.1,39.7,0,14.9,37.1,34.9,9.2,3.9,67.7,32.3,72568,86191
"73",6001406900,"06","001","406900",3719,37.792556,-122.191739,"Census Tract 4069, Alameda County, California",556500,1626,100,5.2,2.51,2.58,0.7,0.7,4,6.7,10.6,10.4,17,15.6,34.4,0.6,4.4,48.4,27.2,17.5,1.8,61,39,77097,110022
"74",6001407000,"06","001","407000",5885,37.787523,-122.203288,"Census Tract 4070, Alameda County, California",306800,2350,341,4.3,3.15,2.75,2.6,0,1.1,8,6.7,10.8,15.1,13.3,42.4,5.1,20.8,45.2,19.2,5.5,4.2,41.6,58.4,37851,52790
"75",6001407101,"06","001","407101",3414,37.783072,-122.214771,"Census Tract 4071.01, Alameda County, California",352300,1126,120,4.1,3.3,3.83,7.2,0,4.8,0,23.2,14.5,7.5,18.5,24.4,6.9,22.5,48.6,14.7,6,1.4,25.1,74.9,29432,47516
"76",6001407102,"06","001","407102",4351,37.781064,-122.210336,"Census Tract 4071.02, Alameda County, California",361500,1403,189,4.6,3.66,2.92,0,2.4,1.9,1.4,3.8,17.8,3.4,11,58.2,2.1,15.4,39.9,38.1,4.5,0,52.9,47.1,42857,49629
"77",6001407200,"06","001","407200",6746,37.778084,-122.219368,"Census Tract 4072, Alameda County, California",480400,1916,242,3.8,3.26,3.53,1.9,3.8,0.6,1.3,7.9,9.4,2.4,16,56.7,15.9,27.5,29,18.6,5.8,3.3,25.3,74.7,36667,47252
"78",6001407300,"06","001","407300",2598,37.766422,-122.208745,"Census Tract 4073, Alameda County, California",202000,794,51,4.8,4.32,3.4,0,0,1.5,3.5,1.8,11.8,17.3,13.2,50.9,8.9,9.8,29,37.8,10.8,3.7,34.1,65.9,43224,56806
"79",6001407400,"06","001","407400",3954,37.770995,-122.206895,"Census Tract 4074, Alameda County, California",293500,1196,78,4.6,3.83,3.54,3.7,0,0.7,5.3,5,4.7,15.6,15,50.1,6.7,22.8,26.8,36.9,0.9,5.9,33.6,66.4,36552,53311
"80",6001407500,"06","001","407500",3931,37.769421,-122.197642,"Census Tract 4075, Alameda County, California",392600,1432,200,4.3,2.87,2.53,0,8.1,5.6,8.2,4.5,19.1,21.5,15.2,17.8,8.1,26.2,36,17,11.7,1,22,78,26848,35926
"81",6001407600,"06","001","407600",6027,37.77719,-122.203607,"Census Tract 4076, Alameda County, California",416200,2386,233,4.8,2.9,2.96,0,3.1,1.2,5.2,1.8,13.7,15.5,9.8,49.6,3.7,14.7,46.7,22.1,8.7,4.1,48.4,51.6,47388,58782
"82",6001407700,"06","001","407700",4109,37.776356,-122.193265,"Census Tract 4077, Alameda County, California",425800,1913,176,5.7,2.48,2.1,0,0.8,0.6,2.8,0.6,1,6.3,19.4,68.4,5.5,2.4,45.3,39.6,6.3,0.9,80.7,19.3,69637,82043
"83",6001407800,"06","001","407800",2425,37.782023,-122.189557,"Census Tract 4078, Alameda County, California",413900,816,117,5.4,2.51,3.94,0,4.7,0,3.7,3.6,4,21.6,22.2,40.3,0,2.8,45.3,37.9,8,6,80,20,60469,71105
"84",6001407900,"06","001","407900",2706,37.788232,-122.186216,"Census Tract 4079, Alameda County, California",528600,1257,196,5.2,2.61,1.99,0,1.8,1.8,3.4,2.8,4.4,24.1,26.6,35.2,0,13.8,46.8,23.9,11.4,4.1,80.9,19.1,90408,101662
"85",6001408000,"06","001","408000",2671,37.802069,-122.181962,"Census Tract 4080, Alameda County, California",717600,1050,68,6.6,2.29,2.97,1.4,9.3,10.1,8.1,15.5,16.3,29,7.5,2.8,0.9,0.7,11.2,60.7,18.7,7.9,86.3,13.7,115729,134553
"86",6001408100,"06","001","408100",5991,37.78272,-122.15649,"Census Tract 4081, Alameda County, California",686700,2769,261,6.1,2.34,2.12,2.9,6,5.1,22.2,11.4,26.7,9.5,12.2,3.9,1.7,5.4,23,39.9,26.2,3.9,80.8,19.2,108468,139518
"87",6001408200,"06","001","408200",4054,37.774619,-122.176128,"Census Tract 4082, Alameda County, California",399300,1947,284,4.5,2.19,2.45,1.1,0,0,11,8.8,6.7,17.4,21.7,33.3,1.1,15.6,48.9,28.1,5.5,0.7,50,50,50186,61334
"88",6001408300,"06","001","408300",4167,37.770292,-122.164941,"Census Tract 4083, Alameda County, California",391700,1941,140,5.3,2.7,2.83,0,0,3.7,6.7,1,13.9,21.7,30.1,22.9,0,10.7,40.1,37.4,11.5,0.4,69.1,30.9,52075,69759
"89",6001408400,"06","001","408400",3323,37.764837,-122.17107,"Census Tract 4084, Alameda County, California",264600,1413,290,4.9,3.09,3.25,0.5,1.2,3.9,0,4,2.2,9.4,28,50.8,0.7,17.2,44,33.4,3,1.6,50.9,49.1,35781,48911
"90",6001408500,"06","001","408500",4972,37.760259,-122.178894,"Census Tract 4085, Alameda County, California",333400,1768,248,4.8,3.54,3.28,0.6,1.1,1.2,8.5,5.8,9,24.1,27,22.6,1.8,8.7,54.3,28.2,6.3,0.7,51.3,48.8,36429,43402
"91",6001408600,"06","001","408600",5492,37.764969,-122.183777,"Census Tract 4086, Alameda County, California",280000,1971,286,4.9,3.54,3.2,0,11.3,9.2,1.8,2.5,7.4,10,20.6,37.3,1.6,18.5,45.2,23.1,8.2,3.4,44.9,55.1,33539,47571
"92",6001408700,"06","001","408700",7207,37.768332,-122.18978,"Census Tract 4087, Alameda County, California",317400,2616,542,4.7,2.93,3.19,0.9,5.1,4.2,2.1,9.5,11.1,9,14.2,43.9,4.2,15.3,45.1,32.9,2.1,0.4,46.8,53.2,40680,46500
"93",6001408800,"06","001","408800",5547,37.759438,-122.196713,"Census Tract 4088, Alameda County, California",347300,1899,207,4.4,3.97,2.9,10.9,10.4,3.5,4.2,3.8,7.7,18.4,28.3,12.7,1.3,16.6,41.5,36.1,2.3,2.3,27.4,72.6,22587,32622
"94",6001408900,"06","001","408900",3414,37.755682,-122.186029,"Census Tract 4089, Alameda County, California",222500,1117,131,4.2,3.92,2.75,0,1.2,15,15.6,7.9,9.3,7.2,25.1,18.9,0,24.7,44.4,23,7,0.9,33.5,66.5,21216,29070
"95",6001409000,"06","001","409000",3552,37.734916,-122.188832,"Census Tract 4090, Alameda County, California",275000,1117,67,5.1,3.22,3.94,0,0,9.3,3.8,9.5,1.7,25.5,40.8,9.4,0,2.1,32.2,50.5,9.1,6,43.2,56.8,35357,45816
"96",6001409100,"06","001","409100",2255,37.732071,-122.183268,"Census Tract 4091, Alameda County, California",268400,704,54,4.9,3.8,3.71,7.8,0,5,3.1,0,10.7,14.3,48.6,10.5,0,0,48.3,37.2,14.5,0,66,34,59655,68738
"97",6001409200,"06","001","409200",3152,37.729406,-122.178207,"Census Tract 4092, Alameda County, California",283100,980,115,4.7,3.42,3.21,1.9,0,13.7,1.7,2,9.9,18.8,49.6,2.3,0,4.7,47.1,42.1,6,0,63.4,36.6,40766,45616
"98",6001409300,"06","001","409300",5229,37.738359,-122.172261,"Census Tract 4093, Alameda County, California",329900,1663,125,4.5,4.02,3.3,0.7,9.1,8.8,3.8,3.7,9.9,19.2,19.2,25.6,2.1,15.7,45.5,29,5.5,2.2,38,62,33934,46437
"99",6001409400,"06","001","409400",4306,37.745747,-122.176564,"Census Tract 4094, Alameda County, California",307900,1247,200,4.7,4.89,3.81,3.9,0,1.1,2.4,6,13.2,15.1,14.2,44.1,4.3,8.4,56.9,23.6,5.3,1.5,45.3,54.7,49083,56453
"100",6001409500,"06","001","409500",3122,37.751321,-122.180804,"Census Tract 4095, Alameda County, California",348600,1034,174,4.8,3.99,4.05,6.3,2.7,0,0,1.4,12.5,22.4,26,28.7,2.5,11.5,41.3,32.8,11.9,0,33.7,66.3,34167,47780
"101",6001409600,"06","001","409600",5063,37.753377,-122.172472,"Census Tract 4096, Alameda County, California",354400,1674,219,4.8,4,3.7,0,0,5.8,3.9,9.6,18.6,23.2,10.9,28.1,2.6,4.4,47.2,32.5,11.3,2,36.4,63.6,41778,51337
"102",6001409700,"06","001","409700",4696,37.75562,-122.165716,"Census Tract 4097, Alameda County, California",264900,1792,294,4.4,3.71,2.78,0,1.9,3.7,4.7,4.6,16.5,19.9,12.3,36.6,0.7,17.2,49.8,29.6,2.6,0,32.6,67.4,35658,43381
"103",6001409800,"06","001","409800",2887,37.759356,-122.157665,"Census Tract 4098, Alameda County, California",404200,1368,195,5.2,2.79,2.03,0,2.1,6.4,4.7,11.7,22.7,20.9,15.7,15.8,0,17.6,37.9,37.1,6.4,1,59.8,40.2,40189,64829
"104",6001409900,"06","001","409900",3308,37.760102,-122.134933,"Census Tract 4099, Alameda County, California",585800,1481,77,6.2,2.32,1.88,0.9,0.3,0.7,6.5,18.6,19.9,34.4,12.4,6.5,2.6,0.7,13.1,55.8,23.5,4.3,90.7,9.3,108214,119078
"105",6001410000,"06","001","410000",2805,37.74341,-122.135552,"Census Tract 4100, Alameda County, California",548700,1228,64,6.1,2.29,4.2,0,0.2,1.1,6.3,12.9,20.5,26.5,18,14.4,0,3,24.2,55,16.9,0.9,91.6,8.4,77000,92989
"106",6001410100,"06","001","410100",2406,37.747626,-122.153917,"Census Tract 4101, Alameda County, California",370400,1045,64,5.3,2.68,3.28,0,0,6.8,14.7,9.1,4.2,28.6,18.3,18.3,0.9,11.5,28.7,41.5,12.9,4.5,52,48,41250,59405
"107",6001410200,"06","001","410200",3062,37.745759,-122.157499,"Census Tract 4102, Alameda County, California",262500,1245,188,4.5,2.42,3.43,0.7,0,5.4,5.8,9.4,7.2,17.2,31.2,23.1,3.8,9.7,59.8,21,4.9,0.8,48,52,40474,51661
"108",6001410300,"06","001","410300",3536,37.746755,-122.166517,"Census Tract 4103, Alameda County, California",362200,1103,93,4.2,4.14,4.21,1.2,0,11.4,0,2.4,17.2,20.4,33.6,13.7,3.7,14.1,53.8,24.8,2.4,1.2,31.5,68.5,32829,43247
"109",6001410400,"06","001","410400",3792,37.741093,-122.162165,"Census Tract 4104, Alameda County, California",271400,1397,123,5.1,3.2,3.58,0,15.5,1.8,1.9,3.8,7.2,16.4,18.1,35.2,3.8,11.1,39.2,37.7,7.4,0.9,65.8,34.2,44746,69077
"110",6001410500,"06","001","410500",2193,37.807099,-122.289823,"Census Tract 4105, Alameda County, California",388700,1120,69,4.2,2.93,2.24,2.2,17.4,11.1,9.3,8.7,7,13.6,3.3,27.5,5.2,22.1,40,22.6,7.1,3,12.8,87.2,19351,28868
"111",6001420100,"06","001","420100",2355,37.894631,-122.290916,"Census Tract 4201, Alameda County, California",704200,949,31,5.9,2.48,2.94,0,0.8,0,0,1.1,3.5,4.7,14.4,75.4,0,10.4,35,35.8,17.2,1.6,72.3,27.7,117000,133285
"112",6001420200,"06","001","420200",2898,37.894805,-122.297564,"Census Tract 4202, Alameda County, California",661000,1270,43,4.6,2.75,2.15,0,0,1.6,6,4.2,17.6,6.5,22,42.1,0.9,24.4,45.2,19.9,7.6,2,41.5,58.5,73665,84058
"113",6001420300,"06","001","420300",4571,37.892659,-122.303641,"Census Tract 4203, Alameda County, California",520600,2143,165,4.4,2.18,2.32,0.9,2.5,2.9,16.9,23.4,9.1,12.6,12.6,19.2,0,22.5,52.4,19.6,5.5,0,55.9,44.1,70242,87488
"114",6001420400,"06","001","420400",3124,37.884853,-122.303068,"Census Tract 4204, Alameda County, California",NA,1133,48,3.7,3.7,2.96,54.3,28.3,11.5,2.2,0,1.1,0,2,0.5,1.2,20.7,70,8.1,0,0,0.9,99.1,38972,53344
"115",6001420500,"06","001","420500",2308,37.886543,-122.295159,"Census Tract 4205, Alameda County, California",639200,1027,145,4.6,2.6,2.35,0,1.1,2,2.5,8.3,9.3,16.2,20.6,39.9,1.4,21.6,49.7,21,5.1,1.3,37,63,65726,89174
"116",6001420600,"06","001","420600",3283,37.886917,-122.287531,"Census Tract 4206, Alameda County, California",714100,1311,100,5.5,2.5,2.52,0,0,1.8,0,2.1,4.6,10.8,7.9,72.8,0,12.1,39.1,35.1,7.9,5.8,72.3,27.7,107455,111933
"117",6001421100,"06","001","421100",1992,37.899169,-122.266302,"Census Tract 4211, Alameda County, California",884500,891,22,6.5,2.44,3.92,2.1,1.3,2.1,2.9,7.5,2.5,16.6,15.3,49.6,0,2.5,19.2,46,28.2,4.2,94.1,5.9,168750,200929
"118",6001421200,"06","001","421200",3563,37.897263,-122.274705,"Census Tract 4212, Alameda County, California",999700,1538,82,7.4,2.61,1.43,0,0.5,1.4,2.6,4.1,2.3,11.6,4.1,73.3,3.2,0.7,9.2,37.4,34.9,14.6,92.1,7.9,157500,186191
"119",6001421300,"06","001","421300",3844,37.891135,-122.28171,"Census Tract 4213, Alameda County, California",871600,1751,107,6.2,2.48,2.06,0,0.5,0.8,1.8,1.4,4.2,8.1,4.1,79.2,0.5,11.5,23.9,38.3,17,8.8,82.4,17.6,116200,154589
"120",6001421400,"06","001","421400",1593,37.888419,-122.270734,"Census Tract 4214, Alameda County, California",896700,686,0,6.9,2.46,2.63,0,0.7,3.4,0,1.7,5.2,3.4,5.1,80.5,3.2,4.1,14.3,34.7,32.9,10.8,82.5,17.5,132258,175767
"121",6001421500,"06","001","421500",3640,37.891531,-122.260296,"Census Tract 4215, Alameda County, California",912600,1681,64,6.3,2.37,2.1,0,1.3,1.7,0.7,3.4,11.5,26.3,13.4,41.6,3.2,8.9,17,41.8,22.4,6.7,83.1,16.9,134875,176674
"122",6001421600,"06","001","421600",3558,37.883504,-122.257426,"Census Tract 4216, Alameda County, California",901300,1704,132,6,2.46,1.68,0.8,0.9,1.3,6.3,2.2,8.8,22.8,6.3,50.5,7.1,16,16,30.2,20,10.9,72.8,27.2,121111,141483
"123",6001421700,"06","001","421700",3198,37.881464,-122.27027,"Census Tract 4217, Alameda County, California",699100,1728,97,4.3,2.53,2.28,0,1.6,4.9,6.4,7.5,10.8,16.5,6,46.4,4.6,29.5,35.4,21.5,5.8,3.2,37.3,62.7,80491,99156
"124",6001421800,"06","001","421800",2007,37.879992,-122.277817,"Census Tract 4218, Alameda County, California",694100,960,80,5.8,2.35,2.36,0.5,1,4.5,1,3.1,1,4.8,10.1,73.9,2.4,15,30.1,31.6,17.7,3.2,69,31,82917,105929
"125",6001421900,"06","001","421900",3632,37.879488,-122.289683,"Census Tract 4219, Alameda County, California",652900,1857,238,4.7,2.31,2.01,0,0,0.6,3.2,0,2.4,9.9,28.3,55.5,2.1,23.1,48.8,18.6,7,0.3,64.3,35.7,91774,108201
"126",6001422000,"06","001","422000",1756,37.866514,-122.297361,"Census Tract 4220, Alameda County, California",489400,674,76,3.8,2.81,1.76,14.2,6.8,8.9,10.2,5.9,5.6,8.8,2.8,36.6,4.7,37.7,33.1,23.4,1,0,43.1,56.9,49773,72239
"127",6001422100,"06","001","422100",2685,37.873165,-122.296631,"Census Tract 4221, Alameda County, California",613600,1156,121,4.2,2.43,1.98,0.6,2.3,0.9,1,7.8,8.8,14.6,33.4,30.6,4.4,21.8,44.4,23,5.4,1,47,53,43771,54928
"128",6001422200,"06","001","422200",3144,37.87252,-122.288105,"Census Tract 4222, Alameda County, California",608800,1643,130,4.2,2.15,1.82,0,0,0,2.6,1.9,8.3,18.3,19.1,49.8,7.6,33.6,43.3,7.3,2.9,5.3,49,51,54083,87386
"129",6001422300,"06","001","422300",3387,37.873995,-122.277501,"Census Tract 4223, Alameda County, California",638800,1813,218,4.2,2.31,2.12,4.2,2.2,3.8,4.4,9.6,6.9,10.1,6,52.8,9.9,28.3,35.5,17.4,5.7,3.2,44.1,55.9,48776,71676
"130",6001422400,"06","001","422400",4196,37.875219,-122.269324,"Census Tract 4224, Alameda County, California",623000,2296,12,3.2,2.67,1.95,0.8,7.3,2.8,4.7,10.1,13.4,8.1,11.5,41.3,10.8,50.9,26.4,7.8,2.2,2,9.4,90.6,39083,60120
"131",6001422500,"06","001","422500",4658,37.876904,-122.259915,"Census Tract 4225, Alameda County, California",640300,1660,113,3.3,2.22,1.65,0,1.5,0,2.8,3.7,11,7.7,15.7,57.7,15.9,46.6,23.1,9,2.6,2.7,20.6,79.4,45875,77900
"132",6001422600,"06","001","422600",1215,37.872097,-122.251152,"Census Tract 4226, Alameda County, California",NA,20,0,6.4,4.33,2,0,0,0,45,0,0,0,0,55,0,0,0,55,0,45,45,55,7273,NA
"133",6001422700,"06","001","422700",4885,37.867659,-122.251235,"Census Tract 4227, Alameda County, California",936400,1150,87,3.9,2.23,2.48,0,4.3,2.8,5.2,8.1,13.6,16.9,9.9,39.2,7,33,32.4,10.9,9.7,7,17.3,82.7,35352,59007
"134",6001422800,"06","001","422800",8368,37.866717,-122.258913,"Census Tract 4228, Alameda County, California",350000,1484,106,2.9,3.33,1.97,0,4,2.4,5.6,14.8,12.8,9.6,11.2,39.7,21.2,53.9,13.7,3.6,5.1,2.4,0.2,99.8,25145,28492
"135",6001422900,"06","001","422900",4336,37.867175,-122.268452,"Census Tract 4229, Alameda County, California",NA,1984,113,2.9,5.42,1.94,12.2,18.5,3.7,6.6,12,13,14.5,2.3,17.2,20.8,40.3,33.4,2.9,1.1,1.6,0.6,99.4,30944,38475
"136",6001423000,"06","001","423000",4396,37.867025,-122.277077,"Census Tract 4230, Alameda County, California",576200,2177,67,4.4,2.73,2.1,0,0.9,5.7,2.2,5.8,8.2,10.8,11.6,54.8,2.7,24.7,44.1,22.3,5.1,1.1,44.6,55.4,75030,89394
"137",6001423100,"06","001","423100",3964,37.866041,-122.285919,"Census Tract 4231, Alameda County, California",587000,2006,201,4,2.67,1.83,1,3.4,0.9,4.3,3,9.9,15,10.9,51.7,9.5,29.2,38.2,16.2,4.8,2.1,37.6,62.4,48956,63703
"138",6001423200,"06","001","423200",2794,37.864428,-122.293691,"Census Tract 4232, Alameda County, California",498700,1188,115,4.5,3.14,2.33,0,0,1.9,6.1,6.2,13.2,13.7,11.4,47.5,8.9,24.3,29.9,25.8,8.7,2.4,38.4,61.6,48906,67469
"139",6001423300,"06","001","423300",3647,37.857371,-122.283915,"Census Tract 4233, Alameda County, California",541800,1693,159,4.8,2.86,1.94,2,0.4,0,1.6,1,11.6,10.2,13.7,59.4,3.2,28.2,33.4,29,5.8,0.5,56.6,43.4,53587,69354
"140",6001423400,"06","001","423400",4685,37.858202,-122.275892,"Census Tract 4234, Alameda County, California",554000,2243,222,4.2,2.46,1.96,1.9,1.3,0,1.7,5.2,14.3,19.2,5.8,50.6,6.1,27.9,38.7,16.2,9.6,1.6,38.1,61.9,38860,64697
"141",6001423500,"06","001","423500",3118,37.859124,-122.267924,"Census Tract 4235, Alameda County, California",655900,1438,105,4.6,2.72,2.21,3.4,0,1.3,4.3,11.2,10.2,6.5,5.8,57.3,7,21.1,33.2,17.7,14.3,6.8,37.1,62.9,70863,76083
"142",6001423601,"06","001","423601",2642,37.858887,-122.258515,"Census Tract 4236.01, Alameda County, California",619400,1324,79,4.2,2.36,1.91,0,0,0.8,7.3,9.3,6.4,5.7,4.8,65.7,3.5,35.9,33.6,16.1,7.8,3.1,35.7,64.3,67865,87870
"143",6001423602,"06","001","423602",5659,37.863529,-122.258796,"Census Tract 4236.02, Alameda County, California",583300,2604,157,3.5,2.32,2.38,0,3.9,3.8,7.6,9.6,22.5,14.1,5,33.5,11.4,33.6,35.6,11.3,3.1,5,15.1,84.9,35589,52798
"144",6001423700,"06","001","423700",3633,37.862379,-122.250259,"Census Tract 4237, Alameda County, California",972900,1419,216,4.5,2.56,1.88,0,0.6,1.9,6.5,2.3,5.5,11.3,7,64.9,13.5,27.6,13.9,15.5,20.2,9.4,40.1,59.9,57875,105233
"145",6001423800,"06","001","423800",2925,37.854778,-122.245998,"Census Tract 4238, Alameda County, California",NA,1374,105,6.8,2.31,2.14,0,1,3.9,1.7,1.7,5.9,9,7.1,69.7,1.1,10.6,20.8,27.9,22.5,17.1,80.9,19.1,139750,198983
"146",6001423901,"06","001","423901",2020,37.852678,-122.266679,"Census Tract 4239.01, Alameda County, California",402000,880,75,4.7,2.78,1.75,0,1.3,7.5,0,2.3,3.6,2.2,14.3,68.9,0.5,35.7,29.8,29.1,1,4,45.2,54.8,52962,69854
"147",6001423902,"06","001","423902",1552,37.854428,-122.257223,"Census Tract 4239.02, Alameda County, California",860200,812,47,4.4,2.31,1.74,0,0,0,0.7,9.2,1.1,7.1,8.4,73.4,6.4,37.6,22.9,17.4,9.4,6.4,32.4,67.6,76528,104487
"148",6001424001,"06","001","424001",3716,37.850293,-122.27484,"Census Tract 4240.01, Alameda County, California",587500,1614,164,4.1,3.28,2.36,0.5,4.3,1,1.2,8.2,7.1,12.9,14.4,50.2,4.6,25.7,47.9,15.4,5.1,1.2,21.1,78.9,43810,54286
"149",6001424002,"06","001","424002",2172,37.850348,-122.281464,"Census Tract 4240.02, Alameda County, California",341200,1020,54,4.2,2.61,2.1,0,1.8,1.7,0,5.5,6.2,19.4,15.3,50.2,0,22.3,57.6,15.8,3.3,1,37.3,62.7,34565,50966
"150",6001425101,"06","001","425101",1596,37.838229,-122.301937,"Census Tract 4251.01, Alameda County, California",293200,1266,0,3.4,1.68,1.53,0,0,3.2,2.7,68.1,18.5,6.6,0,1,10.1,71.2,13,4.1,1.7,0,54.7,45.3,75778,102278
"151",6001425102,"06","001","425102",2807,37.841394,-122.294966,"Census Tract 4251.02, Alameda County, California",487500,1810,364,3.4,1.52,1.46,9.7,21.9,18,47.1,3.4,0,0,0,0,12.8,55,28.9,3.3,0,0,25.6,74.4,69352,94321
"152",6001425103,"06","001","425103",2502,37.843845,-122.289329,"Census Tract 4251.03, Alameda County, California",394800,1379,179,3.6,1.98,2.03,25.6,45.3,6.7,0,6.5,0,2.2,1.7,12,2.9,34.2,57.4,5.4,0,0,43.6,56.4,92174,109827
"153",6001425104,"06","001","425104",3175,37.833049,-122.280897,"Census Tract 4251.04, Alameda County, California",329900,1797,197,3.6,2.07,1.9,10.2,4,18.8,6.2,3.1,5.8,12,6.2,33.7,12.7,44.4,27.4,13.6,1.1,0.9,25.3,74.7,50682,59392
"154",6001426100,"06","001","426100",5922,37.821826,-122.226476,"Census Tract 4261, Alameda County, California",NA,2178,130,7.9,2.88,3.43,0,1,0.9,2.8,6.2,6.8,15.8,8,58.4,0.6,0.7,16.3,28.4,37.4,16.7,94.8,5.2,215000,298992
"155",6001426200,"06","001","426200",4745,37.824467,-122.241124,"Census Tract 4262, Alameda County, California",NA,1731,124,7.1,2.88,3.09,0,0,1.3,0,0,2,6.4,8.3,82.1,0,6.9,15.7,41.4,30,6,85.7,14.3,178388,221980
"156",6001427100,"06","001","427100",3646,37.764448,-122.23133,"Census Tract 4271, Alameda County, California",772900,1427,91,6.3,2.59,2.39,2.3,0,0,2,1.8,7,1.5,13.2,72.2,2.2,12.7,27.1,43.1,14.2,0.7,64.3,35.7,99000,117761
"157",6001427200,"06","001","427200",4107,37.771896,-122.248665,"Census Tract 4272, Alameda County, California",511700,1626,147,4.8,2.93,2.93,0,1.2,0,4.2,9.2,7,5.8,5.7,66.9,0,19.8,46.6,26,5.9,1.7,38.3,61.7,73482,86052
"158",6001427300,"06","001","427300",4896,37.778193,-122.267919,"Census Tract 4273, Alameda County, California",599600,2108,173,4.6,2.37,2.34,0.7,5.7,12.6,21.3,10.9,5.4,5.9,7.1,30.5,5.3,23.3,39.2,14.4,12.4,5.5,43.7,56.3,64390,95101
"159",6001427600,"06","001","427600",4722,37.777977,-122.283671,"Census Tract 4276, Alameda County, California",526000,1810,225,3.9,3.18,2.84,2.5,5.9,6.6,5.2,11.3,28.1,11.1,12.4,16.9,0.8,19.9,57.6,14.8,5.6,1.3,20.1,79.9,47460,56864
"160",6001427700,"06","001","427700",4866,37.772383,-122.283805,"Census Tract 4277, Alameda County, California",648800,2409,152,3.9,2.25,2.08,0.4,0,0,9.2,23,6.4,4.3,15.3,41.4,2.9,40.3,26.8,23.1,6.3,0.7,38.1,61.9,60291,72342
"161",6001427800,"06","001","427800",4640,37.772007,-122.269339,"Census Tract 4278, Alameda County, California",657600,2113,203,4.4,2.97,2.05,0,0,0,4.9,5.1,9.3,9.4,10.4,60.9,5.3,27.4,37,17.8,7.6,5,41.6,58.4,77287,98438
"162",6001427900,"06","001","427900",4567,37.770244,-122.257843,"Census Tract 4279, Alameda County, California",712900,2227,112,4.3,2.55,1.87,0,0,0,1.5,5.9,4.4,6.4,4.6,77.2,3.1,31.6,33.7,18.1,9.6,4,40.8,59.2,72366,99066
"163",6001428000,"06","001","428000",2928,37.767344,-122.248509,"Census Tract 4280, Alameda County, California",456600,1388,57,3.8,3.43,2.22,0,0.6,0,1.9,23.5,8.3,7.3,10.6,47.8,4.8,35.2,44.3,11.1,3.2,1.4,18,82,53565,65666
"164",6001428100,"06","001","428100",4651,37.760085,-122.235134,"Census Tract 4281, Alameda County, California",662900,2023,111,5.1,2.6,2.06,0.3,0.9,3.2,4.2,13,7.8,4.3,5.2,61.2,7.1,13,41.4,26.2,11.8,0.5,52.1,47.9,84342,97979
"165",6001428200,"06","001","428200",6259,37.755936,-122.241445,"Census Tract 4282, Alameda County, California",646000,2616,111,5.4,2.81,2.37,0.6,0,0,3.8,10.7,19.9,19,6.1,39.9,4.4,11.6,28.7,41.4,10.7,3.2,59.9,40.1,90996,104798
"166",6001428301,"06","001","428301",6526,37.732329,-122.239647,"Census Tract 4283.01, Alameda County, California",577200,2491,161,5.6,2.58,2.98,0,0.4,13.8,17.9,24.4,33.9,3.9,3.9,1.7,0,1.7,20.2,62.8,13,2.3,83.9,16.1,93000,105245
"167",6001428302,"06","001","428302",7074,37.742265,-122.248442,"Census Tract 4283.02, Alameda County, California",762000,2670,125,6.3,2.74,2.69,0,0,17.6,66.4,14.9,0,0,0,1.1,0,2.1,14.8,40.5,35.6,7,87.6,12.4,132354,152379
"168",6001428400,"06","001","428400",4357,37.761732,-122.250698,"Census Tract 4284, Alameda County, California",571100,2015,183,4.2,2.54,2.24,0,0,0,3.5,19,18.3,8.6,3.9,46.7,2.2,29.3,44.3,18.3,2.7,3.2,33.5,66.5,54455,70596
"169",6001428500,"06","001","428500",3183,37.760371,-122.258967,"Census Tract 4285, Alameda County, California",601300,1534,101,4,2.16,2.4,1.1,1.5,0.9,0,26.3,44.8,11,2.1,12.3,0,23.4,54.2,11.6,7.6,3.1,33.6,66.4,64784,81277
"170",6001428600,"06","001","428600",3271,37.764047,-122.269128,"Census Tract 4286, Alameda County, California",431300,1575,168,3.8,2.08,2.15,0,0,3,6.3,44.6,39.2,3.9,1.8,1.3,1.8,36.4,29.5,16.6,15.2,0.4,51.4,48.6,75039,82951
"171",6001428700,"06","001","428700",4119,37.784171,-122.294078,"Census Tract 4287, Alameda County, California",839100,1490,315,5.4,3.24,2.6,49.1,10.9,10.6,5,0.5,19.8,1.7,0.5,1.9,6.5,4.3,21.6,34.1,30.9,2.6,40.3,59.7,67321,102160
"172",6001430101,"06","001","430101",6523,37.712241,-122.031666,"Census Tract 4301.01, Alameda County, California",697200,2278,22,6.7,2.93,3.22,0,7.3,48.6,30.2,3.4,2.9,1.9,1.9,3.7,0,0,12.9,37.4,45.7,3.9,88.2,11.8,126532,147834
"173",6001430102,"06","001","430102",2285,37.720897,-122.049457,"Census Tract 4301.02, Alameda County, California",684500,910,20,6.9,2.51,2.01,0,1.5,2,5.6,44.5,32.6,8.4,5.4,0,0,0,16.8,22.2,53.2,7.8,90.8,9.2,127344,137432
"174",6001430200,"06","001","430200",6916,37.714765,-122.064495,"Census Tract 4302, Alameda County, California",637400,2398,98,6.6,2.81,2.92,0,1,5,23.3,11.2,12.9,35.2,8.1,3.2,0,0.5,13.6,51.1,28.9,5.8,93.3,6.7,100577,116303
"175",6001430300,"06","001","430300",3670,37.715635,-122.081571,"Census Tract 4303, Alameda County, California",642000,1337,56,6.7,2.68,4.31,2,0,7.9,5.8,2.5,16.9,52.6,12.2,0,0,1,11.7,44.4,36.6,6.2,85,15,100156,128783
"176",6001430400,"06","001","430400",2046,37.715623,-122.09421,"Census Tract 4304, Alameda County, California",618900,756,0,6.6,2.69,2.92,0,2.6,2.5,2,10.4,20.4,49.1,9.4,3.6,0,1.7,12.3,44.4,38.8,2.8,89.9,10.1,113333,135521
"177",6001430500,"06","001","430500",6049,37.701711,-122.105916,"Census Tract 4305, Alameda County, California",545500,2134,206,5.1,2.66,2.67,1.5,0,4.2,3.7,10.3,27.5,30,18,4.7,3.2,2.5,45.1,38.8,7.4,2.9,62.2,37.8,65750,79627
"178",6001430600,"06","001","430600",5887,37.703598,-122.096691,"Census Tract 4306, Alameda County, California",587300,2187,57,6.3,2.82,2.14,0,2.5,15.9,5,17.7,21.9,26.8,5.9,4.4,0.5,4.8,13.9,39.9,34.2,6.6,88.4,11.6,86250,113495
"179",6001430700,"06","001","430700",3814,37.706165,-122.082551,"Census Tract 4307, Alameda County, California",583100,1380,91,5.8,2.85,2.36,0,2,4.8,10.7,4,13,34.4,26.9,4.2,0,1.8,22.9,52.2,14.7,8.4,74.9,25.1,101090,104916
"180",6001430800,"06","001","430800",5394,37.699006,-122.065672,"Census Tract 4308, Alameda County, California",490900,2179,127,5.5,2.72,2.25,1.6,3.8,3.7,3,16.3,11.7,35.3,15.7,8.8,0.6,10.7,21.5,53.6,11.1,2.4,74.6,25.4,78015,86983
"181",6001430900,"06","001","430900",4681,37.698365,-122.083533,"Census Tract 4309, Alameda County, California",443100,1866,52,4.1,2.31,2.42,0,2.1,3.6,5.7,25.7,30,19.2,8.5,5.2,2.7,22.3,60,13.2,1.1,0.6,18.4,81.6,51650,65844
"182",6001431000,"06","001","431000",2714,37.693136,-122.078141,"Census Tract 4310, Alameda County, California",387300,1169,47,3.9,2.28,2.8,0.8,0.7,11.5,4.4,18.7,19.5,23.7,15.3,5.4,0.9,39.5,33.4,25.5,0.6,0,31.4,68.6,56181,64661
"183",6001431100,"06","001","431100",3225,37.688063,-122.066213,"Census Tract 4311, Alameda County, California",418900,1373,72,4.5,2.46,2.21,1.4,2.9,5.2,3.9,19.3,28,19.6,19,0.7,2.6,15.9,52.7,26.6,2.3,0,34,66,54926,74465
"184",6001431200,"06","001","431200",5627,37.685328,-122.082131,"Census Tract 4312, Alameda County, California",376600,2675,198,4.4,2.15,2.09,1.2,0,10.4,24,14.2,6.4,14.8,27.4,1.6,2.6,19,46.9,26.2,5,0.4,46.5,53.5,46744,66106
"185",6001432100,"06","001","432100",3770,37.7361,-122.147254,"Census Tract 4321, Alameda County, California",464000,1408,68,5.6,2.84,2.3,1.4,0,0,0,6.8,7.9,8.6,16.5,58.8,3.6,9.4,34.2,44.7,7.2,0.9,82.4,17.6,93220,100372
"186",6001432200,"06","001","432200",4080,37.732142,-122.156416,"Census Tract 4322, Alameda County, California",479900,1671,155,4.7,2.47,2.04,0,7.8,2,3.9,3.8,11.6,10.7,12.6,47.6,8.3,18.5,45.1,22,4.7,1.4,46.8,53.2,57400,75951
"187",6001432300,"06","001","432300",4656,37.731435,-122.1668,"Census Tract 4323, Alameda County, California",453300,1658,173,5.1,3.17,2.04,0.7,22.9,0,0.5,2.1,7.1,10,41,15.8,5.8,15.6,37.9,24.7,10.3,5.6,67.1,32.9,73906,87203
"188",6001432400,"06","001","432400",5814,37.707114,-122.182202,"Census Tract 4324, Alameda County, California",417900,1806,95,5.1,3.44,3.46,1.8,0.6,0.3,8.2,5.3,23.5,32.2,25.6,2.5,0.6,8.7,28,50.1,10.4,2.2,45.1,54.9,58807,69723
"189",6001432501,"06","001","432501",4839,37.717452,-122.166407,"Census Tract 4325.01, Alameda County, California",451700,1456,14,4.9,3.11,3.78,1,1.5,1.4,1.5,2.1,24.8,32.2,28.2,7.3,5.3,6.7,26.4,51.1,8.9,1.6,59.9,40.1,54113,69996
"190",6001432502,"06","001","432502",4485,37.724403,-122.171991,"Census Tract 4325.02, Alameda County, California",427900,1450,0,4.8,4.22,3.13,0.8,6.5,10.6,11.6,4.6,8.2,15.2,39.1,3.4,0,12.6,36.8,37.4,11.9,1.3,54.2,45.8,72045,81636
"191",6001432600,"06","001","432600",6842,37.722579,-122.153333,"Census Tract 4326, Alameda County, California",348900,2865,122,4,2.2,2.23,1,1.5,3.1,6.2,20.8,23.9,14.2,14.9,14.2,6.4,29.2,46.4,15.7,1,1.2,27.2,72.8,43916,52580
"192",6001432700,"06","001","432700",2478,37.726866,-122.142899,"Census Tract 4327, Alameda County, California",509000,1010,92,6.1,2.5,2.26,0,0,1.3,1.2,18.8,7.1,14.6,31.8,25.2,0,4.4,37.1,44.7,9.5,4.4,75.1,24.9,81613,97866
"193",6001432800,"06","001","432800",3729,37.720547,-122.129449,"Census Tract 4328, Alameda County, California",613700,1439,84,6.2,2.19,2.75,0,0,1.3,2.9,10,29.1,30.9,20.6,5.1,1.8,1.5,23,52.3,18.1,3.3,77.7,22.3,92550,103687
"194",6001433000,"06","001","433000",3832,37.715228,-122.135031,"Census Tract 4330, Alameda County, California",399100,1397,172,5.4,2.6,3.5,0,0,0,6.4,2.6,6.7,28.6,53.7,2,0.9,1.5,45.7,41.9,9.5,0.5,81.1,18.9,71271,82010
"195",6001433102,"06","001","433102",3989,37.701242,-122.133506,"Census Tract 4331.02, Alameda County, California",419900,1338,52,5,3.14,3.11,0,1.3,3.1,16,10.1,8.6,17.9,36.4,6.6,3.5,4.5,40.9,31.6,13.4,6.1,59.9,40.1,70000,82716
"196",6001433103,"06","001","433103",3530,37.709804,-122.137937,"Census Tract 4331.03, Alameda County, California",453000,1513,10,3.3,2.88,2.63,0.7,0,8.1,14.1,23.5,26.6,11.7,14.4,0.9,7.7,42.3,36.8,10.9,2.2,0,13.5,86.5,43078,45186
"197",6001433104,"06","001","433104",3760,37.715707,-122.146249,"Census Tract 4331.04, Alameda County, California",332100,1776,123,3.5,1.63,2.18,2.9,0.7,6.9,15.3,31,22.9,8.7,9.5,2.3,11.1,36.8,35.5,14.1,1.7,0.8,35.9,64.1,54772,70893
"198",6001433200,"06","001","433200",6897,37.697187,-122.140737,"Census Tract 4332, Alameda County, California",428400,2663,123,4.2,3.4,2.41,0,6.8,1,21,29.2,10,27.4,2.4,2.2,10.4,28.5,17.2,34.1,9.4,0.5,41.3,58.7,56517,67325
"199",6001433300,"06","001","433300",6834,37.696161,-122.154876,"Census Tract 4333, Alameda County, California",438900,2125,28,5.7,3.26,2.95,0,0.6,3.9,2.7,6,3.2,73,9.2,1.5,0,1.1,10.9,66.2,20.1,1.7,80.2,19.8,67017,80571
"200",6001433400,"06","001","433400",6305,37.687374,-122.168735,"Census Tract 4334, Alameda County, California",419200,2276,21,5.6,2.61,4.3,2.6,4.4,26.2,11.3,25.3,21.4,2.5,6.3,0,0,2.7,30.5,33.6,25.7,7.6,80.7,19.3,76473,82137
"201",6001433500,"06","001","433500",4352,37.684411,-122.154919,"Census Tract 4335, Alameda County, California",431300,1378,39,5.4,3.29,3.3,1.5,0,0.4,2.1,6.7,9.1,72.2,7.3,0.9,0,2.4,10.3,70,16.9,0.4,84.8,15.2,70625,84298
"202",6001433600,"06","001","433600",5978,37.685659,-122.144993,"Census Tract 4336, Alameda County, California",393700,2065,62,4.8,2.85,2.71,0.3,6.1,2,10.7,12.8,11.9,42,10.9,3.3,1.2,21.2,27.8,43.1,6.2,0.5,53.2,46.8,53937,67468
"203",6001433700,"06","001","433700",3182,37.687061,-122.113763,"Census Tract 4337, Alameda County, California",332300,1071,75,4.2,3.24,3.17,3.7,0.4,3.9,7.6,9.8,15.7,32.6,18.4,7.9,8.4,22.5,36.8,27.2,2.5,2.6,37.8,62.2,58351,64528
"204",6001433800,"06","001","433800",7369,37.699054,-122.122708,"Census Tract 4338, Alameda County, California",359600,2540,73,4.9,3.19,3.05,0,2.5,7.6,8.5,15.5,8.7,34.9,14,8.4,1.3,17.7,36.7,38.9,4.9,0.5,48.5,51.5,52330,66993
"205",6001433900,"06","001","433900",6599,37.69849,-122.112872,"Census Tract 4339, Alameda County, California",281300,2357,281,4,2.67,3.15,2.7,4,3.2,16.5,22.1,23.4,11.8,14.3,2.1,2.8,24.9,51.1,16.9,4.2,0,31.3,68.7,44106,50639
"206",6001434000,"06","001","434000",4884,37.692714,-122.110802,"Census Tract 4340, Alameda County, California",305600,1815,199,4.3,3.3,2.85,4,4.3,5.5,12.9,9.3,19.8,18,14,12.1,1.8,22,41.7,28.4,3.7,2.4,31.9,68.1,39567,56441
"207",6001435102,"06","001","435102",5179,37.655166,-122.044197,"Census Tract 4351.02, Alameda County, California",598300,1569,63,6.1,2.76,2.25,7.1,0.8,26.1,32.1,16.7,9.9,2.7,0,4.6,1.6,9.4,19.8,30.7,27.7,10.7,79.8,20.2,107625,110460
"208",6001435103,"06","001","435103",6403,37.672746,-122.030251,"Census Tract 4351.03, Alameda County, California",758500,2107,43,7.5,3.13,2.34,8,14.8,46.8,3.8,18.3,2.5,1,1.6,3.1,2,0,2.9,29.6,49,16.4,88.7,11.3,136000,155885
"209",6001435104,"06","001","435104",5216,37.632281,-122.048879,"Census Tract 4351.04, Alameda County, California",434700,2102,269,4,2.99,2.76,0.8,5.8,18.9,23.3,21.6,19.5,5.9,1,3.4,0.6,26,49.4,15.7,3.5,4.9,28.8,71.2,55975,67402
"210",6001435200,"06","001","435200",4140,37.68501,-122.051839,"Census Tract 4352, Alameda County, California",508400,1459,76,6.2,3.07,2.76,0.5,3.7,9.2,31,20.5,10.7,16.6,4.7,3.1,0.2,5.7,13.4,41.9,35.4,3.4,75.4,24.6,81659,90913
"211",6001435300,"06","001","435300",4479,37.68099,-122.065219,"Census Tract 4353, Alameda County, California",436900,1770,164,4.2,3.2,2.55,2.5,2.6,10.3,14.4,13.5,9.4,29.5,9.7,8.1,0,21.3,46.4,19.9,9.7,2.8,37.9,62.1,52444,58380
"212",6001435400,"06","001","435400",4503,37.673716,-122.082822,"Census Tract 4354, Alameda County, California",315400,2135,328,3.7,2.31,2.01,1.4,9,14.7,20.2,10.5,8,13,7,16.3,9.4,31.6,37.8,18.2,2.3,0.8,30.7,69.3,48873,64247
"213",6001435500,"06","001","435500",3725,37.680417,-122.092731,"Census Tract 4355, Alameda County, California",335600,1487,242,4,3.88,1.98,0.6,0,3.4,15.4,10.2,23.5,20.2,15.5,11.4,4.7,34,37,21,2.8,0.6,31.8,68.2,45241,53805
"214",6001435601,"06","001","435601",4902,37.674612,-122.102084,"Census Tract 4356.01, Alameda County, California",321800,1649,67,4.1,3.42,3.05,5.7,6.9,8.1,18.2,8.7,6.8,19,15.3,11.3,0.8,9.8,74.8,11.9,2.7,0,30.3,69.7,47630,57673
"215",6001435602,"06","001","435602",5329,37.681524,-122.106711,"Census Tract 4356.02, Alameda County, California",451300,1652,204,4.3,3.9,3.15,3.9,0,20.3,9.9,5.6,5.1,18.3,25,11.9,1.7,21.4,38.6,28.8,7.8,1.6,38.3,61.7,62609,67523
"216",6001435700,"06","001","435700",4594,37.680214,-122.117376,"Census Tract 4357, Alameda County, California",361500,1535,128,5.1,2.98,3.32,2.7,0,3.5,11.3,4.4,5.9,54.1,15.3,2.9,1.2,8.9,22.7,56.9,8.9,1.2,70.6,29.4,72688,79366
"217",6001435800,"06","001","435800",5382,37.679065,-122.129811,"Census Tract 4358, Alameda County, California",387000,1646,46,5.7,3.33,3.91,1.8,1.8,6.9,2.4,0.9,0.5,7.2,73.8,4.8,0,1,6.8,73.5,16.8,1.9,77.1,22.9,75309,79121
"218",6001435900,"06","001","435900",5073,37.674658,-122.144092,"Census Tract 4359, Alameda County, California",436000,1666,0,5.8,2.95,4.4,0,0,3.5,4.7,7,5.8,68.6,9.8,0.5,0,0,9.5,70.9,17.5,2,83.6,16.4,68882,81325
"219",6001436000,"06","001","436000",4557,37.668865,-122.136954,"Census Tract 4360, Alameda County, California",397700,1446,59,5.8,3.29,3.74,0.6,0.6,0.3,0.8,2.2,4.6,71.7,16.7,2.6,0,0,8.1,83.3,6.2,2.4,78.7,21.3,74228,79464
"220",6001436100,"06","001","436100",5261,37.672135,-122.123032,"Census Tract 4361, Alameda County, California",383600,1782,0,5.1,3.41,2.28,0.6,3.8,5.2,3.2,14.6,10.8,36.7,25.1,0,2.6,17.6,15.5,56.5,6.6,1.2,54.7,45.3,63438,67693
"221",6001436200,"06","001","436200",3827,37.668488,-122.112151,"Census Tract 4362, Alameda County, California",407700,1238,51,4,2.55,3.25,13.7,5.4,7.7,15.8,6.5,22.6,9,11.1,8.2,0.4,21.6,56.3,18.5,2.6,0.6,17.5,82.5,41417,46830
"222",6001436300,"06","001","436300",7129,37.667098,-122.090944,"Census Tract 4363, Alameda County, California",371800,2177,135,4.3,3.28,3.3,10.7,13.2,5.2,4.3,9.7,8.8,20.6,18.2,9.3,1.3,14.1,50.9,29.9,2.5,1.1,31.1,68.9,53776,64589
"223",6001436401,"06","001","436401",7042,37.671564,-122.06618,"Census Tract 4364.01, Alameda County, California",403000,3141,404,4.9,2.79,2.7,0.8,2.3,2.6,8.1,26.6,15.5,23.7,13.9,6.5,6.8,11.9,34.6,35.7,10.3,0.7,54.4,45.6,70655,90185
"224",6001436402,"06","001","436402",2618,37.666646,-122.043477,"Census Tract 4364.02, Alameda County, California",649500,1065,51,7,2.79,4.47,1,0,6.9,8.6,27.8,25.1,29.5,0.4,0.8,0,0.3,2.9,38.6,40.6,17.7,95.6,4.4,122778,145725
"225",6001436500,"06","001","436500",4583,37.659356,-122.070903,"Census Tract 4365, Alameda County, California",397800,1806,125,3.8,3.22,2.41,1.2,3,2.1,8.7,42.5,12.6,21.7,4.9,3.2,4.8,37,36.1,18.2,1.5,2.4,25.8,74.2,51523,62266
"226",6001436601,"06","001","436601",6091,37.656859,-122.078889,"Census Tract 4366.01, Alameda County, California",317100,1940,101,4.6,3.64,3.42,0,3.3,0.8,7.1,13.1,17.7,38.7,9.9,9.4,1.4,11.3,43.2,40.7,3,0.4,39.8,60.2,49105,55274
"227",6001436602,"06","001","436602",4571,37.651302,-122.084816,"Census Tract 4366.02, Alameda County, California",404600,1697,80,3.9,4.73,2.42,2.2,5.6,10.1,29,22.8,11.2,18.2,0.8,0,3.2,36.8,33.9,11,13.6,1.5,27.4,72.6,52854,59693
"228",6001436700,"06","001","436700",3284,37.662083,-122.100425,"Census Tract 4367, Alameda County, California",290400,1065,48,4.6,3.41,3.31,0,17.5,4.4,4.5,9.3,8.5,48.9,4.6,2.3,5.5,18,42.2,31.6,2.6,0,56.7,43.3,60542,66046
"229",6001436800,"06","001","436800",4027,37.653836,-122.093603,"Census Tract 4368, Alameda County, California",383300,1391,88,5,3.24,2.95,0,0,13.4,6.9,8.8,17,40.6,11.1,2.2,3.6,25.7,17,38.7,9.5,5.5,49.9,50.1,71586,79895
"230",6001436900,"06","001","436900",6724,37.661497,-122.109848,"Census Tract 4369, Alameda County, California",373000,1933,167,4.7,3.56,3.66,0,0.6,3.3,9.9,8.1,28.2,39.3,10,0.6,0,14.6,32.2,38.6,12.8,1.7,42.8,57.2,51549,63200
"231",6001437000,"06","001","437000",3473,37.645359,-122.100411,"Census Tract 4370, Alameda County, California",356100,1272,161,5,2.42,2.67,1.8,0.9,5.4,24.3,10.7,13,41.2,2.1,0.6,0,17.5,22.2,53.9,6.4,0,75.6,24.4,68092,80765
"232",6001437101,"06","001","437101",6448,37.621268,-122.103768,"Census Tract 4371.01, Alameda County, California",453100,1902,108,5.7,3.21,4.63,7.8,22.2,3,4.2,32.1,3,24.7,2.9,0,0,0,18.8,41.8,25,14.4,95.5,4.5,92849,108787
"233",6001437102,"06","001","437102",4251,37.628586,-122.09914,"Census Tract 4371.02, Alameda County, California",321700,1465,0,4.7,3.92,2.73,5.2,6.3,0,1.3,46.6,13.6,24,0,3,1.7,17.5,25.3,48,7.6,0,55.4,44.6,65493,71132
"234",6001437200,"06","001","437200",6755,37.642646,-122.11198,"Census Tract 4372, Alameda County, California",403800,2338,209,5,2.9,2.94,7.1,3.2,17.3,26.8,16.9,14,12.4,0,2.2,1.1,11.5,37,31.4,14.9,4.1,60.1,39.9,60631,72857
"235",6001437300,"06","001","437300",3111,37.635997,-122.093488,"Census Tract 4373, Alameda County, California",367200,890,33,5.2,4.06,3.09,4.7,0,0,6,19.6,12.8,49.4,5.8,1.7,0,6.3,23.4,58.8,11.2,0.3,52.9,47.1,53068,73938
"236",6001437400,"06","001","437400",3408,37.642549,-122.087027,"Census Tract 4374, Alameda County, California",367900,943,77,5.8,3.91,4.19,0,0,0,1.5,0.7,2.5,87.7,7.5,0,0,0.7,4.5,79.7,13.8,1.3,75.1,24.9,69375,85680
"237",6001437500,"06","001","437500",4528,37.643779,-122.080105,"Census Tract 4375, Alameda County, California",364800,1198,64,4.2,3.42,3.72,0,0,8.2,16.1,25.7,21.8,20.3,5.8,2.2,0,15.7,48.4,35.9,0,0,26.8,73.2,47361,50333
"238",6001437600,"06","001","437600",3217,37.63569,-122.080097,"Census Tract 4376, Alameda County, California",438400,935,29,5,3.68,4,0,0,3.5,6.2,30.5,12.4,42.2,3.3,1.8,0,9.5,27.4,55.9,4.5,2.7,56.6,43.4,61865,67921
"239",6001437701,"06","001","437701",3649,37.634584,-122.06982,"Census Tract 4377.01, Alameda County, California",364300,1103,154,4.2,4.11,3.84,2.2,0,3.7,13.3,13.7,20.8,33.6,5.1,7.6,1.5,13.2,51.4,29.8,4,0,22.9,77.1,49196,60466
"240",6001437702,"06","001","437702",4256,37.638237,-122.073291,"Census Tract 4377.02, Alameda County, California",353200,1140,160,4,3.25,4.87,0,0,1.8,24.8,27.1,31.3,5.7,3.9,5.4,0,3.2,80,15.2,1.7,0,8.6,91.4,36392,43018
"241",6001437800,"06","001","437800",4621,37.643431,-122.068669,"Census Tract 4378, Alameda County, California",371400,1414,140,5.5,3.24,3.9,1.5,11.8,6.9,17.8,20.2,3.3,35,2.6,0.9,0,4.5,16.3,50.5,24.1,4.6,76.6,23.4,77738,90286
"242",6001437900,"06","001","437900",2338,37.641772,-122.060147,"Census Tract 4379, Alameda County, California",415200,722,36,4.2,4.56,2.92,2.8,3.5,6,2.4,23.5,28.1,23.3,8.2,2.4,7.8,25.1,25.6,40.7,0,0.8,37.8,62.2,49135,58548
"243",6001438000,"06","001","438000",3283,37.617845,-122.029865,"Census Tract 4380, Alameda County, California",466900,1118,127,5.3,2.7,2.77,0,2.1,0,8.5,17.3,10.1,60.7,1.3,0,0,4,24.7,57.4,11.6,2.2,68.9,31.1,69258,89050
"244",6001438100,"06","001","438100",7675,37.616828,-122.037345,"Census Tract 4381, Alameda County, California",374800,2177,39,5.4,3.55,3.63,3.5,4.1,15.3,1.5,10,3.3,58.1,2.3,1.9,1.9,3.5,8.8,59.2,22.5,4.1,80.6,19.4,85776,96116
"245",6001438201,"06","001","438201",4540,37.626305,-122.076544,"Census Tract 4382.01, Alameda County, California",262900,1235,110,5.5,4,3.67,5.3,4.7,4.5,1.6,27.2,14.4,38.1,2.8,1.4,0.6,2.7,20.1,65.4,11.2,0,82.3,17.7,61314,72189
"246",6001438203,"06","001","438203",3920,37.625168,-122.068104,"Census Tract 4382.03, Alameda County, California",421500,1330,50,5.5,3.42,2.95,9.3,10.6,18.9,25.3,15,9.2,11.7,0,0,5.3,1.7,28.5,32.8,28.3,3.4,81.7,18.3,74924,90454
"247",6001438204,"06","001","438204",5368,37.627421,-122.059399,"Census Tract 4382.04, Alameda County, California",165300,1892,124,5.1,3.16,4.21,4,8,8.1,23.3,32.9,8.4,14.9,0,0.5,2.8,5,43,35.6,11.5,2.1,88.9,11.1,66111,77618
"248",6001438300,"06","001","438300",3731,37.628139,-122.088435,"Census Tract 4383, Alameda County, California",350800,952,60,5.2,3.89,5.74,0,0,0.6,0.6,12.1,4.7,70.9,11,0,1.4,4.6,6,79.7,6.9,1.4,78.3,21.7,75984,86715
"249",6001438400,"06","001","438400",2331,37.621384,-122.083168,"Census Tract 4384, Alameda County, California",326700,735,11,5.4,2.79,5.03,1.4,1.4,6,3.7,26.4,51.4,8.4,0,1.4,2.3,3.9,8.6,59.5,21.8,3.9,89.5,10.5,73375,78808
"250",6001440100,"06","001","440100",2310,37.595947,-122.001607,"Census Tract 4401, Alameda County, California",359300,888,110,4.5,3.11,2.42,6.8,1.9,2.7,28.9,38,12.2,0.9,1,7.7,3,12.6,44.9,14.8,13.4,11.3,54.9,45.1,73100,79312
"251",6001440200,"06","001","440200",5989,37.600154,-122.022415,"Census Tract 4402, Alameda County, California",427400,1521,58,5.2,3.65,3.91,4.9,3.6,2.8,1.9,26.1,26,22.3,2.7,9.7,1.1,7,35.4,39.4,14.5,2.6,50.1,49.9,50232,58441
"252",6001440301,"06","001","440301",7312,37.602857,-122.047828,"Census Tract 4403.01, Alameda County, California",529300,2286,175,5.7,3.22,3.36,7,0.5,14.3,4.2,45.8,20.4,7.1,0,0.7,0,10.4,22.8,40.3,21.6,4.9,72.1,27.9,66408,77295
"253",6001440304,"06","001","440304",4674,37.587489,-122.077232,"Census Tract 4403.04, Alameda County, California",477100,1390,111,5.7,3.73,3.44,0,0,2.2,18.8,76.3,1.7,0,0,1.1,0.7,7.4,24.2,33.1,28.1,6.4,65.8,34.2,91696,97069
"254",6001440305,"06","001","440305",3883,37.577352,-122.074549,"Census Tract 4403.05, Alameda County, California",517700,1083,41,6.2,3.38,5.16,0.8,1.8,3.8,6.9,77.7,7.1,0,0.9,0.8,2.5,0,8.2,38.8,42.5,8,76.3,23.7,93333,105355
"255",6001440306,"06","001","440306",3841,37.584964,-122.068313,"Census Tract 4403.06, Alameda County, California",390000,1113,129,5.5,3.93,3.8,4.4,2.5,0.6,6.9,77.4,4.6,1.3,1.3,1.1,0,0,26.2,47,21.5,5.3,79.5,20.5,86818,100871
"256",6001440307,"06","001","440307",4219,37.591379,-122.048874,"Census Tract 4403.07, Alameda County, California",356500,1716,148,5.2,2.61,2.59,0,2.3,2,14.9,68.3,3.3,4.3,2.2,2.7,3.7,3.1,44.8,33.9,13.6,1,72.4,27.6,58462,80089
"257",6001440308,"06","001","440308",5883,37.589678,-122.02769,"Census Tract 4403.08, Alameda County, California",504600,2111,151,5.2,3.39,2.51,3.5,8.3,11.8,14.3,34.9,18.3,6.6,0.6,1.7,6,23.3,16.2,35.4,14,5.1,58.4,41.6,68377,80952
"258",6001440331,"06","001","440331",3205,37.594544,-122.078574,"Census Tract 4403.31, Alameda County, California",504500,969,136,4.8,3.81,3.8,3.2,3.9,14.9,18.3,43.4,3.8,4.4,0.7,7.3,0.8,12.5,34.9,29.2,19,3.6,47.5,52.5,73713,82358
"259",6001440332,"06","001","440332",3310,37.583797,-122.083299,"Census Tract 4403.32, Alameda County, California",763600,919,35,7.3,3.72,4.14,0,3.6,88.5,0.5,3.4,0.5,0,3.5,0,0,3.4,3.5,19.7,45.2,28.3,87.4,12.6,163125,164506
"260",6001440333,"06","001","440333",2839,37.60236,-122.073504,"Census Tract 4403.33, Alameda County, California",629700,892,94,6.6,3.24,3.92,0,1.8,39.3,33.2,23.2,0,2.5,0,0,0,1.1,13.1,33,40.6,12.2,82.1,17.9,114500,110996
"261",6001440334,"06","001","440334",4016,37.593398,-122.065065,"Census Tract 4403.34, Alameda County, California",504200,1149,54,6.4,4.06,4.31,0,0,0,3.9,67.8,22.3,4.5,0.7,0.8,0.9,2.1,10,37.2,47.3,2.5,88.6,11.4,99761,100812
"262",6001440335,"06","001","440335",6496,37.590663,-122.012223,"Census Tract 4403.35, Alameda County, California",661800,1919,97,5.9,3.5,2.08,16.2,27.1,45.5,6.3,4.9,0,0,0,0,3.8,13.1,16.3,17.2,35.3,14.2,72.1,27.9,127231,134323
"263",6001440336,"06","001","440336",4459,37.582281,-122.018969,"Census Tract 4403.36, Alameda County, California",472800,1560,66,5.1,3.09,3.32,0,0,4.9,6.7,63.5,23.1,1.8,0,0,0,11,35.8,35.2,17.9,0,59.6,40.4,71000,76585
"264",6001441100,"06","001","441100",4308,37.577586,-121.968635,"Census Tract 4411, Alameda County, California",636100,1696,165,6,3.11,1.8,4.8,5,4.8,15.3,21.5,16.9,21.5,2.9,7.4,4.3,5,20.2,37.7,23.5,9.3,73.9,26.1,101597,110619
"265",6001441200,"06","001","441200",6816,37.579125,-121.991678,"Census Tract 4412, Alameda County, California",640000,2656,212,5.5,3.08,2.53,0.7,4.1,14.7,13.9,21.8,17.1,14.8,3.3,9.6,0.5,19.8,18,36.5,21.2,4,62.4,37.6,91491,105623
"266",6001441301,"06","001","441301",3179,37.569161,-122.004813,"Census Tract 4413.01, Alameda County, California",722400,1232,106,4.8,3.27,2.23,1,10.6,8.4,48.5,27.1,2.3,2,0,0,1.3,19.9,34.9,12.2,23.6,8.1,54.4,45.6,116768,139456
"267",6001441302,"06","001","441302",5553,37.569256,-122.019216,"Census Tract 4413.02, Alameda County, California",612700,1913,151,6.1,3.15,2.6,0,0,1.7,6.6,60.6,24,5.7,0,1.3,0.5,10.9,8.2,42.1,37.5,0.8,70.7,29.3,100417,109108
"268",6001441401,"06","001","441401",6931,37.573508,-122.037398,"Census Tract 4414.01, Alameda County, California",561500,2481,101,5.2,2.78,2.37,0.6,0,9.9,17.6,62.8,6.4,0.6,1.4,0.7,0,20.2,19.4,35.5,21.6,3.4,70.8,29.2,78750,96694
"269",6001441402,"06","001","441402",5233,37.582266,-122.040375,"Census Tract 4414.02, Alameda County, California",661400,1762,123,6.1,3.16,2.83,1.9,1.3,10.5,40,38.4,6.2,1,0,0.7,0,6.1,17.1,25.7,46.5,4.7,79.2,20.8,94375,119859
"270",6001441501,"06","001","441501",6068,37.573427,-122.067647,"Census Tract 4415.01, Alameda County, California",628300,1828,41,6.7,3.62,3.96,6.9,4.5,3.7,69.5,11.6,1.3,0.5,0,2,0,3,6.6,30.7,51.5,8.1,86.2,13.8,123750,127562
"271",6001441503,"06","001","441503",5389,37.520638,-121.999414,"Census Tract 4415.03, Alameda County, California",616200,1738,109,5.8,2.95,2.32,24.3,10.3,30.6,25.6,8.4,0,0,0.7,0,0,5.9,25,43.8,23.5,1.8,82.3,17.7,129083,138492
"272",6001441521,"06","001","441521",5869,37.572116,-122.051936,"Census Tract 4415.21, Alameda County, California",617600,1882,60,6.2,3.22,3.72,0,1.2,4,61.6,27.2,3.5,1.9,0,0.6,0.6,0.7,12.5,38.2,45.6,2.3,79.4,20.6,118125,121436
"273",6001441522,"06","001","441522",4980,37.584831,-122.057448,"Census Tract 4415.22, Alameda County, California",575300,1507,12,6.1,3.34,3.97,0,0,4.8,17.1,59.2,16.3,2.7,0,0,0.9,0,14,45.5,35.1,4.6,78.7,21.3,89036,107825
"274",6001441523,"06","001","441523",4077,37.564604,-122.046985,"Census Tract 4415.23, Alameda County, California",536600,1436,0,4.4,2.52,2.81,0,0.8,6,69.4,18.7,3.6,1.5,0,0,0,5.8,57,24.2,13,0,56.1,43.9,115246,109974
"275",6001441524,"06","001","441524",4010,37.562519,-122.054408,"Census Tract 4415.24, Alameda County, California",656800,1387,35,5.2,3.14,2.83,5.6,0,21.9,45.1,20,6,1.4,0,0,4,7.9,33.3,26.3,24.4,4,57,43,135600,130851
"276",6001441601,"06","001","441601",4561,37.563324,-122.029849,"Census Tract 4416.01, Alameda County, California",543000,1490,47,6,3.21,3.71,0,0,7,2.4,27.1,45.5,14.2,3.8,0,0,0.6,9.7,60.8,26.4,2.4,75.3,24.7,85243,95682
"277",6001441602,"06","001","441602",6802,37.557474,-122.02165,"Census Tract 4416.02, Alameda County, California",456200,2373,149,5.1,3.24,3.14,2.5,3.2,1.6,3,42.1,18.8,25.9,1.6,1.1,0,20.1,19.7,41.9,16.1,2.1,59.4,40.6,81538,91481
"278",6001441700,"06","001","441700",7436,37.553768,-122.011264,"Census Tract 4417, Alameda County, California",429200,2782,355,4.4,2.78,2.68,10.6,4.3,10.9,23.7,27.2,8.6,13.8,0,0.8,1.7,16.8,44.4,30.1,6.3,0.7,66.5,33.5,72909,94466
"279",6001441800,"06","001","441800",6786,37.559156,-121.99258,"Census Tract 4418, Alameda County, California",554700,2449,52,5,2.85,2.95,2.8,1.2,1.5,11.3,46.5,24.8,7.3,2.4,2.2,0,14,37.3,27.8,20.6,0.4,61.9,38.1,77875,95096
"280",6001441921,"06","001","441921",3663,37.542458,-121.968864,"Census Tract 4419.21, Alameda County, California",462700,1329,124,4.5,3.98,2.84,0,11.8,36.9,8.8,12.4,9.4,19,1.7,0,0,17.8,31.9,37.9,10.2,2.1,28.4,71.6,95775,102750
"281",6001441923,"06","001","441923",5605,37.552176,-121.988007,"Census Tract 4419.23, Alameda County, California",373300,2216,387,3.2,2.06,2.44,0,3.2,7.6,22.5,50.6,9.7,5.5,0,1,5.2,49.7,40.7,3.2,1.2,0,7.1,92.9,64583,75410
"282",6001441924,"06","001","441924",7301,37.564127,-121.97296,"Census Tract 4419.24, Alameda County, California",528800,2638,297,4.6,2.43,2.87,0.8,3.7,19.3,23.4,40.2,8.3,1.9,0,2.5,0,17.6,37.9,28.5,14.7,1.3,57.1,42.9,102708,118551
"283",6001441925,"06","001","441925",6159,37.556906,-121.969466,"Census Tract 4419.25, Alameda County, California",325700,2930,291,3.5,2.13,2.18,0,16.9,37.2,31.4,11.6,0,2.8,0,0,1,42.2,54.1,2.8,0,0,22.7,77.3,104634,120563
"284",6001441926,"06","001","441926",4080,37.540775,-121.978293,"Census Tract 4419.26, Alameda County, California",426900,1490,135,4,2.73,2.55,0,1.1,0,21.3,49.1,22.3,1.3,1.3,3.5,8.1,23.4,45.1,19.1,4.4,0,22.7,77.3,65341,75200
"285",6001441927,"06","001","441927",4103,37.544784,-121.976145,"Census Tract 4419.27, Alameda County, California",499100,1789,246,3.7,1.97,2.44,0,5.1,32,16.1,39.2,4.8,2.4,0,0.5,3.9,34.9,45.8,15.4,0,0,31.3,68.7,71273,87017
"286",6001442000,"06","001","442000",3212,37.556646,-121.94451,"Census Tract 4420, Alameda County, California",NA,1064,0,7.5,3.06,3.5,0,4,27.7,16.4,44.8,3.1,0.8,1.1,2.1,0,0.7,5.5,21.6,46.5,25.8,97.6,2.4,154167,184892
"287",6001442100,"06","001","442100",5166,37.547219,-121.950169,"Census Tract 4421, Alameda County, California",875200,1726,94,6.7,3.08,3.57,0.8,4,3.4,8.8,39,42.9,0.6,0,0.5,1.2,3.9,14.5,26.8,44,9.6,86.2,13.8,155500,152477
"288",6001442200,"06","001","442200",6875,37.537527,-121.942076,"Census Tract 4422, Alameda County, California",899000,2238,139,6.7,3.03,3.24,2.8,2.7,0,10.3,17.2,38.7,25.3,2.1,0.8,0,0.6,8.9,44.5,36.7,9.2,76.8,23.2,124320,138767
"289",6001442301,"06","001","442301",4388,37.528089,-121.960033,"Census Tract 4423.01, Alameda County, California",567100,1520,133,5.4,3.21,3.06,0,3.2,2.6,7.4,16.1,15.3,47.9,2.4,5.1,0,16.2,17.9,55.9,7.1,2.9,61.3,38.7,75495,82394
"290",6001442302,"06","001","442302",4788,37.536124,-121.961412,"Census Tract 4423.02, Alameda County, California",478900,1908,148,4.1,3.07,2.67,15.7,3.1,5.7,27.7,30.7,10.3,3.6,3,0.3,3.6,26.2,35.8,31.1,3.2,0,29.4,70.6,55116,78273
"291",6001442400,"06","001","442400",6253,37.531986,-121.974035,"Census Tract 4424, Alameda County, California",521700,1984,103,5.7,3.75,4.02,2.1,0,1.4,5.4,19.9,40.2,29.1,1.5,0.5,0,9.3,10.9,45.2,31.4,3.2,74.8,25.2,87813,101953
"292",6001442500,"06","001","442500",7371,37.537437,-121.986796,"Census Tract 4425, Alameda County, California",507600,2300,195,5.4,3.24,3.35,0,0,2.2,7.5,28.3,47.6,11.1,2.6,0.8,0.6,12.7,18.1,47.4,17.7,3.5,54.4,45.6,79526,83866
"293",6001442601,"06","001","442601",3844,37.543725,-121.99737,"Census Tract 4426.01, Alameda County, California",632900,1315,41,6,2.88,2.66,0,3.5,4.9,4.3,21.7,32.5,29.9,1.1,2.1,0,11.9,5.5,57.3,21.4,3.9,66.3,33.7,80521,98490
"294",6001442602,"06","001","442602",5074,37.549808,-122.004837,"Census Tract 4426.02, Alameda County, California",748300,1768,120,4.9,2.88,3.15,0,0,2.9,8.1,29.6,18,38,0.4,2.9,0,15.8,34.3,30.1,17.1,2.6,55.3,44.7,66062,101894
"295",6001442700,"06","001","442700",2873,37.537368,-122.007806,"Census Tract 4427, Alameda County, California",633000,1092,27,6,2.74,2.33,0,0,0,5.7,24.5,45.3,21.7,1.7,1,0,7.6,19,45.3,25.9,2.1,79.7,20.3,103558,108751
"296",6001442800,"06","001","442800",2816,37.528541,-121.991923,"Census Tract 4428, Alameda County, California",484700,971,121,5.6,3.15,3.44,0,0,0,0,35.8,58.8,3.5,0,1.9,0,0,29.9,47.7,20,2.5,69.1,30.9,69375,83498
"297",6001442900,"06","001","442900",7194,37.518372,-121.973914,"Census Tract 4429, Alameda County, California",570900,2338,226,5.8,3.27,3.63,0.3,1.3,8.9,5.3,13.2,57.1,5,7.1,1.9,0,6,19.6,39.6,29.5,5.3,70.8,29.2,80926,93707
"298",6001443001,"06","001","443001",2917,37.519068,-121.951827,"Census Tract 4430.01, Alameda County, California",465700,842,33,5.7,4.17,4.54,0,0,4.2,0,21.7,22.3,50.5,0,1.3,0,1,2.1,78,17.9,1,83.4,16.6,91932,92414
"299",6001443002,"06","001","443002",5918,37.516438,-121.960506,"Census Tract 4430.02, Alameda County, California",509400,1845,73,5.5,2.95,3.58,1.2,3.1,2.8,9.8,36.7,17.3,26.7,0.9,1.5,0,0.5,21.1,61.8,16.6,0,78.3,21.7,91250,95396
"300",6001443102,"06","001","443102",4611,37.507335,-121.927245,"Census Tract 4431.02, Alameda County, California",905500,1512,49,7.2,3.54,4.62,1.5,2.8,6.5,28,42.9,16.2,1.2,0,0.9,0,0,3.4,21.1,56,19.6,87.6,12.4,138239,169486
"301",6001443103,"06","001","443103",4029,37.515288,-121.912551,"Census Tract 4431.03, Alameda County, California",NA,1190,134,8,3.66,3,3.4,5,41.5,41.5,3.9,2.4,0.8,0.9,0.5,0,0,2.9,7.4,46.3,43.4,93.6,6.4,206232,230024
"302",6001443104,"06","001","443104",5558,37.531756,-121.925766,"Census Tract 4431.04, Alameda County, California",877600,1796,167,6.2,3.44,3.27,3,2.7,10.1,20.3,32.9,11,16.8,1.4,1.8,0,6,14.3,41.1,32.9,5.8,69.6,30.4,127869,142039
"303",6001443105,"06","001","443105",4456,37.521722,-121.930044,"Census Tract 4431.05, Alameda County, California",NA,1448,55,7,3.49,4.4,1.2,1.9,20.9,46.8,26.8,1.9,0.5,0,0,0,0,9.3,28.2,48.8,13.8,90.3,9.7,173422,179434
"304",6001443200,"06","001","443200",3704,37.488161,-121.906011,"Census Tract 4432, Alameda County, California",NA,1209,47,8.3,3.31,2.69,1.2,4.2,44.7,22.6,22.4,0.7,1.1,0,3.1,0,0,0,17.9,51.3,30.8,95.6,4.4,206786,225877
"305",6001443301,"06","001","443301",4074,37.470574,-121.913353,"Census Tract 4433.01, Alameda County, California",755400,1274,34,6.8,3.22,3.49,1.2,3.8,8.7,19.9,36.3,26.4,2.3,0,1.4,0,0,4.6,35.4,57.5,2.5,91.3,8.7,131875,149581
"306",6001443321,"06","001","443321",3142,37.489265,-121.924551,"Census Tract 4433.21, Alameda County, California",350500,1287,41,4.2,2.54,2.92,0,0,1.9,50.3,32.9,13.8,1,0,0,0,13.9,49.1,32.3,2.3,2.4,49.3,50.7,83143,94454
"307",6001443322,"06","001","443322",2985,37.482374,-121.920129,"Census Tract 4433.22, Alameda County, California",678200,979,56,6.3,3.18,4.13,0.9,0,0,5.2,44.7,45.8,1.8,1.5,0,0,0,13.2,57.5,22.1,7.3,82.1,17.9,126116,135664
"308",6001444100,"06","001","444100",7280,37.550387,-122.03473,"Census Tract 4441, Alameda County, California",607300,2556,126,6.2,3.01,2.59,0,1.1,6.1,5.6,31.1,37.6,14.5,2.7,1.2,0,8.1,3.6,45.5,37.7,5.1,84.6,15.4,82500,85620
"309",6001444200,"06","001","444200",6499,37.542016,-122.045557,"Census Tract 4442, Alameda County, California",463400,2017,64,5.7,3.1,3.68,1.2,0.4,0,14.7,30.9,36.5,15.1,1,0,0.7,1.2,17.5,55.8,21.3,3.5,80.6,19.4,81047,89359
"310",6001444301,"06","001","444301",3855,37.53594,-122.053685,"Census Tract 4443.01, Alameda County, California",528300,1192,32,6,3.43,3.08,0,1.3,12.2,7.3,43.5,29.9,3.5,0,2.2,0,7.6,14.8,39.5,34.5,3.5,76.6,23.4,92563,107993
"311",6001444302,"06","001","444302",4354,37.526727,-122.045271,"Census Tract 4443.02, Alameda County, California",519900,1309,42,5.2,4.18,3.41,0,2.1,11.2,3.5,42.7,24.2,7,2.8,6.5,0,4.7,38.7,26,22.2,8.5,51.9,48.1,69875,90937
"312",6001444400,"06","001","444400",5114,37.536305,-122.035195,"Census Tract 4444, Alameda County, California",439800,1534,155,5,4.02,2.51,0,1.9,2.9,11.4,25.9,16.8,28.6,3.3,9.3,0,6.1,33.1,46.8,13.5,0.5,69.4,30.6,73423,82316
"313",6001444500,"06","001","444500",6696,37.534093,-122.028417,"Census Tract 4445, Alameda County, California",455900,2070,178,5,3.55,3.13,4.8,10.8,11.2,17.7,23.5,15.8,13.6,1.7,0.9,1,14.6,27.3,34.4,15.7,6.9,54.6,45.4,74141,83087
"314",6001444601,"06","001","444601",4761,37.52897,-122.015382,"Census Tract 4446.01, Alameda County, California",541000,1504,96,6.4,3.37,3.65,0,0.6,3.9,7.3,37.8,44.1,2.9,2.3,1.1,0,1.1,3.1,49.3,43.9,2.7,81.4,18.6,84773,90090
"315",6001444602,"06","001","444602",4014,37.518819,-121.998672,"Census Tract 4446.02, Alameda County, California",421800,1613,95,4.6,2.62,2.65,0,0,21.7,55.4,21,0.6,0,0,1.4,0.8,11,41.5,36.9,8.9,0.9,70.9,29.1,106604,107660
"316",6001450101,"06","001","450101",4349,37.706707,-121.885743,"Census Tract 4501.01, Alameda County, California",567000,1722,119,4.4,2.96,2.18,20.7,45.6,27.5,1.9,3.4,0,0,0,0.8,0.4,34.3,28.3,20.2,13.8,3,29.9,70.1,108125,113588
"317",6001450102,"06","001","450102",9434,37.716635,-121.885933,"Census Tract 4501.02, Alameda County, California",760900,1309,55,6.4,3.51,2.44,19.3,41.9,37.1,0,0,0.5,1.2,0,0,0,12.6,19.3,24.1,32.1,11.8,67.2,32.8,131795,146724
"318",6001450200,"06","001","450200",4067,37.721142,-121.914653,"Census Tract 4502, Alameda County, California",512300,2294,256,4.3,2.41,2.03,2.1,3.1,31.2,45.7,12.8,1.3,3.2,0,0.6,2.1,26.3,47.5,17.8,5.8,0.5,29.9,70.1,85592,88709
"319",6001450300,"06","001","450300",4551,37.714113,-121.920255,"Census Tract 4503, Alameda County, California",553500,1606,86,5.9,2.93,2.35,0.2,18.1,4.6,6.6,9.4,57,3.7,0,0.4,0,9.5,9.2,45.6,31.8,4,71.3,28.8,104063,106048
"320",6001450400,"06","001","450400",5968,37.717,-121.933437,"Census Tract 4504, Alameda County, California",499000,1977,96,5.7,3.19,3.04,2.7,3.9,1,1.7,15,69.8,4.3,0,1.7,0,6.9,15,47.3,28.7,2.1,72.6,27.4,100446,104271
"321",6001450501,"06","001","450501",3129,37.706403,-121.941764,"Census Tract 4505.01, Alameda County, California",588200,1223,52,5.4,2.87,2.33,1.4,1.5,9.9,38.3,15.6,31.2,2.2,0,0,0,6.8,34.7,23.4,24.7,10.5,72.9,27.1,112614,112061
"322",6001450502,"06","001","450502",4185,37.710144,-121.95155,"Census Tract 4505.02, Alameda County, California",769300,1487,16,7.7,3.33,2.17,3.4,5.5,24.1,56.2,3.3,6.5,1.1,0,0,0,0,9,27.1,47,16.9,95.2,4.8,149180,165969
"323",6001450601,"06","001","450601",3379,37.655914,-121.919737,"Census Tract 4506.01, Alameda County, California",NA,1296,87,7.3,2.56,1.76,2.5,4.4,34.6,14.8,11.2,9.2,2.4,1.2,19.8,0,12,13.7,26.6,34.6,13.2,90.7,9.3,137679,206409
"324",6001450602,"06","001","450602",8722,37.673284,-121.91457,"Census Tract 4506.02, Alameda County, California",763800,3359,149,6,2.86,2.33,6,7.5,16,28.7,22.7,17.7,1,0.5,0,0.7,11.6,25.1,23,27.4,12.3,66.6,33.4,131282,150931
"325",6001450603,"06","001","450603",4657,37.682446,-121.908145,"Census Tract 4506.03, Alameda County, California",615800,1472,55,6.5,3.13,4.72,0,0.5,0.6,1.7,48.9,45,3.2,0,0,0,0.5,1.9,45.9,50.1,1.6,88.9,11.1,127270,135221
"326",6001450604,"06","001","450604",4796,37.681135,-121.884142,"Census Tract 4506.04, Alameda County, California",832100,1651,29,7.1,2.89,2.54,0,0,0.5,29.2,39.7,27.6,1.6,0,1.4,0,11.5,7.3,21.8,53.2,6.2,78.1,21.9,130938,138407
"327",6001450605,"06","001","450605",3685,37.672434,-121.883395,"Census Tract 4506.05, Alameda County, California",727900,1348,36,6.2,2.85,3.18,0,0,2.4,12.3,35.5,45,4.2,0,0.7,1.8,7.5,10.5,40.4,36.6,3.3,68.3,31.7,109960,120068
"328",6001450606,"06","001","450606",5733,37.669327,-121.899673,"Census Tract 4506.06, Alameda County, California",830800,1848,10,7.1,3.22,2.78,0,0.5,4.9,47.3,36,11,0,0,0.3,1.1,0.4,10.5,26.3,49.7,12,81.8,18.2,141797,162136
"329",6001450607,"06","001","450607",5251,37.657743,-121.883001,"Census Tract 4506.07, Alameda County, California",873500,2128,101,4,2.92,2.05,5.1,20,21.6,29.2,3,2.7,6.6,2.2,9.6,4.7,30.5,38.2,11.8,11.4,3.3,28.9,71.1,77038,109770
"330",6001450701,"06","001","450701",8075,37.641706,-121.84605,"Census Tract 4507.01, Alameda County, California",NA,2553,34,8,3.26,2.2,6.7,12.7,34.7,23.3,9.6,8.2,2.8,0.9,1.2,0,1.7,6.7,18.7,51.5,21.3,88.8,11.2,168641,214665
"331",6001450741,"06","001","450741",4768,37.660219,-121.865232,"Census Tract 4507.41, Alameda County, California",815700,1736,61,5.5,2.76,2.61,5,1,4.1,23.5,20,24.2,13.1,6.2,2.9,1.6,11.3,24.7,36.2,19.9,6.4,56.4,43.6,98304,133075
"332",6001450742,"06","001","450742",4576,37.661658,-121.850007,"Census Tract 4507.42, Alameda County, California",634400,1777,31,5.9,2.64,2.58,6.8,3.4,12.8,29.3,37.1,8.3,0.5,1.4,0.5,0.5,4.8,31,28.1,28.8,6.8,80.1,19.9,101500,118504
"333",6001450743,"06","001","450743",4734,37.692046,-121.884479,"Census Tract 4507.43, Alameda County, California",503500,2216,129,4.1,2.49,2.65,0.4,3.8,46.3,26.7,16.5,2.4,1.5,0,2.3,0,28.6,42.3,21.9,5.9,1.3,31.5,68.5,93347,104950
"334",6001450744,"06","001","450744",4831,37.696329,-121.867036,"Census Tract 4507.44, Alameda County, California",671000,1480,16,7.2,3,3.77,0,0.3,15,38.1,33.4,13.2,0,0,0,0,0,7.4,27.8,53.5,11.2,92.9,7.1,117821,158741
"335",6001450745,"06","001","450745",5956,37.686403,-121.866409,"Census Tract 4507.45, Alameda County, California",678700,1788,54,5.6,3.47,2.68,5.2,7.1,33.8,51.9,2,0,0,0,0,0.8,5,23.2,35.1,29.1,6.8,70.4,29.6,125000,146915
"336",6001450746,"06","001","450746",3152,37.673698,-121.86979,"Census Tract 4507.46, Alameda County, California",647100,1148,57,5.7,2.82,2.55,0,0,20.1,24,17.2,19.4,13.4,2,3.8,0,8.5,17.8,49.1,23.6,1,74.9,25.1,121406,114858
"337",6001450750,"06","001","450750",3618,37.707005,-121.863099,"Census Tract 4507.50, Alameda County, California",401700,1553,96,3.8,2.08,2.08,45.2,49.3,3.4,0,0,0.4,0.9,0.8,0,3.4,22.5,52.2,20.6,0,1.3,53.4,46.6,89875,97734
"338",6001450751,"06","001","450751",2115,37.714489,-121.864027,"Census Tract 4507.51, Alameda County, California",820800,611,35,7,2.77,3.5,44.2,37.8,2.3,0,0,0,15.7,0,0,2.1,0,8.3,30.8,30.8,28,91.7,8.3,172292,189096
"339",6001450752,"06","001","450752",5262,37.721597,-121.856274,"Census Tract 4507.52, Alameda County, California",866300,1485,80,7.8,3.64,2.84,15.4,70,10.7,3.3,0,0,0.7,0,0,0.7,0.5,11.9,16,26.7,44.2,90,10,156250,182484
"340",6001451101,"06","001","451101",7081,37.698254,-121.707517,"Census Tract 4511.01, Alameda County, California",636400,2389,171,6.4,3.04,2.93,8.7,31.2,41.8,3.6,3.9,4.1,3,0.6,3.1,0.8,6.7,10.2,40.3,29.7,12.4,75.7,24.3,121848,154727
"341",6001451102,"06","001","451102",4011,37.653118,-121.781995,"Census Tract 4511.02, Alameda County, California",898100,1317,26,8.1,3.11,5.33,7.4,39.8,10.8,2.5,34.2,3.9,0.8,0,0.5,0,0,1.4,22.1,42.1,34.3,98.6,1.4,182534,195804
"342",6001451201,"06","001","451201",6595,37.71108,-121.738345,"Census Tract 4512.01, Alameda County, California",441700,2607,114,5.6,2.98,2.25,0.8,5.2,20,36.9,16.2,20.1,0.7,0,0,0,7.1,28.2,35.9,27.1,1.7,73,27,95295,111445
"343",6001451202,"06","001","451202",3634,37.722142,-121.740212,"Census Tract 4512.02, Alameda County, California",464100,1291,30,6,2.73,4.03,2.8,1.2,9.8,15.6,32.7,28.6,4.3,1.9,3.3,0,1.7,5.2,52.5,39.3,1.2,81.6,18.4,94864,107408
"344",6001451300,"06","001","451300",6560,37.688697,-121.795745,"Census Tract 4513, Alameda County, California",495800,2388,44,6.4,2.61,2.98,0,3.5,20.5,13.7,34.5,25.6,1.3,0,0.8,0,3.3,12.9,38.9,38.6,6.4,86.3,13.7,104961,125139
"345",6001451401,"06","001","451401",5850,37.693188,-121.764885,"Census Tract 4514.01, Alameda County, California",559100,2276,83,6.1,2.85,2.42,2.5,5.1,43,14.5,18,9.4,6.9,0,0.6,0,12.7,21.6,33.6,30.2,1.8,63.9,36.1,86930,103014
"346",6001451403,"06","001","451403",2220,37.69124,-121.784165,"Census Tract 4514.03, Alameda County, California",446300,775,97,5.6,3.45,3.25,0,0,22.2,1.4,8.5,27.9,40,0,0,0,3,6.2,70.8,18.5,1.5,75.8,24.2,91875,102028
"347",6001451404,"06","001","451404",6610,37.685292,-121.779174,"Census Tract 4514.04, Alameda County, California",408300,2174,55,4.6,2.4,3.33,0,0,3.7,10.9,11.4,25.6,25.8,14.8,7.9,6.2,10.1,35,36.8,11.1,0.9,41,59,69452,75466
"348",6001451501,"06","001","451501",4668,37.675984,-121.741825,"Census Tract 4515.01, Alameda County, California",705500,1757,25,6.2,2.73,2.33,6.3,15.8,12,12.6,15.2,16,13.4,1.9,6.9,0,16.6,16.3,27.9,27.5,11.6,63.3,36.7,89722,109988
"349",6001451503,"06","001","451503",5660,37.683688,-121.748577,"Census Tract 4515.03, Alameda County, California",466800,2127,124,5.7,2.92,2.25,1.8,0,10.2,10.1,10.1,25.2,36.6,1.3,4.7,1.2,8.1,14.7,54.3,19.7,1.9,58,42,83216,99505
"350",6001451504,"06","001","451504",1509,37.691072,-121.736502,"Census Tract 4515.04, Alameda County, California",474600,590,0,6,2.73,3.05,0,0.8,38.1,47.5,8.1,2.5,2.9,0,0,0,12.2,17.8,22,48,0,90.5,9.5,103382,106788
"351",6001451505,"06","001","451505",3337,37.689443,-121.725131,"Census Tract 4515.05, Alameda County, California",607500,1140,0,7.2,2.65,3.67,0,1.4,34.4,15.7,38.3,5.9,0,0,4.3,0,0,1.5,31,64.9,2.6,91.5,8.5,105000,114454
"352",6001451506,"06","001","451506",3138,37.682408,-121.727563,"Census Tract 4515.06, Alameda County, California",483500,1128,136,5.1,3.19,2.95,0,2.7,8,20.1,43.9,24.3,1,0,0,0,10.8,31.6,34.8,21.1,1.6,48.6,51.4,82979,89901
"353",6001451601,"06","001","451601",4617,37.670965,-121.761705,"Census Tract 4516.01, Alameda County, California",752100,1790,85,6.6,2.95,2.09,5.4,20.4,19,14.3,7.2,5.3,7,1.1,20.3,1.5,6.4,27,28.3,30.3,6.6,72.3,27.7,112480,138990
"354",6001451602,"06","001","451602",6224,37.671706,-121.776066,"Census Tract 4516.02, Alameda County, California",540700,2840,268,5,2.39,1.91,7,11.4,4.7,8.3,28.9,20.1,9.9,6.4,3.3,4,21.2,23.3,33,12.3,6.2,67,33,85887,95071
"355",6001451701,"06","001","451701",3102,37.671642,-121.788228,"Census Tract 4517.01, Alameda County, California",463100,1051,41,6.1,2.94,3.42,0,0,0,0.7,3.4,76.2,18.4,0,1.3,0,0.9,1.5,74.6,17.9,5.1,72,28,84900,95364
"356",6001451703,"06","001","451703",3859,37.667847,-121.800524,"Census Tract 4517.03, Alameda County, California",594500,1330,71,6.9,3.12,3.68,0,16,11.7,1.1,32,39.3,0,0,0,0,0,8.6,39.4,44,8,90.4,9.6,119803,132401
"357",6001451704,"06","001","451704",4449,37.662511,-121.788358,"Census Tract 4517.04, Alameda County, California",586800,1641,98,6.3,2.72,2.52,0,0.9,3.6,11.2,20.5,58.6,4.6,0.7,0,0,9.8,3.6,47.3,33,6.3,79.7,20.3,112522,118319
"358",6001981900,"06","001","981900",38,37.802703,-122.289215,"Census Tract 9819, Alameda County, California",NA,37,0,2.6,NA,NA,0,0,0,0,0,0,0,0,100,48.6,24.3,0,27,0,0,0,100,34875,40041
"359",6001982000,"06","001","982000",71,37.798123,-122.285268,"Census Tract 9820, Alameda County, California",326900,25,0,6.5,2.52,NA,0,12,0,12,40,36,0,0,0,0,0,12,88,0,0,100,0,122917,81864
"360",6001983200,"06","001","983200",540,37.795297,-122.272893,"Census Tract 9832, Alameda County, California",427800,285,14,3.8,1.47,1.27,59.6,0,7,21.4,0,0,3.5,3.5,4.9,0,36.5,35.4,24.9,0,3.2,39.5,60.5,157202,166634
"361",6001990000,"06","001","990000",0,37.683697,-122.228149,"Census Tract 9900, Alameda County, California",NA,0,0,NA,NA,NA,NA,NA,NA,NA,NA,NA,NA,NA,NA,NA,NA,NA,NA,NA,NA,NA,NA,NA,NA
"362",6003010000,"06","003","010000",1175,38.728298,-119.847603,"Census Tract 100, Alpine County, California",395600,1772,1415,4.4,3.16,3.6,2.1,10,23,22,29.6,5.7,1.7,1.8,4.2,9.4,19.4,27.3,33.3,9.6,1.1,80.4,19.6,59018,81595
"363",6005000101,"06","005","000101",3907,38.461746,-120.556546,"Census Tract 1.01, Amador County, California",296100,2810,895,5.3,1.94,2.04,5.5,9.8,16,30.1,29.6,5,2,1.4,0.4,1.4,7.3,41.6,42.5,5.4,1.9,96,4,57404,72696
"364",6005000102,"06","005","000102",1867,38.454052,-120.523468,"Census Tract 1.02, Amador County, California",298200,1567,795,5.1,2.76,1.83,1.6,3.9,10.9,23.9,28.3,16.8,11.3,3.3,0,0,6.3,36.4,52.9,3.6,0.9,86.4,13.6,54271,65311
"365",6005000200,"06","005","000200",4672,38.469552,-120.757586,"Census Tract 2, Amador County, California",353500,2510,425,5.2,2.22,3.26,0.8,5.1,13,14.3,19.8,10.7,2.5,6.6,27.3,2.2,5.1,35.6,49.5,5.8,1.8,81.2,18.8,51548,91227
"366",6005000301,"06","005","000301",5871,38.396115,-120.93845,"Census Tract 3.01, Amador County, California",331700,798,98,5.5,2.69,3.06,1.6,10.4,10.4,29.7,21.9,6.1,5.4,4.9,9.5,0.6,5.5,29.6,57,5.8,1.5,80,20,65167,71661
"367",6005000303,"06","005","000303",5073,38.361906,-120.91234,"Census Tract 3.03, Amador County, California",295100,2280,303,5.3,2.48,2.19,7.6,18.5,13.3,16.4,11.4,7.5,3.2,8,14.1,0.4,6.5,36.3,43.8,10.7,2.2,71.6,28.4,63891,75869
"368",6005000304,"06","005","000304",3946,38.292106,-120.905898,"Census Tract 3.04, Amador County, California",283800,1728,361,5.3,2.72,2.92,8,18.5,21.8,21.2,14.3,3.6,4.3,5.3,3,2.6,2.8,25.1,55.3,12.2,2,76.6,23.4,55625,68578
"369",6005000401,"06","005","000401",5020,38.386003,-120.757167,"Census Tract 4.01, Amador County, California",329900,2445,356,5.3,2.13,2.34,5.8,6.9,7.4,27.3,18.3,4,3.7,7,19.6,2.8,11.1,34.4,36.2,11.2,4.4,62.9,37.1,46142,58868
"370",6005000402,"06","005","000402",4740,38.396074,-120.65693,"Census Tract 4.02, Amador County, California",324400,2375,188,5.6,2.41,2.42,3.3,3.1,20.7,14.8,35.9,8.5,1.1,5.3,7.4,0,3.6,37,46.5,11.3,1.6,83.6,16.4,58068,79250
"371",6005000500,"06","005","000500",2995,38.347563,-120.743723,"Census Tract 5, Amador County, California",381600,1430,239,5.3,2.15,1.94,6.2,8,9.7,17.5,24.9,10.8,5.9,4.2,12.7,0.9,9.3,28.3,48.6,11.3,1.6,71.5,28.5,58309,65825
"372",6007000102,"06","007","000102",3900,39.757849,-121.824923,"Census Tract 1.02, Butte County, California",256200,1647,180,5.4,2.25,2.82,1.6,3.9,10.8,14.4,25.3,29.8,12.8,0,1.4,2.2,3.8,24,63.6,5.3,1.1,71.3,28.7,52694,69081
"373",6007000103,"06","007","000103",3902,39.766119,-121.81919,"Census Tract 1.03, Butte County, California",311000,1203,72,5.3,2.78,2.94,26.3,34.1,20,8.1,3.2,1.1,7.4,0,0,0,2.2,9.4,71.2,17.2,0,68.8,31.2,73313,79531
"374",6007000104,"06","007","000104",5636,39.767374,-121.836338,"Census Tract 1.04, Butte County, California",286500,2558,151,5.2,2.58,2.31,1.1,3.4,30.3,35.3,6.4,13,7.8,2,0.8,1.8,9.6,24.3,52.8,10.9,0.6,52.6,47.4,45417,55309
"375",6007000201,"06","007","000201",4052,39.772494,-121.861055,"Census Tract 2.01, Butte County, California",232500,1807,121,4.7,2.15,2.1,4.3,1.5,10.5,25.8,47.1,7.1,1.7,1.1,0.9,0.7,23.6,35.4,32.8,7.2,0.4,51.8,48.2,39022,50369
"376",6007000202,"06","007","000202",3723,39.765327,-121.849339,"Census Tract 2.02, Butte County, California",181300,1875,244,4.7,2.02,1.88,3.5,1.7,10.8,18.3,30.1,12.5,21.2,1.7,0.2,2.8,14.1,45.1,32.1,5.5,0.5,53.9,46.1,36694,47112
"377",6007000300,"06","007","000300",4410,39.760097,-121.860012,"Census Tract 3, Butte County, California",201500,1875,170,4.2,2.37,2.1,0,10.6,6.6,16.4,32.1,15.8,15.4,1.5,1.5,1.7,24.7,45.7,24.7,3.2,0,32,68,36966,43277
"378",6007000401,"06","007","000401",1771,39.773306,-121.88698,"Census Tract 4.01, Butte County, California",213800,625,83,4.8,2.9,2.38,35.4,17.8,9.3,7,30.6,0,0,0,0,0,7,43.4,31.2,14.6,3.8,54.2,45.8,57576,70618
"379",6007000402,"06","007","000402",7030,39.756521,-121.873828,"Census Tract 4.02, Butte County, California",337300,3097,101,5.8,2.31,2.82,2.5,15.7,30.4,18.1,17,2.5,7.2,2.3,4.3,0,8.1,21.4,52.7,16.9,0.9,73.7,26.3,63385,79283
"380",6007000501,"06","007","000501",4333,39.734231,-121.874197,"Census Tract 5.01, Butte County, California",362700,1665,165,5.6,2.75,2.55,1.1,4.4,16.9,32,21.6,10.3,11.2,0,2.5,5,6,20.5,38,30,0.5,67.5,32.5,45714,65900
"381",6007000502,"06","007","000502",4204,39.729937,-121.85992,"Census Tract 5.02, Butte County, California",303300,2019,401,4.5,2.3,2.5,0,0,19.4,19.6,28.9,18.1,4.5,4.1,5.4,1.4,19.9,35,28.4,13,2.3,20.8,79.2,24388,43770
"382",6007000601,"06","007","000601",3304,39.744407,-121.864839,"Census Tract 6.01, Butte County, California",327800,1377,28,6,2.38,2.63,3.3,14,14.9,24.9,14.1,9.9,10.2,4.5,4.1,0.8,6.6,6.8,63.8,21.9,0,64.3,35.7,59321,70779
"383",6007000603,"06","007","000603",3130,39.735472,-121.849527,"Census Tract 6.03, Butte County, California",303600,1154,80,4.3,2.23,2.27,1,3.8,5.5,8.4,15.4,7.5,14.7,18.9,24.7,3.2,26.5,28.2,31.4,10.1,0.7,21.4,78.6,21867,38539
"384",6007000604,"06","007","000604",4217,39.735654,-121.857557,"Census Tract 6.04, Butte County, California",318800,1765,383,4.3,2.21,2.55,1.6,1.2,23.2,21.4,31.9,9.7,6.5,1.5,2.8,6.6,16.9,37.8,18,18.5,2.3,13.4,86.6,17057,28282
"385",6007000700,"06","007","000700",4694,39.743162,-121.839555,"Census Tract 7, Butte County, California",293000,2613,292,4.5,2,2.25,1.5,3.4,3.2,11.7,20.4,9.9,19.6,15,15.3,3.1,22.9,41.2,24.2,6.8,1.8,36.8,63.2,37625,52290
"386",6007000800,"06","007","000800",5295,39.750097,-121.81891,"Census Tract 8, Butte County, California",296600,2396,123,5.8,2.35,2.4,2.4,1.5,1.3,9.6,22.4,15.4,44.2,1.3,2,0.7,8.6,15.9,54.8,17.8,2.2,64.7,35.3,60792,78761
"387",6007000901,"06","007","000901",2142,39.727073,-121.775788,"Census Tract 9.01, Butte County, California",343800,957,40,5,2.67,2.33,9.9,25.1,41,7.7,4,12.3,0,0,0,6.5,2.6,26.5,55.4,9,0,67.8,32.2,90582,92735
"388",6007000903,"06","007","000903",6117,39.729458,-121.800295,"Census Tract 9.03, Butte County, California",289100,2645,232,4.5,2.69,2.21,5.2,9.9,37.3,25.9,17.7,1.6,1.6,0.5,0.3,0.2,16.4,42.9,35.8,4.6,0.2,36.8,63.2,41132,53230
"389",6007000904,"06","007","000904",6071,39.746437,-121.796321,"Census Tract 9.04, Butte County, California",344600,2817,133,5.6,2.46,1.87,5.9,18,29.6,11.1,9.9,12.4,11.3,1.4,0.4,1.6,8.8,30.4,41,17.3,0.8,59.5,40.5,53224,70911
"390",6007001000,"06","007","001000",4801,39.728123,-121.834854,"Census Tract 10, Butte County, California",295100,2463,256,4.1,2.16,2.38,0.4,1.3,3.4,7.8,12.5,11.7,16,6.2,40.7,3,32.6,32.4,19.9,7.7,4.4,17.3,82.7,28513,36590
"391",6007001100,"06","007","001100",4572,39.717132,-121.848362,"Census Tract 11, Butte County, California",310000,1937,399,5.2,2.13,3.01,3.4,2.8,11,19.1,26.1,14.4,3.7,5.3,14.3,7.7,12.6,25.7,21.8,31.4,0.8,36.5,63.5,33417,59810
"392",6007001200,"06","007","001200",3556,39.717581,-121.831388,"Census Tract 12, Butte County, California",238600,1693,192,4.7,2.57,2.46,5.7,5.3,3.1,11.4,6.6,11.3,15.5,11.2,30,1.4,17,40.8,26.1,12.5,2.2,31.2,68.8,34571,44319
"393",6007001300,"06","007","001300",4169,39.724697,-121.820777,"Census Tract 13, Butte County, California",208600,1569,246,4.8,2.42,2.98,3.6,4.5,3.8,16.5,19.4,4.5,11.5,7.2,29,3.1,14.3,36.8,37.3,7.7,0.8,36.9,63.1,31660,39838
"394",6007001400,"06","007","001400",5797,39.78958,-121.905061,"Census Tract 14, Butte County, California",414100,2133,143,6.4,2.71,3.42,3.3,9,15.2,20.8,33.4,7.8,2.9,0.6,6.9,0,2,14.7,51.4,26.7,5.2,84.3,15.7,70382,84783
"395",6007001500,"06","007","001500",5297,39.650158,-121.80052,"Census Tract 15, Butte County, California",467200,2200,241,6,2.81,2.84,4.4,10.3,11.2,9.3,14.8,17.9,14,8.2,9.9,0,4.9,27.7,46.3,17.8,3.3,70.4,29.6,64615,94120
"396",6007001600,"06","007","001600",5266,39.822449,-121.726501,"Census Tract 16, Butte County, California",366200,2663,684,5.4,2.52,2.72,10.9,14.3,13.5,22,15.4,13,4.3,1.9,4.8,0.5,11,21.4,50.5,15.2,1.3,89.6,10.4,68304,103163
"397",6007001702,"06","007","001702",5739,39.823817,-121.606136,"Census Tract 17.02, Butte County, California",179600,2724,550,5.2,2.3,2.92,1.6,9.1,13,34.3,39.1,0.4,1,0,1.4,0,0.7,49.4,47.4,1.8,0.6,68.3,31.7,40926,52040
"398",6007001703,"06","007","001703",2852,39.822685,-121.601733,"Census Tract 17.03, Butte County, California",184700,1334,117,5.1,2.41,2.29,0,4.1,8.1,39.5,40.1,3.9,4.3,0,0,0,1.6,55.4,43,0,0,78.7,21.3,37537,43646
"399",6007001704,"06","007","001704",3060,39.859671,-121.583869,"Census Tract 17.04, Butte County, California",168500,1450,195,5.7,2.7,2.38,1,6.4,16.3,27.4,30.8,4.7,3,1.7,8.8,5.2,1.4,34.8,57.3,0.5,0.8,82.6,17.4,42939,53361
"400",6007001800,"06","007","001800",5640,39.779828,-121.60664,"Census Tract 18, Butte County, California",192700,2696,156,5,2.01,2.49,2.2,1.9,6.8,17.2,29.7,17.7,11.8,8.1,4.6,2.2,8.9,55.1,29.5,3.2,1.2,76.1,23.9,35891,52714
"401",6007001900,"06","007","001900",3373,39.782663,-121.580528,"Census Tract 19, Butte County, California",268300,1602,174,5.2,2.28,2.15,1.9,6.1,11.6,11.4,33,22.8,4.2,4.9,4.2,0.6,7.3,37.9,42.9,10.6,0.6,83.3,16.7,43777,56689
"402",6007002000,"06","007","002000",5184,39.759683,-121.588137,"Census Tract 20, Butte County, California",224500,2428,170,5.2,2.62,2.09,2.1,5.1,5.9,12.2,32.9,17.7,12.7,10.4,0.9,2.8,7.9,47.5,34.5,7,0.4,65.9,34.1,40135,57364
"403",6007002100,"06","007","002100",4599,39.762136,-121.622787,"Census Tract 21, Butte County, California",220900,2317,240,5,2.12,2.13,2.8,2.2,6.4,19.5,29,7.9,19.1,8.4,4.8,1.4,23.7,43.6,20.9,10.4,0,62.9,37.1,46431,49464
"404",6007002200,"06","007","002200",5156,39.734048,-121.634341,"Census Tract 22, Butte County, California",290100,2589,280,5.1,2.32,1.62,2.4,7.7,9,22.2,20.7,11.4,13.4,9.1,4.1,3,15.9,36.6,39.9,3.8,0.8,75.2,24.8,50924,59942
"405",6007002300,"06","007","002300",5331,39.724537,-121.587393,"Census Tract 23, Butte County, California",240000,2500,151,5.4,2.21,2.19,3.6,4.1,17.7,22.7,20.4,13.8,7.6,5.8,4.2,3.2,8.8,40.7,34.1,12,1.2,81.5,18.5,34111,56545
"406",6007002400,"06","007","002400",5157,39.61371,-121.40204,"Census Tract 24, Butte County, California",195300,2803,712,5,2.29,2.16,7.7,5,12.6,25.4,28.9,8.4,4.1,2.7,5.2,2.2,16.9,32.2,41.1,7.1,0.4,79.6,20.4,35570,49140
"407",6007002500,"06","007","002500",4930,39.534419,-121.560489,"Census Tract 25, Butte County, California",188900,1717,104,4.7,2.56,3.01,12.8,1.5,4,27.4,21.8,4,17.3,5.3,5.9,0,8.9,52.4,28.6,8.1,2.1,36.1,63.9,40290,51618
"408",6007002601,"06","007","002601",2324,39.495316,-121.46568,"Census Tract 26.01, Butte County, California",229800,1233,106,5.6,2.46,2.26,10.1,2.8,18.3,13.1,26.4,13.1,7.3,3.6,5.2,0,5.2,31.2,52.3,7.4,3.9,89.6,10.4,57465,72825
"409",6007002602,"06","007","002602",3455,39.524347,-121.471964,"Census Tract 26.02, Butte County, California",226600,1835,231,5.6,2.34,2.73,2.2,6.7,13,26.2,30.3,2.6,10.4,6.5,2.2,0,0.9,38.8,49.7,10.6,0,82,18,52415,67740
"410",6007002700,"06","007","002700",5478,39.514717,-121.531173,"Census Tract 27, Butte County, California",212800,2278,42,5.6,2.54,2.31,2.7,0.7,7.2,7.6,11.2,24.3,28.8,7.2,10.4,0.6,10.7,27,50.5,8.9,2.4,64.7,35.3,47548,56364
"411",6007002800,"06","007","002800",4275,39.508624,-121.559624,"Census Tract 28, Butte County, California",170500,2119,336,4.3,2.12,2.17,1.2,0,6.3,7.9,23.5,11.4,9.8,9.2,30.6,5.8,25.3,42.8,20.9,4.2,1.1,25.3,74.7,25293,32383
"412",6007002900,"06","007","002900",3060,39.518248,-121.593476,"Census Tract 29, Butte County, California",171000,867,29,5.3,2.99,4.66,3.7,2,11.5,5.9,19.1,33.4,13.8,6.7,3.8,0,15.3,30.3,46,8.3,0,63.7,36.3,37955,49761
"413",6007003001,"06","007","003001",3140,39.49677,-121.543805,"Census Tract 30.01, Butte County, California",66500,1076,131,5.1,3.15,3.55,0,4.4,9.9,25.6,18.9,5.8,11.2,10.4,13.9,0,8.6,45.5,39.4,6.5,0,56.9,43.1,24462,32747
"414",6007003002,"06","007","003002",3531,39.482672,-121.54539,"Census Tract 30.02, Butte County, California",148000,1257,147,4.8,3.09,3.17,2.9,0.6,1.8,30.2,20.2,12.3,6.1,12.3,13.7,1.5,6.6,36.4,46.9,6.6,2,50.1,49.9,35625,38090
"415",6007003100,"06","007","003100",4396,39.490494,-121.514805,"Census Tract 31, Butte County, California",209500,1703,117,5.6,2.71,2.59,4.6,7.9,8.2,18,22.5,14.4,12.1,7.2,5,0.5,7.7,17.3,61.6,9.6,3.4,81.5,18.5,53176,63458
"416",6007003200,"06","007","003200",4234,39.439276,-121.537195,"Census Tract 32, Butte County, California",149500,1552,134,5,2.87,2.65,7,4.3,8.9,22.7,27.6,10.6,8.3,5.4,5.2,0,6.8,53.2,31.9,8.1,0,77.2,22.8,42381,51146
"417",6007003300,"06","007","003300",4852,39.407494,-121.506459,"Census Tract 33, Butte County, California",268800,1804,253,5.2,3.08,2.58,6.3,2.1,23.1,17,16.5,7.1,19.1,2.8,6,5.4,8.9,26.7,43.8,13.3,1.8,78.6,21.4,45372,53869
"418",6007003400,"06","007","003400",2956,39.351899,-121.666252,"Census Tract 34, Butte County, California",246600,1081,84,5.4,2.69,3.1,0.4,3,7.4,6.7,15.8,21,17.9,12.4,15.4,0.8,9.1,37.3,37.8,12.6,2.4,50.1,49.9,37413,51840
"419",6007003501,"06","007","003501",3222,39.368248,-121.705883,"Census Tract 35.01, Butte County, California",207800,1165,108,5.5,2.72,2.83,10.8,4.2,3.6,16.8,3.1,21.2,2.6,19.1,18.6,0,6.4,21.9,52.5,14.7,4.5,67.2,32.8,50365,57986
"420",6007003502,"06","007","003502",4758,39.356741,-121.702132,"Census Tract 35.02, Butte County, California",215700,1487,161,4.9,3.34,3.32,5.4,6.8,5.4,14.5,18.8,20.4,9.8,4.4,14.4,0,11.5,36.6,41,10.9,0,65.9,34.1,38468,47864
"421",6007003600,"06","007","003600",3404,39.423679,-121.705308,"Census Tract 36, Butte County, California",200000,1351,198,5.4,2.97,3.39,1.3,1.3,9.1,14.5,30.6,8,7.5,8.7,19.1,0.7,5.2,24.8,52.4,12,5,61.9,38.1,44042,56527
"422",6007003700,"06","007","003700",4505,39.504968,-121.596539,"Census Tract 37, Butte County, California",159100,1868,284,4.9,2.71,3.25,4.9,10.6,8.1,12.5,26.9,17.1,3.5,11,5.5,3.6,6.4,29.9,51.2,7.1,1.8,74,26,38110,47290
"423",6009000120,"06","009","000120",4434,37.942198,-120.622631,"Census Tract 1.20, Calaveras County, California",308000,2778,889,5.7,2.3,3.3,19.6,25,23.5,21,8.7,0.4,0.5,0,1.1,0,1.4,25.7,62.6,9,1.3,79.5,20.5,66635,78528
"424",6009000121,"06","009","000121",4463,38.074642,-120.552153,"Census Tract 1.21, Calaveras County, California",277000,2283,358,5.1,2.02,2.54,3,6.4,17.1,11,21.1,10.6,6.1,2.7,22,0.6,10.7,30.6,50.3,5.7,2,72.7,27.3,48643,57441
"425",6009000122,"06","009","000122",4046,38.129549,-120.463545,"Census Tract 1.22, Calaveras County, California",272800,2129,317,5.2,2.32,1.99,2.8,2.4,18.4,26.3,25.7,10,4.1,2.2,8.2,1.3,9.4,31.2,47,9.6,1.5,72.8,27.2,45500,67766
"426",6009000210,"06","009","000210",9515,38.169293,-120.868127,"Census Tract 2.10, Calaveras County, California",350200,4094,250,5.7,2.54,3.38,9.6,13.5,22.3,32.4,11.4,3.2,2,1.3,4.4,0,4.5,18.1,63.1,12.9,1.4,84.6,15.4,67367,81108
"427",6009000220,"06","009","000220",5515,38.122358,-120.846521,"Census Tract 2.20, Calaveras County, California",253500,2431,287,5.5,2.73,2.99,9.7,16.8,27.4,29.9,15.5,0.4,0,0,0.3,1.2,0.5,16.3,74.3,7.1,0.6,83.1,16.9,72990,78087
"428",6009000300,"06","009","000300",6969,38.223712,-120.632002,"Census Tract 3, Calaveras County, California",279000,3411,556,5,2.11,2.13,1.1,8,13.7,19.7,23.2,11.4,10.9,4.5,7.4,0.7,8,37,43.4,7.7,3.3,72.8,27.2,46294,59228
"429",6009000400,"06","009","000400",4032,38.367981,-120.524374,"Census Tract 4, Calaveras County, California",238700,2370,557,4.6,2.37,2.34,4,3.1,13.2,23.7,17.1,8,14.6,6.9,9.5,3.1,10.5,51.2,28.4,6.3,0.4,79.9,20.1,40742,48033
"430",6009000501,"06","009","000501",3332,38.204316,-120.382689,"Census Tract 5.01, Calaveras County, California",452100,2644,1270,5.5,2.32,2.92,3.5,2.4,26.6,31.9,17.9,9.7,2.4,3.9,1.8,0,3.6,20.3,65.8,10.4,0,78.4,21.6,59277,74450
"431",6009000503,"06","009","000503",2330,38.241108,-120.344586,"Census Tract 5.03, Calaveras County, California",470200,3482,2658,5.3,1.98,2.01,0,4.5,13.2,37.1,28.5,12.1,1,0,3.5,0.4,2.1,29.6,55.8,12.1,0,80.2,19.8,50944,74846
"432",6009000504,"06","009","000504",942,38.303456,-120.270602,"Census Tract 5.04, Calaveras County, California",306800,2201,1816,5,2.05,NA,0,6.4,9.6,35,31.9,9.2,4.5,2.1,1.3,0.9,8.5,32.4,40.3,15.8,2,82.9,17.1,36779,50748
"433",6011000100,"06","011","000100",5183,39.010841,-122.036374,"Census Tract 1, Colusa County, California",295900,1792,183,5.2,3.31,3.1,7,8.6,18.5,16.4,19.4,9.7,6.9,2.3,11.2,1.6,10.8,23.1,45.9,13.8,4.9,66.6,33.4,49464,60662
"434",6011000200,"06","011","000200",5121,39.203518,-122.010599,"Census Tract 2, Colusa County, California",248400,1973,152,5.4,2.85,2.92,11.4,4.5,15.5,18.8,16.2,8,12,5.7,8.1,3,11.9,26.9,43.3,13.5,1.3,65.6,34.4,56540,68946
"435",6011000300,"06","011","000300",6055,39.150416,-122.157125,"Census Tract 3, Colusa County, California",196500,1794,78,5.2,3.54,3.13,9.5,20.5,13.4,10.8,7.5,12.2,8.8,5.6,11.8,1.5,8.4,25.8,48.8,15.1,0.5,56.5,43.5,49956,60462
"436",6011000400,"06","011","000400",2495,39.313005,-122.248025,"Census Tract 4, Colusa County, California",213600,1158,338,5.1,2.65,3.06,1.7,1.7,19.9,16.7,13.6,10.9,9.5,7.2,18.8,1.9,8.7,32.6,43.3,11.7,1.7,68.3,31.7,44444,66604
"437",6011000500,"06","011","000500",2565,39.216144,-122.007993,"Census Tract 5, Colusa County, California",213100,1133,110,5,2.17,2.39,1.8,0.4,4.3,7.5,8.6,10.4,9,20.5,37.6,2.4,14.7,42.3,29.6,10.6,0.5,62.6,37.4,39931,52063
"438",6013301000,"06","013","301000",3659,38.012923,-121.633225,"Census Tract 3010, Contra Costa County, California",227100,1814,359,4.6,2.24,2.19,5.1,3.4,8.9,17.8,16.9,21.2,11.6,11,4,3.6,13.1,46.9,25.7,9.3,1.5,81.4,18.6,37972,59423
"439",6013302005,"06","013","302005",6592,37.997336,-121.728285,"Census Tract 3020.05, Contra Costa County, California",214800,2332,175,5.7,2.99,2.03,9.8,1.4,22.6,38.7,18.7,2.6,3.8,0.9,1.5,0,10.3,14.2,56.6,18,0.9,71.6,28.4,56458,68134
"440",6013302006,"06","013","302006",3779,38.004015,-121.721984,"Census Tract 3020.06, Contra Costa County, California",238000,1342,158,6.2,3.23,2.5,0,0.1,43.3,54.8,1.8,0,0,0,0,1.6,0,0,46.3,49.4,2.6,89.9,10.1,86833,94305
"441",6013302007,"06","013","302007",6347,37.986813,-121.704753,"Census Tract 3020.07, Contra Costa County, California",267600,2109,127,5.8,2.9,3.46,14.5,1.7,26.9,20.9,22.4,4.2,2.7,4.1,2.8,1.4,4.6,16.4,32.9,41.3,3.5,64.8,35.2,73243,74881
"442",6013302008,"06","013","302008",7718,37.983404,-121.687377,"Census Tract 3020.08, Contra Costa County, California",319600,2275,173,6.1,3.57,3.72,32,20.4,20.6,6.5,6.7,7.3,2.6,1.1,2.7,0,3.7,18.6,26.6,38.3,12.7,74,26,75833,86831
"443",6013302009,"06","013","302009",5641,37.969131,-121.752392,"Census Tract 3020.09, Contra Costa County, California",355800,1629,197,6.7,3.74,4.06,16.3,16.9,54.3,7,3.7,0,0,1,0.9,1,5.3,1.8,37.1,32.9,22,70.7,29.3,85441,90942
"444",6013302010,"06","013","302010",10039,37.985017,-121.728421,"Census Tract 3020.10, Contra Costa County, California",295400,3030,107,6.8,3.5,3.43,6.6,22.9,26.8,31.7,7.6,0.8,1,2,0.7,0,0,5.1,46.2,34.3,14.4,89.4,10.6,96410,108279
"445",6013303102,"06","013","303102",7624,37.958651,-121.709148,"Census Tract 3031.02, Contra Costa County, California",437500,2242,163,6.4,3.57,3.15,42.8,14.8,17.2,6.1,6,6.2,4.1,2.3,0.5,0,9.1,12.3,33.4,30.8,14.5,64.7,35.3,77985,90349
"446",6013303103,"06","013","303103",10812,37.939184,-121.685408,"Census Tract 3031.03, Contra Costa County, California",352300,3299,242,5.8,2.86,3.03,10.8,41.1,13.9,10.1,6.5,2.2,7.3,4.2,3.9,1.4,7.2,15.9,42.4,26.6,6.5,62,38,64567,76897
"447",6013303201,"06","013","303201",9989,37.94752,-121.756026,"Census Tract 3032.01, Contra Costa County, California",391100,3092,239,7.4,3.7,3.23,5.6,48.4,41,4.3,0.1,0,0.6,0,0,0,5.3,6.8,21.8,37.2,28.9,74.7,25.3,99119,109460
"448",6013303202,"06","013","303202",7080,37.942089,-121.716182,"Census Tract 3032.02, Contra Costa County, California",398800,2135,214,7.9,3.65,3.97,6.1,26.7,51.8,9,4.5,0,0.7,0,1.2,0,0,3.5,25.6,43.5,27.4,90.7,9.3,106815,119535
"449",6013303203,"06","013","303203",8491,37.944365,-121.731073,"Census Tract 3032.03, Contra Costa County, California",464800,2646,295,7.4,3.3,3.39,28.3,26.9,38.2,0.6,4.3,0,1.2,0.4,0,0,1.8,19.7,17.5,35.9,25.1,84.2,15.8,99263,114381
"450",6013303204,"06","013","303204",4182,37.929315,-121.708829,"Census Tract 3032.04, Contra Costa County, California",235400,1484,55,5.5,2.92,4,2.6,0,18.5,41.2,27.2,6.1,3.7,0,0.7,0,5.6,33.2,33.8,22.4,5,72.6,27.4,62608,82988
"451",6013303205,"06","013","303205",8309,37.918887,-121.709582,"Census Tract 3032.05, Contra Costa County, California",413400,3214,78,6.1,2.3,2.39,0,54.8,38.6,3.1,0.9,1.3,0,0.7,0.5,0,0,45.2,27.4,18.6,8.7,87.2,12.8,81232,92233
"452",6013304001,"06","013","304001",3718,37.916434,-121.743083,"Census Tract 3040.01, Contra Costa County, California",544300,1131,80,7.3,3.35,2.86,35.7,63.3,0,1,0,0,0,0,0,0,3.6,6.1,20.7,52.4,17.2,90.5,9.5,107582,117047
"453",6013304002,"06","013","304002",1426,37.873133,-121.639838,"Census Tract 3040.02, Contra Costa County, California",496700,547,56,6.7,2.67,2.06,4.9,0,2.9,25.4,6.4,18.1,0,0,42.2,0,0,20.3,46.3,32.4,1.1,79.2,20.8,71850,86323
"454",6013304003,"06","013","304003",3433,37.902629,-121.593885,"Census Tract 3040.03, Contra Costa County, California",553900,1769,239,6.4,2.42,2.66,0,6.4,13.3,65.5,14.7,0,0,0,0,0,0,14,58.6,24.3,3.1,72.9,27.1,75948,113134
"455",6013304004,"06","013","304004",3738,37.89967,-121.608565,"Census Tract 3040.04, Contra Costa County, California",617900,1809,199,6.1,2.47,1.3,0,4.5,23.4,46.1,21.7,3.3,1,0,0,0,2.5,5.1,73,18.5,0.8,90.6,9.4,112661,153058
"456",6013304005,"06","013","304005",6738,37.911994,-121.619981,"Census Tract 3040.05, Contra Costa County, California",338400,2048,213,6.8,3.14,3.72,17.7,27,36.2,6.2,3.1,1.3,1.9,2.5,4.1,0.3,0.8,7.4,41.2,41.2,9.1,80.9,19.1,102250,102538
"457",6013305000,"06","013","305000",6620,38.011224,-121.815857,"Census Tract 3050, Contra Costa County, California",242800,2504,498,4.3,2.8,2.95,0.8,1.6,6.2,6.1,14.1,14.1,14.6,18.3,24.2,3.8,18.3,45,25.3,5.9,1.6,26.4,73.6,40457,52875
"458",6013306002,"06","013","306002",2985,38.001877,-121.768476,"Census Tract 3060.02, Contra Costa County, California",233600,1134,51,5.9,2.72,3.38,1.2,3.1,23.6,47.4,8,8.9,0.5,3.5,3.6,0,0.6,18,47.7,33,0.7,81.6,18.4,63201,75111
"459",6013306003,"06","013","306003",4881,38.005384,-121.80025,"Census Tract 3060.03, Contra Costa County, California",266100,1842,169,5.5,3.01,3.4,1.1,1.4,8.2,2.3,3.5,12.9,40.8,23.2,6.6,3,9,19.4,49.4,13.8,5.4,53.2,46.8,50964,64523
"460",6013306004,"06","013","306004",3324,38.008939,-121.789816,"Census Tract 3060.04, Contra Costa County, California",357600,1264,132,5.1,2.89,2.53,1.5,0,6.1,30,25,21,8.7,0,7.8,2.5,7.9,22.8,52.4,12.8,1.7,50.7,49.3,46083,61592
"461",6013307101,"06","013","307101",4166,37.986621,-121.815497,"Census Tract 3071.01, Contra Costa County, California",248800,1533,105,5.8,3.06,2.59,0.6,0,5.9,15.3,45.3,18.1,12.2,0.6,2,0,9.1,9.3,42.5,36.2,2.9,72.4,27.6,70278,82142
"462",6013307102,"06","013","307102",5038,38.000382,-121.815006,"Census Tract 3071.02, Contra Costa County, California",186100,1859,242,4.9,2.71,3.22,0.4,2.3,3.4,5.8,9.4,9.5,32.9,29.2,7.2,0,9,42.8,39.2,9.1,0,54.9,45.1,48980,67284
"463",6013307201,"06","013","307201",3467,38.00136,-121.849542,"Census Tract 3072.01, Contra Costa County, California",191300,1185,143,5,2.89,2.92,0,0.4,3.6,4.2,23.4,56.3,10,1,1.1,3,2.4,39.2,47.1,8.4,0,47.2,52.8,39423,47498
"464",6013307202,"06","013","307202",3933,38.003941,-121.827392,"Census Tract 3072.02, Contra Costa County, California",172700,1652,366,4.1,2.96,3.22,0,1.2,0,32.5,46.3,17.3,2.2,0,0.5,0.7,15.3,62.2,14.5,7.3,0,31.7,68.3,45833,49354
"465",6013307204,"06","013","307204",4300,37.994589,-121.831097,"Census Tract 3072.04, Contra Costa County, California",240300,1357,79,6,3.09,3.44,0,0,4.7,2.4,35.7,52.2,2.1,0,2.9,0,3.1,1.1,66,27.4,2.4,74.8,25.2,52578,62157
"466",6013307205,"06","013","307205",6595,37.991468,-121.835198,"Census Tract 3072.05, Contra Costa County, California",211500,2747,350,4.9,2.83,2.49,0.5,0,3.9,21.1,64.6,6.1,1.9,0.5,1.4,0,20.3,25.8,35.9,16.3,1.6,55.9,44.1,55283,63171
"467",6013308001,"06","013","308001",7229,37.991657,-121.797117,"Census Tract 3080.01, Contra Costa County, California",280500,2534,294,6.3,2.97,3.78,0.9,0.5,6.4,21.3,40.4,12.9,9.8,5.1,2.8,0,1.5,4.4,63.5,29.6,1,65.8,34.2,61864,72767
"468",6013308002,"06","013","308002",4194,37.988061,-121.768342,"Census Tract 3080.02, Contra Costa County, California",349200,1387,150,7.2,3.22,4.13,0.5,11.8,42.2,38.7,4.1,2.7,0,0,0,0,0,0.9,37.3,51.3,10.5,87.7,12.3,100888,113608
"469",6013309000,"06","013","309000",2771,38.033162,-121.884591,"Census Tract 3090, Contra Costa County, California",300500,1089,229,5.7,2.68,2.25,3.9,16.1,33.1,16,14.6,2.7,11.8,1.7,0,2.3,13.8,4.1,58.3,21.5,0,71.7,28.3,57500,73066
"470",6013310000,"06","013","310000",5641,38.026576,-121.889725,"Census Tract 3100, Contra Costa County, California",253400,1742,211,5.2,3.76,3.68,8.3,24.2,0.5,2.9,7.3,8.3,7.6,17.9,23,0.5,17.6,28.8,32,14.8,6.4,54.3,45.7,45087,60095
"471",6013311000,"06","013","311000",5001,38.022091,-121.895688,"Census Tract 3110, Contra Costa County, California",217100,1558,199,5.2,3.44,4.05,10.1,2.9,5.4,11.9,16.5,8.6,28.6,11.5,4.5,0.3,8.1,31.1,35.5,23.4,1.7,47.5,52.5,51544,56007
"472",6013312000,"06","013","312000",2292,38.016912,-121.875201,"Census Tract 3120, Contra Costa County, California",307000,805,69,5,2.95,3.31,0,1.6,2.7,29.7,10.2,15.9,26.3,7,6.6,0,5.5,31.4,55.7,6.6,0.9,42.4,57.6,26930,43610
"473",6013313101,"06","013","313101",7251,38.005558,-121.88237,"Census Tract 3131.01, Contra Costa County, California",244800,2953,247,4.9,2.69,2.65,9.2,4.5,11.9,17.7,24.8,10.7,17.6,1.6,1.9,0.3,20.4,30.6,38.7,9.9,0,47.7,52.3,48762,59290
"474",6013313102,"06","013","313102",3984,38.003525,-121.865435,"Census Tract 3131.02, Contra Costa County, California",277400,1409,146,5.6,2.9,3.42,12.9,2.2,6.6,24.1,44.6,5.7,2.9,0,1,0,10.8,23.1,39.5,24.3,2.3,64.7,35.3,63365,72565
"475",6013313103,"06","013","313103",7723,37.99375,-121.876968,"Census Tract 3131.03, Contra Costa County, California",369100,2512,87,6.2,3.1,3.03,10.2,12,10.6,19.7,37.9,5.2,2.5,0.3,1.5,0,12.2,14.6,32.6,30.4,10.1,63.3,36.7,71339,104041
"476",6013313203,"06","013","313203",3222,38.013787,-121.930076,"Census Tract 3132.03, Contra Costa County, California",322800,1002,29,6.4,3.45,3.73,6.1,0.6,0.7,53.6,31.1,1.3,6.6,0,0,0.2,0.9,5.1,54,38.7,1.1,83.4,16.6,82770,80025
"477",6013313204,"06","013","313204",5542,37.998058,-121.902893,"Census Tract 3132.04, Contra Costa County, California",339600,1861,182,5.6,3.24,2.68,0,5.3,10.3,11.8,30.4,15.7,7.5,16,3.1,0.6,9.6,29,35.4,22.1,3.3,64.8,35.2,72132,81332
"478",6013313205,"06","013","313205",1724,38.017264,-121.916537,"Census Tract 3132.05, Contra Costa County, California",271500,530,0,6.6,3.39,5,5.7,0,3.6,79.2,6,0,0.9,0,4.5,0,0,0,55.5,40.9,3.6,87.4,12.6,101471,133716
"479",6013313206,"06","013","313206",5757,38.01379,-121.898773,"Census Tract 3132.06, Contra Costa County, California",230900,1672,84,5.7,3.76,4.51,2.2,0,6.9,8.3,34.2,17.3,21.7,8.3,1.1,0.7,1.1,11.5,58.2,28.5,0,54.3,45.7,51184,61109
"480",6013314102,"06","013","314102",5923,38.023643,-121.919006,"Census Tract 3141.02, Contra Costa County, California",187800,1728,107,5.4,3.56,4.24,0,7.3,17.8,13.5,54.5,4.9,1.1,1,0,1,3,19.9,48.1,28,0,78.7,21.3,48640,61709
"481",6013314103,"06","013","314103",5546,38.029855,-121.948947,"Census Tract 3141.03, Contra Costa County, California",214000,1785,103,4.8,3.31,3.12,2.3,8.5,11,41.9,9.9,9.7,11.2,0,5.4,6.3,10.9,24.9,43.9,12.8,1.1,47.1,52.9,48214,55942
"482",6013314104,"06","013","314104",7118,38.023611,-121.943509,"Census Tract 3141.04, Contra Costa County, California",275300,2687,297,4.6,3.13,3.18,0.4,4.8,11.3,24.3,12.1,12.3,17.1,11.5,6.2,0.5,12.1,42.9,33,11.5,0,43.4,56.6,35571,51284
"483",6013314200,"06","013","314200",6482,38.034823,-121.968166,"Census Tract 3142, Contra Costa County, California",162300,1867,94,5.5,3.33,5.05,1.9,1.6,6.1,7.9,23.3,18.2,30.5,4.7,5.9,0,1.8,23.5,57.8,16.5,0.5,71.5,28.5,42307,56729
"484",6013315000,"06","013","315000",3281,38.027005,-121.990358,"Census Tract 3150, Contra Costa County, California",389200,1255,40,5.6,2.69,2.46,0,3,48.6,37.1,3.8,1.4,1,2.5,2.5,0,2.7,13.3,57.4,24.5,2.1,84,16,97938,99185
"485",6013316000,"06","013","316000",1483,38.016917,-122.135867,"Census Tract 3160, Contra Costa County, California",565800,492,69,3.3,1.57,1.75,0,0.8,0,0,5.5,10.6,6.9,36,40.2,25,30.1,30.5,6.7,7.7,0,13.2,86.8,30993,39353
"486",6013317000,"06","013","317000",2144,38.014579,-122.130653,"Census Tract 3170, Contra Costa County, California",353300,1097,42,4.3,2.1,1.88,1.5,0,0,6.1,6.4,10.1,8.7,7.3,60,3.2,22.2,44.7,22.5,5.2,2.2,45.9,54.1,60972,72172
"487",6013318000,"06","013","318000",3267,38.004511,-122.134912,"Census Tract 3180, Contra Costa County, California",381100,1567,127,4.6,2.08,2.14,0,0,1.3,9.5,15.2,8.5,19.1,12.6,33.8,0,29.5,28.7,33.3,6.7,1.7,50,50,58100,72325
"488",6013319000,"06","013","319000",7412,38.005134,-122.120842,"Census Tract 3190, Contra Costa County, California",354900,3221,135,5,2.42,2.07,0.8,0,6.3,11.8,20.4,8.8,22.5,15.7,13.6,0,13,35.3,41.8,6.7,3.3,50.5,49.5,54453,67269
"489",6013320001,"06","013","320001",3615,38.011322,-122.094221,"Census Tract 3200.01, Contra Costa County, California",407400,1296,23,5.7,2.97,2.89,1.7,6.7,0.8,9.8,16.4,16.6,35.6,9.4,3.1,0,2.9,17.4,49.2,25.1,5.3,61.5,38.5,48350,64991
"490",6013320003,"06","013","320003",2805,37.999403,-122.106877,"Census Tract 3200.03, Contra Costa County, California",484200,1060,18,6.5,2.58,2.18,0,17.2,37.2,27.9,7.4,8.7,0,1.7,0,0,4.9,19.6,37.1,32.7,5.7,92,8,108654,115557
"491",6013320004,"06","013","320004",6216,37.996391,-122.090238,"Census Tract 3200.04, Contra Costa County, California",446500,2542,106,5.4,2.68,2.27,3.5,5.2,13.9,44.3,24.3,2.6,4.4,1.3,0.4,3.6,12.4,22.9,31.3,23.8,6,63.9,36.1,81484,104383
"492",6013321101,"06","013","321101",6549,37.988371,-122.097802,"Census Tract 3211.01, Contra Costa County, California",463200,2520,28,5.8,2.43,2.32,1.5,0.6,2.6,26.3,29.4,32.5,6.9,0,0,0,3,14.6,56.1,24.9,1.5,82,18,93036,101169
"493",6013321102,"06","013","321102",6689,37.97577,-122.092622,"Census Tract 3211.02, Contra Costa County, California",541200,2808,0,6.3,2.31,2.95,0,0.4,2.5,51.5,35.4,6.2,1.4,1.6,1.1,0.2,1.1,20.6,43.3,31.1,3.8,88.8,11.2,105192,112337
"494",6013321103,"06","013","321103",4518,37.967391,-122.108262,"Census Tract 3211.03, Contra Costa County, California",581600,1832,130,6.4,2.53,3.01,0,0,3.2,12.9,35.9,31.8,11.1,3.7,1.5,0,4.9,11.5,45.4,29.9,8.4,78.8,21.2,90000,106459
"495",6013321200,"06","013","321200",5533,37.980135,-122.072544,"Census Tract 3212, Contra Costa County, California",371700,2383,77,4.7,2.41,2.42,1.2,5.5,4.7,33.8,22.2,16.4,14.1,1.1,0.9,1.1,19.1,31.8,40.7,7.4,0,50.9,49.1,54828,67467
"496",6013322000,"06","013","322000",6085,37.961615,-122.074673,"Census Tract 3220, Contra Costa County, California",583100,2651,154,5.7,2.53,2.55,0.6,0,5.4,23.8,9.4,22.4,31.6,4.8,2.1,3.8,8.2,10.1,51,24.1,2.8,70.4,29.6,98479,114884
"497",6013323000,"06","013","323000",4352,37.95079,-122.071874,"Census Tract 3230, Contra Costa County, California",552900,1771,109,5.9,2.67,2.71,0.6,0,1.8,10.9,10.1,9.5,51,15,1.1,0,2.9,12.4,63.2,16.5,4.9,77.7,22.3,91019,106209
"498",6013324001,"06","013","324001",4615,37.936251,-122.056001,"Census Tract 3240.01, Contra Costa County, California",400500,2833,148,3.3,2.29,1.6,7.4,8,22.4,19.6,10.2,15.1,13.1,3.3,0.8,15.2,37.5,33.4,11.5,1.9,0.6,18.2,81.8,55478,69688
"499",6013324002,"06","013","324002",5141,37.952222,-122.060338,"Census Tract 3240.02, Contra Costa County, California",491800,2636,94,4,2.45,1.78,1.6,7.8,8.6,34.2,17.8,9.7,14.6,5.4,0.3,3.3,29.4,39.9,20.1,5.9,1.4,29.5,70.5,64741,79446
"500",6013325000,"06","013","325000",5514,37.935431,-122.074545,"Census Tract 3250, Contra Costa County, California",589000,2219,13,5.7,2.65,2.01,1.7,0,4.8,14.4,8.8,14,32.5,21.1,2.8,5.7,10.5,15.8,47.1,17.7,3.2,68.8,31.2,69941,102605
"501",6013326000,"06","013","326000",3437,37.938647,-122.087631,"Census Tract 3260, Contra Costa County, California",692300,1416,51,6.2,2.58,2.56,9.5,0,1.6,16.6,10.2,26,24.1,11.4,0.7,3,7,8.1,39.9,32.8,9.1,77.1,22.9,110313,121737
"502",6013327000,"06","013","327000",6695,37.993691,-122.048159,"Census Tract 3270, Contra Costa County, California",125800,2956,200,4.9,2.38,2.94,1,1.1,2.2,5.8,50.9,14.5,17.1,5.2,2.2,0.4,12.2,43.9,35.5,7.3,0.6,73.7,26.3,47750,58624
"503",6013328000,"06","013","328000",2281,37.976632,-122.036231,"Census Tract 3280, Contra Costa County, California",113900,1401,93,2.9,1.42,1.69,8.4,12.1,20.8,17.1,17.8,13.3,5.1,1.6,3.6,16.1,56,22.3,5.5,0,0,2.9,97.1,29773,47186
"504",6013329000,"06","013","329000",6309,37.995762,-122.034003,"Census Tract 3290, Contra Costa County, California",355800,2424,10,5.2,2.72,2.53,1.2,0,2.8,3.8,9,36.1,28.5,15.1,3.4,0,8.3,25.3,51.7,12.3,2.4,55.9,44.1,61324,72940
"505",6013330000,"06","013","330000",5353,37.989645,-122.026766,"Census Tract 3300, Contra Costa County, California",361700,2081,141,5.5,2.94,3.1,0.6,0.4,0,1.8,10.6,22.3,49.6,14.2,0.5,0,0,8,69.9,17.6,4.4,76,24,77401,85754
"506",6013331000,"06","013","331000",7013,37.976595,-122.013132,"Census Tract 3310, Contra Costa County, California",398500,2804,174,5.4,2.36,2.53,6.5,2.8,1.2,12.2,19.4,9.7,28.3,15.4,4.5,0,12.8,31.6,36.9,15.7,3,62.4,37.6,65000,80375
"507",6013332000,"06","013","332000",7534,37.982732,-121.999242,"Census Tract 3320, Contra Costa County, California",380500,2966,66,5.7,2.61,3.2,1.3,3.2,0.9,4.2,16.5,30.6,37.3,5.5,0.6,0.5,3.3,17.7,58.1,18.8,1.6,75.6,24.4,73415,85764
"508",6013333101,"06","013","333101",4091,37.96337,-121.972151,"Census Tract 3331.01, Contra Costa County, California",470300,1542,29,6.1,2.77,2.31,2.9,2.1,5.6,13.6,26.2,23.9,22.3,3.3,0,0,2.1,22,53.4,20,2.5,78.5,21.5,78309,93716
"509",6013333102,"06","013","333102",3855,37.958181,-121.959237,"Census Tract 3331.02, Contra Costa County, California",479200,1633,0,5.8,2.55,2.82,0,1.4,24.6,24.7,24.2,8.8,13.3,0.7,2.1,0,14.9,17.1,36,27.6,4.4,78.8,21.2,73048,91795
"510",6013333200,"06","013","333200",5926,37.969103,-121.985681,"Census Tract 3332, Contra Costa County, California",457400,2293,104,6.3,2.76,2.89,0,1.6,3.5,8.8,15.7,57.3,11,0.7,1.4,0,8.8,9.9,39.8,38,3.5,78.6,21.4,93886,101673
"511",6013334001,"06","013","334001",3749,37.963224,-122.001193,"Census Tract 3340.01, Contra Costa County, California",410500,1547,72,5.3,2.65,2.22,0.3,2.5,3.7,14.2,18.9,16.8,29.9,11.4,2.4,0,18.8,20,27.6,31.6,2,51,49,59375,72783
"512",6013334004,"06","013","334004",7367,37.955748,-121.976686,"Census Tract 3340.04, Contra Costa County, California",331600,3387,223,4.8,2.32,2.3,0.5,9.4,5,26.2,38.8,13.4,5.7,0.5,0.5,1.2,12.9,40,31.2,14.2,0.5,58.1,41.9,63028,85522
"513",6013334006,"06","013","334006",4767,37.951758,-121.987477,"Census Tract 3340.06, Contra Costa County, California",548600,1779,76,6.8,2.91,3.06,0.8,2.4,2.7,19.7,58.2,6.4,8.3,0.8,0.8,0,0,4.2,40.8,51.5,3.6,84.9,15.1,112822,113478
"514",6013334200,"06","013","334200",6794,37.875715,-122.057107,"Census Tract 3342, Contra Costa County, California",913100,2833,58,6.3,2.61,1.95,1,4.9,8.5,14.8,13,12.4,28.3,14.1,3,1.1,12.8,11.3,39.4,27.6,7.9,74.5,25.5,110335,138684
"515",6013335000,"06","013","335000",3358,37.96929,-122.020569,"Census Tract 3350, Contra Costa County, California",419200,1314,32,5.2,2.93,2.52,0,0,1.1,4.2,3.1,9.7,53.3,25.7,2.8,0,1.6,29.7,53,12.7,3,75.4,24.6,75435,83145
"516",6013336101,"06","013","336101",4802,37.967087,-122.034643,"Census Tract 3361.01, Contra Costa County, California",289600,1697,244,3.8,3.07,3.04,0.7,3.7,0.7,15.3,48,14.2,16.4,0.8,0.1,3.7,35.1,33.8,22.9,2.9,1.6,20,80,41175,47256
"517",6013336102,"06","013","336102",7595,37.967565,-122.040533,"Census Tract 3361.02, Contra Costa County, California",219100,2804,281,3.8,2.08,2.96,0.5,0,7,17.4,35.4,28.3,7.9,2.5,0.9,1.2,35,55.3,5.5,3.1,0,19.3,80.7,41734,48371
"518",6013336201,"06","013","336201",4032,37.960549,-122.04588,"Census Tract 3362.01, Contra Costa County, California",311200,1150,75,5.2,3.49,3.61,0,0,0,2.6,17.6,31.3,29,17.7,1.8,2.1,4.5,27.7,53.5,9.6,2.7,67.3,32.7,66750,74747
"519",6013336202,"06","013","336202",5701,37.954627,-122.044896,"Census Tract 3362.02, Contra Costa County, California",232200,1784,207,3.8,3.2,3.73,0,0,2.9,18.3,22.9,41.8,11.8,2.4,0,1.5,36.5,47.1,13.7,0.8,0.4,17.8,82.2,30712,42043
"520",6013337100,"06","013","337100",3200,37.958323,-122.013528,"Census Tract 3371, Contra Costa County, California",618300,1212,86,6.4,2.94,2.57,1.8,6.4,15.5,27,14.7,10.2,19.7,0.9,3.8,0,4.5,15.3,32.1,34.7,13.4,81.1,18.9,97333,119762
"521",6013337200,"06","013","337200",7183,37.950959,-122.026848,"Census Tract 3372, Contra Costa County, California",352600,3233,161,5,2.09,2.55,1,2.3,3.1,17.1,29.4,35.3,9.8,1.5,0.5,0.4,18.2,35.8,24.6,21,0,73.7,26.3,54972,71037
"522",6013337300,"06","013","337300",6098,37.939581,-122.011453,"Census Tract 3373, Contra Costa County, California",681100,2353,151,6.9,2.81,2.66,4,1.8,1.7,14.7,25.5,47,5.3,0,0,0.6,4.9,10.8,28.8,46.7,8.2,79.5,20.5,119943,143276
"523",6013338101,"06","013","338101",4996,37.948799,-122.044359,"Census Tract 3381.01, Contra Costa County, California",284000,1857,152,4.8,2.21,2.95,1.2,8.5,1.8,10.8,25.1,23.4,19.2,8.6,1.3,6.9,9.5,42.9,29.6,9.5,1.7,65.6,34.4,47621,55652
"524",6013338102,"06","013","338102",3601,37.941229,-122.042199,"Census Tract 3381.02, Contra Costa County, California",494000,1415,89,6.5,2.78,4.1,1.4,4.5,9.7,16.3,18.9,30.1,18.2,0.9,0,0,1.4,7.1,52.4,36.2,2.9,86.1,13.9,92222,110668
"525",6013338201,"06","013","338201",3790,37.932962,-122.03411,"Census Tract 3382.01, Contra Costa County, California",660100,1448,15,7.2,2.44,2.48,0,0,3.9,4.6,42.1,44,2.6,0,2.8,0,3.1,12.4,25.6,47,11.9,88,12,110241,124746
"526",6013338203,"06","013","338203",4564,37.924961,-122.054941,"Census Tract 3382.03, Contra Costa County, California",481500,2716,177,4.1,2.11,1.82,0.9,3,16.6,32.7,21.1,11.5,9.7,2.3,2.2,0,40.8,36.3,13.8,6.4,2.7,41.4,58.6,82041,93966
"527",6013338204,"06","013","338204",5662,37.919841,-122.046446,"Census Tract 3382.04, Contra Costa County, California",508100,2860,245,5,2.12,1.92,1.7,5,4.3,21.7,60.3,5,2,0,0,0,18.7,42.1,25.4,10.1,3.6,70.2,29.8,102156,120908
"528",6013338301,"06","013","338301",2922,37.92005,-122.01978,"Census Tract 3383.01, Contra Costa County, California",845400,1048,43,7.9,2.67,3.57,2.4,0.5,6,2.6,22.1,56.2,10.2,0,0,4.1,0,0,13.7,62.6,19.6,96.3,3.7,129083,172281
"529",6013338302,"06","013","338302",5807,37.911972,-122.021551,"Census Tract 3383.02, Contra Costa County, California",837700,2186,0,7.2,2.56,2.61,1.2,0,7,6.4,22.2,35.1,26.7,0.7,0.7,0,2.1,7.6,30.9,41.9,17.6,92.7,7.3,127155,166231
"530",6013339001,"06","013","339001",3362,37.888142,-122.055634,"Census Tract 3390.01, Contra Costa County, California",458900,2037,185,3.1,1.85,1.76,3,8.8,2.7,19.9,16.1,36.7,11.8,0,1,12.3,48.6,38.6,0.5,0,0,8.2,91.8,54017,63278
"531",6013339002,"06","013","339002",5574,37.90662,-122.061892,"Census Tract 3390.02, Contra Costa County, California",368800,3331,485,3.7,1.81,1.86,7.4,4.9,4.4,12.7,39.6,14.7,9,4.5,2.9,6.3,37.4,43.1,12.4,0.4,0.3,29.5,70.5,74466,85751
"532",6013340001,"06","013","340001",5857,37.923956,-122.068643,"Census Tract 3400.01, Contra Costa County, California",555800,2594,189,4.9,2.29,2.09,5.6,4.1,7.2,17.9,16.1,12.8,23.3,9.5,3.6,1.4,14.6,35.7,34.6,13.7,0,51.2,48.8,78542,100777
"533",6013340002,"06","013","340002",7000,37.913167,-122.083506,"Census Tract 3400.02, Contra Costa County, California",721200,3078,94,6,2.51,2.02,1.4,3.1,3.3,15.5,25,18.2,23.1,7.3,3.1,2.7,3.8,21.6,44.7,21.4,5.7,76.7,23.3,108421,132953
"534",6013341000,"06","013","341000",4864,37.890104,-122.080325,"Census Tract 3410, Contra Costa County, California",832300,2054,83,5.5,2.53,1.67,1.4,2.8,7.4,16.4,12,13.4,21.2,20,5.4,0,11.9,33.3,28.4,20,6.4,73.3,26.7,89238,138305
"535",6013343001,"06","013","343001",4806,37.896887,-122.049227,"Census Tract 3430.01, Contra Costa County, California",818800,2168,83,4.8,2.66,2.07,1.8,2.2,2.9,10.3,29.4,24.4,14.7,11.7,2.6,1.9,21.4,31.7,13.5,23.4,8.1,48.7,51.3,76893,104930
"536",6013343002,"06","013","343002",4380,37.905443,-122.043935,"Census Tract 3430.02, Contra Costa County, California",729300,2096,72,5.9,2.46,2.02,0,1.5,6,4.3,36.5,15.8,27.9,7.2,1,4,11.6,20.1,34.4,22,7.8,68.1,31.9,108438,129915
"537",6013343003,"06","013","343003",3843,37.883539,-122.03345,"Census Tract 3430.03, Contra Costa County, California",885300,1489,71,6.8,2.87,2.18,0,1.8,8.9,15.9,18.3,8.9,32.8,11.1,2.4,0,8,8.2,34.9,36.1,12.8,80.6,19.4,120250,181284
"538",6013345101,"06","013","345101",5730,37.730855,-121.937823,"Census Tract 3451.01, Contra Costa County, California",607100,2084,113,6,2.98,2.33,0.5,2.6,11,7.5,26.9,50,0,0,1.4,0,7,16,32.5,38.8,5.8,76.3,23.7,106125,125145
"539",6013345102,"06","013","345102",3895,37.745243,-121.948735,"Census Tract 3451.02, Contra Costa County, California",642100,1331,30,6.6,2.94,3.56,0,0,0,3.1,63.3,31.3,0,2.4,0,0,0,1.8,48.5,45.2,4.4,86.7,13.3,135428,147869
"540",6013345103,"06","013","345103",5062,37.740756,-121.930186,"Census Tract 3451.03, Contra Costa County, California",667000,1965,35,6.6,2.98,2.18,0,2.1,19.7,12.8,46.5,14.5,0.6,0.8,3.1,3.9,11.7,6.6,24.5,41.6,11.8,74.4,25.6,114375,130110
"541",6013345105,"06","013","345105",6223,37.796102,-121.979131,"Census Tract 3451.05, Contra Costa County, California",767500,2178,39,7.2,2.81,3.27,0.8,0.6,8.9,11.3,56.2,21.1,0,0,1.1,0,0.6,15.4,25.3,44.9,13.8,78.4,21.6,119918,145172
"542",6013345108,"06","013","345108",7353,37.774191,-121.947572,"Census Tract 3451.08, Contra Costa County, California",644700,3403,101,5.5,2.21,1.9,0,9.5,23.7,55,10.8,0.6,0.4,0,0,3.8,9.6,32.7,29.5,22,2.3,76,24,120444,145229
"543",6013345111,"06","013","345111",5099,37.757629,-121.949343,"Census Tract 3451.11, Contra Costa County, California",784800,2006,104,5.6,3.06,2.8,0.6,5.8,8.8,57.6,23.5,1.9,1.2,0.5,0,0,24.1,23.6,16.3,27.2,8.9,57.9,42.1,107252,130988
"544",6013345112,"06","013","345112",6513,37.767436,-121.928871,"Census Tract 3451.12, Contra Costa County, California",850100,2320,81,5.9,3.16,1.86,16.4,30.3,30.2,18.5,2.8,0,1.8,0,0,0,27.4,12.7,20.6,27.3,12.1,56.7,43.3,105687,133879
"545",6013345113,"06","013","345113",4337,37.794984,-121.936947,"Census Tract 3451.13, Contra Costa County, California",830200,1470,0,7.3,2.91,3.35,0.7,1.2,42.6,43.7,9,2,0,0,0.8,0,0,6.2,29.5,53.5,10.7,95.2,4.8,166389,190790
"546",6013345114,"06","013","345114",6307,37.797307,-121.966534,"Census Tract 3451.14, Contra Costa County, California",825200,2510,32,6.9,2.45,2.48,1.8,0,6.1,19.3,63.3,7.5,2,0,0,0,0,13.9,28,50.2,7.9,94.8,5.2,123100,160769
"547",6013345115,"06","013","345115",5734,37.748223,-121.969263,"Census Tract 3451.15, Contra Costa County, California",896600,1846,140,7.4,3.15,2.12,0,26.4,26.4,38.5,8.7,0,0,0,0,0,0,10.9,14.3,47.1,27.7,90.3,9.7,164280,184925
"548",6013345116,"06","013","345116",2859,37.764404,-121.974759,"Census Tract 3451.16, Contra Costa County, California",703400,959,10,7,3.16,4.15,0,1.6,4.9,31.7,61.8,0,0,0,0,0,0,3.2,24,71.3,1.5,83.4,16.6,114668,146563
"549",6013345202,"06","013","345202",7816,37.775732,-121.986384,"Census Tract 3452.02, Contra Costa County, California",668300,3369,93,5.3,2.62,2.18,1.1,11.6,26.2,26,29.9,2.5,1.8,0.4,0.4,0,13.4,30.8,31.4,19.6,4.7,53.3,46.7,106217,120687
"550",6013345203,"06","013","345203",6472,37.820114,-122.005908,"Census Tract 3452.03, Contra Costa County, California",NA,2624,61,6.4,2.64,2.02,2.2,6.6,11.5,6.9,26.4,20.2,20.9,2.3,2.9,1.1,6.1,14.7,39.9,34.5,3.8,74.1,25.9,112161,154153
"551",6013345204,"06","013","345204",3586,37.844372,-122.033107,"Census Tract 3452.04, Contra Costa County, California",NA,1344,20,7.8,2.79,2.08,0.7,5.3,10.6,16,17.8,9.3,25.9,11.2,3.3,0,0,5.3,35.9,34.4,24.4,94.2,5.8,123839,184122
"552",6013346101,"06","013","346101",3433,37.873027,-122.023781,"Census Tract 3461.01, Contra Costa County, California",856100,1326,64,7.4,2.68,2.69,1.4,2.3,10.9,17,46.9,15.5,3.8,0,2,0,0,2.5,40.1,40.6,16.7,93.2,6.8,146488,184089
"553",6013346102,"06","013","346102",5650,37.859919,-122.007841,"Census Tract 3461.02, Contra Costa County, California",NA,2078,122,8.4,2.94,2.7,2.7,6.5,11.4,26.6,21,17.7,8.1,3.7,2.3,0,1.7,3.9,23.6,47.4,23.3,95.2,4.8,176625,246839
"554",6013346201,"06","013","346201",7181,37.84224,-121.982975,"Census Tract 3462.01, Contra Costa County, California",NA,2657,15,7.6,2.93,2.28,2,4.7,8.8,20.8,27.2,11.8,15.7,2,6.9,1.1,4.7,3.1,32.6,44.5,14,86.8,13.2,147583,228157
"555",6013346203,"06","013","346203",3838,37.820019,-121.985206,"Census Tract 3462.03, Contra Costa County, California",903000,1423,30,7.4,2.74,2.42,2.5,0,0,12,62.2,12.1,6.3,4.8,0,0,0,9.8,30.1,48.4,11.6,90.1,9.9,119856,139822
"556",6013346204,"06","013","346204",7278,37.816622,-121.951286,"Census Tract 3462.04, Contra Costa County, California",NA,2435,47,7.8,3,2.63,0.6,6.9,44.4,23.7,7.5,5.2,8.8,2.4,0.4,0,0,2.8,32.1,44.8,20.2,87.5,12.5,154420,204770
"557",6013347000,"06","013","347000",6171,37.939348,-122.102582,"Census Tract 3470, Contra Costa County, California",968900,2346,41,7.5,2.64,2.39,1.5,2,13.3,19.1,26.3,17.2,12.4,5.3,2.8,1.1,2.8,6.5,31.2,45.4,13.1,89.8,10.2,160903,211269
"558",6013348000,"06","013","348000",4587,37.900831,-122.130185,"Census Tract 3480, Contra Costa County, California",NA,1682,125,7.5,2.97,2.67,1.2,0.8,5.6,8.6,18,17.4,34.7,11.7,2.1,1.4,0.9,8.6,37,38.8,13.3,89,11,157182,217694
"559",6013349000,"06","013","349000",4686,37.890228,-122.104685,"Census Tract 3490, Contra Costa County, California",926900,1902,139,5.7,2.76,2.27,0.6,0,3,9,16.7,20.7,29.2,14.7,6,0.5,6.7,31.4,38.1,20.9,2.3,61.5,38.5,111947,130644
"560",6013350000,"06","013","350000",5512,37.881033,-122.132231,"Census Tract 3500, Contra Costa County, California",940400,2467,125,5.1,2.74,1.87,0,1.2,5.3,10.5,18.5,24.2,18.1,16.9,5.2,0,18,32.5,27.6,17.8,4.1,59.2,40.8,119020,152339
"561",6013351101,"06","013","351101",2594,37.855214,-122.067694,"Census Tract 3511.01, Contra Costa County, California",340600,2144,411,4.6,1.43,1.45,0,3.2,6.6,18.8,41.8,25.6,1.3,2.8,0,0,10.4,80.6,9.1,0,0,92.6,7.4,55677,77661
"562",6013351102,"06","013","351102",3635,37.873621,-122.079971,"Census Tract 3511.02, Contra Costa County, California",232400,3051,372,4.6,1.4,1.08,0,0.4,4.3,7.4,11,62.6,7.6,5.9,0.8,0,5.7,88.6,1.6,2.5,1.6,88.8,11.2,47990,64507
"563",6013351103,"06","013","351103",1846,37.863462,-122.063849,"Census Tract 3511.03, Contra Costa County, California",583100,1433,113,5.2,1.56,1.3,0.8,19,4.6,4.5,41.7,24.4,1.8,2.6,0.8,0,9.5,68.9,20.7,0,0.9,95.5,4.5,74244,86861
"564",6013351200,"06","013","351200",5812,37.868732,-122.102583,"Census Tract 3512, Contra Costa County, California",972100,2017,14,7.3,2.92,3.1,0,2.6,0,4.1,17.9,20.9,50.4,3.2,0.9,0,1.1,2.5,43.7,41.3,11.3,93.4,6.6,134663,179668
"565",6013352101,"06","013","352101",3141,37.846384,-122.113557,"Census Tract 3521.01, Contra Costa County, California",NA,818,26,7.6,2.65,1.85,0,0,1.8,11.5,60.5,18.7,4.3,2.7,0.5,0,0,16.1,16.6,45,22.2,90.9,9.1,154583,183519
"566",6013352102,"06","013","352102",5586,37.826888,-122.11905,"Census Tract 3521.02, Contra Costa County, California",997600,1847,49,7.3,2.72,2.72,0,0.7,3.9,14.4,28.1,42.6,7.7,1.2,1.4,0,0,9.1,32.9,46,12.1,94.5,5.5,144833,186962
"567",6013352201,"06","013","352201",5750,37.85273,-122.139026,"Census Tract 3522.01, Contra Costa County, California",895300,2286,85,6.8,2.61,2.3,0,2.3,1.5,7.9,23.4,40,20.3,4.7,0,2.2,8.4,19.6,29.4,29.4,10.9,77.3,22.7,105391,134228
"568",6013352202,"06","013","352202",2548,37.834622,-122.142939,"Census Tract 3522.02, Contra Costa County, California",827000,1034,64,6,2.17,2.67,2.8,0,2.3,25.4,28.6,26,5.9,3.5,5.4,0,4.7,36.4,37.3,18.5,3.1,73.9,26.1,106875,129402
"569",6013353001,"06","013","353001",3521,37.861031,-122.170606,"Census Tract 3530.01, Contra Costa County, California",955200,1316,21,7.2,2.8,2.22,4.1,2.6,6.4,2.1,19,19.2,24.8,14.1,7.8,0,2.7,8.7,36.4,38.9,13.4,93.4,6.6,169196,212304
"570",6013353002,"06","013","353002",4078,37.879268,-122.167792,"Census Tract 3530.02, Contra Costa County, California",NA,1476,81,7.6,2.9,4.34,0,2.7,1.6,9.1,8.7,26.1,34.2,13.8,3.7,0,0,3.7,38.5,47.6,10.2,93.6,6.4,145139,227801
"571",6013354001,"06","013","354001",1859,37.887621,-122.205021,"Census Tract 3540.01, Contra Costa County, California",845100,662,11,6.5,2.64,1.59,0,1.7,0.5,15.9,0,18.6,18.3,19.3,25.8,1.5,0,27.9,41.7,24.3,4.5,91.4,8.6,157361,198918
"572",6013354002,"06","013","354002",6590,37.900412,-122.181493,"Census Tract 3540.02, Contra Costa County, California",NA,2516,78,7.2,2.66,1.69,1.3,1.4,3.5,13.9,20.1,11,29.1,10.9,8.9,0,6,10.1,34,34.1,15.7,87.4,12.6,165000,225873
"573",6013355107,"06","013","355107",5048,37.971471,-121.833274,"Census Tract 3551.07, Contra Costa County, California",364700,1545,120,7.6,3.02,4.12,8,12.6,0.6,36.8,30.8,4.7,5.4,0,1,0,0,4.7,27.6,48.3,19.4,89.3,10.7,84031,91544
"574",6013355108,"06","013","355108",12847,37.961255,-121.796182,"Census Tract 3551.08, Contra Costa County, California",409600,3796,381,7.5,3.29,4.63,1.4,42.8,51,2.1,1.3,0.8,0.3,0.3,0,2.6,2.5,1.2,19.9,43.8,30,77.5,22.5,98542,107136
"575",6013355109,"06","013","355109",6416,37.976381,-121.793703,"Census Tract 3551.09, Contra Costa County, California",336000,2175,121,6.8,3.5,2.55,4.1,15.8,42.9,18.2,9.4,5.6,3.2,0,0.9,0,3.6,3,35.3,40,18.1,87.9,12.1,84773,86523
"576",6013355110,"06","013","355110",4197,37.969219,-121.768327,"Census Tract 3551.10, Contra Costa County, California",279300,1235,12,7,3.5,4.21,0,0.6,44.4,43,7.3,0,4.8,0,0,0.7,0,0.9,42.1,37.4,18.9,65.9,34.1,84141,84808
"577",6013355111,"06","013","355111",6343,37.978181,-121.776021,"Census Tract 3551.11, Contra Costa County, California",326700,1918,93,6.7,3.58,4.56,3,28.3,38.3,27,2.7,0.7,0,0,0,0,0.8,10,23.5,40.9,24.9,73.7,26.3,98998,107344
"578",6013355112,"06","013","355112",5563,37.826407,-121.889495,"Census Tract 3551.12, Contra Costa County, California",NA,2147,159,8.2,2.51,2.83,0.9,2,12.2,64.7,16.4,2.5,0,0,1.3,0,0,3,36,46.4,14.7,90,10,168026,214024
"579",6013355113,"06","013","355113",4985,37.805381,-121.902428,"Census Tract 3551.13, Contra Costa County, California",NA,1736,173,8.1,2.85,4.16,0.7,3.7,53.5,38,0,0,0,4,0,0,4,1.2,17.4,62.9,14.5,91.4,8.6,156287,230549
"580",6013355114,"06","013","355114",11035,37.78882,-121.907439,"Census Tract 3551.14, Contra Costa County, California",875200,3438,55,7.4,3.27,2.35,31.2,21.3,44,2.1,0.4,1,0,0,0,2.4,1.1,6.5,26.8,40,23.2,87.1,12.9,159212,180014
"581",6013355115,"06","013","355115",4443,37.764693,-121.90994,"Census Tract 3551.15, Contra Costa County, California",661700,1738,102,4,2.86,2.71,51.5,45.4,0,0,2.6,0,0,0,0.5,4.1,34.2,26.4,21.6,12.1,1.6,26.1,73.9,88929,95275
"582",6013355116,"06","013","355116",5664,37.767312,-121.89395,"Census Tract 3551.16, Contra Costa County, California",862100,1306,24,8.2,3.63,4.68,37.7,60.7,1.6,0,0,0,0,0,0,0,0,0,20.5,40.9,38.6,95.3,4.7,171949,196987
"583",6013355117,"06","013","355117",8379,37.753808,-121.896311,"Census Tract 3551.17, Contra Costa County, California",847800,1890,76,7.8,3.78,3.42,72.3,24.8,0,0,0.6,2.3,0,0,0,0,0.6,1.7,29.5,37.8,30.3,98.3,1.7,189709,196928
"584",6013355200,"06","013","355200",7444,38.011409,-121.957878,"Census Tract 3552, Contra Costa County, California",380700,2261,427,6.5,3.73,2.67,7,28.5,38.1,15.9,4.2,2.3,2,2,0,2.5,6.5,21.6,16.9,26.8,25.7,61.7,38.3,75263,99548
"585",6013355301,"06","013","355301",7833,37.940676,-121.962682,"Census Tract 3553.01, Contra Costa County, California",576200,2890,73,6.6,2.61,3.38,1.5,13.4,5.7,14.8,23.7,27.9,12.6,0.5,0,0,0,14.3,35.2,34.1,16.4,84.2,15.8,117975,125648
"586",6013355302,"06","013","355302",3484,37.919325,-122.002128,"Census Tract 3553.02, Contra Costa County, California",902300,1230,21,8.2,3.04,2.33,2.4,5.7,16.5,12.1,47.1,12.7,1.1,1.5,1,0,0.9,2.4,17.7,49.9,29,97.5,2.5,163633,179046
"587",6013355304,"06","013","355304",7831,37.948848,-121.934566,"Census Tract 3553.04, Contra Costa County, California",618300,2984,183,6.6,2.71,2.73,0.9,6.7,44.3,12.2,28.8,4,2.1,0.7,0.4,0,7.7,13.2,44.5,27.5,7.1,88.5,11.5,122829,141132
"588",6013355306,"06","013","355306",4922,37.929665,-121.93042,"Census Tract 3553.06, Contra Costa County, California",649200,1735,19,7.2,2.83,2.51,0.5,3.6,1.6,9.3,65.1,11.9,3.5,2.4,2,0,1.8,9.5,30.3,44,14.4,91.1,8.9,118952,130631
"589",6013356001,"06","013","356001",3759,38.02239,-122.252576,"Census Tract 3560.01, Contra Costa County, California",389900,1218,55,6.1,3.57,3.03,1.6,3.6,1.2,15.1,74.6,1.1,2.6,0,0.1,0,3.8,10.7,33.6,45.2,6.7,78.5,21.5,80993,96148
"590",6013356002,"06","013","356002",5375,37.980856,-122.222136,"Census Tract 3560.02, Contra Costa County, California",580600,2088,25,6.9,2.7,2.51,0,9.5,35.5,37.2,5.8,4.8,4.3,0.7,2.1,0,5.4,21.1,18.1,43.4,12.1,80.7,19.3,108286,127591
"591",6013357000,"06","013","357000",3018,38.051821,-122.2155,"Census Tract 3570, Contra Costa County, California",390900,1699,220,5.2,2.16,1.62,0.5,2.8,0.6,12.4,3.2,6.6,4.6,6.6,62.6,4.2,21,31.5,27.8,11.7,3.8,70.7,29.3,77841,89844
"592",6013358000,"06","013","358000",5298,38.03417,-122.262252,"Census Tract 3580, Contra Costa County, California",368400,2101,200,4.6,2.63,2.72,0.6,4.8,3.5,1.9,7.7,16.9,20,20.9,23.8,0.5,10.1,48.6,24.8,9.3,6.6,55.3,44.7,56097,66063
"593",6013359102,"06","013","359102",5159,38.00364,-122.30728,"Census Tract 3591.02, Contra Costa County, California",362000,1955,197,5.1,2.93,2.99,0.4,1.9,14.2,13.9,21.5,27.6,15.1,5,0.4,0,10.9,26.4,41.3,18.4,2.9,65.2,34.8,63239,71234
"594",6013359103,"06","013","359103",5051,38.002852,-122.292635,"Census Tract 3591.03, Contra Costa County, California",373400,2086,251,5.4,2.66,2.36,1,0.5,7.2,27.5,17.9,17.4,13,1.7,13.8,1.7,9.8,24.1,45.7,18,0.6,74.7,25.3,77479,94396
"595",6013359104,"06","013","359104",1932,38.008576,-122.278774,"Census Tract 3591.04, Contra Costa County, California",286100,982,101,4.9,2.19,2.9,0,0,37.5,58.8,0.9,0,0,2.9,0,0,4,61.2,34.8,0,0,83.9,16.1,70990,83219
"596",6013359105,"06","013","359105",4542,38.014392,-122.284189,"Census Tract 3591.05, Contra Costa County, California",474600,1612,156,6.5,3.28,2,21.8,36.3,6.1,29.3,0,0,0,0.6,5.9,0,1.8,11.8,30.3,46.2,9.9,89.2,10.8,113545,125867
"597",6013359202,"06","013","359202",6148,37.98803,-122.271142,"Census Tract 3592.02, Contra Costa County, California",468100,2242,89,6.5,3.03,2.59,0,3.5,2.4,14.1,23.1,31,21.6,3.2,1.1,2.1,1.4,6.9,44.2,38.7,6.6,88.7,11.3,97731,104133
"598",6013359203,"06","013","359203",6726,38.008673,-122.25553,"Census Tract 3592.03, Contra Costa County, California",366900,2416,12,5.5,2.73,3.09,0.9,4.8,4.4,35.7,49.1,3.1,1.4,0.6,0,0,4.1,15.5,48.1,31.7,0.6,75.9,24.1,85617,94015
"599",6013359204,"06","013","359204",4702,38.000895,-122.267919,"Census Tract 3592.04, Contra Costa County, California",479800,1538,81,6.3,3.25,2.39,8.8,4.6,7.3,50.5,20.4,1.6,1.4,5.5,0,0.5,5.2,4.4,40.2,34.8,14.9,86.5,13.5,105815,116024
"600",6013360101,"06","013","360101",4576,37.981229,-122.287954,"Census Tract 3601.01, Contra Costa County, California",434800,1812,237,6.3,3.11,2.93,2.2,1.2,6.5,20.6,16.5,28,13.4,7.5,4.1,1.4,4.4,7.8,41.9,40.3,4.2,82.2,17.8,89810,112024
"601",6013360102,"06","013","360102",4326,37.964656,-122.268957,"Census Tract 3601.02, Contra Costa County, California",537100,1598,12,6.7,2.79,2.19,1.2,0,3.4,55.4,11.4,6.6,16.6,4,1.4,1.4,0,6.7,23.6,63.9,4.4,95.3,4.7,105952,120505
"602",6013360200,"06","013","360200",4626,37.969639,-122.295291,"Census Tract 3602, Contra Costa County, California",367000,1931,213,5.1,2.52,2.51,2.7,1.2,8.1,4.7,18.9,32.2,24.5,6.5,1.2,2.5,10.1,24,48,13.7,1.7,59.5,40.5,57500,70030
"603",6013361000,"06","013","361000",4475,37.959948,-122.297678,"Census Tract 3610, Contra Costa County, California",361700,1870,182,5,2.65,2.7,0,6,7.9,21.3,17,9.3,24.9,10.4,3.2,0,11.2,32.2,37.9,17.2,1.5,62.2,37.8,62232,81746
"604",6013362000,"06","013","362000",2767,37.944617,-122.314798,"Census Tract 3620, Contra Costa County, California",430900,1211,115,5.6,2.39,2.62,0,1.7,5,3.9,1,11.1,34.8,33.7,8.8,0.8,8.1,28.5,41.6,15.8,5.2,83.4,16.6,93611,93447
"605",6013363000,"06","013","363000",7043,37.977805,-122.307862,"Census Tract 3630, Contra Costa County, California",346600,2869,146,5.1,2.92,2.62,0,1.3,12,11.7,22.3,14.3,20,13.7,4.6,0,3,36.9,47.7,6.8,5.6,61.9,38.1,56506,76987
"606",6013364002,"06","013","364002",5518,37.994153,-122.319157,"Census Tract 3640.02, Contra Costa County, California",402200,1895,88,5.3,2.88,2.59,0,2.3,11.5,5.4,11.3,37.7,26,3.1,2.7,0,11,5.9,64.4,16.3,2.5,75.7,24.3,59542,72791
"607",6013365002,"06","013","365002",5462,37.956494,-122.366217,"Census Tract 3650.02, Contra Costa County, California",258400,1725,309,4.6,4.12,2.9,19.5,21.4,8.3,3.9,1.9,8.3,8.9,15.7,12,0.2,10.4,37.2,31.2,18.2,2.7,49.2,50.8,43312,58414
"608",6013365003,"06","013","365003",4924,37.984213,-122.327351,"Census Tract 3650.03, Contra Costa County, California",354300,2515,285,3.4,2.88,1.88,11.9,11.2,20.5,45.5,6,4.1,0,0,0.8,0.5,48.6,26.9,15.6,8.3,0,25.2,74.8,69682,77484
"609",6013366001,"06","013","366001",4307,37.97589,-122.346351,"Census Tract 3660.01, Contra Costa County, California",307100,1290,117,4.9,3.88,3.53,0.8,0.3,0,14.5,11.2,24,29,15.6,4.7,1.6,7.1,25.1,49.6,14,2.6,61.1,38.9,62604,71846
"610",6013366002,"06","013","366002",6093,37.968766,-122.350643,"Census Tract 3660.02, Contra Costa County, California",212300,1795,161,4.8,3.57,3.66,4.7,2.9,3.8,10.6,10,11.9,26.9,26.4,2.8,1.3,9.6,32.3,49.1,5.8,1.8,49.9,50.1,46415,51352
"611",6013367100,"06","013","367100",5099,37.972867,-122.331658,"Census Tract 3671, Contra Costa County, California",346800,2183,178,4.7,3.26,1.99,0,3.5,0.7,6.1,23.4,29.4,33.2,2.5,1.2,10.4,30.2,8.1,38.8,11.9,0.5,50.3,49.7,47482,64703
"612",6013367200,"06","013","367200",5171,37.965824,-122.334312,"Census Tract 3672, Contra Costa County, California",336800,1654,136,4.7,3.49,2.9,6,11.7,2.6,4.5,14.9,15.4,21.3,23,0.6,0.7,12.8,26.9,49.9,6.8,3,60.9,39.1,49118,60269
"613",6013368001,"06","013","368001",5327,37.954255,-122.352358,"Census Tract 3680.01, Contra Costa County, California",227300,1442,227,4.6,4.51,3.09,7.6,0,6.3,5.5,1.5,15.5,19.6,29.6,14.3,1.9,3.2,51,35.8,7,1.1,62.9,37.1,52392,58469
"614",6013368002,"06","013","368002",3404,37.960463,-122.352001,"Census Tract 3680.02, Contra Costa County, California",286900,941,102,4.4,4.3,3.63,0,0,8.4,11.9,8.2,10.9,27.3,18.2,15.1,2.7,11.3,42.2,35.7,8.2,0,42.1,57.9,46328,49736
"615",6013369001,"06","013","369001",6246,37.956916,-122.338199,"Census Tract 3690.01, Contra Costa County, California",218400,2585,204,3.8,2.07,2.83,0.6,1.1,3,30.6,20.3,20.1,7.6,12,4.7,5.2,31,45.3,15.4,3,0,30.7,69.3,30238,39840
"616",6013369002,"06","013","369002",2548,37.957175,-122.323622,"Census Tract 3690.02, Contra Costa County, California",299100,1088,84,4.7,2.77,2.68,0,0.6,6,23.3,10,8.4,25.8,16.8,9.1,1.4,3,54,31.7,2.5,7.4,57.7,42.3,65417,73469
"617",6013370000,"06","013","370000",2837,37.940011,-122.321807,"Census Tract 3700, Contra Costa County, California",363900,1240,43,5.8,2.69,3.32,0,0,0.3,4.7,7,11.6,32.6,30.2,13.6,0,4,23.6,52.7,18.4,1.3,74.1,25.9,75348,81766
"618",6013371000,"06","013","371000",5316,37.939923,-122.330245,"Census Tract 3710, Contra Costa County, California",302800,2128,212,4.9,2.55,2.63,2.1,0.5,0,1.3,2.6,8.4,21.8,43.1,20.2,1.6,7.8,51.9,29.5,4.6,4.7,64.5,35.5,57784,67293
"619",6013372000,"06","013","372000",7353,37.948262,-122.339883,"Census Tract 3720, Contra Costa County, California",287700,2516,154,4.9,2.64,3.61,0.9,0.6,0.4,1.6,7.3,6.9,29.3,39.9,13,2.9,9.5,43.5,36.8,7.4,0,67.9,32.1,61607,67349
"620",6013373000,"06","013","373000",4376,37.947568,-122.353215,"Census Tract 3730, Contra Costa County, California",293500,1272,125,4.4,4.47,3.47,5.1,0,0.1,4.3,6.3,14.2,18.5,40.5,11.1,0,9.7,46.1,41.7,0.1,2.5,49.3,50.7,40790,50993
"621",6013374000,"06","013","374000",4506,37.93954,-122.341323,"Census Tract 3740, Contra Costa County, California",325700,1972,239,4.4,2.51,3.4,1.1,0,1,3.1,4.1,13.2,27.8,22.3,27.5,2.2,17.8,48.9,26,3.5,1.6,52,48,50341,57331
"622",6013375000,"06","013","375000",4389,37.9406,-122.351569,"Census Tract 3750, Contra Costa County, California",264200,1348,186,4.4,4.67,3.73,0,4,6.8,2.6,8.1,11.5,10.2,30.8,26,2.3,15.6,44.1,29.5,8.5,0,39.2,60.8,38750,52201
"623",6013376000,"06","013","376000",5962,37.940762,-122.362396,"Census Tract 3760, Contra Costa County, California",185700,2211,294,4.7,2.89,3.12,8.4,4.8,4.3,4.7,15.3,20.4,16.5,8.9,16.6,2.6,15.2,37.4,30.3,11.3,3.3,37.4,62.6,25469,37673
"624",6013377000,"06","013","377000",6962,37.933634,-122.362604,"Census Tract 3770, Contra Costa County, California",122400,2526,429,4.2,3,3.42,3.2,0,8.7,5.9,6.1,20.3,10.8,30.8,14.2,2.7,19.7,45.6,25.7,6.3,0,44.7,55.3,38393,48803
"625",6013378000,"06","013","378000",3435,37.923983,-122.383728,"Census Tract 3780, Contra Costa County, California",601600,2004,342,5,1.99,1.69,4.9,8.6,4.1,19.1,8.8,6.9,8.5,7.1,32,6.7,13.1,42.3,27.1,8.8,2.1,57.6,42.4,80500,109291
"626",6013379000,"06","013","379000",6117,37.928044,-122.355018,"Census Tract 3790, Contra Costa County, California",270100,2137,413,4.3,2.93,3.4,0,0.1,2.2,2.1,10.2,18,31.8,19.7,15.9,0.7,11.3,55.7,24.5,7.7,0,39.3,60.7,33226,41510
"627",6013380000,"06","013","380000",5706,37.918023,-122.345487,"Census Tract 3800, Contra Costa County, California",413800,2970,647,4.1,2.09,2.46,17.1,2.1,40.9,23.6,4.9,2.5,3.8,4.3,0.8,0,25.2,44.9,24.1,4.2,1.5,42.1,57.9,57202,79843
"628",6013381000,"06","013","381000",6097,37.929514,-122.335622,"Census Tract 3810, Contra Costa County, California",240400,2216,393,4.8,3.44,3,0,4,5.3,4.4,3.4,22,22,22.2,16.7,2.7,5.6,39,39.4,13.4,0,44.2,55.8,56653,70085
"629",6013382000,"06","013","382000",6964,37.917085,-122.324049,"Census Tract 3820, Contra Costa County, California",269800,2819,400,4.8,2.52,2.66,0.3,1.7,1.7,8.4,16.4,30.2,17.4,17.7,6.2,1.8,15.2,34.5,30.5,15.8,2.2,40.4,59.6,37269,48275
"630",6013383000,"06","013","383000",4485,37.910183,-122.311951,"Census Tract 3830, Contra Costa County, California",431300,2190,177,4.7,2.23,2.48,0,0,3.1,0.7,10.3,10.2,22.9,39.4,13.4,6.8,12.2,50.7,24.9,5,0.5,57.2,42.8,52228,72360
"631",6013384000,"06","013","384000",3883,37.933719,-122.314372,"Census Tract 3840, Contra Costa County, California",623200,1699,88,6.4,2.47,2.74,0.9,0.1,0,1.4,7.8,9.1,41,31,8.8,0,0,26.3,42.2,27.4,4.2,89.1,10.9,108750,125073
"632",6013385100,"06","013","385100",2765,37.924178,-122.295303,"Census Tract 3851, Contra Costa County, California",731700,1170,75,6.4,2.27,2.09,0,0.9,6.4,8.2,14.7,17.5,33.6,15.1,3.5,0.5,5.7,12.3,47.1,22.1,12.2,89.8,10.2,106359,134991
"633",6013385200,"06","013","385200",1320,37.927196,-122.309968,"Census Tract 3852, Contra Costa County, California",638000,590,70,6.2,2.35,3.2,2,0,1.9,2.7,11.2,16.4,45.4,18.6,1.7,0,0,15.9,62.4,20.3,1.4,98.1,1.9,125375,121299
"634",6013386000,"06","013","386000",3317,37.921593,-122.314225,"Census Tract 3860, Contra Costa County, California",423200,1476,68,4.1,2.34,2.01,1.4,5.1,10.6,16.7,6.2,13.1,11.1,28.3,7.3,3.9,21.1,52.2,19,3.2,0.7,27.2,72.8,46778,60756
"635",6013387000,"06","013","387000",2532,37.916915,-122.306795,"Census Tract 3870, Contra Costa County, California",436700,1164,60,4.9,2.6,2.01,13.5,1.1,1.3,0,15.5,9.5,19.8,33.2,6.2,0,15.5,36.2,36.8,9.2,2.4,57.7,42.3,74231,92580
"636",6013388000,"06","013","388000",2576,37.909073,-122.302404,"Census Tract 3880, Contra Costa County, California",550200,1159,32,4.9,2.47,2.3,2.2,0,2.2,3,9,7.6,28.2,29.2,18.5,5.8,9.3,47.5,29.7,6.6,1.1,47.8,52.2,76964,90301
"637",6013389100,"06","013","389100",2002,37.903177,-122.298431,"Census Tract 3891, Contra Costa County, California",524100,917,36,4.4,2.21,2.58,0,1,0.5,3.2,6.1,9.9,21.8,25.1,32.4,1.9,17,56.6,18.9,4.7,1,43.7,56.3,63068,78652
"638",6013389200,"06","013","389200",1714,37.901105,-122.305815,"Census Tract 3892, Contra Costa County, California",541700,822,71,4,2.59,2.15,0,0,2.7,1.7,30,18.1,10.5,32.1,4.9,1.8,17.6,65.9,13.1,1.5,0,6.1,93.9,47313,61543
"639",6013390100,"06","013","390100",2229,37.913536,-122.293383,"Census Tract 3901, Contra Costa County, California",644000,956,50,6,2.72,1.59,0.5,0,0,0,6.4,12.3,29,29.7,22.1,1,6.4,23.6,41.9,20.8,6.2,83.7,16.3,95556,103238
"640",6013390200,"06","013","390200",1719,37.903628,-122.290895,"Census Tract 3902, Contra Costa County, California",617400,793,0,5.8,2.29,1.79,0,0,0,0,4.8,1.3,19.2,50.4,24.3,0,2.4,43.4,41.7,12.5,0,81.7,18.3,123036,135652
"641",6013391000,"06","013","391000",2556,37.906113,-122.283633,"Census Tract 3910, Contra Costa County, California",772800,1151,54,6.5,2.4,1.71,0.9,2.9,1,2.3,2.2,8.3,24,16.3,42.2,2.7,2.1,25.8,38.7,23,7.6,88.8,11.2,119792,138324
"642",6013392000,"06","013","392000",2451,37.908909,-122.275849,"Census Tract 3920, Contra Costa County, California",756800,1155,84,6.1,2.26,2.61,0,0.8,1.6,0.8,3.5,4.2,29.8,25,34.4,0,0.7,28.4,44,25.3,1.6,89.8,10.2,140709,153314
"643",6013392200,"06","013","392200",10605,37.994648,-122.33662,"Census Tract 3922, Contra Costa County, California",350100,3383,195,5.2,3.42,2.95,10.2,27.5,4.2,2.3,5.1,19.4,21.3,8.2,1.9,0.5,5.4,26.3,38.4,23.4,5.9,70.8,29.2,76837,89500
"644",6013392300,"06","013","392300",3102,38.025021,-122.271348,"Census Tract 3923, Contra Costa County, California",658700,927,77,6.6,3.51,1.9,12.1,84.1,0,1.5,0.9,0,0,1.4,0,0,7.6,17,1.6,38.3,35.5,71.1,28.9,138810,149364
"645",6013990000,"06","013","990000",0,38.025876,-122.311671,"Census Tract 9900, Contra Costa County, California",NA,0,0,NA,NA,NA,NA,NA,NA,NA,NA,NA,NA,NA,NA,NA,NA,NA,NA,NA,NA,NA,NA,NA,NA
"646",6015000101,"06","015","000101",3939,41.755822,-124.20576,"Census Tract 1.01, Del Norte County, California",179500,1794,136,4.5,2.16,2.77,2.2,2.9,6,19.5,9.6,18.3,21.9,8.6,11,1.5,18.4,38.1,35.6,5.7,0.7,22.9,77.1,27409,38074
"647",6015000102,"06","015","000102",3769,41.760669,-124.164187,"Census Tract 1.02, Del Norte County, California",254500,1543,179,5.4,2.49,3.33,7.2,8,16.1,16.7,22.8,8,10.9,0.9,9.5,4.5,6,23.8,47.9,11.1,6.6,74.9,25.1,43462,53991
"648",6015000104,"06","015","000104",1881,41.774489,-124.193494,"Census Tract 1.04, Del Norte County, California",133000,790,0,5.5,2.65,2.74,21.5,1.3,22.2,15.4,13.9,2.4,14.8,5.1,3.4,3.9,10.1,29.5,14.7,36.1,5.7,58.4,41.6,24271,33650
"649",6015000105,"06","015","000105",6967,41.777467,-124.202703,"Census Tract 1.05, Del Norte County, California",241100,3045,283,5.3,2.62,2.23,4.4,8.4,16.4,20.6,10.8,11.2,17.4,6.3,4.6,2.5,9.7,32.7,41.3,12.4,1.4,59.6,40.4,42985,54871
"650",6015000201,"06","015","000201",7026,41.844992,-124.151561,"Census Tract 2.01, Del Norte County, California",289600,1525,164,5.4,2.63,2.79,2.7,12.6,15.8,12.5,20.7,19.7,11.5,1.1,3.4,2.4,6,29.5,47.8,11.7,2.6,91.2,8.8,65553,68169
"651",6015000202,"06","015","000202",3655,41.886085,-124.095489,"Census Tract 2.02, Del Norte County, California",258600,1840,482,5.1,2.27,2.42,6,10.6,14.9,16.8,15.8,8.4,10.2,6.4,10.9,2.2,14.8,28.3,44.8,7.6,2.3,72,28,46293,57615
"652",6015000203,"06","015","000203",1373,41.541888,-124.033963,"Census Tract 2.03, Del Norte County, California",141800,613,88,4.9,2.34,2.98,0,5.2,14.4,19.2,22.5,11.1,16.6,4.4,6.5,0.8,8,51.5,35.7,3.3,0.7,58.7,41.3,30927,41756
"653",6015990000,"06","015","990000",0,41.751043,-124.24931,"Census Tract 9900, Del Norte County, California",NA,0,0,NA,NA,NA,NA,NA,NA,NA,NA,NA,NA,NA,NA,NA,NA,NA,NA,NA,NA,NA,NA,NA,NA
"654",6017030200,"06","017","030200",4773,38.938307,-119.96104,"Census Tract 302, El Dorado County, California",374800,2757,1084,4.7,2.59,3.09,0.2,1,7.2,6.9,36.4,26.4,14.1,2,5.9,2,11.3,31.4,43.2,9.6,2.5,40,60,46807,61679
"655",6017030301,"06","017","030301",2469,38.92323,-119.981138,"Census Tract 303.01, El Dorado County, California",341700,1607,480,4.3,2.66,2.18,2.5,0,0.7,4.8,13.3,30.9,31.2,8.5,8.1,7.9,11,44.6,30.4,6.2,0,50.3,49.7,40417,51107
"656",6017030302,"06","017","030302",2867,38.936714,-119.985358,"Census Tract 303.02, El Dorado County, California",364900,2306,1010,4.3,2.38,2.16,0.7,3.2,3.7,10.1,29.6,20.3,18.9,8.5,5.2,6.5,20.3,32.1,24.4,7.4,9.4,36.9,63.1,45417,52959
"657",6017030401,"06","017","030401",3498,38.925862,-120.008591,"Census Tract 304.01, El Dorado County, California",456000,3500,1623,5.3,2.14,2.3,0.5,2.5,7.1,21.5,36.1,23.3,8.6,0.4,0,0.2,4.1,25.1,47.1,19.7,3.8,66,34,52978,65410
"658",6017030402,"06","017","030402",3723,38.910059,-120.007962,"Census Tract 304.02, El Dorado County, California",252400,2485,844,4.4,2.02,2.1,0.7,2,11.8,11.6,31.1,19.8,20.9,1.2,0.8,2.9,18.1,46.2,26.8,5.1,1,47.6,52.4,31811,41035
"659",6017030502,"06","017","030502",2641,38.867639,-120.029697,"Census Tract 305.02, El Dorado County, California",452200,1725,675,5.4,2.68,2.37,4.2,10.3,8.2,8.6,46.5,14.3,6.4,0,1.5,0,0,18,63.2,14.1,4.6,84.1,15.9,70726,89222
"660",6017030504,"06","017","030504",2912,38.901095,-119.97473,"Census Tract 305.04, El Dorado County, California",468100,2135,999,5.5,2.3,2.28,0.5,5.8,11.8,14.3,46.4,11.1,10.2,0,0,0.7,1.2,9.5,62.5,21.8,4.3,76.7,23.3,53285,68674
"661",6017030505,"06","017","030505",2704,38.845608,-120.005572,"Census Tract 305.05, El Dorado County, California",436300,1938,1106,5.2,2.16,2.4,1.3,7.8,8.5,15.1,45.3,16.2,2.6,2.4,0.9,0,3.1,26.1,38.5,25.2,7.1,58.2,41.8,58214,71453
"662",6017030601,"06","017","030601",5044,38.878225,-120.991786,"Census Tract 306.01, El Dorado County, California",386000,2065,157,6,2.56,2.8,6.2,9.8,21.9,34.5,23.3,0.5,0.9,1.6,1.3,0.7,1.8,11.1,68.4,13.5,4.5,85.5,14.5,81477,91569
"663",6017030602,"06","017","030602",6781,38.87653,-120.85843,"Census Tract 306.02, El Dorado County, California",323400,2846,325,5.3,2.54,2.15,3.7,10.5,17.3,38.4,20.3,2.1,2.1,2.3,3.3,0,8.6,33.6,49.4,8.5,0,84.1,15.9,62593,69411
"664",6017030603,"06","017","030603",3566,38.839118,-120.746663,"Census Tract 306.03, El Dorado County, California",311600,1965,596,5.2,2.31,2.49,3.9,7.9,14.7,27.8,20.2,10,6.5,1.6,7.4,2.9,8.7,34.3,43.2,8.3,2.6,80.9,19.1,57013,69970
"665",6017030701,"06","017","030701",6205,38.723173,-121.085992,"Census Tract 307.01, El Dorado County, California",604800,2356,69,7.7,3.09,1.78,1.2,10,51,16.6,13.3,7.5,0,0.4,0,0,2.8,5.1,36.6,40.6,15,86.8,13.2,123504,144505
"666",6017030704,"06","017","030704",5961,38.626596,-121.04347,"Census Tract 307.04, El Dorado County, California",477200,2402,120,5.8,2.58,2.77,27.3,40.3,14.9,10.4,2.8,2.2,1.3,0,0.7,0.5,7.8,32.6,28.3,23.3,7.6,70.9,29.1,80833,111101
"667",6017030706,"06","017","030706",6020,38.672101,-121.082914,"Census Tract 307.06, El Dorado County, California",464400,2362,87,6.8,2.89,2.01,7,19.8,18,18.8,16.6,18,0.9,0,0.8,0,7.3,10.6,31.8,37.3,13,82.7,17.3,103040,123589
"668",6017030709,"06","017","030709",4806,38.701593,-121.063556,"Census Tract 307.09, El Dorado County, California",605800,1694,77,7.7,3.11,3.2,8.3,19.6,39.5,22.4,9.2,1,0,0,0,0,0,2.7,30.4,48.4,18.5,94.9,5.1,127928,146148
"669",6017030710,"06","017","030710",4989,38.681812,-121.064685,"Census Tract 307.10, El Dorado County, California",516200,1903,138,7.2,2.77,3.49,16.8,18.1,38.7,22.2,2.5,1.3,0,0,0.4,0,0,5.7,38.6,36.5,19.2,90.2,9.8,133092,141433
"670",6017030801,"06","017","030801",4011,38.719081,-120.9963,"Census Tract 308.01, El Dorado County, California",457000,1595,138,6.4,2.7,2.71,2.4,8.7,27.1,29.2,22.5,4.6,5,0,0.5,1.1,5.2,8.5,49.3,29.5,6.3,90.9,9.1,87390,101349
"671",6017030803,"06","017","030803",7241,38.684181,-120.967625,"Census Tract 308.03, El Dorado County, California",479100,3061,454,6,2.68,2.58,4.7,22,17.6,24.9,23.2,3.9,3.3,0.5,0,1.9,8.6,15.7,45.7,24.3,3.7,80.6,19.4,76438,96759
"672",6017030804,"06","017","030804",6377,38.647159,-120.940362,"Census Tract 308.04, El Dorado County, California",450300,2589,265,6.2,2.82,3.5,3.9,11.9,18.3,27,30.6,5,2.8,0.5,0,2,0.5,20.5,46,22.9,8,82.6,17.4,84651,110735
"673",6017030807,"06","017","030807",3986,38.663525,-121.004435,"Census Tract 308.07, El Dorado County, California",396800,1568,44,6.4,2.78,2.08,5.5,8,32.5,35.8,15.1,0.8,0.8,1.4,0,0,6.3,13.5,32.8,40.6,6.8,75.9,24.1,81944,89991
"674",6017030808,"06","017","030808",6897,38.680514,-121.006561,"Census Tract 308.08, El Dorado County, California",410300,2511,38,6.5,2.92,3.13,1.6,18,41.9,25.7,9.1,1.1,2.3,0,0.4,0,0.4,13.8,47.8,32.6,5.3,76.4,23.6,84657,99536
"675",6017030809,"06","017","030809",2447,38.662973,-120.983197,"Census Tract 308.09, El Dorado County, California",334300,1033,36,5.8,2.45,3.09,1.6,1.5,12.1,24.2,41.6,12.8,6.2,0,0,0,1.5,14.8,65.3,17.7,0.7,69.4,30.6,84911,79990
"676",6017030810,"06","017","030810",3437,38.687974,-120.994416,"Census Tract 308.10, El Dorado County, California",341000,1452,122,5.4,1.94,2.32,4.5,5.4,12.7,36.6,37.5,2.9,0.4,0,0,0,0.8,29.1,56.9,13.2,0,60.1,39.9,61894,75642
"677",6017030901,"06","017","030901",3020,38.778861,-120.932592,"Census Tract 309.01, El Dorado County, California",508400,1228,99,6.4,2.54,2.6,8.1,4.2,16,31.8,24.8,2.9,4.8,4.7,2.6,0.5,5.1,16,53,21.5,3.9,88.6,11.4,79570,103522
"678",6017030902,"06","017","030902",4687,38.718463,-120.895569,"Census Tract 309.02, El Dorado County, California",506000,1932,113,6.5,2.71,2.53,6.4,13.1,13.8,25.7,22.5,12,4.8,0.8,1,0.9,1.9,16.5,51.4,23.9,5.4,81,19,79631,96580
"679",6017031000,"06","017","031000",6061,38.740319,-120.83438,"Census Tract 310, El Dorado County, California",294100,2551,145,5.3,2.43,2.76,4.2,3.7,13.7,17.2,23.8,18.1,8.7,4.3,6.3,2.5,6.1,38.8,43.6,9.1,0,69.6,30.4,60549,67187
"680",6017031100,"06","017","031100",5462,38.741089,-120.783485,"Census Tract 311, El Dorado County, California",354300,2453,214,5.2,2.64,2.39,1.3,12.8,10,22.2,14.9,8.4,14.7,5.6,10.1,1.3,12.1,30.1,43,11.7,1.7,63.1,36.9,59178,73869
"681",6017031200,"06","017","031200",5193,38.723255,-120.789321,"Census Tract 312, El Dorado County, California",363300,2046,255,5.5,2.42,2.95,0.7,6.9,6.8,16.1,22.5,14.3,11.5,9.7,11.5,4.3,4,29.7,46.2,14.2,1.5,70.5,29.5,61080,75045
"682",6017031301,"06","017","031301",3408,38.742335,-120.692919,"Census Tract 313.01, El Dorado County, California",389500,1592,218,5.7,2.57,1.76,0,7.1,12.2,18.4,21.5,17,7.5,5.2,11.1,0.8,11.5,23.9,51.1,11.6,1.1,83,17,59138,75562
"683",6017031302,"06","017","031302",4701,38.758576,-120.606091,"Census Tract 313.02, El Dorado County, California",283700,2430,435,4.9,2.41,2.33,2.4,5.5,9.5,15.1,33.6,14.7,7.7,10.4,1.1,0,15.6,39,31,14.4,0,72.9,27.1,47107,65556
"684",6017031402,"06","017","031402",5896,38.60954,-120.662598,"Census Tract 314.02, El Dorado County, California",349000,2797,556,5.4,2.25,2.11,4.4,10,18.9,25.4,24,3.3,5.5,5.5,2.9,1.5,3.9,30.6,50.4,10.7,3,91.7,8.3,53414,75036
"685",6017031404,"06","017","031404",2407,38.693338,-120.704206,"Census Tract 314.04, El Dorado County, California",406600,985,119,6,2.51,3.83,6.2,14.3,16.8,33.4,14.1,4.9,8.4,0,1.9,0,0.9,26,57.5,12.7,2.9,93.9,6.1,81184,87770
"686",6017031405,"06","017","031405",2426,38.738717,-120.606469,"Census Tract 314.05, El Dorado County, California",339300,1171,255,5.6,2.38,2.51,6.8,5.4,14.6,33.2,31.6,6,1.5,0,0.9,0,1.5,22.7,65.5,10.2,0,89.2,10.8,68910,80972
"687",6017031406,"06","017","031406",5544,38.714939,-120.600709,"Census Tract 314.06, El Dorado County, California",306600,2657,425,5.5,2.62,2.9,3.2,10.8,14.1,23.3,29.3,8.2,8.2,0.5,2.5,3.3,5.3,27.5,53.7,9.4,0.8,85.6,14.4,62320,84635
"688",6017031502,"06","017","031502",6031,38.69625,-120.825483,"Census Tract 315.02, El Dorado County, California",284400,2817,310,5,2.63,2.36,4.7,4.8,18.6,22.7,28.1,7.7,5.9,2.1,5.4,3.7,12.1,32,43.5,8.1,0.5,63.1,36.9,45229,54260
"689",6017031503,"06","017","031503",2810,38.632134,-120.859127,"Census Tract 315.03, El Dorado County, California",445800,1215,58,6.1,2.42,2.12,0.9,6.9,16.6,45.9,24.2,4.3,0,1.2,0,0,3.6,26.5,48.1,18.4,3.3,86.2,13.8,70888,85801
"690",6017031504,"06","017","031504",5337,38.676228,-120.806757,"Census Tract 315.04, El Dorado County, California",290300,2394,269,5.6,2.34,2.98,1.5,2.3,15.8,32.1,25.6,8.4,7.1,3.6,3.6,0,3.7,34.4,47,9.9,5.1,85.5,14.5,61681,75449
"691",6017031600,"06","017","031600",4126,38.948411,-119.948482,"Census Tract 316, El Dorado County, California",352400,2901,1504,3.9,2.5,2.65,0.8,1.8,8.9,13.6,35.4,14.9,11.9,8.4,4.3,11.6,22.9,36.7,18.3,7.6,2.9,16.7,83.3,36988,49545
"692",6017031700,"06","017","031700",2648,38.697053,-121.094504,"Census Tract 317, El Dorado County, California",676400,876,26,8,3.06,2,20.9,35,8.8,4.5,18,11.3,0,1.5,0,0,4.8,2.1,24.5,49.9,18.7,98.1,1.9,137100,160062
"693",6017031800,"06","017","031800",6798,38.671928,-121.048389,"Census Tract 318, El Dorado County, California",589700,2254,189,7.8,3.19,3.39,23.1,73.1,1.4,0,0.6,1,0.9,0,0,0,0,0.4,22.8,48.9,27.9,87.4,12.6,124923,143876
"694",6017031900,"06","017","031900",133,38.780953,-120.242669,"Census Tract 319, El Dorado County, California",333300,836,807,4.1,1.55,1.71,8.5,21.8,20.9,3.3,6.7,6.1,11.4,12.1,9.2,1.8,9.2,69.6,12.6,6.8,0,75.9,24.1,46528,57324
"695",6017032000,"06","017","032000",1015,39.041728,-120.125752,"Census Tract 320, El Dorado County, California",503400,2581,2275,4.8,2.43,1.8,0,8,6.6,12.1,30.1,14.6,13.4,8.1,7.2,2.8,8,27.4,41.7,17.9,2.3,57.5,42.5,52768,67857
"696",6017990000,"06","017","990000",0,39.004497,-120.043062,"Census Tract 9900, El Dorado County, California",NA,0,0,NA,NA,NA,NA,NA,NA,NA,NA,NA,NA,NA,NA,NA,NA,NA,NA,NA,NA,NA,NA,NA,NA
"697",6019000100,"06","019","000100",2860,36.737657,-119.790571,"Census Tract 1, Fresno County, California",231300,435,15,2,NA,1.07,0,0,0,2.1,15.2,16.3,2.1,20.7,43.7,36.3,49.2,2.1,11,0,1.4,3.6,96.4,11303,14027
"698",6019000200,"06","019","000200",3167,36.733417,-119.808589,"Census Tract 2, Fresno County, California",161800,838,26,4.9,3.35,4.05,4.1,5.3,5.7,5.7,10.7,5.1,24.7,24.5,14.2,4.8,8.9,33.3,48.2,1.7,3.1,19,81,13596,19753
"699",6019000300,"06","019","000300",3609,36.725356,-119.80304,"Census Tract 3, Fresno County, California",139000,1125,119,4.5,2.9,3.9,4.4,1.7,3.9,1.9,9.4,4.6,25.2,19.9,28.9,4.7,8.6,42.3,40.2,3.4,0.8,28.4,71.6,22245,33660
"700",6019000400,"06","019","000400",6343,36.728029,-119.773631,"Census Tract 4, Fresno County, California",135400,1348,89,4.9,4.09,4.16,0,2.8,5.6,4.3,7.1,7.8,17.5,15.2,39.6,1,6,37.5,45.2,10.1,0.1,46.6,53.4,31494,39151
"701",6019000501,"06","019","000501",2815,36.743181,-119.774866,"Census Tract 5.01, Fresno County, California",210000,863,100,4,3.32,4.07,8.5,0,0,3.5,14.7,33,18,11,11.4,2.8,25.3,42.1,23.3,6.6,0,8.7,91.3,19547,31449
"702",6019000502,"06","019","000502",3606,36.745907,-119.781446,"Census Tract 5.02, Fresno County, California",111800,1108,144,3.6,2.52,3.3,7.9,3.3,7.4,19.1,20.9,14.9,9.4,4.4,12.5,11,27,35.5,21.3,2.9,2.3,14.3,85.7,33438,42285
"703",6019000600,"06","019","000600",6161,36.746502,-119.79562,"Census Tract 6, Fresno County, California",204500,2181,450,3.5,4.46,2.71,1.4,2,5.5,8.6,22.5,6.9,8.4,7.2,37.5,11,41,23.8,17.9,2.5,3.7,11.2,88.8,20146,26083
"704",6019000700,"06","019","000700",3921,36.728157,-119.823056,"Census Tract 7, Fresno County, California",168100,1245,112,5,3.51,3.37,0,4.8,2.7,5.5,32.7,17,20.3,8.3,8.8,1.3,10.6,18.1,55.7,9.3,5,48.5,51.5,27386,42795
"705",6019000800,"06","019","000800",964,36.716206,-119.827081,"Census Tract 8, Fresno County, California",200000,227,0,5.4,3.36,3,30.4,0,0,14.5,3.1,13.7,22,12.3,4,0,0,35.2,47.6,17.2,0,47.6,52.4,24427,29306
"706",6019000901,"06","019","000901",3151,36.710228,-119.801777,"Census Tract 9.01, Fresno County, California",153800,765,205,5.1,2.92,4.87,19.3,16.7,9.8,1.7,13.6,1,19.5,1.6,16.7,0,0,28.5,44.3,25.9,1.3,27.7,72.3,29637,35452
"707",6019000902,"06","019","000902",5252,36.71829,-119.800484,"Census Tract 9.02, Fresno County, California",98400,1368,69,4.9,4,3.82,1.4,5.4,8.3,13.5,33.3,10.5,19.5,3.7,4.5,5.5,12.9,14.3,44.3,21.7,1.3,27.9,72.1,24748,29126
"708",6019001000,"06","019","001000",4106,36.699557,-119.79804,"Census Tract 10, Fresno County, California",129200,991,80,5,3.04,4.52,0,3.2,10.6,7.4,18.5,27,23.2,8.1,2,0.5,12.5,16.2,51.2,11.7,7.9,36,64,21904,30087
"709",6019001100,"06","019","001100",3174,36.714142,-119.786484,"Census Tract 11, Fresno County, California",153100,805,40,5,4.05,3.76,3.7,0,2.6,3.9,12.9,10.8,25.1,29.7,11.3,1,4.6,43.2,42.1,7.8,1.2,40.3,59.7,28828,35535
"710",6019001201,"06","019","001201",5936,36.710356,-119.754398,"Census Tract 12.01, Fresno County, California",130300,1490,128,4.6,4.42,4.23,5,0.3,1.7,10.9,15.1,9.9,28.9,14,14.1,4.6,11.1,34,43.4,5.1,1.7,44.6,55.4,37372,46410
"711",6019001202,"06","019","001202",4756,36.713572,-119.7413,"Census Tract 12.02, Fresno County, California",124800,1145,61,5,4.04,4.03,6.8,6.3,4.5,15.4,34.6,5.2,10.5,10.7,6.1,0,11.5,21.3,52.3,14.8,0,36.3,63.7,26111,38140
"712",6019001301,"06","019","001301",5653,36.732442,-119.750657,"Census Tract 13.01, Fresno County, California",97700,1498,182,4.9,3.72,3.51,2,3.2,3.5,8.2,10.3,10.3,28.8,24.9,8.7,0.6,2.5,55,33.4,8.4,0,48.7,51.3,27341,33634
"713",6019001303,"06","019","001303",2888,36.724903,-119.75899,"Census Tract 13.03, Fresno County, California",244000,610,81,5.1,3.76,5,4.8,7.9,1.6,2.8,8.9,8.9,32.6,18.5,14.1,0,1.5,44.3,31.6,15.4,7.2,38,62,27146,36418
"714",6019001304,"06","019","001304",5796,36.724898,-119.745727,"Census Tract 13.04, Fresno County, California",123200,1456,56,4.9,4.18,4.84,2.3,0,10.9,13.7,19.6,30.3,19,4.4,0,4,4.8,22.5,57.1,10.6,1,29.9,70.1,31625,38845
"715",6019001407,"06","019","001407",4694,36.73214,-119.727859,"Census Tract 14.07, Fresno County, California",154900,1722,183,4,2.91,3.11,21.5,4.1,1.6,34.6,22.4,13.5,1,1.3,0,1.9,24.5,57.6,14.2,1.8,0,20.9,79.1,18549,32924
"716",6019001408,"06","019","001408",2504,36.725605,-119.72934,"Census Tract 14.08, Fresno County, California",189400,1237,41,2.6,3,1.38,0.5,0,0,17.9,23.4,16.4,17.7,15.9,8.2,35.2,36.6,10.3,8.8,9.1,0,22.6,77.4,16788,32393
"717",6019001409,"06","019","001409",1848,36.728175,-119.710864,"Census Tract 14.09, Fresno County, California",339700,685,65,6.2,2.58,3.63,7.6,6,10.7,16.5,24.7,5.7,23.1,5.8,0,0,3.8,19.9,49.9,18.7,7.7,71.5,28.5,89250,110542
"718",6019001410,"06","019","001410",9109,36.71449,-119.720108,"Census Tract 14.10, Fresno County, California",180700,2241,161,5.8,4.37,4.34,28.3,19,15,8.7,13.6,4.2,5.6,1,4.6,1.3,3.1,15.4,44.6,27.2,8.3,75.3,24.7,48829,56226
"719",6019001411,"06","019","001411",5276,36.743165,-119.691951,"Census Tract 14.11, Fresno County, California",191000,1824,191,4.2,3.52,2.65,5.1,1.8,0.7,32.6,41.8,9.8,6.7,0,1.6,3.1,29.7,32.3,31.8,3,0,32,68,26313,42486
"720",6019001412,"06","019","001412",2790,36.742001,-119.671921,"Census Tract 14.12, Fresno County, California",228600,761,43,6,4.07,3.32,3.3,52.4,23.7,5.7,9.5,3.3,2.2,0,0,0,0,6.6,35.7,53.7,3.9,80.1,19.9,78214,80194
"721",6019001413,"06","019","001413",4605,36.728431,-119.672472,"Census Tract 14.13, Fresno County, California",268800,1300,190,6.2,3.14,2.22,34,10.2,1,0.5,17.9,13.7,19.5,2.2,1.1,0,1,5.5,46.7,36,10.8,95.9,4.1,67200,90246
"722",6019001414,"06","019","001414",7381,36.719452,-119.691442,"Census Tract 14.14, Fresno County, California",277200,2100,276,6.1,3.4,3.89,20,18.9,14.4,7,9.9,17.7,11.2,0.9,0,0,0,9,56.5,24.5,10,84,16,68155,74184
"723",6019001500,"06","019","001500",2206,36.681726,-119.729858,"Census Tract 15, Fresno County, California",184800,782,47,4.6,2.93,2.92,0.5,15.1,5,11.4,21.7,13.9,12.7,2.4,17.3,5.8,7.3,39.3,28.1,18.5,1,52.2,47.8,21677,34767
"724",6019001600,"06","019","001600",5099,36.636326,-119.668356,"Census Tract 16, Fresno County, California",239100,1579,18,5.3,3.28,3.22,10.1,4.3,5.1,16.2,16.5,15.6,9.5,3.4,19.4,2.8,3.7,26.8,46.5,18.5,1.8,50.4,49.6,38950,57982
"725",6019001700,"06","019","001700",5701,36.623761,-119.719682,"Census Tract 17, Fresno County, California",267800,1694,199,5.3,3.05,3.89,9,10.1,7.2,8.9,15.1,14,14.8,6.9,13.9,0.8,3.4,27.8,48.9,17.6,1.5,56.4,43.6,55189,64978
"726",6019001800,"06","019","001800",4615,36.655507,-119.795542,"Census Tract 18, Fresno County, California",236800,1459,132,5.5,3.05,3.61,1.1,3.3,7.4,14.5,16.4,14.9,11.9,16.1,14.3,0.5,4.9,27.4,50.2,13.3,3.6,61.6,38.4,41354,64849
"727",6019001900,"06","019","001900",2914,36.711254,-119.860243,"Census Tract 19, Fresno County, California",274500,922,93,5.4,2.92,3.74,9.8,0.3,12.3,9,12.4,12.4,25.2,12.8,6,0.8,2.1,28.1,55.1,11.2,2.8,61.9,38.1,45060,63074
"728",6019002000,"06","019","002000",6369,36.759152,-119.836163,"Census Tract 20, Fresno County, California",29100,2052,283,4.3,2.53,3.66,2.5,2.8,13.5,23.5,29.7,4.1,8.9,8.2,6.6,11.3,9.2,44,28.3,5.2,2.1,43.6,56.4,25956,35834
"729",6019002100,"06","019","002100",5419,36.758741,-119.815573,"Census Tract 21, Fresno County, California",161100,2184,137,5,3.19,2.54,0,0,0,0.9,12.3,17.9,14.3,22.5,32.2,6.8,18.5,25.5,38,9.5,1.8,49.2,50.8,35039,45783
"730",6019002200,"06","019","002200",3594,36.758192,-119.803979,"Census Tract 22, Fresno County, California",222200,1735,180,4.8,2.16,2.21,0,0,0.9,0,5.4,0.6,16.2,14.1,62.8,5.2,27.3,30.8,30.7,3,3.1,35.4,64.6,31976,43535
"731",6019002300,"06","019","002300",3624,36.756624,-119.794777,"Census Tract 23, Fresno County, California",196200,1441,152,4.3,2.88,2.25,0,0.7,0,7.1,4.2,8.4,17.8,16,45.7,9,23.5,39.8,23,3.9,0.9,39.9,60.1,34375,42428
"732",6019002400,"06","019","002400",4959,36.757227,-119.781263,"Census Tract 24, Fresno County, California",121600,1466,214,4.1,3.65,2.97,0.1,0,3.8,2.7,10.8,6.1,41.2,15.1,20,4.6,21.1,44.7,24.6,5,0,26.5,73.5,19705,28049
"733",6019002501,"06","019","002501",5098,36.76088,-119.762543,"Census Tract 25.01, Fresno County, California",110900,1474,237,4.2,4.58,3.59,0,2.4,3.5,18.7,10.9,24.5,18.9,17.1,4,1.8,12.1,66.1,13.5,4.5,2,24.9,75.1,23380,26883
"734",6019002502,"06","019","002502",5431,36.754052,-119.764467,"Census Tract 25.02, Fresno County, California",114500,1375,143,4.5,4.16,4.64,0,0.6,0.7,9.1,11.1,14.3,25.2,18,21.1,0,11.9,46.4,30.1,4.9,6.7,22.5,77.5,29333,38479
"735",6019002601,"06","019","002601",5821,36.746786,-119.76353,"Census Tract 26.01, Fresno County, California",171500,1463,129,4.7,4.02,4.31,1.8,0,6,8.1,13.9,11.6,20.6,11.3,26.7,1.4,13.5,45.8,25.9,8.5,4.9,40.9,59.1,32212,38828
"736",6019002602,"06","019","002602",3520,36.739264,-119.762496,"Census Tract 26.02, Fresno County, California",196200,1064,20,5.5,3.51,3.63,0,0,0.9,9.3,5.9,11.2,11.7,13.3,47.7,0.9,7.2,38.9,41.4,10,1.5,64.2,35.8,36595,49901
"737",6019002701,"06","019","002701",4673,36.746815,-119.745904,"Census Tract 27.01, Fresno County, California",107100,1292,71,5.1,3.49,4.16,0,0,0,6.3,9,7.5,19.3,20.5,37.5,1.9,1.2,55.1,37.2,4.6,0,62.2,37.8,32974,44162
"738",6019002702,"06","019","002702",5882,36.739143,-119.742626,"Census Tract 27.02, Fresno County, California",113800,1521,88,4.7,4.01,4.11,3.6,0,6.7,6.2,16.1,12.1,21.5,6.4,27.5,1.9,13.8,34.1,44.4,5.6,0.2,28.7,71.3,27646,33911
"739",6019002800,"06","019","002800",5205,36.756544,-119.746232,"Census Tract 28, Fresno County, California",127900,1412,202,4.5,4.41,4.06,0,0,5.6,12,15.7,16.3,23.9,18.8,7.6,3.4,12.7,47.5,28.5,5.7,2.1,26.3,73.7,24167,31449
"740",6019002903,"06","019","002903",4329,36.740052,-119.730208,"Census Tract 29.03, Fresno County, California",143000,1420,35,4.4,3.68,3.5,3.6,0,3.4,19.2,51.7,5.4,4.7,6.2,5.9,4.4,13.5,42.2,33.6,5.7,0.6,30.2,69.8,23179,31728
"741",6019002904,"06","019","002904",2897,36.746423,-119.728345,"Census Tract 29.04, Fresno County, California",168900,833,67,5.4,2.8,5.76,0,4.1,0,8.9,16.4,2.5,33.1,27.4,7.6,0,0,28.3,52.2,17.8,1.7,75.7,24.3,36343,49599
"742",6019002905,"06","019","002905",2889,36.753889,-119.72495,"Census Tract 29.05, Fresno County, California",191700,1000,183,4.2,3.44,3.2,7.1,0,3.4,22.9,29.8,12.8,17,5.8,1.2,2.7,13.1,54.5,23.1,6.6,0,29.9,70.1,24654,39935
"743",6019002906,"06","019","002906",5520,36.761175,-119.725786,"Census Tract 29.06, Fresno County, California",157800,1599,184,4.8,3.8,3.93,2.1,0,5.4,5.2,26.1,23.3,35.1,2.8,0,4.3,5.7,30.3,52.1,6.6,1,46.6,53.4,37157,45821
"744",6019003001,"06","019","003001",3175,36.755976,-119.711934,"Census Tract 30.01, Fresno County, California",162000,911,67,4.6,4.86,3.42,0,10.1,21.2,18.4,16.5,16.9,15.1,0.7,1.1,0,17.3,31.8,36.4,12.5,1.9,36.1,63.9,34593,45211
"745",6019003003,"06","019","003003",4154,36.739743,-119.709441,"Census Tract 30.03, Fresno County, California",179600,1353,53,4.4,3.33,3.34,0.7,1.2,9,13.1,43.2,15,10.9,4.6,2.3,0,9.6,55.6,27.9,6.1,0.8,21.3,78.7,30680,35296
"746",6019003004,"06","019","003004",2301,36.746836,-119.708797,"Census Tract 30.04, Fresno County, California",190800,793,29,5.4,2.97,2.77,0,0,3.2,23.8,36.7,4.9,16.1,12.4,2.9,0,2.6,26.5,64.4,6.4,0,75.9,24.1,42643,50085
"747",6019003102,"06","019","003102",7048,36.804634,-119.71729,"Census Tract 31.02, Fresno County, California",195000,2833,200,4.2,3.3,2.81,0,4.4,1.4,15.6,32.1,32.7,9.1,4.2,0.5,0.5,23.1,35.5,35,5.9,0,22.1,77.9,38212,43770
"748",6019003103,"06","019","003103",5708,36.797884,-119.720779,"Census Tract 31.03, Fresno County, California",172200,2286,257,4.6,2.47,2.29,0.6,0,5.6,9,63.9,16.1,2.3,1.9,0.7,2.1,20.3,27.7,39.2,9.4,1.3,37.2,62.8,39436,51067
"749",6019003104,"06","019","003104",3810,36.791885,-119.713982,"Census Tract 31.04, Fresno County, California",227200,1639,14,4.2,2.48,2.14,0.9,0.5,17.1,10.7,28.9,8.2,32.1,0.9,0.8,5.9,21.5,37.5,25.6,9.1,0.5,39.4,60.6,41399,49365
"750",6019003201,"06","019","003201",4398,36.776341,-119.742631,"Census Tract 32.01, Fresno County, California",140500,1533,102,4.9,3.28,3.55,0,1.7,2.1,8.5,12.2,9.2,52.2,11.7,2.4,2.7,7.1,27.5,58.4,4.2,0,52.1,47.9,33638,47222
"751",6019003202,"06","019","003202",5265,36.768489,-119.741236,"Census Tract 32.02, Fresno County, California",141000,1798,220,4.6,3.41,4.01,2.9,2.6,2.7,5.2,28.6,25.6,23.9,8.5,0,1.8,2.8,48.9,40.8,4.4,1.3,38.7,61.3,40255,42963
"752",6019003301,"06","019","003301",3507,36.775736,-119.765689,"Census Tract 33.01, Fresno County, California",158200,1219,133,5.2,3.18,4.03,0,0,0.8,1.2,1.3,13.5,72.8,10.3,0,0,7.5,25.6,60.7,6.2,0,49.8,50.2,39611,44565
"753",6019003302,"06","019","003302",4749,36.768771,-119.763874,"Census Tract 33.02, Fresno County, California",149200,1647,248,4.4,3.1,2.92,0,0,1.2,0.9,7,18,47.2,25,0.7,0,18.3,50.4,29.2,2.1,0,51.8,48.2,34180,37893
"754",6019003400,"06","019","003400",4555,36.77227,-119.778851,"Census Tract 34, Fresno County, California",146500,1591,173,4.6,3.04,3.01,1.2,1.5,2.6,2.8,1.9,5.8,43.6,22.3,18.4,4.5,16,44.9,28.3,5.6,0.7,39.6,60.4,28810,38328
"755",6019003500,"06","019","003500",5674,36.773239,-119.795628,"Census Tract 35, Fresno County, California",195800,2257,249,4.7,3.12,2.34,0,0,0,2.9,3.8,9.1,17.4,28.4,38.4,8.4,14.4,40.7,27.4,5.1,3.9,45.3,54.7,36865,48286
"756",6019003600,"06","019","003600",4009,36.772711,-119.811585,"Census Tract 36, Fresno County, California",231800,1830,100,5.8,2.23,2.55,0,0,0.6,4.8,4.9,7.7,16.7,28.2,37.2,1.8,6.2,46.1,32.2,12.7,1,69.4,30.6,58831,70876
"757",6019003701,"06","019","003701",3314,36.768737,-119.825124,"Census Tract 37.01, Fresno County, California",150500,1160,45,4.9,2.25,4.24,0,6.8,0.6,6,15.2,9,41.7,13.9,6.8,0,11.1,38.7,42.9,2,5.3,48.3,51.7,38817,41031
"758",6019003702,"06","019","003702",4933,36.776055,-119.829228,"Census Tract 37.02, Fresno County, California",192700,1738,49,4.8,2.53,3,0,0,0,4.7,25.2,20,42.8,7.4,0,1.6,7.1,43.8,42.7,4.9,0,44.3,55.7,33021,43122
"759",6019003803,"06","019","003803",8153,36.770361,-119.893158,"Census Tract 38.03, Fresno County, California",231200,2246,183,5.8,3.88,4.09,26.5,17,19.1,4.9,17.9,4.6,7.2,1.2,1.6,1.1,0,8.5,59.8,23.4,7.2,87.5,12.5,64617,81082
"760",6019003804,"06","019","003804",5531,36.777332,-119.869297,"Census Tract 38.04, Fresno County, California",187000,1636,94,5.6,3.64,3.95,12.5,7.7,15.8,47.2,13,1.7,2.1,0,0,0,0,7,76.3,10.3,6.4,75.9,24.1,68973,73161
"761",6019003805,"06","019","003805",6852,36.778736,-119.854915,"Census Tract 38.05, Fresno County, California",124000,2305,234,4.6,2.87,3.3,9.2,1.9,25.6,35.2,15.9,7.2,1.5,1.8,1.7,3.3,8.3,44.9,36,7.5,0,41,59,32565,42677
"762",6019003807,"06","019","003807",3362,36.763081,-119.852186,"Census Tract 38.07, Fresno County, California",224000,1111,89,5.2,3,3.33,2.7,9.5,13.8,27.9,7,11.3,9.5,8.6,9.9,2.7,1.8,30.6,50.2,11.5,3.2,56.1,43.9,34384,56577
"763",6019003808,"06","019","003808",5082,36.765308,-119.872465,"Census Tract 38.08, Fresno County, California",216400,1504,34,5.7,3.97,4.5,18.5,7.2,39.8,5.5,3.5,14.2,6,3.5,1.8,1.2,0,12.8,56.7,17,12.4,68.7,31.3,54875,63347
"764",6019003809,"06","019","003809",4771,36.793811,-119.87257,"Census Tract 38.09, Fresno County, California",156900,1503,168,4.8,3.31,3.06,11.2,18.2,25.5,30.3,10.4,2.1,2.3,0,0,2.3,8.3,33.1,43.2,10.4,2.9,49.4,50.6,55240,61787
"765",6019003810,"06","019","003810",5256,36.795638,-119.887997,"Census Tract 38.10, Fresno County, California",208700,1507,26,5.5,3.59,3.44,20.4,9.9,20.6,31.7,10.6,3.3,1.6,2.1,0,1.6,0,7,68.5,22,0.9,78.6,21.4,53702,57981
"766",6019003900,"06","019","003900",5804,36.724075,-120.079455,"Census Tract 39, Fresno County, California",249700,1792,369,5,2.81,3.26,1.8,4.8,3,15.5,27.8,10,18.4,2.8,15.9,1.7,5,29.8,51.4,9.9,2.2,47.6,52.4,38451,49055
"767",6019004001,"06","019","004001",7248,36.727719,-120.072061,"Census Tract 40.01, Fresno County, California",250000,2045,183,5.1,3.74,3.6,24.9,20.3,12.6,4.2,14.1,16.1,3.8,1.3,2.7,2.4,2.7,28.8,46.2,17.2,2.6,58.9,41.1,48791,71930
"768",6019004002,"06","019","004002",7129,36.72664,-120.051198,"Census Tract 40.02, Fresno County, California",197500,1991,147,4.9,3.82,4.03,10,18.2,18.9,10,17.8,15.1,4.2,5.8,0,4.8,6.2,24.4,42.8,18.9,2.8,51.1,48.9,43799,52308
"769",6019004100,"06","019","004100",3306,36.798866,-120.005276,"Census Tract 41, Fresno County, California",296600,967,111,5.7,2.74,3.46,5.1,2.4,2,12.5,20.3,13.4,8.2,11.9,24.3,2,0,24.2,51.5,22.3,0,48.8,51.2,37647,52435
"770",6019004205,"06","019","004205",5888,36.797595,-119.848523,"Census Tract 42.05, Fresno County, California",125100,2079,108,4.9,3.15,2.88,1.3,0.6,1.9,25,57,7.5,3.8,2.7,0.2,8,5.8,34.6,45.5,6.1,0,40.1,59.9,32007,36743
"771",6019004207,"06","019","004207",8115,36.811346,-119.901436,"Census Tract 42.07, Fresno County, California",292600,2208,128,5.9,3.44,3.78,40.7,15.3,11.5,10.6,14.7,1.3,2.7,1.1,2,0,0.7,18.3,34.1,38.9,8,66.9,33.1,61037,68686
"772",6019004208,"06","019","004208",7124,36.844974,-119.885309,"Census Tract 42.08, Fresno County, California",339500,2550,35,6.3,3.23,2.21,3.8,26,60.4,3.9,2.9,2.4,0,0,0.4,2.2,0,5.6,46.9,33.7,11.6,82.6,17.4,98472,120718
"773",6019004210,"06","019","004210",3480,36.831599,-119.869296,"Census Tract 42.10, Fresno County, California",276300,1545,109,4.7,3.41,2.23,19.2,6,25.6,42.8,3.1,2.8,0.5,0,0,0,27.8,25.2,27.8,15.1,4,38.1,61.9,66667,72511
"774",6019004211,"06","019","004211",6319,36.827956,-119.881296,"Census Tract 42.11, Fresno County, California",233800,2162,189,5.5,2.89,2.94,4.8,20.6,50.7,22.9,0,0,1,0,0,1.9,3.1,6.8,76.3,11.6,0.4,74.9,25.1,70698,84123
"775",6019004212,"06","019","004212",10762,36.816021,-119.867495,"Census Tract 42.12, Fresno County, California",191900,4353,436,4.4,3.02,2.5,16,20.5,27.4,23.7,11.4,0,0,0,1,10.2,13.2,31.7,32.2,12,0.8,39.4,60.6,50382,60472
"776",6019004213,"06","019","004213",3248,36.819002,-119.852224,"Census Tract 42.13, Fresno County, California",207700,1342,52,5.7,3.05,2.28,0,2.5,8.4,21.8,62.4,3.9,0,0,1,1.9,10.9,21.7,59.2,6.3,0,58.1,41.9,49052,59728
"777",6019004214,"06","019","004214",4978,36.829035,-119.854343,"Census Tract 42.14, Fresno County, California",317500,1951,75,6.3,2.92,2.95,1.1,4.9,32.6,18.8,38,2.1,2.1,0.5,0,1.1,2.3,3.2,63.3,25.1,5,78.5,21.5,81154,95874
"778",6019004215,"06","019","004215",4475,36.829864,-119.895144,"Census Tract 42.15, Fresno County, California",279000,1445,0,5.9,3.02,3.16,23.7,8.7,46.4,11.2,0.8,3,4.4,1.9,0,0,3.4,4,63.7,21.2,7.8,81.4,18.6,84241,90791
"779",6019004216,"06","019","004216",2629,36.840372,-119.900736,"Census Tract 42.16, Fresno County, California",256300,907,39,5.7,2.86,4.2,4.4,8,77.4,6.1,0,0,0,3.2,0.9,0,0,3.2,64.3,32.5,0,72.6,27.4,73450,85252
"780",6019004301,"06","019","004301",3853,36.843137,-119.840845,"Census Tract 43.01, Fresno County, California",579300,1687,63,7.3,2.5,2.73,4.7,3.1,28.4,39.1,17.5,7.2,0,0,0,4,0,12.1,31.1,40.1,12.7,86.6,13.4,127533,178587
"781",6019004302,"06","019","004302",4848,36.830341,-119.830334,"Census Tract 43.02, Fresno County, California",375200,2121,73,7.2,2.51,3.06,1.4,0.5,10.9,17.9,54.5,12,2.1,0.7,0,0,2.7,6.2,55.3,27.9,7.9,82.5,17.5,87756,120221
"782",6019004303,"06","019","004303",4162,36.815655,-119.830591,"Census Tract 43.03, Fresno County, California",372300,1945,149,6.4,2.26,1.5,0,2.6,8.1,10.1,29.8,26.8,20.9,0.8,0.9,2.6,4.5,22.4,42.1,26.8,1.5,83.7,16.3,64211,99337
"783",6019004404,"06","019","004404",3556,36.843709,-119.796915,"Census Tract 44.04, Fresno County, California",154400,1261,69,4,5.11,3.02,1.9,7.4,19.3,27.8,14.3,3.9,12.5,8.2,4.8,14.5,15.1,44.7,15.5,6.3,3.8,13.2,86.8,38370,42102
"784",6019004405,"06","019","004405",4040,36.858105,-119.773929,"Census Tract 44.05, Fresno County, California",364600,1573,84,6.9,2.57,3.11,1.7,3.8,11.4,60.6,19.6,0.8,0,1.5,0.4,0,1.1,8.8,46.3,39.2,4.6,85.4,14.6,88456,113792
"785",6019004406,"06","019","004406",5211,36.846056,-119.774661,"Census Tract 44.06, Fresno County, California",213700,2476,168,4.4,2.16,2.18,0,5.2,12.7,33.2,39.5,8.1,0.8,0,0.5,1.8,16.2,40.6,36.5,4.8,0,46.4,53.6,60445,63382
"786",6019004408,"06","019","004408",3517,36.856926,-119.796962,"Census Tract 44.08, Fresno County, California",429700,1821,116,4.6,2.9,2.27,5.7,2.8,32.9,43.8,11.4,0.7,0,0,2.7,5.8,7.7,42.3,27.7,13.1,3.5,32.5,67.5,67518,85578
"787",6019004409,"06","019","004409",3486,36.841413,-119.816701,"Census Tract 44.09, Fresno County, California",302400,1486,78,5.6,2.62,2.59,0,12.9,6.9,39.8,37.5,0.7,2.2,0,0,7.2,6.3,26.5,44.1,14.8,1,55.1,44.9,63026,83026
"788",6019004503,"06","019","004503",4723,36.829857,-119.807672,"Census Tract 45.03, Fresno County, California",287600,2165,76,5.9,2.3,1.94,0,0,5.1,31.6,30.8,30.6,0.7,0,1.2,1.2,8.5,28.4,43.4,15.1,3.6,62,38,65220,84819
"789",6019004504,"06","019","004504",4762,36.83038,-119.791913,"Census Tract 45.04, Fresno County, California",86500,2248,114,4.8,2.55,2.46,1.1,0.6,19.2,13.8,37.9,17.9,8.1,0.6,0.9,0,6.7,59.1,28.8,5.4,0,37.3,62.7,40255,49762
"790",6019004505,"06","019","004505",4866,36.814709,-119.787487,"Census Tract 45.05, Fresno County, California",232000,2191,246,4.2,2.07,2.24,4.9,1.4,4.2,14.1,40,10.8,16,7,1.6,2.9,22,50,19.6,4.7,0.7,27.2,72.8,32368,43634
"791",6019004506,"06","019","004506",3158,36.81628,-119.807415,"Census Tract 45.06, Fresno County, California",298000,1613,82,5.9,2.37,2.09,0,3,3.3,6.6,20.3,38.7,26.1,1.4,0.6,0,5.8,30.9,46.2,14.8,2.3,72.6,27.4,68036,103905
"792",6019004601,"06","019","004601",2641,36.802958,-119.824869,"Census Tract 46.01, Fresno County, California",215000,1195,38,5.7,2.4,2.22,0,0,2.8,4.7,36.2,27.4,25.9,1.1,2,0,0,26.9,64.5,8.6,0,67.2,32.8,40590,54925
"793",6019004602,"06","019","004602",2555,36.801488,-119.809247,"Census Tract 46.02, Fresno County, California",372400,1142,24,6.6,2.33,2.88,2.5,1.8,0.9,3.2,10.6,14.6,28.9,29.5,7.9,0,4.6,21.5,42.1,27,4.8,73.7,26.3,62222,118951
"794",6019004701,"06","019","004701",6682,36.799815,-119.836496,"Census Tract 47.01, Fresno County, California",140100,2565,430,4.9,2.88,3.3,0.9,1,4.1,16.1,58.2,14.3,2.1,3.4,0,1.9,10.7,35.9,49.4,2.2,0,56.5,43.5,35451,43383
"795",6019004703,"06","019","004703",4218,36.789821,-119.835793,"Census Tract 47.03, Fresno County, California",157900,1342,32,5.2,3.27,3.15,0,0,0,7.1,18.9,32.8,32.8,7.2,1.2,2.1,4.6,19.1,68,6.3,0,55.4,44.6,40640,45177
"796",6019004704,"06","019","004704",5212,36.782909,-119.836117,"Census Tract 47.04, Fresno County, California",149000,1691,139,4.4,3.43,3.31,0.3,0,9,7,21.4,16.6,35.4,10.3,0,9.5,8.6,37.8,37.2,5,2,32.5,67.5,28245,35610
"797",6019004801,"06","019","004801",4604,36.785399,-119.812788,"Census Tract 48.01, Fresno County, California",186300,1662,150,4.3,2.14,3.24,0,1,12.9,11.3,11.5,8.2,36.3,14.4,4.3,9.3,11.3,55.7,21.1,1.7,0.9,32,68,24477,34315
"798",6019004802,"06","019","004802",4599,36.787914,-119.822163,"Census Tract 48.02, Fresno County, California",167300,1683,0,4.2,3.59,2.88,0,0,12.8,0.5,38.9,7,36.9,4,0,10,11.6,47.8,23.9,6.6,0,26.1,73.9,26190,37127
"799",6019004901,"06","019","004901",4052,36.786203,-119.796336,"Census Tract 49.01, Fresno County, California",198100,1680,74,4.5,2.3,3.04,2.4,0.7,6.8,5,5.8,18.2,28.4,14.9,17.9,5.5,9.3,49.3,30.7,3.5,1.6,46.2,53.8,33859,43319
"800",6019004902,"06","019","004902",1985,36.790042,-119.809088,"Census Tract 49.02, Fresno County, California",251900,749,174,5.5,2.86,3.45,0,0,5.5,16.4,9.1,0,41.9,19.8,7.3,3.1,17.9,29.5,42.9,6.7,0,76.5,23.5,76280,88372
"801",6019005000,"06","019","005000",3917,36.800818,-119.788655,"Census Tract 50, Fresno County, California",188600,1611,223,5.6,2.67,2.64,0,1.8,0.6,1.7,7.8,14,68.3,4.3,1.4,1.8,4.2,27.1,44.3,20.7,1.8,62.6,37.4,47974,66214
"802",6019005100,"06","019","005100",5723,36.787616,-119.781842,"Census Tract 51, Fresno County, California",189300,2268,329,4.6,2.94,2.59,0,0,0,4.1,17.5,18.7,49.1,10.7,0,11.1,12.9,30.4,41.8,3.6,0.3,37.3,62.7,29837,38687
"803",6019005202,"06","019","005202",3619,36.783372,-119.747655,"Census Tract 52.02, Fresno County, California",147800,1292,113,4.3,2.72,3.49,1.7,4.3,0.9,8.5,27.6,18.8,27.2,9.4,1.5,10.3,19.6,33.4,26.5,6,4.3,33.3,66.7,27564,37767
"804",6019005203,"06","019","005203",4519,36.783764,-119.76342,"Census Tract 52.03, Fresno County, California",165800,1693,52,5,2.91,3.07,0.8,2.4,0.9,4.9,21.1,19,49.1,1.8,0,1.5,8.2,36.6,51.1,2.7,0,53.2,46.8,43417,43493
"805",6019005204,"06","019","005204",4105,36.790486,-119.762954,"Census Tract 52.04, Fresno County, California",196300,1444,38,5,2.52,3.8,0,0,0.8,1.6,21.5,23.5,50.6,0.9,1.1,2,9.2,27.5,51.3,7,3,36.6,63.4,40435,44256
"806",6019005301,"06","019","005301",5740,36.797605,-119.768313,"Census Tract 53.01, Fresno County, California",165100,1965,95,5.5,2.59,3.5,2.5,1.1,1.7,5.3,13.6,21.2,46.4,8.1,0,2.7,6.3,9.7,67.5,13,0.9,55.3,44.7,41322,52613
"807",6019005302,"06","019","005302",5208,36.804896,-119.763616,"Census Tract 53.02, Fresno County, California",206600,2116,92,4.3,2.45,2.8,0.4,0,0.5,4.6,36.6,36.4,17.3,0.8,3.4,6.1,14.5,40.2,32.4,5.9,0.9,33.3,66.7,32939,47045
"808",6019005304,"06","019","005304",5305,36.805476,-119.742083,"Census Tract 53.04, Fresno County, California",212600,2336,154,4.1,2.36,2.37,2.4,0.7,3.7,31.1,24.9,22.1,4.4,8.3,2.4,6.3,20.2,40.6,25.5,6,1.4,31.5,68.5,32461,46639
"809",6019005305,"06","019","005305",3635,36.798425,-119.74323,"Census Tract 53.05, Fresno County, California",203100,1210,139,5.4,2.81,3.39,1.2,2,1.4,5.4,24.2,45.8,16.8,0.7,2.6,7.7,0,16.6,63.2,12.5,0,58.8,41.2,42558,55360
"810",6019005403,"06","019","005403",4171,36.812425,-119.762576,"Census Tract 54.03, Fresno County, California",145900,1652,118,4,2.45,2.67,0,1.9,9.1,13.7,30.3,32.6,11.8,0,0.7,5.3,23.1,45.6,15.3,9.5,1.2,15.3,84.7,19329,31772
"811",6019005405,"06","019","005405",4145,36.826853,-119.769324,"Census Tract 54.05, Fresno County, California",253000,1658,106,6.3,2.66,3.08,1,0,2.5,11.3,41.9,39.4,2.9,0.6,0.4,2.1,5.6,9,51.6,29.7,2.1,68.4,31.6,65962,75164
"812",6019005406,"06","019","005406",3899,36.833381,-119.766796,"Census Tract 54.06, Fresno County, California",227100,1527,47,6.1,2.57,3.39,0,0,0,4.4,77.2,15.3,2.5,0,0.7,0,2.2,2.6,79,15.6,0.7,70.5,29.5,60370,75823
"813",6019005407,"06","019","005407",3139,36.833983,-119.744396,"Census Tract 54.07, Fresno County, California",245900,1265,124,6.1,2.71,3,0.9,0.9,5.1,20.3,66.1,4.5,0.6,0,1.6,0,4.3,19.1,56.9,19.7,0,68.8,31.2,68029,81523
"814",6019005408,"06","019","005408",1276,36.812376,-119.745311,"Census Tract 54.08, Fresno County, California",NA,57,0,5.8,NA,3.51,50.9,22.8,8.8,0,0,17.5,0,0,0,0,38.6,0,8.8,52.6,0,0,100,87721,76674
"815",6019005409,"06","019","005409",3560,36.819314,-119.759054,"Census Tract 54.09, Fresno County, California",220900,1597,59,4.5,2.11,2.88,4.5,5.3,6.3,17.4,20.6,32.7,13.2,0,0,3.1,17.6,31.7,30.6,16.8,0.1,27,73,32056,43918
"816",6019005410,"06","019","005410",3298,36.816626,-119.777197,"Census Tract 54.10, Fresno County, California",245800,1273,123,5.3,2.68,2.84,0,0,0,0,41.6,48.1,8.2,2.2,0,0,10.1,30.1,57,2.9,0,49.5,50.5,40243,51610
"817",6019005503,"06","019","005503",4254,36.888922,-119.767332,"Census Tract 55.03, Fresno County, California",307800,1897,109,5.8,2.51,1.76,13.4,16.9,25.5,30.4,12.2,1.6,0,0,0,0.6,11.8,16.1,43.6,21.6,6.4,75.7,24.3,77500,118577
"818",6019005504,"06","019","005504",2295,36.886874,-119.742978,"Census Tract 55.04, Fresno County, California",344300,772,28,6,3.34,2.94,5.7,30.3,58.2,5.3,0,0.5,0,0,0,0,0,11,59.8,19.6,9.6,79.3,20.7,95234,105399
"819",6019005505,"06","019","005505",6613,36.87412,-119.73848,"Census Tract 55.05, Fresno County, California",329200,2275,76,6.2,3.22,3.62,2.6,51.5,42.3,3.1,0.4,0,0,0,0,0.4,0,0.5,54.6,25.5,19,86.9,13.1,113218,134102
"820",6019005507,"06","019","005507",5732,36.859275,-119.756029,"Census Tract 55.07, Fresno County, California",319300,2274,235,6.1,3.04,2.7,1.7,5.2,43.5,44.6,3.9,0,0.5,0,0.5,0,7.6,7.8,47.8,31.4,5.5,71.8,28.2,79271,94686
"821",6019005508,"06","019","005508",5796,36.85914,-119.738778,"Census Tract 55.08, Fresno County, California",356100,2152,59,6.5,2.99,3.01,18.8,38,39.8,2.7,0,0,0,0.7,0,0.5,0.7,17.6,31.7,33.9,15.6,71,29,102019,111100
"822",6019005509,"06","019","005509",4678,36.845135,-119.741193,"Census Tract 55.09, Fresno County, California",298500,1726,98,5.8,3.01,3.24,15.9,11.9,51.8,17.1,0.6,0.5,2.2,0,0,0,2.3,18.3,40.8,31.7,6.8,58.3,41.7,65200,78740
"823",6019005510,"06","019","005510",4997,36.845597,-119.755696,"Census Tract 55.10, Fresno County, California",285100,2415,198,4.9,2.64,1.85,0.6,9.5,30,50.4,3.5,3.2,2.8,0,0,7.7,16.6,20.4,42.7,11.9,0.7,50.4,49.6,54418,70429
"824",6019005512,"06","019","005512",4824,36.8462,-119.680678,"Census Tract 55.12, Fresno County, California",305200,1669,61,6,3.2,2.77,10.9,25.6,48.4,6.6,7.1,1.4,0,0,0,0,4.6,9.2,48.8,29.8,7.5,73,27,91481,97333
"825",6019005513,"06","019","005513",2952,36.845537,-119.703908,"Census Tract 55.13, Fresno County, California",358600,948,40,7.2,3.21,2.95,9.9,6.8,72.7,5.4,2.7,0.2,0.6,0,1.7,0,5.4,11.1,33,38.4,12.1,77.1,22.9,99038,112176
"826",6019005514,"06","019","005514",3961,36.846772,-119.720514,"Census Tract 55.14, Fresno County, California",330900,1346,58,6.2,3.01,2.06,4.5,16.4,72.9,4.7,0,1,0.5,0,0,2.5,8.7,6.9,45.6,29.6,6.6,72.9,27.1,72167,83471
"827",6019005515,"06","019","005515",1653,36.934222,-119.70506,"Census Tract 55.15, Fresno County, California",680500,638,45,6,2.77,1.86,12.2,18.2,8.2,23.7,25.5,2.5,0,0.6,9.1,4.4,4.4,17.2,32.4,25.9,15.7,85.7,14.3,108681,151126
"828",6019005516,"06","019","005516",5527,36.870332,-119.763942,"Census Tract 55.16, Fresno County, California",318400,2810,482,4.8,2.43,1.96,11.2,11.3,43.6,32.8,0,0.5,0,0.5,0,3.9,13.6,32.7,26,22.5,1.3,47.4,52.6,74485,93033
"829",6019005517,"06","019","005517",7487,36.883461,-119.756535,"Census Tract 55.17, Fresno County, California",499600,2668,213,7.1,3.06,3.13,14.4,21.9,55.5,1.9,3.4,1.9,1,0,0,0,2.4,8,34,47.6,8,80.8,19.2,105856,174412
"830",6019005518,"06","019","005518",2753,36.862341,-119.644286,"Census Tract 55.18, Fresno County, California",353800,883,0,7,3.11,3.06,68.3,22.7,1.4,0,2.5,5.2,0,0,0,0,0,8.6,36,40.4,14.9,90.8,9.2,82146,103025
"831",6019005520,"06","019","005520",2698,36.86092,-119.667607,"Census Tract 55.20, Fresno County, California",425500,725,31,7.1,3.4,3.74,15.2,82.8,0,1.7,0.4,0,0,0,0,3.6,1.5,2.6,21.5,46.1,24.7,95.1,4.9,116750,141865
"832",6019005522,"06","019","005522",4467,36.861422,-119.697996,"Census Tract 55.22, Fresno County, California",395200,1384,151,6.8,3.03,4.05,50.9,28,5.6,4.7,3.5,2.5,2.3,0.4,2.1,0,0,5.3,47.7,29.9,17.1,88.2,11.8,126123,136486
"833",6019005524,"06","019","005524",4571,36.861058,-119.720851,"Census Tract 55.24, Fresno County, California",374400,1599,69,6.7,2.64,2.65,13.8,69.4,9.9,3.2,1.3,0,0,2.4,0,0,0,18.6,34,38.8,8.6,81,19,115242,118122
"834",6019005525,"06","019","005525",1244,36.881496,-119.689243,"Census Tract 55.25, Fresno County, California",388900,480,9,6.7,2.58,3.23,16.7,4,13.1,5.2,39.4,19.2,0,2.5,0,0,0,22.9,42.9,21.7,12.5,76.4,23.6,79420,105338
"835",6019005602,"06","019","005602",5467,36.821237,-119.706594,"Census Tract 56.02, Fresno County, California",173400,2372,245,3.9,3.01,2.05,9,7.5,9.3,15.1,19.6,13.1,18.8,0.9,6.8,1.6,26.8,45.1,20.1,5.4,1,23.5,76.5,35927,49133
"836",6019005605,"06","019","005605",1470,36.83182,-119.732467,"Census Tract 56.05, Fresno County, California",276400,532,22,6.5,2.65,3.58,0,0,4.7,15.4,67.5,9.6,2.8,0,0,0,1.5,0,77.6,19,1.9,78.8,21.2,79750,84512
"837",6019005606,"06","019","005606",3847,36.829689,-119.721597,"Census Tract 56.06, Fresno County, California",325200,1392,76,5.9,3.27,2.4,5.4,10.9,21.5,27.4,18.7,5,8.3,2.7,0,1.4,0.9,20.6,45.5,25.4,6.2,74.8,25.2,73468,78191
"838",6019005607,"06","019","005607",3993,36.818155,-119.716384,"Census Tract 56.07, Fresno County, California",66700,1935,127,3.9,1.83,2.23,0.9,1,6.7,28.3,46.6,11.4,0.7,3.1,1.3,6.7,14,73.2,3.8,2.4,0,17.9,82.1,30332,38418
"839",6019005608,"06","019","005608",3064,36.812542,-119.717633,"Census Tract 56.08, Fresno County, California",117600,1469,122,5,2.16,2.61,0,2.7,6.8,11.8,37.9,31.9,8.4,0,0.5,0,7.8,36.8,47.1,8.3,0,62.8,37.2,37744,46977
"840",6019005701,"06","019","005701",3697,36.829318,-119.690931,"Census Tract 57.01, Fresno County, California",206500,1421,58,5.2,2.82,2.65,0,4.3,19.5,22.4,20.8,13,8.8,3.8,7.5,0,4.9,30.9,48.8,14.9,0.5,55.2,44.8,48226,55418
"841",6019005702,"06","019","005702",5243,36.829967,-119.672537,"Census Tract 57.02, Fresno County, California",263100,1859,160,6.3,2.88,2.51,11.6,6.9,32.1,32.9,12.3,2.4,0.6,0,1.2,0,1.3,8,59.2,29,2.5,88.8,11.2,83486,89233
"842",6019005703,"06","019","005703",5176,36.815916,-119.67174,"Census Tract 57.03, Fresno County, California",290500,1846,116,6.3,2.89,2.77,0,1.1,50.3,33.3,13.4,0.8,0,1.1,0,0,0,3.7,58.3,32.4,5.5,89.6,10.4,93925,97634
"843",6019005704,"06","019","005704",5542,36.816358,-119.690261,"Census Tract 57.04, Fresno County, California",215700,1863,151,5.2,3.09,3.5,1,3.1,7.7,14.4,55.3,3.4,10.8,3.3,1.1,1.8,2.8,26,56.3,12.8,0.3,54.6,45.4,51552,63906
"844",6019005801,"06","019","005801",4856,36.800556,-119.689446,"Census Tract 58.01, Fresno County, California",193300,1870,57,5.3,2.75,2.82,8.3,1.8,5.5,36.7,26.5,9.2,12,0,0,0.6,6.5,8,75.3,9,0.6,67.6,32.4,55868,72187
"845",6019005802,"06","019","005802",4195,36.800409,-119.673441,"Census Tract 58.02, Fresno County, California",345000,1472,92,6.8,2.8,3.81,6.3,17.7,33.4,20.6,19,0,0.4,2.3,0.5,0,1.2,8.1,32.7,49,9,84.4,15.6,75536,88597
"846",6019005804,"06","019","005804",6626,36.786448,-119.689657,"Census Tract 58.04, Fresno County, California",184400,2202,212,5.3,3.22,3.51,0.8,0.7,17.1,23.3,36.6,14.1,5.5,1.9,0.1,0,1.3,10.7,79.1,8.1,0.8,80.3,19.7,60833,63798
"847",6019005805,"06","019","005805",3798,36.78009,-119.673377,"Census Tract 58.05, Fresno County, California",282000,1086,149,6.1,2.91,5.06,71.6,7.1,3,0,6.5,7.9,1.4,2.4,0,0,1.7,4.1,48.5,37.9,7.7,96.2,3.8,83705,86715
"848",6019005904,"06","019","005904",4192,36.756923,-119.646277,"Census Tract 59.04, Fresno County, California",366400,1367,209,5.9,3.24,4.22,18.9,10.4,10.6,8.5,15.1,15.8,5.6,5.5,9.6,0,2.6,18.9,45.9,28.5,4.2,79.8,20.2,83949,112321
"849",6019005905,"06","019","005905",6809,36.79263,-119.586281,"Census Tract 59.05, Fresno County, California",415100,2450,177,6.8,3.1,2.9,11.7,19.4,11.7,12.8,27.6,8.9,4.4,1.5,2.1,0,6.5,6.9,48.7,31.2,6.7,88.5,11.5,96756,121829
"850",6019005906,"06","019","005906",2240,36.77872,-119.527835,"Census Tract 59.06, Fresno County, California",413500,956,151,6.5,2.85,1.88,1.4,7.8,13.7,14.5,29.4,4.1,11.2,9.4,8.5,4.1,4.5,16,47.8,21.7,6,82.7,17.3,97841,97433
"851",6019005907,"06","019","005907",3095,36.823891,-119.659915,"Census Tract 59.07, Fresno County, California",329500,1005,111,6.2,3.36,3.78,22.2,48.2,28.1,0,1.6,0,0,0,0,2.3,0,7.4,38.6,40.5,11.2,67.7,32.3,88098,95589
"852",6019005909,"06","019","005909",4627,36.807588,-119.656361,"Census Tract 59.09, Fresno County, California",296700,1392,92,6.8,3.54,3.53,44.3,35.3,18.6,0.6,0.1,0,1.1,0,0,0,0,0,39.7,40,20.3,80.5,19.5,85543,92123
"853",6019005911,"06","019","005911",3386,36.795182,-119.656822,"Census Tract 59.11, Fresno County, California",342500,1172,86,6.6,3.29,1.61,22,52.4,12.6,3.6,2.3,1.2,4.7,0,1.2,0,0,6,34.8,46,13.2,98.3,1.7,94022,93507
"854",6019005912,"06","019","005912",3280,36.829428,-119.632066,"Census Tract 59.12, Fresno County, California",426500,1261,206,6.7,3.13,3.77,7,6.3,14.1,25.1,28.5,11,2.5,0.9,4.6,2.8,0,10.1,42.7,36.8,7.6,95.8,4.2,121477,124380
"855",6019006000,"06","019","006000",8895,36.711648,-119.568263,"Census Tract 60, Fresno County, California",185500,2973,129,5.3,3.24,2.93,15.4,17.4,7,14.2,13.1,10.8,6.6,7.1,8.4,1.1,10.1,24.5,45.3,17.1,1.9,54.4,45.6,54361,60112
"856",6019006100,"06","019","006100",7536,36.696447,-119.566553,"Census Tract 61, Fresno County, California",170700,2128,135,5.1,3.61,4.1,19.2,4.8,1,12.1,14.7,18.8,10.6,10.2,8.6,1.7,4,25.7,46.7,16.8,5,60.7,39.3,41463,57961
"857",6019006201,"06","019","006201",2608,36.696104,-119.546439,"Census Tract 62.01, Fresno County, California",156300,642,87,5.2,2.63,5.51,28.5,0,2.5,32.9,9.2,12.5,7.9,6.5,0,2.8,16.8,23.5,31.3,25.5,0,41.1,58.9,34242,38427
"858",6019006202,"06","019","006202",6807,36.709639,-119.5482,"Census Tract 62.02, Fresno County, California",168200,1773,30,5.1,3.72,4.55,0.9,10.1,17.8,25.3,9.6,9,12.2,6.2,8.9,2,5.6,20,53.3,17.2,2,54,46,33341,48183
"859",6019006300,"06","019","006300",7254,36.64079,-119.431806,"Census Tract 63, Fresno County, California",273900,2431,306,5.8,3.32,3.43,15.1,9.8,14.7,6.4,20.9,14.3,4.9,3.5,10.5,1.7,0.7,20.3,51,21.4,4.9,69.6,30.4,71305,83790
"860",6019006402,"06","019","006402",2973,37.057382,-119.363289,"Census Tract 64.02, Fresno County, California",314100,3862,2651,5.2,2.55,3.34,3.1,6.8,19.2,21.1,16.7,9.7,7.9,4.1,11.3,1.5,6.5,25.9,46.4,17.7,2,74.1,25.9,63922,84403
"861",6019006403,"06","019","006403",6304,36.72221,-119.185904,"Census Tract 64.03, Fresno County, California",211800,3282,1085,5.1,2.67,2.52,11.3,2.8,27.5,18.3,22.5,7.8,2.6,0.9,6.3,3.7,8.9,38.1,36.5,12.2,0.6,74.7,25.3,58750,59707
"862",6019006404,"06","019","006404",4909,36.952157,-119.459062,"Census Tract 64.04, Fresno County, California",414800,2094,305,6.2,2.93,3.21,8.9,12.5,15.9,30.7,14.7,2.7,6.7,5.6,2.3,1.1,1.8,14.9,49.2,25.8,7.2,89.4,10.6,83877,99402
"863",6019006405,"06","019","006405",4795,37.033412,-119.538189,"Census Tract 64.05, Fresno County, California",282800,1933,243,5.5,2.49,3.02,1.7,8.4,21.8,19.1,37.6,6.8,0,2.5,2.1,4,7.1,27.7,42.3,17.7,1.1,85.1,14.9,73750,88773
"864",6019006501,"06","019","006501",6662,36.618561,-119.327036,"Census Tract 65.01, Fresno County, California",180200,1555,30,4.8,4.68,4.03,18.5,13.6,19.7,3.7,12.1,7.8,2.8,6.6,15.2,1.9,7.8,25.6,52.9,9.6,2.2,41.8,58.2,27674,34132
"865",6019006502,"06","019","006502",4159,36.628884,-119.313735,"Census Tract 65.02, Fresno County, California",162900,1161,51,5.1,3.54,3.75,5.8,15.4,7.8,10.3,8.7,27.8,9.7,4,10.4,5.1,3.2,25.5,56.8,9.4,0,43.3,56.7,27772,41442
"866",6019006602,"06","019","006602",5597,36.594621,-119.440757,"Census Tract 66.02, Fresno County, California",168400,1520,94,4.8,3.74,3.78,1.4,1.3,4.7,20.8,16.8,1.4,24.3,8.3,20.9,0.3,13.5,33.8,43.4,6.4,2.7,41.4,58.6,28784,38042
"867",6019006603,"06","019","006603",2047,36.606944,-119.453226,"Census Tract 66.03, Fresno County, California",207800,675,147,5.1,3.32,4.17,1.5,1.8,4.3,27.1,17.2,25.2,8.6,2.8,11.6,5,2.1,30.1,57.2,5.6,0,79.7,20.3,72750,73922
"868",6019006604,"06","019","006604",7959,36.603635,-119.438126,"Census Tract 66.04, Fresno County, California",181600,1925,65,5,4.19,4.12,2.5,9,26,22.5,18.4,11,4.8,3.4,2.3,2,2.2,38.9,41.7,12.8,2.3,53.3,46.7,42500,52524
"869",6019006700,"06","019","006700",6304,36.588014,-119.455127,"Census Tract 67, Fresno County, California",194900,2057,102,5.7,2.94,3.73,6.9,10.6,16.9,10.2,17.1,14.5,9.3,6.4,8.1,0.6,3.4,32.7,44.8,11.6,7,69.3,30.7,43125,60510
"870",6019006802,"06","019","006802",4019,36.607769,-119.515957,"Census Tract 68.02, Fresno County, California",160500,1101,158,4.9,3.24,3.85,11.3,0.9,11.4,4.9,15.8,15.8,8.5,7.9,23.5,2.5,13.9,19.1,41.3,17.6,5.5,55.1,44.9,43487,59160
"871",6019006900,"06","019","006900",3170,36.651706,-119.580735,"Census Tract 69, Fresno County, California",220500,901,9,5.5,3.79,4.36,10.8,3.3,11.2,14.3,12,8.4,20.6,2.9,16.4,2.8,4.2,11.2,58.2,17.3,6.3,66.1,33.9,46125,57694
"872",6019007002,"06","019","007002",4514,36.570592,-119.609224,"Census Tract 70.02, Fresno County, California",213900,1377,16,4.8,2.81,3.31,1.4,0,9.8,6.4,24.6,10.7,15.6,13.3,18.2,0.7,13.9,40.5,39.8,3.1,2,43,57,34507,45424
"873",6019007003,"06","019","007003",7750,36.586436,-119.621095,"Census Tract 70.03, Fresno County, California",208600,2252,158,5.5,3.64,3.9,7.1,14,18.7,10.8,22,12.9,10.7,0.9,3.1,1.5,6.3,6.7,63.5,20.7,1.2,66.1,33.9,51770,60736
"874",6019007004,"06","019","007004",5520,36.581371,-119.603284,"Census Tract 70.04, Fresno County, California",220600,1817,120,5.8,3.15,3.45,10.6,10.6,30.9,12.1,16.6,8.1,8.5,0,2.7,2.6,1.2,27.8,40.5,24.8,3.1,75.8,24.2,55425,69831
"875",6019007100,"06","019","007100",7904,36.563932,-119.620693,"Census Tract 71, Fresno County, California",214900,2012,169,5,3.77,4.58,2.2,11.4,23.9,6.3,11.4,7,9.6,10.1,18.1,0.4,9.6,28.9,40.7,17.5,2.8,52.5,47.5,33957,43792
"876",6019007201,"06","019","007201",7671,36.527618,-119.547702,"Census Tract 72.01, Fresno County, California",290600,2731,300,5.7,3.18,2.83,1.6,6.7,19.1,13,16.3,16.1,7.4,9.7,10,0.5,10.7,27.2,39.6,16.7,5.2,58.2,41.8,52028,72898
"877",6019007202,"06","019","007202",5109,36.511965,-119.563495,"Census Tract 72.02, Fresno County, California",194400,1688,90,5.2,3.35,3.34,7.1,21.9,13.8,24.3,17.8,7,3.1,2,3.1,0.2,5.4,18.4,61.8,13.9,0.2,67.5,32.5,57841,60825
"878",6019007300,"06","019","007300",4869,36.540241,-119.676608,"Census Tract 73, Fresno County, California",322200,1481,174,5.2,3.4,3.97,6.3,3.4,12.8,10.5,10.9,10.4,18.3,10,17.4,0.6,6.1,30.2,47.4,13.2,2.4,51.3,48.7,47396,62448
"879",6019007400,"06","019","007400",3548,36.441358,-119.708836,"Census Tract 74, Fresno County, California",195000,983,46,5.2,3.17,3.38,0,0,7.9,21.6,23.5,8,4.1,11.8,23.1,0,3.9,23.4,61.5,9.4,1.8,53.7,46.3,45478,58469
"880",6019007500,"06","019","007500",5287,36.537917,-119.833046,"Census Tract 75, Fresno County, California",248100,1451,193,5.4,3.46,4.86,1.4,0.1,12.5,16.9,19.6,17,12.4,6.1,13.9,0.7,7.8,22.3,46.1,19.4,3.7,53.2,46.8,44146,57847
"881",6019007600,"06","019","007600",4806,36.591599,-119.884542,"Census Tract 76, Fresno County, California",279900,1392,98,5.2,2.88,4.38,2.7,5.7,12,13,21.6,13.2,8.8,7,16,0.3,3.4,30.4,50.6,13,2.3,36.7,63.3,37881,50421
"882",6019007700,"06","019","007700",5599,36.433991,-119.872346,"Census Tract 77, Fresno County, California",171100,1644,39,5.2,3.3,4.5,3,9.2,16.4,7.8,14.2,16.9,13,7.8,11.7,1.3,1.4,24.9,61.3,10.4,0.7,53.7,46.3,43472,51362
"883",6019007801,"06","019","007801",2722,36.19378,-120.094137,"Census Tract 78.01, Fresno County, California",141100,537,26,4.9,3.69,4.29,13.4,11.4,27.2,10.2,26.8,1.5,4.7,2.4,2.4,11.7,7.8,14,47.5,19,0,39.1,60.9,43116,42476
"884",6019007802,"06","019","007802",5269,36.234145,-120.107514,"Census Tract 78.02, Fresno County, California",123300,1438,138,4.6,5.45,4.25,6,10.8,15.5,23.4,15.2,7,7.2,5.6,9.4,1.4,16.1,29.2,36.8,9.4,7.2,12.2,87.8,22123,29317
"885",6019007901,"06","019","007901",5652,36.129976,-120.250498,"Census Tract 79.01, Fresno County, California",NA,0,0,NA,NA,NA,NA,NA,NA,NA,NA,NA,NA,NA,NA,NA,NA,NA,NA,NA,NA,NA,NA,NA,NA
"886",6019007902,"06","019","007902",2742,36.182823,-120.327187,"Census Tract 79.02, Fresno County, California",171700,830,53,4.8,3.47,3.47,7.6,16,23.3,21.1,11.3,6.4,2.9,7.6,3.9,2.9,7.5,32.5,45.8,10,1.3,48.6,51.4,47257,73502
"887",6019008000,"06","019","008000",5277,36.143619,-120.365728,"Census Tract 80, Fresno County, California",187300,1532,122,5.3,2.42,3.22,3.1,3.9,8.6,15.8,17.4,17.5,15.8,7.2,10.8,0,9.7,25.7,59.6,4.5,0.5,56.3,43.7,49406,64480
"888",6019008100,"06","019","008100",5691,36.140412,-120.353407,"Census Tract 81, Fresno County, California",193800,1640,132,4.8,3.29,2.75,6.1,7.1,14.9,27.8,10.8,9.3,7.1,7.4,9.5,2.6,9.9,35,37.9,12.1,2.6,50.8,49.2,41336,55933
"889",6019008200,"06","019","008200",6978,36.596485,-120.217314,"Census Tract 82, Fresno County, California",162900,1860,205,4.9,4.06,4.35,1.5,1.6,17,12.6,23.6,11.6,9.8,13,9.5,2.3,9.2,21.9,52.3,12.6,1.6,45.7,54.3,25894,35516
"890",6019008301,"06","019","008301",5989,36.764465,-120.382034,"Census Tract 83.01, Fresno County, California",134800,1417,72,4.9,4.43,4.5,11.4,8.3,10.1,22.9,21.9,13.8,2.2,3.6,5.9,5.9,3.8,17.9,52.7,13.8,5.9,47.1,52.9,34193,39122
"891",6019008302,"06","019","008302",6562,36.735784,-120.403388,"Census Tract 83.02, Fresno County, California",166300,1736,210,4.8,4.29,3.57,15,12,5.6,4.6,20.2,17.7,12.8,3,9.2,3.9,15,19.2,50.7,11.2,0,43.3,56.7,23239,28198
"892",6019008401,"06","019","008401",7991,36.861145,-120.458371,"Census Tract 84.01, Fresno County, California",139700,2419,307,4.9,3.85,3.65,3.3,11,16.7,9.8,20.7,5.7,24.2,5.3,3.3,4.3,5.3,25.5,46.3,18.7,0,49.7,50.3,32292,44020
"893",6019008402,"06","019","008402",1152,36.924767,-120.618473,"Census Tract 84.02, Fresno County, California",187500,425,81,4.9,2.66,3.18,1.6,5.4,7.1,2.8,18.8,5.6,42.8,7.1,8.7,0,8.7,20,58.8,12.5,0,23.8,76.2,32153,55831
"894",6019008501,"06","019","008501",4585,36.604262,-119.551907,"Census Tract 85.01, Fresno County, California",122100,1209,127,4.8,4.18,4.62,7.9,3.8,13.2,26.1,22.2,6.6,9.8,6.9,3.6,0,13.8,27.5,39.4,16.9,2.4,38.7,61.3,29855,51437
"895",6019008502,"06","019","008502",7929,36.610715,-119.541085,"Census Tract 85.02, Fresno County, California",146100,1756,73,5.4,4.76,3.87,10.3,23.4,33.1,11.6,6.2,6.2,3.3,5.4,0.7,2.4,2.8,9.9,56.8,22.3,5.8,53.5,46.5,41484,49870
"896",6021010100,"06","021","010100",8192,39.746867,-122.189404,"Census Tract 101, Glenn County, California",208700,3019,297,5.4,3.12,2.94,5.6,6.2,14.9,11.5,14.3,13.3,13.5,6.2,14.5,0.4,12.4,24,48,14.4,0.8,66.4,33.6,45530,52223
"897",6021010200,"06","021","010200",4901,39.749488,-122.202993,"Census Tract 102, Glenn County, California",241700,1775,178,5.1,2.97,2.96,5,4.4,10.1,15.5,29.6,3.5,11.6,4.7,15.5,1,6.8,31.8,49.4,9,1.9,79.5,20.5,41220,56397
"898",6021010300,"06","021","010300",2373,39.614877,-122.320527,"Census Tract 103, Glenn County, California",260400,954,283,5.4,2.5,3.37,1.3,13.8,16.4,8.8,20.5,9.2,13.3,5.6,11.1,0.7,6.7,28.6,56.6,4.3,3,80.3,19.7,55250,83728
"899",6021010400,"06","021","010400",7636,39.523134,-122.201642,"Census Tract 104, Glenn County, California",234000,3176,296,5.2,2.69,2.44,2.6,3.3,8.6,12,20.9,11.2,16.7,11.4,13.2,0,13.2,34,39.9,10.3,2.6,58.5,41.5,42871,61765
"900",6021010501,"06","021","010501",3456,39.744561,-122.026676,"Census Tract 105.01, Glenn County, California",247200,1099,90,5.1,3.45,3.87,3.9,4.8,10.5,14.8,19.4,14,12.4,8.1,12.1,0,5.1,34.4,44,14.1,2.4,60.7,39.3,35888,53221
"901",6021010502,"06","021","010502",1564,39.535874,-122.033158,"Census Tract 105.02, Glenn County, California",348500,741,137,6.1,2.56,2.82,6.5,5.7,8.6,8.5,17.8,12,12.4,5.4,23.1,0,7.6,28.3,39.4,22.5,2.2,60.9,39.1,44722,71319
"902",6023000100,"06","023","000100",4901,40.797007,-124.169162,"Census Tract 1, Humboldt County, California",239400,2119,188,3.9,2.46,2.11,1,1.6,6.4,7.3,9.4,17,11,4.9,41.3,7.5,33.3,30.8,19.7,4.9,3.9,22.8,77.2,36910,43911
"903",6023000200,"06","023","000200",6211,40.786151,-124.172419,"Census Tract 2, Humboldt County, California",264200,2469,94,5,2.64,2.39,2.6,1.1,6,4.7,6.2,10,24.3,8.6,36.5,4.5,13.5,42,28.8,9.2,2.1,44.2,55.8,34602,62470
"904",6023000300,"06","023","000300",5544,40.775015,-124.173578,"Census Tract 3, Humboldt County, California",265400,2296,141,5.1,2.39,2.77,1.9,2.3,3.7,7.2,15.8,15.7,24.7,16.7,12,3.3,7.5,36,44.6,5.4,3.3,67,33,41094,55172
"905",6023000400,"06","023","000400",3873,40.763547,-124.177588,"Census Tract 4, Humboldt County, California",319500,1787,166,5.1,2.34,2.72,1.4,4.9,11.1,16.1,16.8,21.8,14.6,5.3,8,1.2,13.4,24.5,44.4,13.5,2.9,65.9,34.1,34659,58424
"906",6023000500,"06","023","000500",4263,40.800787,-124.154566,"Census Tract 5, Humboldt County, California",306800,1951,211,4,2.18,1.73,2.8,3.1,4.4,10.8,8.6,11.2,11.2,5,42.8,9.4,32.8,34.3,15.1,7.7,0.8,30.6,69.4,28138,36970
"907",6023000600,"06","023","000600",4866,40.789263,-124.151159,"Census Tract 6, Humboldt County, California",306000,2168,37,5.4,2.27,2.69,3,1.6,4.4,6.2,10.1,9.6,26.5,11.3,27.2,2.5,10.4,28.9,47.6,9.5,1.1,63.9,36.1,39772,53073
"908",6023000700,"06","023","000700",5360,40.76988,-124.147867,"Census Tract 7, Humboldt County, California",334800,2502,130,5.3,2.57,1.99,3.2,1.2,16.9,7.8,10.3,28,18.5,6.8,7.2,0.6,4.1,28.3,50.2,15.9,0.8,57.9,42.1,59104,68878
"909",6023000800,"06","023","000800",4668,40.79212,-124.127604,"Census Tract 8, Humboldt County, California",318500,2265,252,5.1,2.3,2.43,2.6,4.6,9.4,3.7,22.3,15.3,23.6,10.9,7.5,3,10,27.3,44.5,13,2.2,61.5,38.5,55483,84726
"910",6023000900,"06","023","000900",5074,40.836375,-124.058562,"Census Tract 9, Humboldt County, California",443300,2311,151,5.5,2.32,2.16,1.9,4.2,11.8,22.4,12.2,10,25,5.1,7.4,1,6.5,23.4,50.4,15.1,3.6,73.1,26.9,58909,77930
"911",6023001000,"06","023","001000",5906,40.869881,-124.081978,"Census Tract 10, Humboldt County, California",397800,2512,209,3.8,2.05,2.01,1.2,0.7,5.8,14.9,21.1,15.5,11.5,5.7,23.6,9.4,25.8,43.8,14.9,4.5,1.6,24.6,75.4,25925,41694
"912",6023001101,"06","023","001101",6350,40.884331,-124.092733,"Census Tract 11.01, Humboldt County, California",299700,2949,499,4.6,2.31,2.36,1.9,6.6,12.5,12.6,22,21.3,16,2.4,4.6,0.7,15.4,35.7,40.7,7.3,0.3,41.9,58.1,34423,51112
"913",6023001200,"06","023","001200",4686,40.884466,-124.062017,"Census Tract 12, Humboldt County, California",398800,2103,226,4.4,2.49,2.35,5.3,7.2,20.1,27.5,18.3,7.1,7,3.4,4.1,0.6,20,39.6,31.1,6.4,2.3,42.6,57.4,37925,53252
"914",6023001300,"06","023","001300",1479,40.843151,-124.166528,"Census Tract 13, Humboldt County, California",218900,697,19,4.9,1.77,3.03,0,3.3,5.7,13.5,4.3,14.3,19.8,19.7,19.4,0.6,13.2,42.6,35.9,5.2,2.6,36.9,63.1,32449,43118
"915",6023010102,"06","023","010102",2884,41.072238,-123.641361,"Census Tract 101.02, Humboldt County, California",226300,1686,574,4.2,2.01,2.05,2.6,2.4,13.3,28.3,17.7,11.6,9,7.4,7.8,3.1,18.3,42.6,31.9,2.8,1.4,61.2,38.8,28304,36198
"916",6023010200,"06","023","010200",2983,41.09724,-124.116645,"Census Tract 102, Humboldt County, California",413600,1703,430,4.6,2.1,1.99,1.2,2.7,18,13.9,15.3,12.7,16.6,10.5,9.2,3.9,19,34.6,32.5,8.9,1.1,71.2,28.8,40571,51778
"917",6023010300,"06","023","010300",3607,40.912109,-123.993946,"Census Tract 103, Humboldt County, California",365000,1738,278,5.2,2.61,2.43,0.9,3,11.2,11.4,25.5,12.1,14.6,5.3,15.9,1.8,11,30.3,42.9,11.1,2.9,66.1,33.9,55000,66318
"918",6023010400,"06","023","010400",3688,40.970648,-124.100648,"Census Tract 104, Humboldt County, California",342200,1680,42,5.6,2.93,2.75,4.5,7.5,31.2,14.6,17.2,8.5,9.8,2.6,4.3,1.8,4.4,21.6,56.3,14.3,1.6,70.2,29.8,53979,67378
"919",6023010501,"06","023","010501",6635,40.944211,-124.112622,"Census Tract 105.01, Humboldt County, California",285100,2978,92,4.7,2.64,2.2,7.1,8.8,22.2,15.2,14.3,13.8,14.3,2,2.5,3.1,13.3,28.8,44.5,10.3,0,55.3,44.7,35921,50753
"920",6023010502,"06","023","010502",5281,40.936168,-124.088365,"Census Tract 105.02, Humboldt County, California",323500,2556,171,5.2,2.29,2.27,3.5,9.5,27.1,27.3,10.2,8.5,9.9,3.9,0.2,0.6,8.5,26.4,54.3,10.1,0.1,67.3,32.7,47043,57571
"921",6023010600,"06","023","010600",1798,40.766586,-124.077746,"Census Tract 106, Humboldt County, California",450400,873,84,5.8,2.58,1.66,1.4,5.5,14.2,15,12.3,15,14.8,10.5,11.3,0.3,11.1,24.9,45.5,13.9,4.4,78.3,21.7,59875,73316
"922",6023010700,"06","023","010700",6940,40.728926,-124.182775,"Census Tract 107, Humboldt County, California",320200,3030,233,5.4,2.42,2.92,2.4,6.8,14.9,17.2,14.5,18.7,10.3,6.6,8.6,1.5,6,27.1,52.5,11.5,1.4,67.8,32.2,43638,59730
"923",6023010800,"06","023","010800",4785,40.614876,-124.179505,"Census Tract 108, Humboldt County, California",320900,2064,335,5.3,2.78,2.4,1.4,2.5,7,15.3,14,7.4,19.9,10.9,21.6,2.9,10.7,35.8,35.6,12.6,2.4,57.8,42.2,34693,52700
"924",6023010901,"06","023","010901",4533,40.590315,-124.142289,"Census Tract 109.01, Humboldt County, California",293500,1745,117,5.1,2.57,2.9,4.5,13.5,18.5,19.3,13.5,12.5,7.8,4,6.5,4.2,11.4,28.4,43,10,2.9,50.9,49.1,34160,54154
"925",6023010902,"06","023","010902",4143,40.536614,-124.029319,"Census Tract 109.02, Humboldt County, California",362600,1941,415,5.3,2.63,3.02,7.9,6.3,14.1,8,19.2,13.9,10.9,7.4,12.4,1.3,9.7,34.8,39.1,12.4,2.8,78.6,21.4,44556,75661
"926",6023011000,"06","023","011000",4386,40.569947,-124.135031,"Census Tract 110, Humboldt County, California",278900,1770,43,5.3,2.55,2.38,2.4,9.8,23.2,15.5,13.9,10.8,10.2,7.1,7,0.5,5.8,31.8,52,5.8,4.2,76.3,23.7,49671,59156
"927",6023011100,"06","023","011100",4976,40.488693,-124.093723,"Census Tract 111, Humboldt County, California",238200,2126,303,5,2.69,2.53,7.1,3.2,7.1,11.6,14.7,10.6,18.4,7.7,19.7,3.2,14.5,26.8,43.1,9.2,3.2,57.8,42.2,40324,65762
"928",6023011200,"06","023","011200",3220,40.53776,-124.250365,"Census Tract 112, Humboldt County, California",423700,1740,418,5.8,2.43,2.57,1.3,4,12,11.4,9.9,7.1,13.2,3.8,37.4,1.1,14,25.3,34.7,20.7,4.1,66.2,33.8,48534,79855
"929",6023011500,"06","023","011500",4409,40.115341,-123.917054,"Census Tract 115, Humboldt County, California",348400,2426,968,4.4,2.1,1.98,5.9,6.7,18.8,22.1,12,14.1,15.4,3,2.1,4.7,19.4,44.6,26.3,4.3,0.7,72.1,27.9,40435,46764
"930",6023011600,"06","023","011600",4133,40.179192,-123.776276,"Census Tract 116, Humboldt County, California",346700,1991,536,4.3,2.47,1.44,8,2.3,11.9,13.1,15.7,16.3,19.6,4.4,8.8,7.9,21.8,29.8,30.2,8.5,1.7,51.3,48.7,30578,37886
"931",6023940000,"06","023","940000",3041,41.060327,-123.676754,"Census Tract 9400, Humboldt County, California",202100,1117,207,4.9,3.21,3.27,2.9,9.5,19.1,17.5,20.1,15,6.7,3.5,5.7,5.7,3.2,32.1,45.6,10.4,3,64.4,35.6,28056,40438
"932",6023990100,"06","023","990100",0,40.751738,-124.247855,"Census Tract 9901, Humboldt County, California",NA,0,0,NA,NA,NA,NA,NA,NA,NA,NA,NA,NA,NA,NA,NA,NA,NA,NA,NA,NA,NA,NA,NA,NA
"933",6025010101,"06","025","010101",4601,33.171214,-115.484386,"Census Tract 101.01, Imperial County, California",141700,196,86,4.5,1.8,2.74,0,0,6.1,8.7,23,10.2,33.2,5.6,13.3,6.6,12.2,46.4,31.6,3.1,0,58.2,41.8,14231,26520
"934",6025010102,"06","025","010102",5007,33.152103,-115.516082,"Census Tract 101.02, Imperial County, California",104000,2414,419,4.9,3.16,3.91,4.5,3.2,12.7,12.3,25.1,17.6,12.7,6.8,5.1,0.3,10.2,34.3,36.3,15.6,3.3,55.4,44.6,30216,48290
"935",6025010200,"06","025","010200",2640,33.038199,-115.625496,"Census Tract 102, Imperial County, California",156400,909,149,4.9,2.72,2.81,0.8,2.1,11.1,25.3,18.8,10.3,16.7,6.9,7.9,3.1,13.8,27,47.6,7.4,1.2,51.6,48.4,30431,39971
"936",6025010300,"06","025","010300",933,32.982915,-115.506085,"Census Tract 103, Imperial County, California",220800,433,80,5,2.96,2.85,6.5,12.9,3.7,21.2,19.4,8.5,18,4.2,5.5,0,8.5,19.6,45.3,24,2.5,71.4,28.6,58977,70377
"937",6025010400,"06","025","010400",7162,32.984833,-115.524344,"Census Tract 104, Imperial County, California",128600,2133,387,4.7,3.65,3.85,11.8,14.8,8.2,26.6,11.3,10.1,10.7,3,3.5,3.6,16.3,26.3,39.8,14,0,34.5,65.5,22083,30658
"938",6025010500,"06","025","010500",6593,32.98611,-115.541863,"Census Tract 105, Imperial County, California",170000,2239,194,5.2,3.63,2.62,3.2,20.4,12,13.3,16.7,11.1,16.2,6.3,0.7,3.4,11,24.2,35.2,23.8,2.3,60.8,39.2,49293,58768
"939",6025010600,"06","025","010600",6998,32.969021,-115.547094,"Census Tract 106, Imperial County, California",222000,2354,284,5.2,3.07,2.96,11,3.4,15.6,6.3,15.6,15,12.7,10.5,9.9,1.8,5.7,32.3,38.7,18.4,3.1,57.5,42.5,60938,91392
"940",6025010700,"06","025","010700",4322,32.973964,-115.520338,"Census Tract 107, Imperial County, California",135600,1452,78,5.1,3.69,3.63,10.6,1.6,8.3,19.6,23.1,11.7,7.2,9.6,8.1,3.8,4.4,33.3,47.5,11,0,48.4,51.6,30342,38962
"941",6025010800,"06","025","010800",1368,32.801637,-115.380052,"Census Tract 108, Imperial County, California",174000,593,152,5.3,2.75,4.83,2.2,0,7.6,27.8,17.7,17,11.1,6.2,10.3,11,9.9,18,45.9,12.1,3,53.1,46.9,65982,72857
"942",6025010900,"06","025","010900",6755,32.81579,-115.37714,"Census Tract 109, Imperial County, California",161300,2516,324,5.1,3.31,2.83,3.7,8.3,16.1,8.5,18.1,20,16.6,7.5,1.1,1.9,17.6,19.4,43,17.1,1,56.3,43.8,41462,61778
"943",6025011000,"06","025","011000",12047,32.848558,-115.571169,"Census Tract 110, Imperial County, California",196200,4008,422,5.4,3.26,2.68,25.8,10.2,14.2,16.6,9.2,3.2,14.4,4,2.4,1.2,4.1,22.9,42.6,26.2,3,66,34,49732,61728
"944",6025011100,"06","025","011100",3685,32.794432,-115.675611,"Census Tract 111, Imperial County, California",163700,1375,205,5,3.16,2.98,4.1,7.1,16.9,24.5,22,5.7,12.4,0.9,6.4,0,8.8,39.6,39.5,11.2,0.9,59,41,48696,58705
"945",6025011201,"06","025","011201",6043,32.818244,-115.574456,"Census Tract 112.01, Imperial County, California",208100,2077,104,5.5,3.32,3.03,12.3,38.4,26.3,5.8,2.5,8.2,1.9,4.1,0.5,0.5,7,11.7,37.9,34.7,8.1,71.1,28.9,64728,74649
"946",6025011202,"06","025","011202",5444,32.801283,-115.574115,"Census Tract 112.02, Imperial County, California",64500,1978,248,4.1,2.79,3.06,5.8,16.9,7.3,14.9,33.3,11.2,8.2,2.4,0,6,20.2,34.8,27.6,11.5,0,28.8,71.2,22707,40630
"947",6025011300,"06","025","011300",10460,32.748168,-115.528518,"Census Tract 113, Imperial County, California",160400,2844,257,5.3,3.67,4.13,24.4,15.3,16.3,11.1,13.5,6.9,6.1,3.1,3.2,1.4,4.9,23.8,39.6,28,2.5,63.8,36.2,51375,59944
"948",6025011400,"06","025","011400",4580,32.78991,-115.544033,"Census Tract 114, Imperial County, California",117100,1348,132,4.9,3.8,3.77,4.7,6.1,3.3,9.3,23.9,22.2,15.3,7,8.2,1.6,10.5,28.6,46.1,13.2,0,40.2,59.8,23974,32593
"949",6025011500,"06","025","011500",6232,32.799038,-115.560838,"Census Tract 115, Imperial County, California",115900,2018,175,3.8,3.31,2.92,3.7,9.5,9.2,23.3,12.2,15,20.3,4.9,1.8,8.8,32.4,30,23.1,5.7,0,30.4,69.6,21314,32565
"950",6025011600,"06","025","011600",6310,32.786921,-115.560008,"Census Tract 116, Imperial County, California",165800,2295,283,4.4,3.03,3.13,1.5,3,8.8,8.5,21.5,7.7,24,11.8,13.2,5.5,21,39.6,22.7,10.8,0.5,34.2,65.8,26867,39958
"951",6025011700,"06","025","011700",4797,32.777628,-115.555037,"Census Tract 117, Imperial County, California",159200,1521,93,5.6,3.01,4.1,0.9,1.4,15.8,19.6,15.8,28.7,14.9,0.1,2.8,3,12.6,10.3,43.2,28.5,2.4,65,35,46724,59885
"952",6025011801,"06","025","011801",3821,32.785936,-115.584363,"Census Tract 118.01, Imperial County, California",273100,1197,26,6.6,3.03,5,7,8.2,22.4,36,16.5,1.7,5.8,2.4,0,0,0.5,7.9,47,38.8,5.8,90.4,9.6,102566,114356
"953",6025011802,"06","025","011802",4870,32.784376,-115.574094,"Census Tract 118.02, Imperial County, California",184300,1984,240,5,3.66,2.13,0,3.4,8.6,10.2,43.6,15.8,16,2.4,0,2.2,17.9,28.8,24.7,23,3.3,48.1,51.9,50278,60721
"954",6025011803,"06","025","011803",5937,32.763773,-115.55849,"Census Tract 118.03, Imperial County, California",233000,2008,310,6.5,3.59,2.97,44.1,25,12.8,5.6,5.8,1.7,1.2,0,3.6,2.9,15.1,7.5,22.8,35.6,16.2,78,22,87647,93602
"955",6025011900,"06","025","011900",10966,32.690887,-115.483221,"Census Tract 119, Imperial County, California",196600,2826,136,5.2,4.3,3.13,15.1,51.1,14.7,6.9,7.3,1.5,2.8,0,0.7,2.7,11.8,6.4,49.4,21.9,7.8,71.1,28.9,42629,60097
"956",6025012001,"06","025","012001",3831,32.66865,-115.486417,"Census Tract 120.01, Imperial County, California",116300,1135,26,4.3,4.3,3.27,6.5,11.5,9.8,13,27.7,12.4,16.7,1.6,0.8,0.7,10.1,53.5,25.3,10,0.4,20.8,79.2,26954,38648
"957",6025012002,"06","025","012002",9678,32.677037,-115.481026,"Census Tract 120.02, Imperial County, California",174600,2439,199,5.6,4.36,3.2,12.7,31.5,25.6,13.3,4.5,4.5,5.8,1.4,0.7,2.3,9.6,10.7,42.7,28.5,6.3,70.5,29.5,48019,63114
"958",6025012100,"06","025","012100",6937,32.677114,-115.496173,"Census Tract 121, Imperial County, California",168400,2078,114,4.3,3.35,3.64,12.8,0.7,11.7,13.9,29.5,9.1,8.1,4.2,9.9,4.6,24.1,28.7,29.6,11.2,1.8,25.5,74.5,23269,36637
"959",6025012200,"06","025","012200",7804,32.678137,-115.514566,"Census Tract 122, Imperial County, California",161400,1831,72,5.6,4.38,3.36,0.3,7.4,27.4,42.5,10.4,7.9,2,1.4,0.8,3.1,2.7,15,41,34,4.3,68.1,31.9,42633,51668
"960",6025012301,"06","025","012301",5633,32.860374,-115.816033,"Census Tract 123.01, Imperial County, California",122900,773,328,4.9,1.61,3.43,29.9,19.9,4.1,7,12.3,15.7,9.3,1,0.8,1.3,9.6,29.4,45.4,14.4,0,72.4,27.6,33188,41080
"961",6025012302,"06","025","012302",4756,33.346503,-115.988695,"Census Tract 123.02, Imperial County, California",92200,2082,861,5.2,2.99,2.36,16.8,14.8,10.9,16.8,29.7,4.7,5.8,0.6,0,0,10.4,42.9,29.7,16.1,0.9,70.3,29.7,29867,40665
"962",6025012400,"06","025","012400",1266,33.310047,-115.376604,"Census Tract 124, Imperial County, California",40200,1269,803,3.9,1.78,2.87,0,0,6.4,23.7,31.4,26.3,11.2,0.9,0,3.2,29.2,50.1,14.9,2.5,0,80.7,19.3,22000,31808
"963",6025940000,"06","025","940000",3052,32.755506,-114.611979,"Census Tract 9400, Imperial County, California",33600,1343,364,4.4,2.97,2.76,2.2,3.5,16.4,21.6,23.6,14.2,4.8,2.5,11.2,2.2,28.1,27.6,33.4,8.4,0.3,36.3,63.7,22703,32237
"964",6027000100,"06","027","000100",2757,37.382277,-118.41496,"Census Tract 1, Inyo County, California",84600,1318,142,5.6,2.29,3.22,4.1,1.7,20.6,19.1,39.2,10.2,3.4,0.9,0.7,0,4.7,35.2,40.7,16.6,2.8,82.1,17.9,56481,64034
"965",6027000200,"06","027","000200",1718,37.341173,-118.49916,"Census Tract 2, Inyo County, California",366000,942,195,5.4,2.17,2.45,3.9,10,13.4,13.7,20.5,10.2,12.2,10.5,5.6,3.2,9.8,26.3,48.4,12.3,0,67.9,32.1,55288,79966
"966",6027000300,"06","027","000300",2457,37.35651,-118.431068,"Census Tract 3, Inyo County, California",502600,1218,82,5.9,2.26,3.95,0,0.9,10.2,10.3,26.8,24.5,9.9,6.9,10.5,0,4.8,12.6,67.7,10.6,4.4,85.2,14.8,80625,84085
"967",6027000400,"06","027","000400",5668,37.364903,-118.403637,"Census Tract 4, Inyo County, California",268300,2688,234,4.3,2.59,2.02,0.9,5.5,5,9.9,27.2,20.1,12.8,12.9,5.8,4.5,18.2,39.7,27.2,8.8,1.6,41.2,58.8,36250,52442
"968",6027000500,"06","027","000500",2568,37.069855,-118.264188,"Census Tract 5, Inyo County, California",230200,1338,344,4.9,2.14,2.29,0.5,4,7.2,17.3,20.6,10.8,10.4,12.9,16.3,3.4,9.1,42.1,38,6.9,0.6,75.3,24.7,59375,63205
"969",6027000800,"06","027","000800",3378,36.46959,-117.691309,"Census Tract 8, Inyo County, California",156300,1953,550,4.3,2.16,2.24,0.2,4.8,8.3,13.2,21.9,13.2,13.9,11.5,13,3.1,22.1,49.3,19.9,5.7,0,54.2,45.8,36577,48947
"970",6029000101,"06","029","000101",12240,35.432186,-119.031214,"Census Tract 1.01, Kern County, California",171700,4718,277,5.1,3.02,2.38,21.9,15.5,11.4,14.5,8.5,5.1,6.2,9.5,7.5,1.1,4.6,34,48,9.5,2.8,55.5,44.5,56309,62924
"971",6029000102,"06","029","000102",3055,35.431438,-119.01772,"Census Tract 1.02, Kern County, California",141100,1352,111,5,2.55,2.44,5.3,1.2,0.7,2.7,11.1,20.1,37.8,17.2,3.9,2.7,9.5,35.7,44.2,7.2,0.7,53,47,42426,52040
"972",6029000200,"06","029","000200",7644,35.416212,-119.034709,"Census Tract 2, Kern County, California",150500,3130,452,4.6,2.68,2.78,2.2,0,9.1,1.3,10.4,8.9,27.8,27.5,12.8,4.1,11.5,43.8,37.7,2.2,0.7,36.1,63.9,24976,35972
"973",6029000300,"06","029","000300",4217,35.410994,-119.026659,"Census Tract 3, Kern County, California",110500,1893,357,4.3,2.07,2.41,0,0,1.5,17.5,13.3,19,13.9,13.6,21.2,1,24.2,46.1,25.6,1.3,1.9,41.5,58.5,25096,32178
"974",6029000400,"06","029","000400",4319,35.405843,-119.0302,"Census Tract 4, Kern County, California",24000,1918,126,4.1,2.52,2.52,2.9,2.9,5.7,11.4,26.1,6.8,26.8,7.4,10,4.7,24.6,43.8,24.5,1.9,0.5,35.9,64.1,20319,26790
"975",6029000503,"06","029","000503",6347,35.424071,-119.101696,"Census Tract 5.03, Kern County, California",320000,2067,133,6.7,3.11,3.1,12.5,35,15.9,19.5,8.9,7,1.2,0,0,0,0,3.5,49.1,45.2,2.2,93.6,6.4,105573,115814
"976",6029000504,"06","029","000504",4086,35.416668,-119.0736,"Census Tract 5.04, Kern County, California",300000,1820,170,5.1,2.53,2.59,3.7,11.3,13.3,22.8,19.9,22,5.9,0.3,0.7,4.1,13.5,23.4,42.6,16.4,0,54.1,45.9,39468,67727
"977",6029000505,"06","029","000505",3764,35.406319,-119.082812,"Census Tract 5.05, Kern County, California",275100,1392,40,6.4,2.91,1.89,0,0.6,35.6,40.5,22.8,0,0,0.5,0,0,4.7,5,60.7,26.9,2.7,86.5,13.5,97407,108436
"978",6029000506,"06","029","000506",2795,35.397802,-119.084839,"Census Tract 5.06, Kern County, California",248600,898,36,4.8,3.17,2.74,38.9,8.9,33.9,5.7,2.9,2.9,2.8,0.8,3.3,0,8.2,42.9,34.6,13.3,1,23.8,76.2,55904,71248
"979",6029000507,"06","029","000507",3598,35.401846,-119.066875,"Census Tract 5.07, Kern County, California",256900,1344,73,5.9,2.89,3.64,9.7,41.6,27.6,4.6,8,5.4,1.3,0,1.8,0,5.7,5.5,68.4,19.6,0.8,86.9,13.1,82058,88602
"980",6029000600,"06","029","000600",6931,35.393299,-119.011145,"Census Tract 6, Kern County, California",54100,2887,330,4,2.47,2.82,0,7.9,11.5,9.1,37.5,5.7,16.7,3.9,7.7,7.5,23.9,46.2,21.5,0.8,0,21,79,26823,32280
"981",6029000700,"06","029","000700",4825,35.396304,-118.995674,"Census Tract 7, Kern County, California",167800,1941,79,5.6,2.58,2.68,0,1.4,2.3,0,1.4,4.3,30.3,29.6,30.7,1.2,4.5,33.2,47.4,12.3,1.3,72.2,27.8,60952,85498
"982",6029000800,"06","029","000800",4925,35.402368,-118.976955,"Census Tract 8, Kern County, California",166900,1657,115,5.6,2.95,3.43,0,0,0.4,0.4,1.6,20,71.6,6,0,2.2,2.2,12.7,60.2,21.5,1.2,64.5,35.5,58478,62012
"983",6029000902,"06","029","000902",3340,35.403806,-118.963066,"Census Tract 9.02, Kern County, California",183400,1422,227,5.7,3.03,3,0,0,0,15,15.6,30.3,36.7,0.9,1.5,0,16.4,16.9,48.9,17.1,0.7,68.5,31.5,57324,68754
"984",6029000903,"06","029","000903",3653,35.40425,-118.954577,"Census Tract 9.03, Kern County, California",176800,1494,142,5.6,2.81,2.84,0,0.7,4.6,7.7,19,50.3,13.2,4.6,0,0.6,4.4,21.9,49.6,22.8,0.7,60.9,39.1,46607,60155
"985",6029000904,"06","029","000904",4008,35.387419,-118.958961,"Census Tract 9.04, Kern County, California",159500,1500,28,4.9,2.45,2.68,5.2,4.1,7.9,15.3,18.3,4.8,39.4,4.6,0.4,1.7,6,35.1,47,10.2,0,56.7,43.3,53605,64026
"986",6029000905,"06","029","000905",2483,35.379337,-118.958608,"Census Tract 9.05, Kern County, California",192700,886,57,5.1,3.8,2.94,0,1.2,3.6,2.5,2,11.4,40.3,22.5,16.5,4.7,8.2,30.8,44.1,7.2,4.9,59,41,42831,57179
"987",6029000906,"06","029","000906",4355,35.379486,-118.940891,"Census Tract 9.06, Kern County, California",176200,1337,61,5.5,3.01,3.14,0,0.7,3.9,20.9,11.6,16,41.1,2.2,3.5,1,3.5,18.3,63.1,13.2,0.8,65.6,34.4,44821,57841
"988",6029000907,"06","029","000907",2463,35.380157,-118.9248,"Census Tract 9.07, Kern County, California",141800,671,37,5.3,3.74,4.23,0.9,7.6,8,0.9,25.6,11.2,43.5,0.7,1.5,2.2,0,5.4,74.8,16.7,0.9,73.3,26.7,44942,49250
"989",6029000908,"06","029","000908",5493,35.402656,-118.942888,"Census Tract 9.08, Kern County, California",196200,1939,149,5.4,3.25,2.83,2.6,4.3,4,20.8,44.4,11.3,10.5,1.5,0.5,0.5,1.3,28.8,50.5,16.9,2,63.4,36.6,71597,79378
"990",6029000909,"06","029","000909",2406,35.388206,-118.940844,"Census Tract 9.09, Kern County, California",339500,943,128,6.8,2.62,2.41,0,6,9.3,19.1,15.4,18.8,27.5,1.5,2.4,0,2.5,7.8,47.9,33.1,8.6,90.3,9.7,102175,122044
"991",6029000910,"06","029","000910",9904,35.401587,-118.91687,"Census Tract 9.10, Kern County, California",211800,3867,125,5.2,2.75,2.48,14.8,8.4,14.2,36.3,21.1,3.4,1.2,0.7,0,2.7,9.6,27.9,40.3,16.1,3.4,57.4,42.6,48449,77723
"992",6029001000,"06","029","001000",9186,35.365651,-118.901942,"Census Tract 10, Kern County, California",193800,2694,302,5.7,3.68,4.61,21.1,23.5,8.5,18.7,5.7,4.9,13,3.8,0.8,0.4,4.3,8.8,51.7,33.4,1.4,71.5,28.5,57742,63268
"993",6029001101,"06","029","001101",4413,35.369448,-118.925515,"Census Tract 11.01, Kern County, California",161400,1264,129,5.2,3.39,3.92,1.7,2.1,8.1,11.1,19.3,17.5,27.9,10,2.2,0.9,0.7,28.2,58.1,11.3,0.8,64.1,35.9,34150,40786
"994",6029001102,"06","029","001102",6682,35.370035,-118.941265,"Census Tract 11.02, Kern County, California",129400,1878,56,4.8,3.51,4.19,0.9,2.3,7.9,4.8,20.2,6,40.8,9.5,7.6,2.3,8.1,31.5,46,11.3,0.8,61.1,38.9,33814,43575
"995",6029001103,"06","029","001103",4782,35.372903,-118.958083,"Census Tract 11.03, Kern County, California",122600,1263,100,4.2,4.7,4.65,4.8,3.6,3.9,8.1,5.5,6.9,10.4,36.3,20.5,6.6,8.1,52.3,26.9,6.2,0,36.8,63.2,29107,35737
"996",6029001201,"06","029","001201",2895,35.387345,-118.973372,"Census Tract 12.01, Kern County, California",155900,840,83,4.9,4.16,3.45,0,0,8.9,1.9,23,10,39.9,8.7,7.6,0,2.4,41,46.9,9.8,0,60.8,39.2,40586,54586
"997",6029001202,"06","029","001202",6264,35.378375,-118.973726,"Census Tract 12.02, Kern County, California",127800,1858,343,3.9,4.43,3.22,1.4,0,13.6,5.6,14.6,12.1,12.6,17.2,22.9,9.2,24.1,46.2,14.3,4.5,1.7,23.8,76.2,24269,33730
"998",6029001300,"06","029","001300",7559,35.382545,-118.985438,"Census Tract 13, Kern County, California",119400,2257,346,4.2,4.55,3.9,8.1,2.4,11.1,15.2,13.7,9.2,23.7,6.3,10.3,2.3,11.5,52.3,30.8,2,1.1,13.2,86.8,33164,37107
"999",6029001400,"06","029","001400",7766,35.392365,-118.98643,"Census Tract 14, Kern County, California",111000,2404,349,4.4,3.57,3.6,0.5,1.5,3.2,2.9,6.6,22.3,16.1,31.3,15.5,2.7,17.7,45,28.2,6.4,0,34.8,65.2,28677,36462
"1000",6029001500,"06","029","001500",3147,35.371879,-118.988892,"Census Tract 15, Kern County, California",128100,787,79,4.3,2.77,3.85,2.3,0,2.2,18.7,13.1,6.5,1.7,19.8,35.8,0,8.3,61.4,26.3,4.1,0,26.6,73.4,36576,36984
"1001",6029001600,"06","029","001600",1390,35.377393,-119.01352,"Census Tract 16, Kern County, California",130400,702,136,3.4,2.73,1.9,7.1,21.1,2.6,0,1.9,6.1,18.9,4.8,37.5,14.8,38.6,19.8,15.5,11.3,0,22.3,77.7,16442,28353
"1002",6029001700,"06","029","001700",4287,35.381815,-119.03056,"Census Tract 17, Kern County, California",249500,1997,196,5,2.09,1.64,0,0.7,2.6,0.9,11.2,8,29.5,19.9,27.3,2.8,25.2,28.1,32.6,10.5,0.7,54.1,45.9,46425,86030
"1003",6029001801,"06","029","001801",5579,35.36005,-119.048522,"Census Tract 18.01, Kern County, California",177300,2235,123,4.9,3.19,2.74,0,0,2.3,6.6,43.8,16,29.8,0.9,0.6,2.6,9,33.8,40.2,10,4.5,49.2,50.8,44474,55607
"1004",6029001802,"06","029","001802",5408,35.358217,-119.074993,"Census Tract 18.02, Kern County, California",232000,2241,130,5.7,2.73,2.28,0,1.4,2.8,26.9,47.9,16.8,2.4,0.8,1.1,0.5,9.3,28.8,34.8,22.4,4.1,46.7,53.3,63133,76195
"1005",6029001901,"06","029","001901",3434,35.361632,-119.033885,"Census Tract 19.01, Kern County, California",177500,1477,112,5,2.49,3.01,0,0,0,4.2,3.5,12.9,24.7,27.9,26.8,0,15,39.2,44.1,1.7,0,53.3,46.7,43967,61153
"1006",6029001902,"06","029","001902",4679,35.362148,-119.024285,"Census Tract 19.02, Kern County, California",178800,2005,185,4.5,2.79,2.81,0.5,1.9,1.5,7.2,10.4,10.5,16.4,9.7,41.7,2.7,22.2,39.7,23.8,10,1.6,30.5,69.5,34100,47052
"1007",6029002000,"06","029","002000",7111,35.361348,-119.012028,"Census Tract 20, Kern County, California",160300,2487,264,4.2,3.16,3.14,6.1,17.9,4.9,9.9,6.2,8.2,9.2,13.2,24.3,4.3,27.6,32.6,26.1,7.6,1.8,21.7,78.3,18714,30704
"1008",6029002100,"06","029","002100",3852,35.360851,-118.998795,"Census Tract 21, Kern County, California",119600,1054,173,4.7,3.87,4.22,0,2.4,9.5,8.2,11.7,11.5,29.5,7.5,19.8,2.8,13.7,36.2,42.9,4.4,0,45.4,54.6,23513,26721
"1009",6029002200,"06","029","002200",6537,35.361577,-118.987523,"Census Tract 22, Kern County, California",109400,1826,175,4.5,3.24,3.57,1.6,7.8,3.2,18.5,12.7,13.5,12.9,18.3,11.5,1.1,7.7,49.5,34.9,6.8,0,33.5,66.5,19086,23926
"1010",6029002301,"06","029","002301",9743,35.360932,-118.952439,"Census Tract 23.01, Kern County, California",151200,2648,188,5.1,3.97,4,4,16.9,15.3,9.5,12.2,14.4,12.8,10,4.9,2.3,4,23.9,50.6,17,2.1,66.1,33.9,35597,42487
"1011",6029002302,"06","029","002302",3378,35.365069,-118.974039,"Census Tract 23.02, Kern County, California",159700,818,28,4.8,4.4,3.7,11.5,1.5,2.4,1.6,4.3,24,25.3,22.4,7.1,2.2,3.2,36.1,50.6,7.2,0.7,56.5,43.5,25041,30993
"1012",6029002400,"06","029","002400",7478,35.341151,-118.944191,"Census Tract 24, Kern County, California",172800,2172,172,5.1,3.33,3.39,31.6,33.7,3.6,10.6,5.3,4.7,5.9,1.6,2.9,0.3,7.2,20.6,50.1,21.4,0.4,53.9,46.2,36529,47177
"1013",6029002500,"06","029","002500",9122,35.339392,-118.990345,"Census Tract 25, Kern County, California",107400,2564,378,4.7,3.59,3.68,11.2,4.6,4.5,7.3,16.2,14.4,27.6,8.7,5.5,3,10.8,33.4,41.8,9.2,1.9,41,59,25305,32101
"1014",6029002600,"06","029","002600",3539,35.346909,-119.013855,"Census Tract 26, Kern County, California",165400,1015,87,5,3.49,3.99,0,0.6,1.9,10.7,5.9,8.9,51.3,17.7,3,3.5,7.9,32.2,48.1,7.4,0.9,50.1,49.9,32353,42908
"1015",6029002700,"06","029","002700",5370,35.346462,-119.028921,"Census Tract 27, Kern County, California",125300,1994,277,5.2,3.71,3.09,0,6.2,3.4,6.1,4.4,8.2,38.8,29,4,1.8,6.8,29.3,51,10.8,0.4,58.3,41.7,45469,55477
"1016",6029002804,"06","029","002804",2672,35.343978,-119.067628,"Census Tract 28.04, Kern County, California",197600,1568,139,4.9,1.79,1.92,0,0,1.1,12.6,41.5,34.5,7.5,2.9,0,2,11,52.8,21.7,9.1,3.4,71,29,43474,52878
"1017",6029002806,"06","029","002806",2176,35.347521,-119.095776,"Census Tract 28.06, Kern County, California",272200,1083,216,4.1,2.46,1.98,0,0,16.2,76.8,3.6,1.1,0.9,1.4,0,0,26.7,59.2,10.4,1.8,1.8,27.8,72.2,52321,70487
"1018",6029002807,"06","029","002807",3894,35.344145,-119.083224,"Census Tract 28.07, Kern County, California",387200,1496,108,6.9,2.72,3.26,1,0.1,6.8,9.6,58.8,11.5,8.8,1.4,1.9,0,0.4,7.4,43,38.2,11,86.6,13.4,101974,138982
"1019",6029002808,"06","029","002808",7257,35.330302,-119.09974,"Census Tract 28.08, Kern County, California",311200,2893,22,6,2.97,2.47,2.8,3.9,47.5,40.5,2,0,0,3.2,0,6.6,6.8,20.3,38,23,5.3,53.9,46.1,63346,94900
"1020",6029002811,"06","029","002811",3854,35.339142,-119.120288,"Census Tract 28.11, Kern County, California",423900,1522,77,7.2,2.52,2.53,5.1,34.5,54.9,1.3,1.7,0,0.6,0,1.9,0,0.5,19.1,33.2,41.1,6.1,92.5,7.5,118063,160170
"1021",6029002812,"06","029","002812",5215,35.349788,-119.053763,"Census Tract 28.12, Kern County, California",157600,2252,245,4.2,1.77,2.55,0,0,0,6.7,49.9,14.4,25.2,1.6,2.3,4,24.2,48,22.2,1.7,0,25.4,74.6,28063,32039
"1022",6029002813,"06","029","002813",4161,35.343735,-119.05135,"Census Tract 28.13, Kern County, California",151700,1799,215,4.3,3,2.61,0.7,0.8,7.6,15.4,53.8,14.5,3.8,3,0.4,10.7,18.7,35.4,29.2,6.1,0,29.3,70.7,32582,41382
"1023",6029002814,"06","029","002814",4158,35.335738,-119.049337,"Census Tract 28.14, Kern County, California",168100,1675,170,4.4,2.92,2.7,0,3.3,1.5,6.7,45.7,39.3,2.7,0,0.7,5.2,16.1,37.6,26.6,14.5,0,40,60,37018,47279
"1024",6029002815,"06","029","002815",4282,35.328783,-119.048071,"Census Tract 28.15, Kern County, California",157800,1506,73,5,3.2,3.22,0,0.7,5.6,15.9,49,27.1,1.7,0,0,0.6,6.2,38.2,41.6,12.2,1.3,48.8,51.2,46155,49881
"1025",6029002816,"06","029","002816",5465,35.326106,-119.061645,"Census Tract 28.16, Kern County, California",109900,1874,123,4.9,3.3,3.02,0,0,2.3,14.6,75.7,4.6,1.5,0.9,0.4,3.7,2.5,29,57.2,6.8,1,57.7,42.3,44550,49890
"1026",6029002817,"06","029","002817",5173,35.327867,-119.070186,"Census Tract 28.17, Kern County, California",197400,1852,142,4.9,2.79,2.76,1.7,0,3.8,29.3,60.8,2.2,1.6,0.6,0,2.4,3,35,56.6,3,0,39.1,60.9,43029,53049
"1027",6029002818,"06","029","002818",3761,35.332423,-119.085617,"Census Tract 28.18, Kern County, California",237800,1500,92,5.7,2.42,3.04,0,0,5.1,75.3,19.3,0.3,0,0,0,0,4.5,27.1,40.9,26.1,1.5,67.6,32.4,91548,93294
"1028",6029002819,"06","029","002819",4586,35.323036,-119.081813,"Census Tract 28.19, Kern County, California",206800,1843,94,5.1,2.65,2.75,0.9,0,4.1,65.5,26.7,2.8,0,0,0,2.1,7.1,25.5,60.7,4.2,0.3,45.6,54.4,56902,63454
"1029",6029002820,"06","029","002820",6301,35.318514,-119.119292,"Census Tract 28.20, Kern County, California",272100,1981,52,6.4,3.23,3.39,9.9,30.8,37,19.3,1.7,1.3,0,0,0,0.4,0,2.2,48.1,44.5,4.8,85.9,14.1,92361,104584
"1030",6029002821,"06","029","002821",4897,35.315987,-119.102058,"Census Tract 28.21, Kern County, California",178800,1664,134,5.5,2.81,3.7,1.6,7.1,20.4,65.3,5.2,0.4,0,0,0,0,0,15.3,77.3,7.5,0,70.5,29.5,69537,69680
"1031",6029002900,"06","029","002900",7449,35.331359,-119.029016,"Census Tract 29, Kern County, California",153500,2456,229,4.9,3.21,3.21,0,0.2,3.8,13.2,9.1,30.5,31.4,6.7,5,5.3,12.3,21.4,48.9,11.2,1,41.6,58.4,35513,45685
"1032",6029003000,"06","029","003000",7374,35.331759,-119.013738,"Census Tract 30, Kern County, California",86700,2137,139,4.7,3.99,3.56,0,0.4,2.9,9.1,20.3,14.6,38.7,7.2,6.8,3.4,9.6,31.5,42.9,11.8,0.8,51.8,48.2,34291,44846
"1033",6029003103,"06","029","003103",3979,35.304992,-118.996942,"Census Tract 31.03, Kern County, California",114800,1066,39,5,4.15,3.08,2.8,3.5,9.8,10,7.6,25.1,26.9,13.1,1,5.6,9.2,17,55.1,13.1,0,55.3,44.7,36713,42611
"1034",6029003112,"06","029","003112",5116,35.319813,-119.047453,"Census Tract 31.12, Kern County, California",154500,1902,75,4.9,3.1,2.67,0,0.3,2.9,48.5,44.8,2.1,0.9,0,0.5,0.5,12.4,32.3,46.3,8,0.5,47.1,52.9,53783,57789
"1035",6029003113,"06","029","003113",4784,35.318105,-119.028085,"Census Tract 31.13, Kern County, California",129800,1518,125,4.7,3.32,3.39,1.9,7.6,18.3,23.8,20.5,22.1,1.8,4,0,0.5,3.6,46.5,43.2,5.5,0.7,47.4,52.6,44848,47986
"1036",6029003114,"06","029","003114",7654,35.301953,-119.047107,"Census Tract 31.14, Kern County, California",156400,2366,134,5.4,3.32,3.24,1.3,0.6,1.8,48.1,40.9,6,1.3,0,0,1.2,0.4,25.7,53,18.4,1.3,58.7,41.3,48500,58447
"1037",6029003115,"06","029","003115",5482,35.303575,-119.026327,"Census Tract 31.15, Kern County, California",149600,1561,83,5.1,3.63,4.17,0,0,4.8,65.9,11.1,14,4.2,0,0,0,3.4,20.4,65.5,9.9,0.9,58.4,41.6,40967,48877
"1038",6029003121,"06","029","003121",8264,35.316182,-119.012759,"Census Tract 31.21, Kern County, California",135500,2592,309,4.9,3.19,3.98,0,1.7,6.8,16,20.6,39.4,15.5,0,0,2.5,12.3,22.3,57.9,3.2,1.8,46.1,53.9,31767,36931
"1039",6029003122,"06","029","003122",8845,35.303352,-119.012625,"Census Tract 31.22, Kern County, California",141200,2296,38,5.4,3.68,4.73,1.4,7.5,18.2,51.7,13.5,5.7,1.5,0.4,0,1.7,0.8,13.9,65,18,0.5,71.1,28.9,42406,49984
"1040",6029003123,"06","029","003123",15296,35.302919,-119.100968,"Census Tract 31.23, Kern County, California",230700,4281,595,6.4,3.53,4.11,37,19.4,31.3,10.3,0.5,0,1.4,0,0.2,0,0.7,2,43.4,39.5,14.5,77.6,22.4,72250,80915
"1041",6029003124,"06","029","003124",5414,35.302274,-119.065957,"Census Tract 31.24, Kern County, California",179700,1718,70,5.9,3.44,2.86,2.7,10.2,72.5,4,6.1,2.2,0,2.2,0,0.9,0,5.1,68.6,24.7,0.6,84.5,15.5,74900,76886
"1042",6029003202,"06","029","003202",15579,35.283297,-119.011295,"Census Tract 32.02, Kern County, California",159100,4241,381,5.4,3.74,4.18,11.7,31.2,17,13.4,9,5.3,5.4,2.1,4.9,1,2,13.3,60.4,22.5,0.9,70.2,29.8,46577,56988
"1043",6029003203,"06","029","003203",2383,35.350528,-119.154522,"Census Tract 32.03, Kern County, California",239800,788,33,6.4,2.97,2.59,0,2.3,22.1,58.5,12.9,3.7,0.5,0,0,0,0,4.7,62.7,32.6,0,87.2,12.8,93206,103098
"1044",6029003204,"06","029","003204",9386,35.309898,-119.124626,"Census Tract 32.04, Kern County, California",367600,3004,297,6.7,3.1,3.3,31.3,50.8,6.9,4.6,2.8,1.1,1.4,0.1,1,0.3,1.1,7.7,40.4,42.6,7.8,77.8,22.2,103179,129787
"1045",6029003205,"06","029","003205",8998,35.288174,-119.04352,"Census Tract 32.05, Kern County, California",193700,2382,0,6,3.64,4.87,26.4,34.9,25.7,12.8,0,0,0.3,0,0,0.3,0,1.7,43.7,51.6,2.6,70.9,29.1,59476,73716
"1046",6029003206,"06","029","003206",12112,35.275984,-119.050302,"Census Tract 32.06, Kern County, California",228500,2989,124,6.2,3.87,4.1,46.2,23.6,13.9,1.3,1,0.5,2.1,4.2,7.4,2.5,2.1,6.9,37.2,45.1,6.3,76.5,23.5,66250,68432
"1047",6029003303,"06","029","003303",1471,35.069232,-119.414883,"Census Tract 33.03, Kern County, California",88300,603,42,5.3,2.88,3.2,2.8,1,6.8,26.7,17.6,8.3,3.8,14.3,18.7,0,1.3,37.1,48.8,11.1,1.7,68.4,31.6,38482,52958
"1048",6029003304,"06","029","003304",5248,35.158561,-119.390092,"Census Tract 33.04, Kern County, California",163200,991,211,5.4,2.77,3.55,10.2,6.6,16.6,11.7,11.8,12.3,12.6,6.9,11.3,0,3.6,27.5,53.3,11.2,4.3,71.5,28.5,49833,64263
"1049",6029003305,"06","029","003305",3608,34.820637,-118.961916,"Census Tract 33.05, Kern County, California",229700,1764,561,4.9,2.64,2.94,5.8,0.4,12.4,23,15.8,15.2,9,10.4,8,0,13.1,39.8,34.8,12.3,0,70.9,29.1,55152,60366
"1050",6029003306,"06","029","003306",4897,34.847083,-119.057278,"Census Tract 33.06, Kern County, California",238800,2890,1317,5,2.74,3.1,6.5,8.9,11,32.3,29.1,2.7,7.5,1.6,0.5,0.1,3.7,40.7,44.3,9,2.2,83.3,16.7,54010,74717
"1051",6029003400,"06","029","003400",4318,35.15703,-119.457418,"Census Tract 34, Kern County, California",109000,1516,164,5,2.91,3.1,2.5,1.7,0.8,2.5,4.7,20.1,16.6,18.7,32.3,0,6.9,30.6,52.1,9.9,0.5,53.8,46.2,25714,39523
"1052",6029003500,"06","029","003500",6156,35.143227,-119.460329,"Census Tract 35, Kern County, California",175700,2498,281,5.6,2.59,3.28,0.7,2.6,2.2,8.9,14.9,16.1,31.1,8.7,14.8,3.4,7.1,27.8,41.8,16.6,3.2,58.2,41.8,43682,59222
"1053",6029003600,"06","029","003600",4531,35.13382,-119.465413,"Census Tract 36, Kern County, California",117800,1677,259,4.7,3.36,3.14,6.3,2.7,7.2,5.4,3,6.4,19,18.4,31.7,0,10.1,46.4,31.6,10.8,1.1,46.3,53.7,43578,49695
"1054",6029003700,"06","029","003700",3953,35.403181,-119.389257,"Census Tract 37, Kern County, California",166700,1156,131,5.4,3.93,3.64,9.3,3.5,13.1,11.9,20.9,8.9,11.7,8.1,12.5,1.2,4.8,29.7,42,17.7,4.5,61.6,38.4,46250,55327
"1055",6029003803,"06","029","003803",4769,35.397421,-119.162837,"Census Tract 38.03, Kern County, California",353500,1532,182,6.9,3.1,1.8,22.7,26,30.3,6,9.4,1.4,0,1.4,2.9,0,0,3,31.8,51.2,14,93.2,6.8,108939,124353
"1056",6029003804,"06","029","003804",15464,35.408148,-119.135628,"Census Tract 38.04, Kern County, California",259900,4556,435,6.3,3.44,3.75,31.9,37.5,18.9,5,3.5,2.5,0,0,0.6,0.3,2.1,2.3,40.3,42.5,12.4,78.7,21.3,94651,103467
"1057",6029003805,"06","029","003805",8774,35.4105,-119.120416,"Census Tract 38.05, Kern County, California",258800,2749,109,6.2,3.14,3.65,20.2,34.8,43.1,0,0.9,0,0.3,0,0.7,0,0,4,47.9,41.7,6.4,80.3,19.7,88173,92553
"1058",6029003806,"06","029","003806",4889,35.409976,-119.100001,"Census Tract 38.06, Kern County, California",315700,1648,116,6.7,2.99,2.41,7.2,59.5,32.8,0.5,0,0,0,0,0,0,0,9.5,46.4,39.6,4.4,84.6,15.4,95000,108965
"1059",6029003807,"06","029","003807",3616,35.39211,-119.119023,"Census Tract 38.07, Kern County, California",203200,1300,124,5.7,2.79,3.26,4.3,2.4,31.2,25,25.3,10.7,1.2,0,0,0,1.7,4.1,79.2,14.6,0.4,75.1,24.9,69531,77559
"1060",6029003808,"06","029","003808",4439,35.392522,-119.101221,"Census Tract 38.08, Kern County, California",209100,1584,142,5.2,2.71,3,7.1,14.1,69.6,8.3,0,0,0,0.9,0,0,0,19.4,63.6,15.8,1.3,61.2,38.8,71324,86380
"1061",6029003809,"06","029","003809",10984,35.372884,-119.16913,"Census Tract 38.09, Kern County, California",350700,3630,356,6.6,3.17,3.83,27.8,22.1,28,12.3,7.8,1.2,0.3,0.6,0,2.3,1.3,6.1,36.9,45.3,8.2,87.8,12.2,94755,121618
"1062",6029003810,"06","029","003810",2578,35.375673,-119.136701,"Census Tract 38.10, Kern County, California",437300,914,57,7.4,3.03,2.7,3.4,9.4,48,28.8,8.8,0,0.5,0,1.1,3.6,0.3,0.7,35.7,53.5,6.2,89.6,10.4,118906,168971
"1063",6029003811,"06","029","003811",2661,35.37675,-119.119931,"Census Tract 38.11, Kern County, California",221500,1058,102,5.7,2.87,2.71,5.2,9.7,7.8,10.1,26.3,18.6,13.5,0,8.7,0,3,31.4,48.9,13.9,2.8,72.2,27.8,67604,79135
"1064",6029003812,"06","029","003812",4367,35.366851,-119.104313,"Census Tract 38.12, Kern County, California",212400,1705,104,5.1,2.9,2.64,4.2,7.7,66,10.2,4.9,5.5,0.8,0.6,0,3.2,9.2,25,43.6,18.9,0,46.3,53.7,67553,76621
"1065",6029003813,"06","029","003813",7613,35.362769,-119.136275,"Census Tract 38.13, Kern County, California",331700,2608,149,6.6,3.05,3.1,27.1,43,17.9,5.9,2.1,2.3,1.2,0.6,0,0,0.3,8.7,33.8,47.6,9.6,84.8,15.2,103371,111396
"1066",6029003900,"06","029","003900",2250,35.505265,-119.132172,"Census Tract 39, Kern County, California",425000,185,0,4.7,3.25,4.48,4.9,4.9,52.4,7,13.5,0,5.4,2.2,9.7,0,15.7,37.3,27.6,14.6,4.9,42.7,57.3,41250,81481
"1067",6029004000,"06","029","004000",7704,35.498262,-119.284106,"Census Tract 40, Kern County, California",168400,1861,132,5.5,3.82,3.83,23.7,19.1,25,6.7,1.6,2.3,7.7,2.2,11.7,1.8,3.2,17.9,42,34.4,0.8,64.1,35.9,40133,47676
"1068",6029004101,"06","029","004101",4917,35.504817,-119.273994,"Census Tract 41.01, Kern County, California",214800,1529,42,5.1,3.49,2.62,7,4,6.5,5.7,16.8,6.8,37.9,8.4,6.8,0,10.1,22.9,59.5,7.6,0,64.6,35.4,50856,62625
"1069",6029004102,"06","029","004102",5451,35.496107,-119.278842,"Census Tract 41.02, Kern County, California",106300,1482,65,4.5,3.76,4.06,0,2.4,11.9,34.1,22.1,7.9,12.6,6.3,2.6,3,5,36.1,48.4,5.3,2.2,47.3,52.7,33472,36596
"1070",6029004200,"06","029","004200",1320,35.484958,-119.325688,"Census Tract 42, Kern County, California",233000,393,39,5.2,3.94,3.69,2.8,1.3,15.3,5.6,14.2,7.6,25.4,9.7,18.1,2.5,2.5,27,49.4,14.8,3.8,49.4,50.6,49792,63168
"1071",6029004301,"06","029","004301",7416,35.586911,-119.346913,"Census Tract 43.01, Kern County, California",155900,2090,127,5.2,4.05,3.99,12,33.3,15.1,12.4,12.1,4.6,4.8,1.9,3.8,0,5.8,23.8,46.4,21.3,2.6,58.7,41.3,41491,50777
"1072",6029004302,"06","029","004302",5710,35.588727,-119.413987,"Census Tract 43.02, Kern County, California",NA,0,0,NA,NA,NA,NA,NA,NA,NA,NA,NA,NA,NA,NA,NA,NA,NA,NA,NA,NA,NA,NA,NA,NA
"1073",6029004401,"06","029","004401",7308,35.593273,-119.346239,"Census Tract 44.01, Kern County, California",165600,2153,146,5.1,3.59,2.8,3.2,1.7,4.6,21.1,2.1,18.7,34.1,10.2,4.3,1.5,14.3,19.5,53.2,11.2,0.4,65.2,34.8,44309,53557
"1074",6029004402,"06","029","004402",5437,35.590415,-119.334867,"Census Tract 44.02, Kern County, California",153800,1463,177,4.5,4.14,3.7,8.7,3.8,6.7,13.7,19.4,2.3,26.2,4.9,14.2,4.3,12,35.5,44.2,4,0,38.1,61.9,32674,41065
"1075",6029004500,"06","029","004500",3937,35.626024,-119.643587,"Census Tract 45, Kern County, California",147000,919,146,4.9,5.08,4.18,1,8.6,28.8,14.5,10.9,5.7,17.3,7.1,6.2,2.4,6.4,30.5,46.6,13.1,1.1,30.3,69.7,32281,39828
"1076",6029004601,"06","029","004601",5363,35.783055,-119.311949,"Census Tract 46.01, Kern County, California",NA,0,0,NA,NA,NA,NA,NA,NA,NA,NA,NA,NA,NA,NA,NA,NA,NA,NA,NA,NA,NA,NA,NA,NA
"1077",6029004603,"06","029","004603",490,35.767312,-119.322308,"Census Tract 46.03, Kern County, California",NA,0,0,NA,NA,NA,NA,NA,NA,NA,NA,NA,NA,NA,NA,NA,NA,NA,NA,NA,NA,NA,NA,NA,NA
"1078",6029004604,"06","029","004604",15845,35.769415,-119.27053,"Census Tract 46.04, Kern County, California",158500,2751,193,5.8,4.76,3.65,9.1,41.4,12.9,13.2,8.1,7.7,3.7,2.2,1.9,1.3,1.6,10.7,40.5,45,0.8,74.9,25.1,48070,53682
"1079",6029004701,"06","029","004701",8868,35.674907,-119.23407,"Census Tract 47.01, Kern County, California",156300,1958,60,5.6,4.38,4.1,21.1,16.5,20.4,10.5,11.3,5.4,10.3,4.3,0,1.1,6.2,15.1,54.1,21.5,2,57.7,42.3,37852,44328
"1080",6029004702,"06","029","004702",4051,35.679469,-119.222529,"Census Tract 47.02, Kern County, California",87700,981,15,5,3.49,4.69,0,1.5,10.5,29.2,20.3,9.6,6.1,20.2,2.7,0,9.3,30.1,44.1,16.5,0,41.8,58.2,26000,30917
"1081",6029004800,"06","029","004800",9297,35.768737,-119.253979,"Census Tract 48, Kern County, California",127400,2479,216,4.8,3.72,4.15,4.1,11.1,13.9,10.2,11.3,19.7,13.8,10.8,5.1,0,12.8,27.3,43.1,16.7,0,30.3,69.7,29974,37395
"1082",6029004901,"06","029","004901",5733,35.784388,-119.245079,"Census Tract 49.01, Kern County, California",137500,1492,150,4.5,4.34,3.97,0,2.4,22.3,35.5,9.2,5.6,17.3,6.1,1.5,2.3,3,49.9,33.4,9.7,1.7,38.1,61.9,34579,47857
"1083",6029004902,"06","029","004902",8349,35.784042,-119.230658,"Census Tract 49.02, Kern County, California",204200,2002,48,5.6,4.17,4.31,0.9,6.4,41.9,14.8,7.4,5.8,14.6,5.8,2.3,0,1.5,8.6,51.1,35.2,3.5,73.3,26.7,46750,53037
"1084",6029005003,"06","029","005003",3543,35.76107,-119.236413,"Census Tract 50.03, Kern County, California",163000,962,54,4.6,4.08,3.95,0,0,43,5.9,5.4,24.3,8.8,12.5,0,1.5,23.7,28.6,30.6,13.8,1.9,36.8,63.2,29013,39694
"1085",6029005004,"06","029","005004",7219,35.770228,-119.235441,"Census Tract 50.04, Kern County, California",172200,2034,149,5.1,3.47,3.76,2.5,7.4,9.1,7.8,10.5,25.7,10.7,25,1.4,0,7.1,28.9,48.6,12.8,2.7,56.2,43.8,35486,58958
"1086",6029005103,"06","029","005103",2564,35.443012,-119.003411,"Census Tract 51.03, Kern County, California",164300,1220,47,5.4,2.22,2.98,6.4,8.9,11.1,17.1,28,15,12.1,1.3,0,0,4.3,31.2,54.3,9.8,0.4,84.4,15.6,37276,77635
"1087",6029005104,"06","029","005104",3253,35.414055,-118.847337,"Census Tract 51.04, Kern County, California",298600,1464,139,5.7,2.35,2.09,45.5,16.2,10.1,16.9,9.7,0.7,0,1,0,0,2.8,30.6,41.7,21.3,3.6,84.8,15.2,85542,110559
"1088",6029005201,"06","029","005201",5397,35.7156,-118.469642,"Census Tract 52.01, Kern County, California",216000,4353,1860,4.4,1.94,2.26,3.7,6.2,8.6,17.6,18.9,24.1,8.4,6.8,5.6,3.4,15.9,49.7,24.5,5.5,1,76.1,23.9,36782,58039
"1089",6029005203,"06","029","005203",4679,35.632607,-118.355773,"Census Tract 52.03, Kern County, California",153400,2702,522,4.8,2.24,1.74,2.6,4,9.4,28.3,31.9,16.8,5.3,0.4,1.3,4.3,14,45.3,29.9,6,0.5,82.3,17.7,31831,46066
"1090",6029005204,"06","029","005204",6158,35.586406,-118.482977,"Census Tract 52.04, Kern County, California",154200,3735,852,4.6,1.94,2.05,1.7,2.6,3.5,18.7,33.9,28.4,7,2.1,2.1,0.2,18.3,52.1,23.9,4.9,0.6,71.9,28.1,23826,37810
"1091",6029005300,"06","029","005300",2139,35.638041,-117.653608,"Census Tract 53, Kern County, California",64200,818,246,5,1.64,3.34,0,0,1.6,11.9,23.1,28.5,27,6.6,1.3,0,9.3,29.5,45,16.3,0,9.6,90.4,39318,42838
"1092",6029005401,"06","029","005401",6099,35.644279,-117.683411,"Census Tract 54.01, Kern County, California",201500,2797,159,5.5,2.43,2.45,1.9,0,9,43.8,31.4,10,2.2,1.6,0,1.1,5.3,28.5,44.9,18.1,2.2,61.5,38.5,61667,72721
"1093",6029005402,"06","029","005402",5094,35.630859,-117.683749,"Census Tract 54.02, Kern County, California",191200,2174,235,6.1,2.44,2.99,0.5,1.3,14.3,18.3,21.9,14.7,27.5,1.6,0,0.6,2.1,9.4,58.4,24.2,5.4,75.5,24.5,72243,79370
"1094",6029005403,"06","029","005403",8379,35.610144,-117.68564,"Census Tract 54.03, Kern County, California",181400,3541,495,5.3,2.52,2.52,7.4,2.1,13.9,19.4,34,7.7,9.2,3.5,2.8,2,4,27.1,47.9,17.5,1.6,65.2,34.8,56615,69223
"1095",6029005404,"06","029","005404",6672,35.61689,-117.657861,"Census Tract 54.04, Kern County, California",198600,2979,330,5.4,2.7,2.11,1.2,0.9,10.5,51,19.1,13.7,2.8,0.3,0.5,1.8,4.7,19.5,58.5,15.5,0,61.8,38.2,59068,68858
"1096",6029005501,"06","029","005501",6275,35.639916,-117.76071,"Census Tract 55.01, Kern County, California",165800,2943,418,5.7,2.26,2.28,8.8,6.9,7.5,34.7,26.3,6.8,4.2,3.2,1.6,2.1,5.6,28.6,49,13.3,1.5,84.3,15.7,62739,83904
"1097",6029005506,"06","029","005506",5998,34.864352,-118.230537,"Census Tract 55.06, Kern County, California",155000,2223,381,5.4,2.7,3.48,9.5,9,19.4,29.4,7.6,12.3,6.8,2.2,3.9,2.9,6.9,22,42.1,21,5.1,77.7,22.3,46844,61521
"1098",6029005507,"06","029","005507",7198,35.125747,-117.96536,"Census Tract 55.07, Kern County, California",161500,3651,811,5.4,2.53,3.3,30.1,8.1,18.2,20,11.4,7.4,4.9,0,0,0.8,3,21.5,63.6,11.1,0,58.1,41.9,55188,62938
"1099",6029005508,"06","029","005508",4198,35.122709,-117.969652,"Census Tract 55.08, Kern County, California",127100,2130,465,5.2,2.94,3.67,13.5,8.7,21.2,19.5,21.9,14,0.8,0,0.5,0,2.2,25,49.5,19.7,3.7,69.2,30.8,49614,58724
"1100",6029005600,"06","029","005600",2253,35.003738,-117.666052,"Census Tract 56, Kern County, California",97700,1199,295,5,2.26,2.91,1.5,0.8,2.1,7.8,6.8,23,44.8,9.8,3.3,9.8,8.3,19.3,52.7,7.2,2.8,52.5,47.5,36687,49461
"1101",6029005700,"06","029","005700",2226,34.922906,-117.93708,"Census Tract 57, Kern County, California",113800,978,375,5.6,1.09,3.19,13.7,33.8,23.5,7.8,9,5.4,6.7,0,0,0,0.9,38.4,52.8,7.9,0,9.1,90.9,67386,76422
"1102",6029005801,"06","029","005801",5997,34.860007,-118.187154,"Census Tract 58.01, Kern County, California",216700,2031,164,6,3.74,3.09,15.7,12.8,51.6,13.8,0.8,0.8,1.3,3.2,0,1.4,0,9.9,52.9,30.6,5.1,76.5,23.5,81417,85102
"1103",6029005802,"06","029","005802",7379,34.865429,-118.160025,"Census Tract 58.02, Kern County, California",131100,2942,590,4.9,3.38,2.63,4.2,5.3,30.6,20.3,7.9,16.2,9.9,3.4,2,1.8,20.6,26.3,38.5,12.8,0,46.1,53.9,32109,44676
"1104",6029005900,"06","029","005900",3589,35.049937,-118.177657,"Census Tract 59, Kern County, California",83900,1610,373,4.2,2.93,2.71,5.2,4.7,4.8,18.4,15.2,16.3,23,3.8,8.6,9.6,14,36.5,30.7,7,2.2,51,49,28184,42592
"1105",6029006002,"06","029","006002",5906,35.111127,-118.567116,"Census Tract 60.02, Kern County, California",NA,0,0,NA,NA,NA,NA,NA,NA,NA,NA,NA,NA,NA,NA,NA,NA,NA,NA,NA,NA,NA,NA,NA,NA
"1106",6029006003,"06","029","006003",5580,35.137246,-118.486233,"Census Tract 60.03, Kern County, California",226300,2275,316,5.2,2.48,3.24,6.2,9.9,20.1,53.8,5.8,1.4,2.3,0,0.5,0,4.8,26,56.5,11.7,1,54.4,45.6,55511,61589
"1107",6029006004,"06","029","006004",1601,35.224959,-118.383661,"Census Tract 60.04, Kern County, California",177200,957,227,5.6,2.17,3.41,5.7,8.5,26.1,21.6,14.4,9.6,1.5,7.3,5.2,1.4,11.9,20.4,47.6,16.9,1.8,82.6,17.4,43269,72987
"1108",6029006006,"06","029","006006",3519,35.146995,-118.505228,"Census Tract 60.06, Kern County, California",230200,1560,195,5.4,2.32,2.15,5.6,8.6,22,34,20.6,5.4,0,0,3.7,0,7,13.5,69.7,8.8,1,82.4,17.6,55860,79061
"1109",6029006007,"06","029","006007",5474,35.08381,-118.576183,"Census Tract 60.07, Kern County, California",280300,2660,455,5.8,2.79,2.86,20.2,10.6,29.4,19.9,8.3,6.4,2.6,1.1,1.5,1.6,2.4,15.9,60,14.2,5.9,87.7,12.3,63685,87128
"1110",6029006008,"06","029","006008",5956,35.167158,-118.63013,"Census Tract 60.08, Kern County, California",353000,3053,591,6.1,2.41,2.72,5.8,13.1,24.3,28.1,26.6,0.8,0,0,1.3,0,0,13.6,58.3,24.7,3.3,85.9,14.1,74954,96315
"1111",6029006100,"06","029","006100",8264,35.12324,-118.44806,"Census Tract 61, Kern County, California",175900,3559,360,5.1,2.65,2.51,11.1,5.2,11.7,19,8.1,22.6,10.7,4.2,7.3,0.8,8.4,28.9,50.2,10.4,1.2,58.1,41.9,46135,55119
"1112",6029006201,"06","029","006201",2877,35.27547,-118.924212,"Census Tract 62.01, Kern County, California",226000,885,95,5.5,3.39,4.15,3.1,10.1,9.2,21.8,17.9,6.8,12,5.3,14,0,1.2,25,45.6,24,4.2,41.5,58.5,36044,45122
"1113",6029006202,"06","029","006202",6401,35.192432,-118.84137,"Census Tract 62.02, Kern County, California",187300,1268,192,5.5,4.93,4.77,19.9,35.1,15.9,3.9,4.3,3.3,5,4.3,8.4,0.8,4.2,15.4,40.1,35.3,4.3,60.2,39.8,33779,45817
"1114",6029006301,"06","029","006301",4004,35.214332,-118.83237,"Census Tract 63.01, Kern County, California",138500,1115,16,5.1,3.58,3.58,0,0,40.3,14.3,12.3,12.6,18.1,2.2,0.3,1.7,9.4,12.3,51,25.3,0.3,64.7,35.3,31920,43473
"1115",6029006303,"06","029","006303",6784,35.201431,-118.83755,"Census Tract 63.03, Kern County, California",117700,1850,76,4.9,4.23,4.43,6.5,19.5,26.6,13.8,12.1,8.6,7.7,1.7,3.6,0,7.1,26.8,42.3,23.8,0,35.5,64.5,25792,30422
"1116",6029006304,"06","029","006304",3895,35.203505,-118.828153,"Census Tract 63.04, Kern County, California",144800,1036,191,4.6,4,4.73,8.5,0,4,16.6,32.1,13.5,8.5,10.5,6.3,0,23.5,19.9,47.6,9.1,0,41.8,58.2,34824,38941
"1117",6029006401,"06","029","006401",8320,35.261989,-118.909327,"Census Tract 64.01, Kern County, California",112200,2044,77,4.8,4.67,4.38,0.4,3.5,7.3,4,22.6,15,19.7,15.2,12.3,1.4,8.4,28.9,56,5.4,0,53.9,46.1,35303,41990
"1118",6029006403,"06","029","006403",5824,35.259122,-118.919185,"Census Tract 64.03, Kern County, California",123000,1375,82,4.6,4.96,4.39,1.5,5.7,23.4,6.8,20,14.7,23.9,3.2,0.9,2.3,8.9,32.8,45.3,10.1,0.6,48.3,51.7,36676,46579
"1119",6029006404,"06","029","006404",3564,35.243862,-118.918128,"Census Tract 64.04, Kern County, California",99100,935,144,4.5,4.05,4.29,5.6,1.9,17.5,9.9,19,6.3,18.4,14.1,7.2,0,18.9,44.4,29,3.7,4,40.1,59.9,26813,33007
"1120",6029006500,"06","029","006500",5152,35.112034,-117.901808,"Census Tract 65, Kern County, California",108600,1473,398,4.5,2.3,2.55,5.1,0.9,7.1,20.4,19.6,13.2,22.4,1.2,10.2,2.9,19.3,34.6,40,2.7,0.5,61.3,38.7,33886,45083
"1121",6031000100,"06","031","000100",3457,36.402803,-119.622217,"Census Tract 1, Kings County, California",359000,1252,49,5.8,2.96,3.26,2,3.7,12.7,13.3,19.3,10,11.3,4.6,23.1,0.6,3.8,24.4,49.8,20.4,0.9,64.6,35.4,56222,69187
"1122",6031000200,"06","031","000200",2271,36.366839,-119.834801,"Census Tract 2, Kings County, California",351800,837,84,5.5,2.7,2.81,3.1,1.6,10.6,18.9,20.2,7.4,6.3,6.1,25.8,2,12.9,21.9,45.6,15.4,2.2,60.3,39.7,40208,75824
"1123",6031000300,"06","031","000300",7446,36.261247,-119.887038,"Census Tract 3, Kings County, California",625000,1579,49,5.3,5,3.51,24.9,36.8,34.3,2.6,0.8,0.6,0,0,0,0,0,19.9,57.9,22.2,0,0.2,99.8,42225,53480
"1124",6031000402,"06","031","000402",5280,36.294778,-119.795039,"Census Tract 4.02, Kings County, California",254600,1756,136,5.4,2.88,2.77,14.4,20.3,17.6,10.5,13.8,13.6,4.1,4.9,0.8,0,3.2,18,58.4,17.5,2.9,65.6,34.4,62738,75440
"1125",6031000403,"06","031","000403",5281,36.317069,-119.777792,"Census Tract 4.03, Kings County, California",206900,1804,57,5.5,3.17,2.99,0.6,1.8,19.5,23.1,32.9,18.5,2.7,1.1,0,0,2.7,29.6,50.1,16.4,1.3,56.2,43.8,60429,70352
"1126",6031000404,"06","031","000404",9791,36.303189,-119.795252,"Census Tract 4.04, Kings County, California",224000,3194,169,5.6,3.43,3.34,15.3,9.8,28.1,12.5,7.7,5.7,10,0.4,10.6,0,5,15.5,48.4,29.1,2.1,63,37,67658,76430
"1127",6031000405,"06","031","000405",6281,36.304412,-119.776016,"Census Tract 4.05, Kings County, California",203400,2045,200,5,3.24,2.88,2,12.3,24.1,21.8,14.7,6.9,9.6,6.7,2,3.7,5.3,38.1,35.5,15.3,2.2,43,57,45065,49452
"1128",6031000500,"06","031","000500",5476,36.317365,-119.709386,"Census Tract 5, Kings County, California",193800,1602,87,5.5,3.18,3.61,1.3,6.5,14.6,11.8,23.5,16.2,5.6,8,12.5,1.2,3.5,24.2,53.9,16.3,0.9,66.5,33.5,46362,57868
"1129",6031000601,"06","031","000601",10021,36.353704,-119.665952,"Census Tract 6.01, Kings County, California",268700,2987,142,6.3,3.25,3.15,24.4,35.8,20,9.3,6.9,1.6,0.7,0.3,1,0.7,0.3,8.5,48,32.6,9.8,74.3,25.7,85203,95432
"1130",6031000602,"06","031","000602",5676,36.357601,-119.650925,"Census Tract 6.02, Kings County, California",270700,2547,387,5.5,3.14,2.03,1.5,10.2,39.1,17.5,8.7,9.5,7.3,3.3,2.9,0.3,11.5,25.6,45.7,13.3,3.6,62.6,37.4,69902,89208
"1131",6031000701,"06","031","000701",5321,36.357032,-119.639628,"Census Tract 7.01, Kings County, California",223600,1954,73,6.1,2.83,3.03,0,7.3,31.2,8.2,20,18.6,13.3,0.9,0.5,0,2.6,8.7,72.1,14.4,2.3,78.6,21.4,65762,75604
"1132",6031000702,"06","031","000702",4382,36.349511,-119.631222,"Census Tract 7.02, Kings County, California",191100,1656,52,5.3,2.74,2.87,2,5.1,34.5,39.5,13.8,1.6,0.4,1.9,1.1,0,0.4,14.4,79.5,5.3,0.4,73.3,26.7,63563,72642
"1133",6031000800,"06","031","000800",4858,36.333775,-119.625829,"Census Tract 8, Kings County, California",173000,1656,64,5.4,3.12,3.74,0.8,1.6,13,12.9,21.7,11.5,24.6,6,7.8,0,9.4,20.8,54,15.9,0,48.7,51.3,41474,49060
"1134",6031000900,"06","031","000900",8057,36.335452,-119.646145,"Census Tract 9, Kings County, California",139400,2988,255,4.6,2.87,2.95,3.9,0,0.5,8.3,26.6,10,13.1,12.4,25.2,1.8,6.2,57.1,30.1,4.6,0.2,36.4,63.6,37002,43742
"1135",6031001001,"06","031","001001",4176,36.334843,-119.671415,"Census Tract 10.01, Kings County, California",242800,1535,192,5.6,2.92,2.57,8.1,24.7,20.3,11,13.5,12.1,3.8,4,2.5,0,11.4,21.9,49.1,11.3,6.3,66.9,33.1,72431,77458
"1136",6031001002,"06","031","001002",4424,36.318596,-119.663663,"Census Tract 10.02, Kings County, California",165100,1339,121,4.9,3.73,3.65,1.5,5.2,8.1,19.8,24.8,19,18.4,1.5,1.8,0,11.4,34.7,40.6,12.9,0.4,37.2,62.8,33443,38013
"1137",6031001003,"06","031","001003",5699,36.308491,-119.663774,"Census Tract 10.03, Kings County, California",174100,1562,65,5.3,3.83,3.98,3.3,6.2,40.1,15.3,15.9,14,2.2,1.4,1.6,1,0,7,75.7,16.3,0,67.9,32.1,53951,64294
"1138",6031001100,"06","031","001100",6613,36.310299,-119.643075,"Census Tract 11, Kings County, California",120000,1878,142,5,3.31,3.91,1.7,5.3,14.2,15.7,17.4,22.2,9.3,5.5,8.7,2.2,11.7,25,48.1,10.9,2.1,46.7,53.3,30750,37819
"1139",6031001200,"06","031","001200",2507,36.267703,-119.626288,"Census Tract 12, Kings County, California",328200,910,55,5.9,2.97,3.18,5.5,6.7,16.7,4.1,24.7,8.5,13,11,9.9,0.5,3.3,17,61.4,17.7,0,59.6,40.4,58018,81811
"1140",6031001300,"06","031","001300",3761,36.102149,-119.577185,"Census Tract 13, Kings County, California",183900,1103,96,5,3.44,3.79,12.1,15.3,5.7,23,12.7,13.4,13.3,1.8,2.6,0,12.3,18.5,49.4,19.8,0,23.7,76.3,26555,41578
"1141",6031001401,"06","031","001401",3002,36.087844,-119.56416,"Census Tract 14.01, Kings County, California",147700,792,21,5,3.68,4.28,7.3,23,17.3,18.3,3.5,13.9,8.7,5.4,2.5,0,4.8,17.7,66.7,10.9,0,57.5,42.5,34049,42244
"1142",6031001402,"06","031","001402",2384,36.098519,-119.561157,"Census Tract 14.02, Kings County, California",155000,679,104,5.1,3.41,3.64,2.4,2.4,10.3,13.5,26.5,8.4,18.9,12.1,5.6,1.5,5.3,30,54.6,6.8,1.8,55.5,44.5,26397,35516
"1143",6031001500,"06","031","001500",4619,36.100944,-119.573559,"Census Tract 15, Kings County, California",137300,1337,24,5.2,3.61,3.86,5.2,1,3.6,19.2,19.2,18.7,12.6,14.4,6.1,0,5.1,29.2,52.8,11,1.9,62.3,37.7,36517,56694
"1144",6031001601,"06","031","001601",4516,36.135112,-119.860421,"Census Tract 16.01, Kings County, California",129500,1159,91,5.5,4.25,4.51,3.4,7.6,24.5,18.4,10.2,9.1,11.1,10.3,5.4,2,4.5,16.5,48.3,26.5,2.2,60.9,39.1,42895,54582
"1145",6031001602,"06","031","001602",12118,36.056703,-119.546867,"Census Tract 16.02, Kings County, California",NA,0,0,NA,NA,NA,NA,NA,NA,NA,NA,NA,NA,NA,NA,NA,NA,NA,NA,NA,NA,NA,NA,NA,NA
"1146",6031001701,"06","031","001701",9142,36.004264,-120.129442,"Census Tract 17.01, Kings County, California",162300,3382,102,5,4.2,4.19,7.7,12.1,13,21.2,11.4,9.9,11.1,7.1,6.5,2.7,13.2,19.3,49,14.9,0.9,37.1,62.9,29183,40280
"1147",6031981800,"06","031","981800",6423,35.970741,-120.120932,"Census Tract 9818, Kings County, California",NA,0,0,NA,NA,NA,NA,NA,NA,NA,NA,NA,NA,NA,NA,NA,NA,NA,NA,NA,NA,NA,NA,NA,NA
"1148",6033000100,"06","033","000100",3121,39.16971,-122.924761,"Census Tract 1, Lake County, California",282200,1613,580,4.7,2.58,2.68,4.5,8.7,9.9,12,18.1,18,9.4,2.8,16.6,2,13,33.8,41.7,8.9,0.6,82.2,17.8,42243,53050
"1149",6033000300,"06","033","000300",3846,39.076622,-122.91675,"Census Tract 3, Lake County, California",287800,1839,278,5.3,2.41,2.63,5.1,6.6,15.1,30.7,20.6,4.4,10.3,1.6,5.6,1.3,6.8,41.9,42,7.2,0.8,73.8,26.2,49323,62177
"1150",6033000400,"06","033","000400",5574,39.050893,-122.919212,"Census Tract 4, Lake County, California",249800,2908,507,4.9,2.42,2.03,1.7,1.5,8.3,10.7,33.1,14,18.3,1.3,11,1.2,10.4,45.8,32.2,8.6,1.9,59.9,40.1,37190,61756
"1151",6033000501,"06","033","000501",3222,39.085613,-122.778088,"Census Tract 5.01, Lake County, California",198200,1900,750,4.4,2.04,2.97,2.8,5.8,8.7,18.1,28.3,18.3,11.3,5.2,1.5,4.5,16.1,52.6,18.7,7.6,0.4,69.4,30.6,26938,39172
"1152",6033000502,"06","033","000502",2703,39.125156,-122.851186,"Census Tract 5.02, Lake County, California",167400,1542,453,4.2,2.07,1.95,2.9,6.9,8.9,22.2,19.8,7.9,17,11.5,2.7,8.1,19.1,40.7,31.2,0.8,0,45.5,54.5,24620,34992
"1153",6033000600,"06","033","000600",3957,39.02956,-122.663323,"Census Tract 6, Lake County, California",239300,3007,1568,4.7,2.04,2.5,4.6,4.8,8,11.9,26,20.6,12.9,9.1,2.2,1.7,11.2,51.7,27,5.8,2.5,69.9,30.1,40225,52349
"1154",6033000701,"06","033","000701",4343,38.973212,-122.650666,"Census Tract 7.01, Lake County, California",211900,2697,627,4.3,2.09,1.76,6.8,5.7,17.8,13.1,16.5,18.5,10.1,8.6,2.9,2,31.1,30,31.6,2.9,2.3,58.3,41.7,28902,38943
"1155",6033000702,"06","033","000702",4029,38.944386,-122.613476,"Census Tract 7.02, Lake County, California",117400,2080,534,4.6,2.29,3,7.8,3.8,6.5,13.6,41.1,12.3,11.4,0.6,2.9,0,7.6,48.1,41.8,1.8,0.7,62.7,37.3,31250,34693
"1156",6033000801,"06","033","000801",2894,38.938803,-122.629632,"Census Tract 8.01, Lake County, California",80600,1672,458,4.2,2.28,2.84,5.6,0,2.3,20.6,29.2,22,12.1,6.3,1.9,2,26.7,41.4,24.5,5.4,0,55.4,44.6,32941,41157
"1157",6033000802,"06","033","000802",4234,38.956422,-122.635315,"Census Tract 8.02, Lake County, California",100000,2276,618,4.2,2.16,2.59,4,2.3,8.7,13,23.9,19.3,18.6,3,7.2,1.4,24.3,47.1,21.8,3.9,1.6,37.9,62.1,25945,32369
"1158",6033000900,"06","033","000900",6059,38.969234,-122.742751,"Census Tract 9, Lake County, California",300800,3755,1244,5,2.23,2.79,7.5,12.9,12.7,14.8,26.4,12.4,6,2.2,5.1,1,8.1,39.5,43.2,7,1.2,70,30,50564,64750
"1159",6033001000,"06","033","001000",6045,38.980142,-122.850042,"Census Tract 10, Lake County, California",248800,2581,395,5,2.62,3.4,1.4,10.8,12.7,19.7,26.7,11.5,9.1,4.5,3.6,0.6,5.1,39.1,47.4,5.4,2.4,71.4,28.6,43537,56548
"1160",6033001100,"06","033","001100",3865,38.857456,-122.732945,"Census Tract 11, Lake County, California",269400,2296,760,4.8,2.57,2.88,3.7,0.9,13.2,21.4,20.4,14.1,14.2,5.1,7.1,4.9,9.7,33.9,42.7,8.8,0,75,25,68500,71079
"1161",6033001200,"06","033","001200",3198,38.881438,-122.587491,"Census Tract 12, Lake County, California",280900,1634,293,5.1,2.79,2.27,7.6,9.5,12.5,21.1,27.9,8.6,7.6,2.6,2.6,2.1,9.6,30.7,50.9,5.3,1.3,72.3,27.7,49907,68088
"1162",6033001300,"06","033","001300",7575,38.785728,-122.578735,"Census Tract 13, Lake County, California",287600,3641,722,5.1,2.62,3.38,7.3,18.1,15.9,24.9,14.2,4.2,5.7,4.6,5.1,1.9,4.3,25.9,58.2,7.4,2.4,71.2,28.8,54969,67283
"1163",6035040100,"06","035","040100",1822,41.036265,-121.021366,"Census Tract 401, Lassen County, California",228600,850,331,5.4,2.41,2.77,8.5,4.9,17.3,8.4,23.9,7.3,8.1,5.4,16.2,1.5,8.5,34.1,38.1,14.6,3.2,84.4,15.6,51146,64872
"1164",6035040200,"06","035","040200",2534,40.36344,-120.935138,"Census Tract 402, Lassen County, California",181200,2139,1146,5.4,1.93,2.49,4,5.2,8.6,16.5,23.9,4,6.2,7.3,24.3,3.4,10.2,36,32.9,15.3,2.2,65.5,34.5,46750,57926
"1165",6035040302,"06","035","040302",4422,40.380289,-120.620659,"Census Tract 403.02, Lassen County, California",257300,1726,233,5.5,2.42,3.77,2.8,4.9,14.8,19.4,26.1,8.4,6.4,5.2,12,1.9,3.9,20.7,57,15.6,0.9,81.1,18.9,65721,74775
"1166",6035040303,"06","035","040303",3616,40.419545,-120.635781,"Census Tract 403.03, Lassen County, California",169500,1914,168,4.7,2.72,1.98,4.1,12.7,13.5,21.1,13.8,7,9.4,14,4.4,5.3,13.1,28.3,43.2,7.8,2.4,53.4,46.6,60203,64429
"1167",6035040304,"06","035","040304",1939,40.412846,-120.653532,"Census Tract 403.04, Lassen County, California",179300,1071,138,4.4,2.23,2.66,0,1.7,0,9.1,12.3,11.2,28.8,14.7,22.3,1.9,14.5,43,29.2,11.5,0,32.8,67.2,26397,38483
"1168",6035040305,"06","035","040305",4146,40.430196,-120.65963,"Census Tract 403.05, Lassen County, California",188900,2146,66,5.1,2.4,2.25,6.5,11,5,18.2,16.3,13.6,3.2,10.6,15.7,6.8,12,15.7,54.8,10.7,0,62.1,37.9,52300,62887
"1169",6035040400,"06","035","040400",9422,40.399407,-120.500005,"Census Tract 404, Lassen County, California",285500,494,126,5.6,2.22,2.26,2,12.1,8.7,22.1,13.2,8.3,8.5,4.3,20.9,0,2.8,42.7,45.7,7.1,1.6,74.5,25.5,62700,68185
"1170",6035040500,"06","035","040500",3213,40.292665,-120.512561,"Census Tract 405, Lassen County, California",280900,1112,73,5.5,3.04,2.07,7.7,2.3,27,25,22.9,5.7,3.8,1.3,4.3,1,4.9,20.1,65.8,5.6,2.6,79.5,20.5,72015,79357
"1171",6035040600,"06","035","040600",3781,40.105073,-120.156303,"Census Tract 406, Lassen County, California",181600,1264,338,4.9,2.43,1.7,3.7,0.2,20.9,15.4,14,8.7,26.4,5.6,5,8.5,10,37.4,33,10.1,0.9,70.4,29.6,42250,54802
"1172",6037101110,"06","037","101110",4731,34.259055,-118.292918,"Census Tract 1011.10, Los Angeles County, California",409800,1744,100,4.3,3.19,2.71,2.5,0.6,1.9,8.3,7.2,9.3,22,17.2,31,1.2,24.1,37.8,27.8,8.1,1,54.4,45.6,62813,77563
"1173",6037101122,"06","037","101122",3664,34.266714,-118.290785,"Census Tract 1011.22, Los Angeles County, California",491300,1375,119,5.6,2.96,2.05,0,11,3.5,1.9,13.1,28.5,22.9,5.8,13.3,0.6,2.9,14,54.5,26.3,1.7,88.1,11.9,90563,111875
"1174",6037101210,"06","037","101210",5990,34.253359,-118.290013,"Census Tract 1012.10, Los Angeles County, California",298400,2357,133,3.4,3.23,2.84,0.5,0.8,12.1,24.7,18.7,15.9,8.5,6,12.7,5,37.4,46,8,2.8,0.8,18.9,81.1,41923,49754
"1175",6037101220,"06","037","101220",3363,34.251142,-118.282327,"Census Tract 1012.20, Los Angeles County, California",365200,1300,120,4.3,2.5,2.22,2.9,0,10.9,16.7,6.9,4,20.3,14,24.2,5.1,25.4,39,28.8,1.7,0,40.1,59.9,48224,55521
"1176",6037101300,"06","037","101300",4199,34.245913,-118.270994,"Census Tract 1013, Los Angeles County, California",501700,1578,66,5.4,2.76,2.24,2,0.6,2.3,9.4,7.2,11,50.6,7,9.8,0,3.5,29.2,55.4,9.3,2.6,87.6,12.4,64009,91057
"1177",6037101400,"06","037","101400",3903,34.245614,-118.28955,"Census Tract 1014, Los Angeles County, California",465000,1510,123,5,2.77,2.54,0.4,0,11.4,9.9,8.7,21.3,19,14.6,14.8,0.7,11.8,31.1,36.5,18.9,1.1,71.1,28.9,69856,72941
"1178",6037102103,"06","037","102103",1740,34.224718,-118.356468,"Census Tract 1021.03, Los Angeles County, California",552000,659,0,5.8,2.84,1.58,1.5,0,10.3,1.7,3.6,17.8,61.6,0,3.5,0,7.6,11.7,54.2,20,6.5,82.1,17.9,68849,93040
"1179",6037102104,"06","037","102104",3648,34.21387,-118.344154,"Census Tract 1021.04, Los Angeles County, California",471900,1309,0,5,2.58,2,0,3.1,0,3.5,50.3,12.2,28.4,0.9,1.5,0,0,42.1,49.4,8.5,0,76.6,23.4,101875,106056
"1180",6037102105,"06","037","102105",1731,34.209918,-118.349582,"Census Tract 1021.05, Los Angeles County, California",441500,577,0,4.9,3.23,2.25,0,2.3,0,9.4,9.2,8.8,23.2,24.6,22.5,0,23.6,30.8,33.8,11.8,0,71.6,28.4,47422,76118
"1181",6037102107,"06","037","102107",3851,34.239378,-118.349745,"Census Tract 1021.07, Los Angeles County, California",582900,1283,67,5.3,2.81,2.67,0.8,1.9,3.5,17.8,18.6,10.2,19.4,18.8,9,3.4,2.5,28.7,41.8,14.7,8.9,70.3,29.7,65714,73492
"1182",6037103101,"06","037","103101",2670,34.269903,-118.30727,"Census Tract 1031.01, Los Angeles County, California",445500,971,54,5.4,3.32,2.49,0,0.6,0,3.8,3.6,15.7,47.7,20.4,8.2,0.5,0.3,18.9,67,12.3,0.9,85.1,14.9,83102,86039
"1183",6037103102,"06","037","103102",4751,34.263373,-118.307572,"Census Tract 1031.02, Los Angeles County, California",402300,1682,110,5.2,3.23,2.52,1.9,4.5,3.6,9.3,11.1,6.7,29.9,19.2,13.7,0.6,8.1,26.1,54.9,7.7,2.6,72.1,27.9,79457,82678
"1184",6037103200,"06","037","103200",6150,34.268172,-118.332581,"Census Tract 1032, Los Angeles County, California",467000,2326,55,5.7,3.24,2.58,0.6,0,1.5,8.5,8.9,28.7,30.4,12.3,9.2,3.4,14.8,17,45.2,15.7,4,67.8,32.2,73606,89499
"1185",6037103300,"06","037","103300",3819,34.256616,-118.356358,"Census Tract 1033, Los Angeles County, California",691800,1406,100,5.8,2.55,2.47,0.5,5.1,3.2,8.5,8.5,10.1,35.6,17.5,11.1,2.5,4.9,17,48.9,22.8,3.9,85.5,14.5,103173,121198
"1186",6037103400,"06","037","103400",6143,34.256193,-118.312358,"Census Tract 1034, Los Angeles County, California",404100,2563,83,4.9,2.92,2.63,0.9,2.8,2.5,12.3,22.7,9.5,20.4,14.5,14.4,2.5,11,37.1,36.9,9.8,2.6,64.5,35.5,60149,69564
"1187",6037104103,"06","037","104103",4085,34.282457,-118.392536,"Census Tract 1041.03, Los Angeles County, California",369700,838,99,6.1,4.74,4.75,1.7,2.1,10.9,21.4,4.2,48,9.8,0,2,0,3.9,6.3,48.6,31.6,9.5,79.8,20.2,68728,79292
"1188",6037104105,"06","037","104105",5412,34.275025,-118.406267,"Census Tract 1041.05, Los Angeles County, California",230700,1519,150,5.1,3.98,3.75,2.9,1.7,12.4,34.7,10.9,12.3,12.4,9.4,3.2,2.2,5.9,47.1,36.1,8.3,0.4,42.2,57.8,40516,48804
"1189",6037104108,"06","037","104108",5256,34.272717,-118.398668,"Census Tract 1041.08, Los Angeles County, California",350000,1344,96,5,4.66,3.58,6,11.3,4.4,22,17,16.6,19.5,3.3,0,6,15.4,33.6,32.1,10.4,2.5,37.6,62.4,42143,50424
"1190",6037104124,"06","037","104124",4175,34.280515,-118.380459,"Census Tract 1041.24, Los Angeles County, California",366700,1207,72,5.7,3.09,2.86,0,0.9,0.6,29,10.3,22.8,18.5,9,8.9,1.4,6.5,18.6,45.2,26.7,1.5,82.2,17.8,76773,76481
"1191",6037104201,"06","037","104201",4780,34.28576,-118.416374,"Census Tract 1042.01, Los Angeles County, California",314700,925,34,5.7,5.1,3.96,0,8.2,0.6,2.6,4.1,29.3,41.8,11.4,1.9,8.3,6.1,9.3,47.1,21.5,7.7,76,24,46152,55418
"1192",6037104203,"06","037","104203",5210,34.279332,-118.41116,"Census Tract 1042.03, Los Angeles County, California",312900,1114,75,4.8,5.43,3.88,0,3,19.6,20.1,4.1,7.7,36.4,9.1,0,1.3,21.7,29.9,31.4,11.9,3.8,43,57,34875,47243
"1193",6037104204,"06","037","104204",3375,34.283877,-118.403375,"Census Tract 1042.04, Los Angeles County, California",187500,726,48,5.5,4.83,4.33,5.8,4.5,16,30,11.7,14.6,3.3,11.2,2.9,1.4,1.2,29.2,43.4,14.6,10.2,65.6,34.4,47328,69229
"1194",6037104310,"06","037","104310",4921,34.277523,-118.428643,"Census Tract 1043.10, Los Angeles County, California",337300,927,32,5.6,5.71,5.97,1.2,1.3,0,5.2,3.5,25.6,31.5,18,13.8,1.5,2,15.1,53.1,23,5.3,72.7,27.3,59646,69097
"1195",6037104320,"06","037","104320",5998,34.273076,-118.41901,"Census Tract 1043.20, Los Angeles County, California",318000,1231,107,5,4.78,5.3,0.6,0,4.9,11.7,6.9,6.7,49.2,17,3.1,0,18.4,21.3,47.3,8.9,4.1,62.4,37.6,49278,59073
"1196",6037104401,"06","037","104401",3357,34.266435,-118.432308,"Census Tract 1044.01, Los Angeles County, California",331900,690,80,5.3,5.58,4.09,5.1,0,5.9,0,0,6.7,37.1,34.8,10.4,3.6,6.5,21.9,47.1,14.9,5.9,67.9,32.1,59207,65069
"1197",6037104403,"06","037","104403",3282,34.257555,-118.433024,"Census Tract 1044.03, Los Angeles County, California",279600,648,34,5.1,4.54,5.87,2.5,0,0,0,5.7,8.6,56.9,21.6,4.6,0,8.8,38.1,23.9,24.5,4.6,53.9,46.1,48782,52750
"1198",6037104404,"06","037","104404",3236,34.263713,-118.429086,"Census Tract 1044.04, Los Angeles County, California",377100,607,17,4.9,5.95,4.33,0,0,6.6,3.6,10.9,8.2,31.6,32,7.1,11,4.8,31.5,46.5,3.8,2.5,37.5,62.5,34487,46065
"1199",6037104500,"06","037","104500",3293,34.25569,-118.426042,"Census Tract 1045, Los Angeles County, California",323900,688,44,5,4.71,4.64,0,0,0,7.4,2.9,17.3,34.6,30.5,7.3,0,15.8,28.5,38.4,9.6,7.7,52.3,47.7,48047,51339
"1200",6037104610,"06","037","104610",3672,34.26028,-118.419368,"Census Tract 1046.10, Los Angeles County, California",365900,726,18,5.5,4.89,4.16,5.8,2.8,0,1.9,2.2,12,45.5,14.7,15.2,0,5.8,38,34.2,16,6.1,52.7,47.3,39250,48828
"1201",6037104620,"06","037","104620",3539,34.257795,-118.422263,"Census Tract 1046.20, Los Angeles County, California",292000,751,0,5.4,4.71,3.74,0,0,0,1.2,3.6,14.9,57.8,18.2,4.3,0,12,25.7,41.7,20.6,0,59.5,40.5,43990,51370
"1202",6037104701,"06","037","104701",4208,34.268228,-118.415389,"Census Tract 1047.01, Los Angeles County, California",295000,948,35,5.1,4.9,4.49,2.1,0,1.8,3.6,2.8,4.2,28.4,53.8,3.3,0,16.2,35.2,42.1,4.2,2.2,24,76,29676,37620
"1203",6037104703,"06","037","104703",2397,34.256534,-118.402714,"Census Tract 1047.03, Los Angeles County, California",227100,528,24,4.7,5.6,3.82,7.6,0,6.1,36.4,0,22.2,7.8,8.1,11.9,0,14.2,61.6,19.9,4.4,0,39.7,60.3,41848,47425
"1204",6037104704,"06","037","104704",4219,34.263869,-118.405053,"Census Tract 1047.04, Los Angeles County, California",243200,1151,82,5.1,3.66,3.58,12.9,0,5,44,14.4,22.5,1.1,0,0,0,7.7,41.5,33.4,16.7,0.6,67.4,32.6,52564,58743
"1205",6037104810,"06","037","104810",5328,34.250716,-118.412292,"Census Tract 1048.10, Los Angeles County, California",304000,1046,0,5.9,4.96,4.87,0,2.5,0,0,13.3,16.2,41.3,17.8,9,0.6,0,20.1,53.8,19.8,5.7,61.9,38.1,60425,62246
"1206",6037104821,"06","037","104821",3514,34.246499,-118.416118,"Census Tract 1048.21, Los Angeles County, California",357100,765,52,4.8,5.49,4.48,0,0,4.3,16.6,1.3,25.9,32.5,7.5,11.9,1,18.7,38.8,23.5,16.6,1.3,36.7,63.3,45859,54076
"1207",6037104822,"06","037","104822",2277,34.24517,-118.419865,"Census Tract 1048.22, Los Angeles County, California",285500,592,79,4.7,3.36,3.38,3.9,0,1.4,21.6,8.8,18.6,20.8,20.8,4.2,5.7,19.3,35.1,35.1,2.7,2,31.2,68.8,33271,34478
"1208",6037106010,"06","037","106010",3152,34.324265,-118.438907,"Census Tract 1060.10, Los Angeles County, California",425800,980,99,6.7,3.03,3.71,0,3.5,0.6,24.6,23.6,34.6,11,0.6,1.5,0,6.2,9.8,46.6,30,7.3,87.9,12.1,89063,88206
"1209",6037106020,"06","037","106020",5557,34.321132,-118.427479,"Census Tract 1060.20, Los Angeles County, California",413400,1413,174,6.3,3.99,5.7,0,5.9,7.5,8.9,13.9,18.8,35.2,5.7,4.1,0.6,0,15,51.5,26.9,6.1,84.3,15.7,81067,89394
"1210",6037106111,"06","037","106111",4334,34.320802,-118.407765,"Census Tract 1061.11, Los Angeles County, California",337000,1592,111,6,3.14,2.95,0,5.8,13.2,30.7,23.5,17.2,8.6,1,0,0,0.7,8.6,61.4,25.1,4.2,80.6,19.4,83647,89679
"1211",6037106112,"06","037","106112",5969,34.3133,-118.416742,"Census Tract 1061.12, Los Angeles County, California",383400,1461,0,5.8,3.75,4.29,0,20.3,1.7,11,3.2,23.1,31.8,8.9,0,0,0.8,13.5,66.3,18.5,1,90.5,9.5,85130,82108
"1212",6037106113,"06","037","106113",3493,34.306146,-118.421448,"Census Tract 1061.13, Los Angeles County, California",379200,907,24,5.7,3.81,4.08,0,9,7.5,9.8,10.8,36.3,26.6,0,0,0,0,14,60.9,23.7,1.4,84.9,15.1,65402,66072
"1213",6037106114,"06","037","106114",5880,34.303544,-118.428415,"Census Tract 1061.14, Los Angeles County, California",288100,1598,141,4.9,3.42,3.2,5.3,2.1,4.4,21.1,3.8,15,33.1,12.4,2.7,4.6,14.7,32.5,40.6,6.3,1.3,49.6,50.4,44175,54887
"1214",6037106403,"06","037","106403",3825,34.304859,-118.440364,"Census Tract 1064.03, Los Angeles County, California",322000,873,117,5.6,4.43,4.78,0,0,3.4,0.6,3.2,29.4,39.9,18.1,5.4,2.2,0,18.8,50.9,23.7,4.5,82.3,17.7,60809,67544
"1215",6037106405,"06","037","106405",3966,34.316644,-118.446372,"Census Tract 1064.05, Los Angeles County, California",295300,1073,145,4.9,3.67,3.16,0,6.7,8.3,45,6.6,9.9,18.3,4.5,0.7,6.2,6.3,39.2,41.6,6.7,0,62.6,37.4,55811,61032
"1216",6037106406,"06","037","106406",4962,34.320623,-118.45797,"Census Tract 1064.06, Los Angeles County, California",356700,1580,115,6.5,3.39,3,4.4,12.4,3.2,23,14.1,12.7,26.5,1,2.7,0,1.3,17.7,44.9,32.9,3.1,89.7,10.3,67289,74357
"1217",6037106407,"06","037","106407",2933,34.309971,-118.437239,"Census Tract 1064.07, Los Angeles County, California",172000,849,110,4.1,3.3,2.83,7.4,18,5.5,29.8,26.1,5.5,5.2,0,2.4,2.1,34.5,46.2,17.2,0,0,39.8,60.2,32563,32837
"1218",6037106408,"06","037","106408",3463,34.313216,-118.44008,"Census Tract 1064.08, Los Angeles County, California",257500,1015,131,4.4,2.79,3.93,10,4.4,12.1,20.9,26.8,6.5,12.4,6.8,0,0.7,27.8,37,23.2,11.3,0,22.7,77.3,43462,47225
"1219",6037106510,"06","037","106510",5108,34.319809,-118.477278,"Census Tract 1065.10, Los Angeles County, California",458600,1430,27,6,3.12,3.24,26.2,4.2,11.3,25.2,15.7,6.4,4.3,1.1,5.6,3,6.5,19.2,36.7,29.2,5.5,73.5,26.5,77540,98694
"1220",6037106520,"06","037","106520",5837,34.30834,-118.459743,"Census Tract 1065.20, Los Angeles County, California",256400,1446,56,5.8,4.24,3.16,6.8,2.5,7.2,23.9,7.2,15.5,32.1,3,1.9,3,2.9,22.2,39.5,26.8,5.6,79,21,51885,62126
"1221",6037106603,"06","037","106603",2979,34.307703,-118.510465,"Census Tract 1066.03, Los Angeles County, California",630700,992,0,7.4,3.02,4.31,0,0.4,3.4,23.3,32.1,37.9,2.9,0,0,0,0,0.8,13.5,56.8,28.9,91.9,8.1,103750,120777
"1222",6037106604,"06","037","106604",5020,34.302669,-118.468707,"Census Tract 1066.04, Los Angeles County, California",429800,1198,109,5.2,4.12,3.88,1.8,3.2,4.7,18,26.5,12.7,20.9,8.3,4,1.8,20.7,18.1,33.1,23.2,3.2,50.1,49.9,50649,60398
"1223",6037106641,"06","037","106641",2317,34.298841,-118.508506,"Census Tract 1066.41, Los Angeles County, California",625400,803,35,7,3.02,3.09,0,0,1,1.9,26.8,69,1.4,0,0,0,0,0.7,41.3,43.3,14.6,92.7,7.3,118516,119847
"1224",6037106642,"06","037","106642",3236,34.28552,-118.506998,"Census Tract 1066.42, Los Angeles County, California",589300,1067,0,6.4,2.86,3.38,0,1.5,2.5,2.6,2.6,42.7,47.4,0,0.6,0,0,9.3,53.8,30.4,6.6,92.9,7.1,76771,97326
"1225",6037106643,"06","037","106643",4320,34.290682,-118.519771,"Census Tract 1066.43, Los Angeles County, California",842000,1339,56,8,3.37,4.36,7,5.4,24.9,27,15.2,11,7.6,1.9,0,0,0,1,21.8,42.9,34.3,98.9,1.1,116528,154291
"1226",6037106645,"06","037","106645",3389,34.289166,-118.492491,"Census Tract 1066.45, Los Angeles County, California",613300,1235,71,6.6,2.99,2.04,0,0,0,0,9.1,64.9,22.8,0,3.2,0,0,3.2,56,28.7,12,96,4,106250,125550
"1227",6037106646,"06","037","106646",3237,34.279762,-118.493928,"Census Tract 1066.46, Los Angeles County, California",483300,957,9,6.2,3.43,3.16,0,2.7,0,6.3,4,19.9,67.2,0,0,0.8,0,4.4,31.9,58.8,4.1,94.6,5.4,103125,111169
"1228",6037106648,"06","037","106648",3890,34.292628,-118.455297,"Census Tract 1066.48, Los Angeles County, California",369600,952,29,5,4.34,4.48,3,4.4,2.3,10.1,15.4,23.4,33.4,5.8,2.1,8.8,20.3,20.9,33.1,13.7,3.3,62.3,37.7,46339,57134
"1229",6037106649,"06","037","106649",2853,34.289604,-118.459964,"Census Tract 1066.49, Los Angeles County, California",460600,730,44,6,3.64,4.46,0,9.5,46.8,5.1,1.8,2.7,26.7,6,1.4,0.8,0.8,10.3,57.1,30,1,89.9,10.1,76611,95219
"1230",6037107010,"06","037","107010",3247,34.302804,-118.448093,"Census Tract 1070.10, Los Angeles County, California",345700,751,30,5.7,4.27,4.61,1.3,0,0,8.5,6.1,21.2,53.9,8.8,0.1,0,3.3,17.8,64.2,13.8,0.8,74.8,25.2,65670,76375
"1231",6037107020,"06","037","107020",5404,34.297649,-118.450879,"Census Tract 1070.20, Los Angeles County, California",329400,1313,82,5.7,4.03,3.83,4.6,21,5,15.2,2.1,11.8,23.7,12.3,4.3,1.3,3.8,17.1,48.4,26.7,2.7,80.5,19.5,56806,65451
"1232",6037108101,"06","037","108101",2230,34.279766,-118.541598,"Census Tract 1081.01, Los Angeles County, California",616000,817,0,6.7,2.83,3.98,0.6,0,0,5.1,63.6,17.9,2.7,5.8,4.3,0,0,0,44.4,40.4,15.2,94.6,5.4,98102,124107
"1233",6037108102,"06","037","108102",3430,34.280066,-118.554729,"Census Tract 1081.02, Los Angeles County, California",619200,1299,50,6.8,2.86,3.77,0.6,0.5,2.2,15.2,67.7,8.3,3.3,1.8,0.5,0,0,5.7,35.1,45.3,13.9,80.5,19.5,97411,114631
"1234",6037108103,"06","037","108103",3256,34.285619,-118.538982,"Census Tract 1081.03, Los Angeles County, California",776700,1093,21,7.6,3.21,2.58,0,1.5,2.7,42.4,45.6,5.9,1.6,0.4,0,0,0,1.5,10.5,70.7,17.3,92.3,7.7,137794,157694
"1235",6037108104,"06","037","108104",1698,34.294097,-118.545525,"Census Tract 1081.04, Los Angeles County, California",630500,598,0,7.3,3.24,3.14,0,0,2.3,12.7,12.2,62.7,8.7,0,1.3,0,0,2.3,38,47.7,12,97.7,2.3,106667,121845
"1236",6037108201,"06","037","108201",5551,34.289618,-118.563671,"Census Tract 1082.01, Los Angeles County, California",656800,1927,0,6.2,2.89,3.04,0,12.5,35.1,47.4,2.1,0,0,2.5,0.5,0,0,7.4,51.6,29.6,11.4,91.4,8.6,101985,114591
"1237",6037108202,"06","037","108202",4895,34.283404,-118.579023,"Census Tract 1082.02, Los Angeles County, California",832500,1835,161,5.7,3.08,2.1,42.1,51.1,5.3,0,0,0.8,0.7,0,0,0,12,21.6,21.1,30.7,14.6,67.5,32.5,120294,156761
"1238",6037109100,"06","037","109100",2492,34.274642,-118.462284,"Census Tract 1091, Los Angeles County, California",311800,754,19,5.2,3.11,1.97,0,0,2.7,9.7,35.4,3.2,39,10.1,0,0.8,4.9,42.7,34.1,14.2,3.3,90.9,9.1,47147,66120
"1239",6037109200,"06","037","109200",2669,34.277023,-118.475644,"Census Tract 1092, Los Angeles County, California",380900,899,0,5.5,2.88,2.69,0,2.1,9.2,14.5,14.7,3.2,51.2,0.8,4.3,0,2,20.4,49.6,28,0,79.6,20.4,71125,77418
"1240",6037109300,"06","037","109300",3085,34.271281,-118.480095,"Census Tract 1093, Los Angeles County, California",397700,910,27,5.8,3.66,3.38,0,0,2.3,0,4.8,13,74.1,4.8,1,1.8,0,0.4,68.5,28.8,0.5,83.7,16.3,68494,87927
"1241",6037109400,"06","037","109400",3720,34.268987,-118.45627,"Census Tract 1094, Los Angeles County, California",314700,1108,88,5.2,3.53,3.53,7.1,1.4,14.4,5.6,7.6,18.1,35.1,5.6,5.1,1.3,2.8,36.6,33,24.1,2.2,75.4,24.6,65000,82529
"1242",6037109500,"06","037","109500",4303,34.274133,-118.444168,"Census Tract 1095, Los Angeles County, California",344600,1091,18,5.4,4.55,4.13,0.8,5.3,6.4,14.5,0.8,13.3,35.9,14.4,8.5,1.3,8.9,38.8,22.5,20.8,7.7,59.6,40.4,56083,59615
"1243",6037109601,"06","037","109601",5020,34.258737,-118.452904,"Census Tract 1096.01, Los Angeles County, California",390200,1328,40,5.5,3.95,3.54,0,4.1,1.7,8,6.3,9.2,69.5,1.2,0,2.3,2.9,11.5,55.6,27.1,0.5,72.7,27.3,61287,78637
"1244",6037109603,"06","037","109603",4252,34.253272,-118.465747,"Census Tract 1096.03, Los Angeles County, California",386000,1341,0,5,3.19,3.13,4,0,10,2.2,25.5,9,42.4,6.1,0.7,5.4,16.6,20.6,37.7,13.9,5.8,57.5,42.5,54871,70700
"1245",6037109604,"06","037","109604",2975,34.261505,-118.464595,"Census Tract 1096.04, Los Angeles County, California",369500,944,23,5.6,3.31,2.65,0,0,3.1,6.5,7.1,5.9,66,3.1,8.4,8.1,6.8,2.8,69.8,10.2,2.4,79.8,20.2,76683,85247
"1246",6037109700,"06","037","109700",4493,34.261743,-118.481467,"Census Tract 1097, Los Angeles County, California",422100,1337,0,5.9,3.42,3.63,0.8,0.7,0.7,2.1,16,14.9,63.1,1.7,0,0,1,19.7,45.2,27.8,6.3,77.9,22.1,71875,86007
"1247",6037109800,"06","037","109800",4565,34.253832,-118.481429,"Census Tract 1098, Los Angeles County, California",426200,1469,90,5.4,3.12,2.74,0,0,4.7,2,8.6,9.4,67.8,6.8,0.7,0.6,6.9,9.5,62.8,15.7,4.4,80.4,19.6,74356,92076
"1248",6037111100,"06","037","111100",2982,34.268237,-118.494967,"Census Tract 1111, Los Angeles County, California",475200,946,35,5.5,3.12,3.27,0,0,0,5.8,13.2,19.1,52,8.1,1.7,4,8,12.8,48.5,21.6,5.1,66.5,33.5,75801,87830
"1249",6037111201,"06","037","111201",3410,34.274608,-118.507436,"Census Tract 1112.01, Los Angeles County, California",475000,1155,46,6.1,3.01,3.35,0.6,0,0,5.2,4.2,16.1,69.3,2.9,1.7,0,3.6,3.7,52.3,36.6,3.7,86.7,13.3,84375,94106
"1250",6037111202,"06","037","111202",5213,34.268255,-118.513608,"Census Tract 1112.02, Los Angeles County, California",455500,1882,125,5.6,2.86,3.26,1.7,5.4,2.9,4.4,5,10.9,55.2,9.7,4.7,3.2,6.7,22.9,50.7,13.8,2.6,66,34,81045,92352
"1251",6037111204,"06","037","111204",5859,34.263581,-118.548062,"Census Tract 1112.04, Los Angeles County, California",677700,1991,89,7.3,3.13,3.28,0,3.3,8.3,7,14.6,57.8,8.3,0.5,0.3,0,0,0.6,22,59.3,18.1,94.3,5.7,129717,174847
"1252",6037111205,"06","037","111205",3375,34.253389,-118.535198,"Census Tract 1112.05, Los Angeles County, California",463100,1458,56,5.1,2.79,2.11,0,0,10.5,21.1,50.4,15.7,2.3,0,0,9.2,9,15.8,40.3,24.2,1.4,61.1,38.9,67548,84989
"1253",6037111206,"06","037","111206",4490,34.267433,-118.534623,"Census Tract 1112.06, Los Angeles County, California",563500,1502,83,7,2.96,2.67,0,0,0,5.5,4.1,49.1,41.3,0,0,3.1,0.7,1.1,30.1,48.1,17,91.3,8.7,123371,130037
"1254",6037111301,"06","037","111301",7087,34.260797,-118.51879,"Census Tract 1113.01, Los Angeles County, California",480000,2863,184,4.4,3.03,2.86,0,1.7,10.8,10.2,28.4,16.1,26.5,5.9,0.5,4.5,13.3,40.2,27.2,11.4,3.4,34.2,65.8,53059,69784
"1255",6037111302,"06","037","111302",4786,34.25355,-118.51561,"Census Tract 1113.02, Los Angeles County, California",517300,1800,118,5,2.82,2.15,0,10.8,19.6,12.7,14.9,17.1,21.6,2.4,0.9,7.8,19.2,19.2,29.7,20.6,3.6,55.5,44.5,59457,78990
"1256",6037111400,"06","037","111400",7560,34.259588,-118.497296,"Census Tract 1114, Los Angeles County, California",456200,2724,0,4.8,2.76,2.69,0.7,9.7,9.7,4.4,22.9,22.8,27,0.5,2.2,5.4,17.6,29.7,30.2,15.2,1.9,42.2,57.8,50806,61556
"1257",6037113101,"06","037","113101",3558,34.263745,-118.586369,"Census Tract 1131.01, Los Angeles County, California",611100,1153,20,6.7,3.14,3.17,1.7,0,1.7,13.3,36.9,24.9,16.3,0.9,4.3,0,0.6,5.1,29.8,51.6,12.8,93.2,6.8,85863,115198
"1258",6037113102,"06","037","113102",2828,34.264065,-118.567957,"Census Tract 1131.02, Los Angeles County, California",803900,976,56,8.1,3.09,3.56,0,3.2,5.4,3.1,31.4,52.9,4.1,0,0,0,0,4.7,16.7,32.3,46.3,97.1,2.9,108571,160165
"1259",6037113211,"06","037","113211",3787,34.265322,-118.611356,"Census Tract 1132.11, Los Angeles County, California",446300,1663,139,6.6,2.51,3.14,1.3,2.2,4,29,45.2,15.5,1.9,0.4,0.4,0,0.4,14.9,41.2,34.9,8.7,87.9,12.1,89461,126088
"1260",6037113212,"06","037","113212",3069,34.26089,-118.601258,"Census Tract 1132.12, Los Angeles County, California",466800,1119,58,5.8,3.21,3.05,0,0,4.6,14.7,36.6,24.8,14.8,2.7,1.7,4.6,6.3,26.9,35.7,24.7,1.8,58.2,41.8,82708,93814
"1261",6037113213,"06","037","113213",4316,34.252911,-118.60551,"Census Tract 1132.13, Los Angeles County, California",425400,1697,0,5.3,2.64,2.89,0.4,0.6,3.5,19.6,53.6,9.4,12.4,0.6,0,1.6,11.9,29.6,33.1,22,1.8,66.5,33.5,81902,96171
"1262",6037113231,"06","037","113231",2125,34.222412,-118.638686,"Census Tract 1132.31, Los Angeles County, California",637000,814,26,7,2.67,2.65,0,1.4,0.5,9.7,23.6,53.1,1.2,1.2,9.3,0,2.6,4.1,37.6,45.3,10.4,78.8,21.2,90208,113514
"1263",6037113232,"06","037","113232",3894,34.225611,-118.612699,"Census Tract 1132.32, Los Angeles County, California",622700,1445,74,6.6,2.8,1.74,0,5,1,3.3,35.8,35.2,17.4,2.3,0,3.5,5.9,0,40.8,37,12.7,83.2,16.8,72091,101415
"1264",6037113233,"06","037","113233",6655,34.226039,-118.601788,"Census Tract 1132.33, Los Angeles County, California",330000,2447,211,4.2,3.57,2.75,0,2.5,3.2,9.6,26.2,32.1,20.2,5.6,0.6,5.4,30.2,23.8,31.9,7,1.8,34.5,65.5,46383,55141
"1265",6037113234,"06","037","113234",4667,34.223744,-118.593441,"Census Tract 1132.34, Los Angeles County, California",256100,1609,175,4.4,3.33,3.22,0,6.6,6.7,13.9,29.5,25.9,15.2,1.9,0.4,2.9,19.6,45.9,16.7,10.3,4.7,52.4,47.6,42530,59443
"1266",6037113235,"06","037","113235",1602,34.238727,-118.64884,"Census Tract 1132.35, Los Angeles County, California",276000,784,71,4.8,2.31,1.83,4.8,1.8,7.9,25.1,31.3,0,14.8,3.2,11.1,0,5.9,56.5,34.7,0.8,2.2,79.7,20.3,73646,76529
"1267",6037113237,"06","037","113237",3661,34.244404,-118.610292,"Census Tract 1132.37, Los Angeles County, California",620200,1378,67,5.9,3.03,1.64,6.5,9.4,8.7,19.3,31.3,16.3,2.9,2,3.6,0,18.7,22.3,23.2,23.7,12.1,68,32,73188,96336
"1268",6037113301,"06","037","113301",2201,34.247611,-118.558599,"Census Tract 1133.01, Los Angeles County, California",766000,773,62,7.7,3.14,3.09,7.1,17.6,0,0.8,19.3,22.8,29.8,0,2.7,3.8,4.8,4,29.8,29.8,27.9,82.1,17.9,104625,146076
"1269",6037113303,"06","037","113303",4006,34.246343,-118.574424,"Census Tract 1133.03, Los Angeles County, California",458700,1436,37,5.8,2.96,3.56,0,0,4.8,2.2,6.1,26.3,56.6,3.1,0.8,0,5.4,8.1,68.3,18,0.2,81.1,18.9,78015,85410
"1270",6037113321,"06","037","113321",5473,34.253381,-118.590093,"Census Tract 1133.21, Los Angeles County, California",358400,2471,0,3.6,2.42,2.25,0,4.7,5.5,20.9,48.1,13.3,6,0.6,1,6.4,39.5,34.3,13.8,4.7,1.3,31.3,68.7,58563,74030
"1271",6037113322,"06","037","113322",3947,34.253475,-118.573803,"Census Tract 1133.22, Los Angeles County, California",521800,1393,40,6.8,2.78,3.61,0,0.7,2.3,7.5,27.3,41.6,19.7,0,0.9,0,0,2.2,44.7,41.9,11.2,91.6,8.4,93250,118500
"1272",6037113401,"06","037","113401",5543,34.225193,-118.563158,"Census Tract 1134.01, Los Angeles County, California",446700,1733,99,5.4,3.21,2.99,1.1,4.6,2.1,4.8,11.4,19.8,39.6,13.2,3.5,0.5,9.9,17.6,49,16.4,6.5,72.5,27.5,71630,80241
"1273",6037113421,"06","037","113421",6109,34.230255,-118.586691,"Census Tract 1134.21, Los Angeles County, California",366600,2116,193,4.3,3.08,3.39,0.5,7.1,2.8,30.8,25.4,9.2,22.1,1.5,0.5,1,17,47.5,24,10.4,0,23.7,76.3,44779,53520
"1274",6037113422,"06","037","113422",6057,34.225061,-118.584507,"Census Tract 1134.22, Los Angeles County, California",362500,2198,129,4.5,3.32,3.16,1.5,1,2.8,12.6,35.5,12.6,27.9,1.5,4.6,7.9,20.1,23,33.3,12.6,3.2,52.7,47.3,62299,72058
"1275",6037115101,"06","037","115101",5046,34.239422,-118.511412,"Census Tract 1151.01, Los Angeles County, California",740300,1753,62,7.3,3.06,1.32,0.6,4.4,0.9,3.7,20.4,27,37.1,5.6,0.3,0,3.1,4.9,29.9,40.6,21.4,95.5,4.5,109716,137271
"1276",6037115103,"06","037","115103",2776,34.24606,-118.525754,"Census Tract 1151.03, Los Angeles County, California",NA,81,0,2.9,NA,2.31,0,0,67.9,0,16,16,0,0,0,0,32.1,67.9,0,0,0,0,100,165030,106190
"1277",6037115104,"06","037","115104",4444,34.244184,-118.52197,"Census Tract 1151.04, Los Angeles County, California",567400,1761,198,3.7,2.43,2.18,4.9,11.5,26,20.7,12,7,14,0,3.9,10.5,26.2,41.2,13.6,4,4.4,23.5,76.5,39934,56835
"1278",6037115201,"06","037","115201",6437,34.243645,-118.5371,"Census Tract 1152.01, Los Angeles County, California",583300,2818,46,3.4,2.52,2.49,6.1,2,15.8,10.8,21.7,20.8,20.3,0,2.7,8.2,42.4,15.6,20.7,8.1,5,21.7,78.3,52875,68031
"1279",6037115202,"06","037","115202",4828,34.234095,-118.536237,"Census Tract 1152.02, Los Angeles County, California",445800,1942,141,4.5,3.02,2.62,2.1,0.8,6,16.5,17.4,20.4,34.1,1.3,1.4,2.3,27.7,23.9,37.2,8.5,0.4,41.8,58.2,55983,68257
"1280",6037115301,"06","037","115301",4156,34.240925,-118.54892,"Census Tract 1153.01, Los Angeles County, California",547700,1729,106,5.5,2.68,2.33,3.9,10.4,9.9,6,15.6,46.4,7.1,0.7,0,3.1,13.1,27.3,27.8,25.4,3.3,61.6,38.4,67969,88547
"1281",6037115302,"06","037","115302",4351,34.226153,-118.549728,"Census Tract 1153.02, Los Angeles County, California",443300,1071,79,4.7,3.48,4.49,0,0.4,2.2,7.3,23.4,28.8,30.7,1,6.2,0,11.8,34.4,41.2,11.9,0.8,36.3,63.7,36154,51697
"1282",6037115401,"06","037","115401",5776,34.224323,-118.514495,"Census Tract 1154.01, Los Angeles County, California",534800,2063,65,4.1,3.12,2.54,0,4.9,5,15.6,42,6.4,22.1,2.2,1.7,5.1,30.9,29.9,18.5,13.8,1.7,37.6,62.4,47358,66244
"1283",6037115403,"06","037","115403",3188,34.224204,-118.531732,"Census Tract 1154.03, Los Angeles County, California",462500,1025,11,4,3.13,3.24,5.8,3.1,0,0,24.4,27.1,30.4,6.8,2.3,7.1,27.9,34,24.4,6.2,0.4,21.6,78.4,45605,58362
"1284",6037115404,"06","037","115404",2913,34.224517,-118.54097,"Census Tract 1154.04, Los Angeles County, California",395200,893,64,5.2,3.95,3.17,0.8,0,2.9,9.6,15.1,34.4,23.2,6,8,0,16.1,15.3,49.5,15.3,3.7,49.3,50.7,44025,72277
"1285",6037117101,"06","037","117101",4796,34.238427,-118.462205,"Census Tract 1171.01, Los Angeles County, California",369100,1439,154,5.1,3.57,3.74,2.4,15.5,29.7,26.1,6.2,0,12.4,7.6,0,0.9,4.7,33.8,42.5,17.4,0.8,72.9,27.1,73448,88350
"1286",6037117102,"06","037","117102",2631,34.246372,-118.460659,"Census Tract 1171.02, Los Angeles County, California",406300,831,11,5.4,3.49,2.85,0,10.1,0,27.4,7.1,8.3,45.5,1.6,0,1.9,0,25.9,51.7,19.7,0.7,90,10,63750,79013
"1287",6037117201,"06","037","117201",4352,34.240372,-118.469558,"Census Tract 1172.01, Los Angeles County, California",467400,1247,40,4.4,3.35,3.86,1.8,19.5,4.3,18.6,22.1,7.1,26.1,0.3,0,4,20.3,27.7,41.1,6.9,0,37.6,62.4,40198,53825
"1288",6037117202,"06","037","117202",2471,34.241284,-118.478576,"Census Tract 1172.02, Los Angeles County, California",480600,722,29,6.3,3.32,4.46,0,1.4,6.8,9.4,6.4,15.4,57.1,2.1,1.5,0,0,6.9,56.8,32.7,3.6,85.4,14.6,90375,109368
"1289",6037117301,"06","037","117301",3851,34.241649,-118.489845,"Census Tract 1173.01, Los Angeles County, California",441200,1256,41,6.1,3.02,3.96,0,0,0,1.3,2.1,25,69,2.6,0,0,0,6,65.1,27.2,1.7,87.6,12.4,80536,86018
"1290",6037117302,"06","037","117302",4914,34.239157,-118.49857,"Census Tract 1173.02, Los Angeles County, California",520500,1778,106,6.1,2.96,3.4,0,0,9.7,6.8,13.2,25.1,41.8,2.6,0.6,1,5.4,10.2,52.4,24.4,6.5,78.9,21.1,75775,94847
"1291",6037117303,"06","037","117303",3512,34.229822,-118.490601,"Census Tract 1173.03, Los Angeles County, California",448700,1036,18,5.9,3.38,4.05,0,1.6,2.7,3.2,4.1,38.5,48.2,1.7,0,2.6,0,6.5,63.3,26.9,0.7,79.2,20.8,58220,79482
"1292",6037117404,"06","037","117404",4279,34.228692,-118.479584,"Census Tract 1174.04, Los Angeles County, California",494100,1361,58,6.2,3.45,2.38,0,0.4,5.8,10.4,8.4,28.8,37.2,4.2,4.8,1.4,10.1,10.7,54,19,4.7,78.7,21.3,60569,84241
"1293",6037117405,"06","037","117405",3442,34.233707,-118.471173,"Census Tract 1174.05, Los Angeles County, California",270500,807,50,3.8,4.59,5.04,7.9,1.1,2,21.4,26,35.7,3.8,2,0,1.4,21.3,64.8,12.5,0,0,6.1,93.9,35524,37431
"1294",6037117407,"06","037","117407",3636,34.230105,-118.470654,"Census Tract 1174.07, Los Angeles County, California",NA,873,86,3.7,4.94,4.04,0,0,3.3,7.9,26.9,47.8,0,14.1,0,6.2,30.5,53.6,7.8,1.9,0,2.2,97.8,28565,38554
"1295",6037117408,"06","037","117408",2830,34.224238,-118.470337,"Census Tract 1174.08, Los Angeles County, California",318700,912,25,3.2,4.61,3.21,0,0,0,8.3,49.2,12.6,11.3,17,1.5,10.7,47,24.5,9.4,8.3,0,16.7,83.3,35643,43062
"1296",6037117510,"06","037","117510",4028,34.233789,-118.463203,"Census Tract 1175.10, Los Angeles County, California",321400,1117,64,3.7,4.25,3.63,0,2.3,11.4,30.4,16.7,8.1,23,6.1,2,2.5,36.1,42.9,15.5,3,0,14.5,85.5,29840,40198
"1297",6037117520,"06","037","117520",4052,34.230156,-118.463042,"Census Tract 1175.20, Los Angeles County, California",291700,922,49,4.1,3.32,4.31,8.5,0,21,21.1,14.2,15.4,19.7,0,0,4.8,14.4,56,17.7,7.2,0,17.9,82.1,35324,48701
"1298",6037117530,"06","037","117530",5641,34.225367,-118.463953,"Census Tract 1175.30, Los Angeles County, California",340600,1609,81,4,3.71,3.65,2.2,2.7,4.3,25.6,27.5,25.3,10.3,0.2,1.9,4.6,26,47.9,14.8,4.7,2,30.4,69.6,43571,61573
"1299",6037119001,"06","037","119001",4038,34.232577,-118.418313,"Census Tract 1190.01, Los Angeles County, California",392100,978,37,5.7,4.08,4.31,0,0,0,6.4,15.4,8.4,55.7,6,8,0.6,0,6.1,72.7,17.6,3,79.5,20.5,67212,68271
"1300",6037119002,"06","037","119002",7210,34.246626,-118.429109,"Census Tract 1190.02, Los Angeles County, California",413400,1438,31,5.7,5.27,4.34,3.1,0,3.9,2.3,7.4,4.2,55.7,22,1.3,3.3,5.8,21.1,37.4,27.1,5.3,70.4,29.6,52917,64749
"1301",6037119201,"06","037","119201",4137,34.246438,-118.441233,"Census Tract 1192.01, Los Angeles County, California",339800,888,14,5.3,4.74,5.04,0,0,0.5,1.1,6.4,7.7,72.5,9.6,2.3,4.7,0.5,8.4,76.5,9.9,0,73.9,26.1,56140,75838
"1302",6037119202,"06","037","119202",4707,34.254694,-118.442663,"Census Tract 1192.02, Los Angeles County, California",360200,1044,111,5.5,5.35,3.15,0,0,1.9,15.5,13.2,11.7,49.4,6.7,1.5,4.8,12.2,17.7,38.3,24.2,2.8,71.9,28.1,52083,60794
"1303",6037119310,"06","037","119310",3871,34.245235,-118.449486,"Census Tract 1193.10, Los Angeles County, California",310800,1026,0,4.7,4.13,2.55,8.4,1.9,6.8,50.7,10.1,9.6,12.2,0.3,0,13,6.9,24.5,51.7,4,0,66.6,33.4,57466,76519
"1304",6037119320,"06","037","119320",4694,34.238753,-118.45275,"Census Tract 1193.20, Los Angeles County, California",296500,1101,84,4.4,3.59,4.39,6,7.4,32.3,29.9,0.7,8,13.2,2.5,0,0,8.4,53.6,26.4,9.4,2.3,25.3,74.7,46186,53425
"1305",6037119340,"06","037","119340",3884,34.233609,-118.451982,"Census Tract 1193.40, Los Angeles County, California",309100,1035,74,3.4,3.65,4.42,1.4,0,0,34,21.7,23.1,11.4,6.8,1.5,10.2,35.8,47.8,6.1,0,0,2.1,97.9,37461,43842
"1306",6037119341,"06","037","119341",2719,34.237271,-118.446084,"Census Tract 1193.41, Los Angeles County, California",283100,800,36,4.2,3.95,3.26,4,1,13.4,27,17,16.9,10.6,8.8,1.4,3.8,15.1,49.1,24.1,7.9,0,30,70,39911,55129
"1307",6037119342,"06","037","119342",3180,34.240725,-118.447818,"Census Tract 1193.42, Los Angeles County, California",210700,768,0,4.9,4.37,4.94,1.7,0,15.6,43.2,31.4,4.6,3.5,0,0,0,1.8,23.3,67.6,5.6,1.7,50.8,49.2,38152,52125
"1308",6037119400,"06","037","119400",4987,34.240553,-118.435696,"Census Tract 1194, Los Angeles County, California",340500,1146,11,6,4.37,5.92,2.3,0,3.7,0.8,6.7,8.9,68.6,7.5,1.6,0,1,1.9,74.5,17.6,4.9,79.8,20.2,77952,78440
"1309",6037119700,"06","037","119700",5045,34.222131,-118.426501,"Census Tract 1197, Los Angeles County, California",434000,1321,111,5.6,3.3,3.52,1.5,2.9,5.1,2.9,6.8,15.8,52.6,7.8,4.5,0,7.5,9.3,59.9,18.8,4.5,70,30,56618,68619
"1310",6037119800,"06","037","119800",6108,34.233511,-118.430398,"Census Tract 1198, Los Angeles County, California",364400,1446,105,5.6,4.01,4.01,0,0,6.7,1,4.1,17.9,57.9,9.5,3,4.1,9,12.4,49.9,22,2.6,70.2,29.8,66020,64422
"1311",6037119900,"06","037","119900",4940,34.228246,-118.441387,"Census Tract 1199, Los Angeles County, California",370400,1251,56,5.3,3.95,3.98,1.3,0,1.4,1.4,4.8,5.2,53.7,29.2,3,3.1,3.9,16.6,63.9,10.1,2.3,76,24,69554,69215
"1312",6037120010,"06","037","120010",2844,34.218287,-118.463036,"Census Tract 1200.10, Los Angeles County, California",289200,717,23,4.5,3.89,3.89,0,0,3.9,2.5,5.7,12,36.4,39.5,0,0.4,2.4,56.9,33.1,7.3,0,74.5,25.5,50238,58263
"1313",6037120020,"06","037","120020",4057,34.218509,-118.454928,"Census Tract 1200.20, Los Angeles County, California",410000,1180,41,3.7,5.31,4.14,0,0,0,8.8,20,37.3,32.9,1,0,7.7,37.8,28,24.2,0.3,2,24.5,75.5,33650,46012
"1314",6037120030,"06","037","120030",2675,34.215397,-118.451982,"Census Tract 1200.30, Los Angeles County, California",NA,727,63,4,3.2,4.86,0,0,16.6,7.7,35.8,6.3,27.4,6.2,0,1.8,29.2,48.3,19.1,1.7,0,6,94,41129,40273
"1315",6037120103,"06","037","120103",3287,34.229855,-118.45205,"Census Tract 1201.03, Los Angeles County, California",543300,854,0,3.6,4.26,4.11,0,5,3.3,18.3,55.2,14.3,0.8,0,3.2,0,26.2,67.6,3.6,2.6,0,5,95,32891,34175
"1316",6037120104,"06","037","120104",2310,34.224555,-118.450666,"Census Tract 1201.04, Los Angeles County, California",370800,795,0,3.6,3.79,3.26,0,0,2,35.7,9.7,30.6,8.4,12.8,0.8,8.8,34.8,39.1,15,2.3,0,10.8,89.2,35071,39356
"1317",6037120105,"06","037","120105",2812,34.23096,-118.447528,"Census Tract 1201.05, Los Angeles County, California",429700,895,61,3.5,3.97,2.76,5.7,0,0,15.9,25.6,10.6,19.7,22.6,0,9.6,35.4,31.1,16.6,7.3,0,37.2,62.8,33500,44989
"1318",6037120106,"06","037","120106",4417,34.223198,-118.455688,"Census Tract 1201.06, Los Angeles County, California",546600,1180,19,3.4,4.2,3.84,0,3.1,3.4,29.6,21.4,27.7,11.4,3.5,0,5.2,48.6,32.5,11.4,2.5,0,8.3,91.7,32904,46366
"1319",6037120107,"06","037","120107",3818,34.226428,-118.455707,"Census Tract 1201.07, Los Angeles County, California",298400,1058,59,3.5,3.41,3.61,0,1.5,1,32.2,33.8,18.6,10,2.7,0,3.4,51.5,32.3,12.8,0,0,6.3,93.7,27284,34589
"1320",6037120108,"06","037","120108",4838,34.231566,-118.455344,"Census Tract 1201.08, Los Angeles County, California",255100,1345,171,4.1,3.62,3.74,0,3,8.7,23.2,51,6.7,6,0.9,0.5,3.6,25.3,42.5,27.8,0.7,0,41.3,58.7,38281,40303
"1321",6037120300,"06","037","120300",5531,34.217087,-118.43993,"Census Tract 1203, Los Angeles County, California",329300,1486,70,5.2,4.05,4.33,0,0,0,0,3.3,14.7,46,34.1,1.9,1.1,7.8,27.9,47.2,13.8,2.2,74.1,25.9,70714,67530
"1322",6037120400,"06","037","120400",6272,34.217232,-118.431606,"Census Tract 1204, Los Angeles County, California",360600,1999,70,4.1,4.01,3.29,0.5,0.4,6.5,12.3,17.1,16.5,35.7,9.6,1.5,9.1,25.2,36.7,23,4.8,1.2,26.5,73.5,42370,51406
"1323",6037121010,"06","037","121010",4989,34.221487,-118.401952,"Census Tract 1210.10, Los Angeles County, California",365400,1295,76,5.3,3.95,4.33,0,1.5,0,3.4,7.7,16.8,45.4,15.2,9.9,0.2,3,26.3,52.7,15,2.8,72.3,27.7,74471,81699
"1324",6037121020,"06","037","121020",3741,34.211609,-118.401611,"Census Tract 1210.20, Los Angeles County, California",458100,1047,125,5,3.56,3.78,0,0,0,15.7,8.5,13.5,35.3,22.6,4.4,7,9,22.2,50.4,11.3,0.2,49.8,50.2,57692,63719
"1325",6037121101,"06","037","121101",2932,34.225111,-118.36541,"Census Tract 1211.01, Los Angeles County, California",368100,985,62,3.8,3.78,2.88,0.7,0,7.7,16.9,20.3,8.4,17.2,9.9,18.9,4.6,31.7,40.2,19.6,4,0,37.3,62.7,50613,56228
"1326",6037121102,"06","037","121102",2721,34.237546,-118.372165,"Census Tract 1211.02, Los Angeles County, California",403100,838,34,4.8,3.29,3.42,0,1.4,0.2,4.1,6.8,11.3,32.7,15,28.4,3.9,6,42.7,40.2,6.4,0.7,65.3,34.7,60250,80599
"1327",6037121210,"06","037","121210",3122,34.237537,-118.403908,"Census Tract 1212.10, Los Angeles County, California",341700,759,18,5.4,3.38,3.83,7.5,3,0,5.3,2.4,32.9,29,14.4,5.5,1.8,13.2,21.2,48.2,13.2,2.4,74.2,25.8,46839,59396
"1328",6037121221,"06","037","121221",2365,34.227382,-118.395423,"Census Tract 1212.21, Los Angeles County, California",351300,581,49,5,4.52,2.85,4.5,5.5,0,5.3,7.6,16.9,21.7,23.2,15.3,2.2,6.2,40.4,33.2,12.7,5.2,73.3,26.7,50921,59299
"1329",6037121222,"06","037","121222",5293,34.234332,-118.393519,"Census Tract 1212.22, Los Angeles County, California",388800,1287,47,4.2,4.18,3.71,4.1,6.8,2.6,13.7,23.3,11,18.2,14.7,5.5,14.5,22.3,25.3,22.8,15.2,0,33.1,66.9,38060,49812
"1330",6037121600,"06","037","121600",3005,34.213069,-118.411438,"Census Tract 1216, Los Angeles County, California",425000,860,94,5.6,3.61,2.89,0,1.5,0,3,0.8,11.2,75.9,4.9,2.7,0,0,1.9,76,19.5,2.6,89.4,10.6,64474,76838
"1331",6037121801,"06","037","121801",3942,34.211349,-118.392681,"Census Tract 1218.01, Los Angeles County, California",289800,1210,109,3.4,3.16,3.28,0,2,9.1,14.1,28.2,10.6,21.6,9.8,4.7,5.1,41.8,31.2,17,3.6,1.2,26.4,73.6,33976,41041
"1332",6037121802,"06","037","121802",3525,34.21782,-118.391614,"Census Tract 1218.02, Los Angeles County, California",351200,717,38,5,3.86,3.81,0,1,0,0,10.7,17.6,37.9,19.4,13.4,3.9,3.5,32.1,47.7,11.2,1.7,72.6,27.4,59375,63472
"1333",6037121900,"06","037","121900",4110,34.213374,-118.383656,"Census Tract 1219, Los Angeles County, California",365900,1155,135,5.2,4.71,3.36,0,1.3,4.5,6.9,19.1,6.8,20.2,21.7,19.4,3.8,11.3,18.4,50,9.3,7.2,67.4,32.6,67756,68947
"1334",6037122000,"06","037","122000",5446,34.21486,-118.419263,"Census Tract 1220, Los Angeles County, California",388600,1583,113,5.5,3.61,3.52,1.8,3,1.9,6.7,5.2,20.2,53.6,7.6,0,1.9,6.4,11.7,50.4,28,1.6,70.1,29.9,62576,72704
"1335",6037122120,"06","037","122120",5000,34.211061,-118.372062,"Census Tract 1221.20, Los Angeles County, California",331500,1116,16,4.9,4.87,4.17,3.8,0,6.8,15.1,3.4,19.5,24.2,16.5,10.8,0.7,12.9,30.7,41.7,10.8,3.1,59.1,40.9,47372,64635
"1336",6037122121,"06","037","122121",2833,34.214403,-118.371287,"Census Tract 1221.21, Los Angeles County, California",402900,755,24,4.4,4.94,3.79,1.2,0,2.9,10.9,14.6,21.5,17.9,23.2,7.9,2.5,26,22.4,27.9,19.9,1.3,31.3,68.7,47137,59779
"1337",6037122122,"06","037","122122",2439,34.218285,-118.371893,"Census Tract 1221.22, Los Angeles County, California",368600,688,43,4,4.79,2.84,5.7,4.8,19.2,2.8,13.4,11.5,23.5,4.8,14.4,11,23.4,28.2,17.9,19.5,0,26.2,73.8,28340,42309
"1338",6037122200,"06","037","122200",4141,34.216787,-118.358495,"Census Tract 1222, Los Angeles County, California",396800,937,70,4.6,4.26,4.01,3.1,0,0,2.5,5,6.5,31.1,32,19.9,2.3,14.8,45.6,28.3,9,0,48.6,51.4,38274,50860
"1339",6037122410,"06","037","122410",3794,34.206305,-118.391933,"Census Tract 1224.10, Los Angeles County, California",184300,1169,112,3.2,4.31,3.57,0,2,6.6,5,19.7,16,22.7,13.5,14.6,5.3,50.1,27.9,12.9,2.7,1,8,92,32426,42185
"1340",6037122420,"06","037","122420",5050,34.204067,-118.384045,"Census Tract 1224.20, Los Angeles County, California",404400,1389,46,3.7,4.21,3.22,0,0,3.6,8,15.6,28.2,14,20.8,9.7,8.6,32.2,32.5,17.6,6.4,2.7,31,69,35208,49589
"1341",6037123010,"06","037","123010",4580,34.204594,-118.374591,"Census Tract 1230.10, Los Angeles County, California",371400,1039,0,4.4,5.77,4.22,0.7,0,5.5,0,9.5,19.7,39.8,12.6,12.1,6.4,19.4,32.9,35.9,1.9,3.4,34.2,65.8,41639,53482
"1342",6037123020,"06","037","123020",3432,34.205231,-118.366976,"Census Tract 1230.20, Los Angeles County, California",356000,781,41,4.9,4.71,3.56,0,0,0,2.9,2.9,17,40.8,23.3,12.9,0.6,26.1,22.4,32.5,9,9.3,62.4,37.6,48750,58246
"1343",6037123103,"06","037","123103",4165,34.190826,-118.366522,"Census Tract 1231.03, Los Angeles County, California",352400,1593,53,4.3,2.91,2.63,0,0.9,4.2,25.9,21.2,8.2,14.2,18.8,6.6,7.4,33,36.7,17.1,5.9,0,42.5,57.5,54307,59246
"1344",6037123104,"06","037","123104",4596,34.183087,-118.364531,"Census Tract 1231.04, Los Angeles County, California",431300,1642,21,4.1,3.07,2.81,0,0,3,15.3,20.8,10.8,15,27,7.9,5.8,30.6,40.6,19.8,3.2,0,27.5,72.5,39071,53423
"1345",6037123203,"06","037","123203",3765,34.195325,-118.390609,"Census Tract 1232.03, Los Angeles County, California",400000,1118,103,3.1,3.02,3.71,3,0,4.4,2.4,20.1,21.6,19.3,19.1,10.1,9.9,44.7,32.2,11.8,1.3,0,17.7,82.3,28459,42475
"1346",6037123204,"06","037","123204",3449,34.194973,-118.394298,"Census Tract 1232.04, Los Angeles County, California",273300,1055,59,3.4,2.94,3.21,6.4,8.8,2.1,13,9,19.2,12.5,12,16.9,10.2,40.8,33.1,9.6,5,1.3,13.4,86.6,31557,42247
"1347",6037123205,"06","037","123205",2645,34.19207,-118.383643,"Census Tract 1232.05, Los Angeles County, California",376600,745,15,3.8,3.58,4,2.7,0,0,2.8,28.1,15.2,26.8,16.8,7.7,9,29.5,44,16.2,1.2,0,14.7,85.3,34521,43446
"1348",6037123206,"06","037","123206",2945,34.192037,-118.375202,"Census Tract 1232.06, Los Angeles County, California",367400,885,87,4,3.27,2.81,4.1,0,2.7,13.4,12.9,12.9,22.8,24.6,6.6,6.7,37.6,41.2,11.2,2.4,0.9,23.4,76.6,35583,41831
"1349",6037123301,"06","037","123301",4559,34.199633,-118.39956,"Census Tract 1233.01, Los Angeles County, California",350200,1608,35,4.5,3.26,3.06,2,0,5.7,12.5,35.1,16,22.1,5,1.6,9,20,17.4,42.4,11.2,0,43.4,56.6,52165,66372
"1350",6037123303,"06","037","123303",3301,34.196174,-118.411794,"Census Tract 1233.03, Los Angeles County, California",392100,914,33,4.4,3.22,4.12,3.9,0,3.9,12.3,14.1,12.9,25.1,15.3,12.5,2.5,19,39.1,30.2,8.8,0.4,29.9,70.1,43317,56574
"1351",6037123304,"06","037","123304",4687,34.194902,-118.406307,"Census Tract 1233.04, Los Angeles County, California",418900,1669,98,3.5,3.45,2.71,2.2,19.1,6.1,10.9,7.9,11.1,27.4,8.7,6.5,2.1,45.2,30.6,18.9,2.3,0.8,18.7,81.3,34172,44937
"1352",6037123410,"06","037","123410",4247,34.198325,-118.421829,"Census Tract 1234.10, Los Angeles County, California",541000,1293,81,3.7,3.99,3.09,0,0,0,1.7,31,19.9,26.1,9.7,11.6,0,39.6,30.5,22.9,6.4,0.5,23.6,76.4,43350,53431
"1353",6037123420,"06","037","123420",4638,34.195231,-118.416333,"Census Tract 1234.20, Los Angeles County, California",403600,1441,33,4.1,3.19,2.84,5.3,5.1,1,0.3,10,14.9,30,24.8,8.6,3.1,31.4,30.5,29.8,5.3,0,33,67,29255,48263
"1354",6037123510,"06","037","123510",4753,34.19485,-118.427478,"Census Tract 1235.10, Los Angeles County, California",579900,1565,135,3.7,2.93,3.18,0,2.7,0.7,8.3,16.2,23,38.9,5.9,4.3,1.5,40,30.7,17.5,9.2,1.1,27.5,72.5,37449,57886
"1355",6037123520,"06","037","123520",2567,34.188499,-118.425413,"Census Tract 1235.20, Los Angeles County, California",484000,929,25,4.4,2.49,2.9,0.9,0,9.4,8.5,10,4.3,53.3,12.2,1.5,4,25,35.4,27.2,4.7,3.7,30.4,69.6,30703,43890
"1356",6037123601,"06","037","123601",4995,34.18176,-118.418045,"Census Tract 1236.01, Los Angeles County, California",427400,1936,44,4.3,2.83,3.19,0,2.8,2.6,6.6,20.9,22.3,36.6,5.4,2.8,5.1,20,42.6,25.8,4.6,1.8,36.6,63.4,45769,62299
"1357",6037123602,"06","037","123602",3332,34.182592,-118.426543,"Census Tract 1236.02, Los Angeles County, California",584900,1327,0,4.6,2.65,2.64,0,3.3,4.1,11.2,10.7,18.4,31.2,19.4,1.6,5.4,29.2,17.8,36.7,8.5,2.5,44.8,55.2,50536,67256
"1358",6037123700,"06","037","123700",4114,34.184374,-118.409161,"Census Tract 1237, Los Angeles County, California",456700,1506,63,4.8,3.3,2.59,0,0.5,2.1,2.4,19.4,6.8,25.9,38.8,4.1,4.2,22.3,27.3,39.8,6.4,0,43.9,56.1,54236,65754
"1359",6037123800,"06","037","123800",5531,34.178803,-118.401656,"Census Tract 1238, Los Angeles County, California",576900,2444,133,4.1,2.91,2.18,1,3.2,3.8,10.5,9.5,16.6,27.6,18,9.8,1.4,34.2,33.4,22.8,6.6,1.7,37,63,47971,63954
"1360",6037123901,"06","037","123901",4500,34.186853,-118.391035,"Census Tract 1239.01, Los Angeles County, California",450000,1571,46,4.5,3.22,2.67,0,0,2.2,7.1,19.7,14.4,23.6,25.3,7.6,0.7,23.2,51.6,22.2,1.7,0.8,28.4,71.6,41332,63299
"1361",6037123902,"06","037","123902",2561,34.175166,-118.392301,"Census Tract 1239.02, Los Angeles County, California",530800,1144,111,4.2,2.5,2.13,5.1,0,2.4,15.6,16.6,13.1,30.7,14.9,1.7,2.6,23.4,48.3,24,1.7,0,34.8,65.2,51026,73878
"1362",6037124000,"06","037","124000",4550,34.162453,-118.404501,"Census Tract 1240, Los Angeles County, California",722000,2089,97,5.1,2.41,1.68,2.3,4.3,2.2,5.1,14.7,18.8,22.2,17.7,12.7,3.2,22,31.5,29.1,9.6,4.7,58.4,41.6,76007,107272
"1363",6037124102,"06","037","124102",3549,34.17589,-118.382824,"Census Tract 1241.02, Los Angeles County, California",564700,1406,130,4,3.49,2.68,3.8,1.7,4.9,5.3,14.4,12.4,22.2,19.6,15.8,7.9,28.1,39.5,21.7,0.5,2.3,29,71,51364,74556
"1364",6037124103,"06","037","124103",2030,34.18844,-118.3839,"Census Tract 1241.03, Los Angeles County, California",248600,624,40,4.7,3.8,3.47,0,0,9.5,5.4,0,2.2,9.6,32.5,40.7,3,10.3,50.5,31.4,4.8,0,47.9,52.1,42667,57997
"1365",6037124104,"06","037","124104",2439,34.184848,-118.384308,"Census Tract 1241.04, Los Angeles County, California",458600,1062,20,3.4,3.36,2.77,0,0,2,14,37.7,25,10.9,6.4,4,9.6,44.1,39,3.2,2.2,2,12.4,87.6,43828,47463
"1366",6037124105,"06","037","124105",2658,34.180945,-118.383595,"Census Tract 1241.05, Los Angeles County, California",385600,930,36,3.6,3.44,2.95,0,1.3,19.1,6.8,31.3,12.8,9.1,16.2,3.3,8.2,30.1,44.3,14.5,0,2.9,18.2,81.8,36639,49404
"1367",6037124201,"06","037","124201",3506,34.184375,-118.375046,"Census Tract 1242.01, Los Angeles County, California",443700,1172,74,4.9,3.3,3,0,2.6,0.3,7.4,13.6,7.9,28.2,31.1,8.8,6.7,20.4,26.2,37.9,7.9,0.9,57.4,42.6,50201,55223
"1368",6037124203,"06","037","124203",2748,34.177605,-118.375658,"Census Tract 1242.03, Los Angeles County, California",354800,899,48,3.4,3.78,2.82,1,5.2,15.1,10.2,9.6,13.3,4,21.5,20,1.6,49.5,33.3,13.9,0,1.8,24.7,75.3,43641,55081
"1369",6037124204,"06","037","124204",3071,34.174,-118.374554,"Census Tract 1242.04, Los Angeles County, California",459100,1018,65,3.4,4.11,3.21,0,0,2.7,9.7,20.3,16.5,15.1,5.8,29.9,12.7,33.4,36.9,9.3,3.5,4.1,13,87,31530,47231
"1370",6037124300,"06","037","124300",4046,34.175814,-118.364893,"Census Tract 1243, Los Angeles County, California",437500,1418,142,3.8,2.93,2.83,1.3,0.5,0,5.6,14.2,12.8,32,19.4,14.2,1.1,36.1,39.6,19.1,3,1.1,33.5,66.5,55123,57136
"1371",6037124400,"06","037","124400",4192,34.174258,-118.408986,"Census Tract 1244, Los Angeles County, California",569800,1707,96,4.6,2.56,2.35,0,2.2,3,7.1,26.1,10.8,30.5,18.9,1.4,4,25.4,27.2,31.3,9.5,2.6,51.2,48.8,55368,92398
"1372",6037124500,"06","037","124500",2779,34.173381,-118.427323,"Census Tract 1245, Los Angeles County, California",683900,1255,38,5,2.23,2.74,6.5,0.6,3.1,6.3,14.9,11.1,30.7,15.5,11.4,5.6,8.5,45.3,27,12,1.6,47.5,52.5,71650,96364
"1373",6037124600,"06","037","124600",3123,34.162399,-118.427215,"Census Tract 1246, Los Angeles County, California",731600,1403,53,5,2.95,2.29,0.9,1.5,2.6,0,12.2,13.7,40.5,25.4,3.3,2.6,15.8,33.4,31.2,13.6,3.4,47.5,52.5,70111,105085
"1374",6037124700,"06","037","124700",4796,34.161753,-118.41639,"Census Tract 1247, Los Angeles County, California",778900,2246,266,4.8,2.31,2.2,0.6,1.7,0,13.3,25.6,8,43.8,4.7,2.3,0,25.6,33.3,26.4,13.5,1.1,49.9,50.1,72271,99287
"1375",6037124902,"06","037","124902",2766,34.170394,-118.400157,"Census Tract 1249.02, Los Angeles County, California",507700,1582,38,3.4,2.84,1.48,0,0,11.1,10.6,19.2,29.1,18.4,10,1.6,12.8,44.1,32,6.4,3.8,0.8,14.7,85.3,42206,55501
"1376",6037124903,"06","037","124903",3262,34.166657,-118.401199,"Census Tract 1249.03, Los Angeles County, California",341800,1648,40,3.9,1.95,1.98,1.2,6.7,5.2,12.2,20.1,29.6,17.1,4.4,3.5,1.7,42.3,49.8,6.2,0,0,15.1,84.9,58918,57873
"1377",6037125100,"06","037","125100",5431,34.165724,-118.392216,"Census Tract 1251, Los Angeles County, California",655300,3001,257,3.8,2.31,1.87,3.5,2.7,2.5,14.8,20.7,16.5,18.2,8.1,13,2.8,42.6,33.4,15.7,3.4,2.2,30.6,69.4,61433,91289
"1378",6037125200,"06","037","125200",3524,34.165474,-118.384046,"Census Tract 1252, Los Angeles County, California",569900,1821,98,3.9,2.15,1.94,2.1,1.3,4.7,11.1,10.8,5,17.8,22.1,25,8.9,34.1,39.1,14.9,3,0,31.1,68.9,50654,67981
"1379",6037125310,"06","037","125310",4750,34.169319,-118.367614,"Census Tract 1253.10, Los Angeles County, California",515200,1866,140,3.4,2.98,2.11,26.3,6.2,6.2,5.9,5.2,10,10.3,17.4,12.6,5.6,40.8,40.4,9.5,2.3,1.4,18.7,81.3,41328,53761
"1380",6037125320,"06","037","125320",4843,34.166476,-118.367903,"Census Tract 1253.20, Los Angeles County, California",332800,2441,135,2.9,2.4,2.02,19.2,7.6,12.4,20,11.4,14.1,2.6,8.5,4.3,17.2,44.7,31,7.2,0,0,3.8,96.2,44048,57809
"1381",6037125401,"06","037","125401",4024,34.162511,-118.37489,"Census Tract 1254.01, Los Angeles County, California",433300,2228,162,3,1.33,1.81,14.2,3.1,22.8,12.3,15.4,17.5,6.3,2.8,5.6,6.8,60.2,25.1,7.9,0,0,1.7,98.3,57500,64255
"1382",6037125402,"06","037","125402",3544,34.158123,-118.374506,"Census Tract 1254.02, Los Angeles County, California",446300,1989,115,3.7,2.15,1.74,2.6,0,6.7,21.8,18.2,10.5,14.1,14.6,11.6,6.9,28.3,51.7,10.4,2.8,0,24.4,75.6,61848,75524
"1383",6037125501,"06","037","125501",3077,34.162281,-118.366226,"Census Tract 1255.01, Los Angeles County, California",460000,1683,94,3.5,1.92,2.19,0,3.8,6.8,4.5,18,21.9,17.4,13.2,14.4,8.2,31.5,43.2,16.5,0.6,0,12.2,87.8,52722,60005
"1384",6037125502,"06","037","125502",3083,34.156915,-118.366146,"Census Tract 1255.02, Los Angeles County, California",446000,1821,202,3.6,1.78,1.7,1.1,3.6,2.9,19.4,20.6,14.8,17.9,11.8,8,6.8,40.4,39.6,12.4,0.8,0,20.9,79.1,60839,73312
"1385",6037125600,"06","037","125600",2657,34.158389,-118.356838,"Census Tract 1256, Los Angeles County, California",723400,1310,119,5.1,2.4,2.05,0,5.3,8.5,0.7,7.3,17.8,14.6,23.2,22.6,3.6,15,38.1,28.5,10,4.8,57.4,42.6,84544,131504
"1386",6037127102,"06","037","127102",4726,34.203901,-118.44494,"Census Tract 1271.02, Los Angeles County, California",354900,1550,15,4,3.38,3.71,0,0.6,3.9,15.4,27.5,21.8,19.2,4.3,7.4,6.6,19.9,53.5,14.9,5,0,30.6,69.4,34652,49474
"1387",6037127103,"06","037","127103",2939,34.204455,-118.429476,"Census Tract 1271.03, Los Angeles County, California",188800,1143,77,3,2.4,2.34,0,0,1.5,9.4,50,18.5,14,2,4.5,23.3,35.3,32.6,7.7,0,1.1,14.1,85.9,33908,39869
"1388",6037127104,"06","037","127104",3573,34.203871,-118.435441,"Census Tract 1271.04, Los Angeles County, California",374800,1184,0,4.1,2.98,3.22,1.9,0,6.8,17.5,20.2,11.6,35.2,1.2,5.6,3.7,28.5,32.8,20.7,14.3,0,39.4,60.6,36915,58032
"1389",6037127210,"06","037","127210",5531,34.206296,-118.459815,"Census Tract 1272.10, Los Angeles County, California",405000,1889,129,3.9,3.29,2.95,0.3,4.3,0.3,37.3,20.9,9.3,17.8,7.6,2.2,8,28.9,32.4,23.5,5.2,2.1,38.1,61.9,37840,48433
"1390",6037127220,"06","037","127220",4931,34.20458,-118.452816,"Census Tract 1272.20, Los Angeles County, California",331100,1685,68,3.4,3.27,3.21,1.7,0,4.7,16.5,33.4,12.6,17.8,11.8,1.6,14,30.7,29.9,20.8,4.6,0,29.4,70.6,34289,50090
"1391",6037127300,"06","037","127300",4460,34.205496,-118.468812,"Census Tract 1273, Los Angeles County, California",325600,1748,144,3.4,3.63,2.38,1.4,0.6,4.7,12.1,38.2,15.1,12.2,10.5,5.2,18.8,34.6,20.2,14.8,8.9,2.7,38.2,61.8,45379,56783
"1392",6037127400,"06","037","127400",5818,34.205856,-118.478156,"Census Tract 1274, Los Angeles County, California",294500,1819,67,3.8,3.37,3.8,4.3,1.6,12.1,15.1,15.7,20.7,16.9,10.3,3.1,4.1,30,42.9,18.1,4.1,0.8,21.7,78.3,38917,50174
"1393",6037127520,"06","037","127520",4045,34.218919,-118.468957,"Census Tract 1275.20, Los Angeles County, California",NA,1258,108,3.1,1.48,3.55,0,6.8,8.7,22,28.8,10.7,11.9,0.1,11,14,49.8,30,6.3,0,0,1.8,98.2,38279,39641
"1394",6037127603,"06","037","127603",2938,34.195534,-118.479934,"Census Tract 1276.03, Los Angeles County, California",400000,924,63,3.5,4.38,3.19,0,3.5,3.6,15.2,18.9,21.5,25,9.7,2.6,6.5,37.7,39,9.4,6.3,1.2,28.8,71.2,39330,49264
"1395",6037127604,"06","037","127604",2939,34.199451,-118.480592,"Census Tract 1276.04, Los Angeles County, California",524300,1231,121,3.3,3.22,2.39,1.7,1.5,8.4,42.7,9.7,10.8,15.6,8,1.5,9.4,51.7,15.2,15.8,6.7,1.2,15.4,84.6,27402,43542
"1396",6037127605,"06","037","127605",3549,34.191058,-118.483928,"Census Tract 1276.05, Los Angeles County, California",559800,1149,70,3.8,4.95,2.87,4.8,0,5.9,21.8,21.2,10.8,26,8.1,1.3,4.4,32.5,36.4,15.1,6.1,5.6,30.7,69.3,41673,60112
"1397",6037127606,"06","037","127606",3164,34.190654,-118.478062,"Census Tract 1276.06, Los Angeles County, California",457000,1143,0,4.1,2.69,3.03,6.4,0,3.4,14.5,16.5,7.6,34.4,17.1,0,8.8,33.9,17.9,27.4,9.7,2.2,36.9,63.1,35398,59290
"1398",6037127711,"06","037","127711",3356,34.18995,-118.47038,"Census Tract 1277.11, Los Angeles County, California",584600,1197,45,4.9,2.67,3.3,2,0,0,4,7.4,23.5,23.6,30.6,8.9,2.7,16.7,23.8,41.9,11.5,3.4,47,53,71204,90060
"1399",6037127712,"06","037","127712",2991,34.196949,-118.468782,"Census Tract 1277.12, Los Angeles County, California",457900,1154,71,3,2.73,2.58,1.2,0,0,3.8,21.1,50.6,12.8,9.4,1,24.9,38.6,19.4,14.8,2.3,0,19.1,80.9,28083,37115
"1400",6037127803,"06","037","127803",4037,34.196853,-118.452837,"Census Tract 1278.03, Los Angeles County, California",460600,1329,94,3.8,3.95,2.93,1.5,0,1.8,21.7,20.9,21,19.5,12.5,1.1,12.9,32.4,27.3,21.1,6.2,0,26.4,73.6,38750,58333
"1401",6037127804,"06","037","127804",3933,34.197572,-118.461061,"Census Tract 1278.04, Los Angeles County, California",373600,1568,126,3.9,2.84,2.58,0,0,0.8,17.2,45.3,5.4,17,8.3,6.1,13.8,29.8,33.6,20.2,1.5,1,30.5,69.5,39643,60752
"1402",6037127805,"06","037","127805",3768,34.192337,-118.460067,"Census Tract 1278.05, Los Angeles County, California",400000,1129,0,3.7,5.01,2.86,0,0,0,15.7,23.4,13.6,32.2,13.5,1.6,13.8,29.1,25.3,21.3,2.3,8.1,24.1,75.9,42271,77987
"1403",6037127806,"06","037","127806",3447,34.18821,-118.458375,"Census Tract 1278.06, Los Angeles County, California",352100,1270,35,3.5,3.9,2.53,1.6,0,16.6,13.8,19.1,13.5,22.6,11.4,1.4,12,32.6,33,17.4,5,0,21.3,78.7,34970,46930
"1404",6037127910,"06","037","127910",4769,34.198007,-118.444014,"Census Tract 1279.10, Los Angeles County, California",442300,1563,101,3.4,4.21,3.61,2.1,0.5,5.2,6.7,30.5,20.3,19.3,12.5,2.9,13.4,38.8,25.3,17.8,4.2,0.5,18.3,81.7,29909,47113
"1405",6037127920,"06","037","127920",4100,34.197371,-118.435213,"Census Tract 1279.20, Los Angeles County, California",392500,1307,35,4.4,3.11,3.02,1.6,0.4,10.1,1.5,6.7,14.4,45.5,11.8,8.1,6.1,19.3,31.8,36.5,6.3,0,40.7,59.3,50833,69505
"1406",6037128101,"06","037","128101",3738,34.190563,-118.43523,"Census Tract 1281.01, Los Angeles County, California",436500,1298,0,4.5,3.03,2.94,0,4.1,8.6,11.5,7.2,11.8,37.4,19.4,0,3.1,18,48,23.2,6.7,1,40.9,59.1,50584,68672
"1407",6037128102,"06","037","128102",4795,34.19035,-118.444358,"Census Tract 1281.02, Los Angeles County, California",450000,1509,192,3.6,4.09,3.05,1.9,0,3.7,20.1,25.6,14.2,16.4,5,13.1,8.8,42.8,31.7,14.1,2.6,0,10.6,89.4,34442,47003
"1408",6037128210,"06","037","128210",4822,34.18398,-118.442743,"Census Tract 1282.10, Los Angeles County, California",334600,1535,96,3.4,1.76,3.51,4.1,0,4.4,11.8,28.9,21.6,12.4,10.9,5.9,8.4,44.3,44.2,3.1,0,0,2.4,97.6,33457,40609
"1409",6037128220,"06","037","128220",3011,34.183674,-118.435433,"Census Tract 1282.20, Los Angeles County, California",503400,1175,37,3.3,2.89,2.54,0,1.4,3.6,11.1,19.7,9.3,26.3,28.7,0,9,45.6,22,15.3,4.1,4,29.9,70.1,44292,53870
"1410",6037128302,"06","037","128302",4688,34.184995,-118.458125,"Census Tract 1283.02, Los Angeles County, California",334300,1446,43,3.5,4.11,3.23,1.9,0,2.3,13.6,26.5,12.9,24.6,15.6,2.8,7.9,40.9,38,11.8,1.4,0,14.7,85.3,32473,44554
"1411",6037128303,"06","037","128303",3982,34.183355,-118.453041,"Census Tract 1283.03, Los Angeles County, California",162500,1136,73,3.6,2.23,3.43,8.9,9.7,4.5,11,19,30.2,14.1,2.6,0,5.7,46.1,44,4.1,0,0,6.2,93.8,32013,37733
"1412",6037128400,"06","037","128400",4114,34.174587,-118.45818,"Census Tract 1284, Los Angeles County, California",488000,1783,33,4.7,2.41,2.1,0,0.5,2,8.2,15.6,10.2,32.8,25.8,4.8,0.7,16.2,43.4,33.9,5.6,0.3,47.9,52.1,51810,74573
"1413",6037128500,"06","037","128500",4015,34.17018,-118.444236,"Census Tract 1285, Los Angeles County, California",460800,1989,151,4.2,2.44,1.86,4.9,2.4,1.6,31.6,14.6,10.1,17.8,14.7,2.4,6.6,28.7,37.8,17.8,8.2,1,39.4,60.6,60938,76742
"1414",6037128601,"06","037","128601",4288,34.179,-118.438345,"Census Tract 1286.01, Los Angeles County, California",502600,1747,206,3.6,2.32,2.08,5.7,4.4,5.3,2.2,19.9,30.1,20.2,7.1,5.2,16,35,25.6,16.5,6.9,0,25.8,74.2,33156,60614
"1415",6037128602,"06","037","128602",3189,34.172614,-118.435692,"Census Tract 1286.02, Los Angeles County, California",720600,1428,125,5,2.28,1.77,0,1.6,0.8,13.4,23.7,7.2,29.9,9.4,13.9,6.7,16.5,28.8,27.8,16,4.1,52.3,47.7,63869,92630
"1416",6037128702,"06","037","128702",5639,34.160991,-118.440882,"Census Tract 1287.02, Los Angeles County, California",617100,2923,176,4.3,2.23,1.84,0.9,1.7,4,8.6,21.8,24.8,18.2,17.4,2.5,1.4,30,37.2,25.2,5.1,1.1,38,62,63682,97647
"1417",6037128801,"06","037","128801",3307,34.167997,-118.46555,"Census Tract 1288.01, Los Angeles County, California",427500,1874,35,3.3,2.16,1.56,0.8,1.9,4.6,11,37.6,30.6,5.7,3.9,3.9,12.9,40.1,38.6,8.3,0,0,26.9,73.1,53419,71701
"1418",6037128802,"06","037","128802",4325,34.168597,-118.455602,"Census Tract 1288.02, Los Angeles County, California",596600,2069,156,4.1,2.74,2.21,7.9,16.1,3.4,18.5,7.2,9,19.8,17.5,0.5,4,25,49.7,17.8,3,0.4,33.3,66.7,72031,84856
"1419",6037128910,"06","037","128910",4083,34.162383,-118.457743,"Census Tract 1289.10, Los Angeles County, California",626200,1898,111,4.1,2.24,1.82,3.8,2.3,9.2,15.2,24.1,8.1,17.4,16.1,3.7,1.8,31,36.6,19.6,9.6,1.4,42,58,64775,91313
"1420",6037131010,"06","037","131010",6409,34.213822,-118.539019,"Census Tract 1310.10, Los Angeles County, California",367600,2133,134,4,4,3.04,2.2,3.2,22.3,13.1,18.7,14.6,20.6,2.9,2.6,8.7,29.5,29.3,21,7.8,3.7,28.4,71.6,48843,58798
"1421",6037131020,"06","037","131020",5698,34.199633,-118.539827,"Census Tract 1310.20, Los Angeles County, California",361200,1669,159,4.8,3.75,3.22,3.6,0,12.6,6.7,10,11.7,37.6,17.2,0.5,4,14.9,33.2,35.8,8.2,4,53.2,46.8,55967,70207
"1422",6037131100,"06","037","131100",3252,34.214711,-118.505649,"Census Tract 1311, Los Angeles County, California",477300,1062,87,5.6,3.15,4.98,0.8,0.9,0,0.4,0.8,7.8,74.4,13,1.9,1,0.8,12,69.4,10.5,6.4,90.4,9.6,87524,97526
"1423",6037131200,"06","037","131200",3429,34.215455,-118.514095,"Census Tract 1312, Los Angeles County, California",390000,1138,31,5.3,3.15,2,0,0,3.7,1.8,1.1,3.7,72.8,12.2,4.7,5.3,5.7,18,57.4,9.8,3.9,79.1,20.9,84583,86181
"1424",6037131300,"06","037","131300",4902,34.214888,-118.522928,"Census Tract 1313, Los Angeles County, California",370300,1228,100,5.9,3.81,5.75,0.4,0,0.6,1.2,4.6,5.5,79.8,4.6,3.3,0,1.5,4.6,43.2,47.9,2.8,78.5,21.5,68143,76592
"1425",6037131400,"06","037","131400",5897,34.213985,-118.53241,"Census Tract 1314, Los Angeles County, California",361100,1900,127,5.1,3.17,2.75,0.8,2.5,12.3,10.7,15.5,26.9,26.6,0.9,3.7,2.9,15.8,25.4,37.3,16.6,2,53.5,46.5,54607,63312
"1426",6037131600,"06","037","131600",5494,34.213975,-118.554696,"Census Tract 1316, Los Angeles County, California",389600,1464,67,5.9,4.11,3.95,2.3,0.7,4.2,4.2,11.6,8,55.9,9.6,3.5,2,4.2,12.8,41.9,33.6,5.4,75.1,24.9,68090,81992
"1427",6037131701,"06","037","131701",4541,34.204098,-118.558206,"Census Tract 1317.01, Los Angeles County, California",368800,1799,142,4.1,3.17,2.84,0,0.4,5.3,23.9,51.9,9.1,6.9,1.5,1,5.5,23.1,47.6,15.3,4.8,3.7,38.4,61.6,53482,66239
"1428",6037131702,"06","037","131702",3751,34.203836,-118.548773,"Census Tract 1317.02, Los Angeles County, California",361900,1196,143,4.9,3.5,3.26,2.8,2.8,0.8,28,9,6.5,40.7,5.7,3.7,0,14.7,24.3,51.6,9.4,0,62.2,37.8,57460,65768
"1429",6037131800,"06","037","131800",5341,34.205067,-118.527833,"Census Tract 1318, Los Angeles County, California",379300,1613,109,4.6,3.94,3.34,0.9,5.1,0,3.5,9.9,15.9,46.5,16.9,1.3,4.6,17.5,39,29.5,9.4,0,49.9,50.1,50260,63830
"1430",6037131900,"06","037","131900",4210,34.204878,-118.50976,"Census Tract 1319, Los Angeles County, California",359200,1404,139,5.1,3.73,2.89,1.1,2.6,0,4.1,5.6,6.4,55.3,24.9,0,0.3,0,41.5,41.8,11.6,4.8,82.4,17.6,59659,70371
"1431",6037132001,"06","037","132001",3202,34.192535,-118.51385,"Census Tract 1320.01, Los Angeles County, California",436300,1185,14,5,2.87,2.47,0,2.1,5.1,0.8,7.2,7.2,50.3,25.4,1.9,4,11.5,23.7,48.2,10.1,2.5,61.1,38.9,55404,85419
"1432",6037132002,"06","037","132002",3299,34.196402,-118.507952,"Census Tract 1320.02, Los Angeles County, California",498800,1092,47,5.7,2.78,3.68,2.2,5.1,4.9,1.2,8,6.3,47.2,23.9,1.3,0,1.5,22.7,48.9,21.2,5.7,74.7,25.3,70598,81236
"1433",6037132101,"06","037","132101",4259,34.190363,-118.494829,"Census Tract 1321.01, Los Angeles County, California",418100,1590,27,4.7,3.43,2.47,11.9,0.7,18.1,3.5,10.4,9.6,45.8,0,0,0.5,26.5,19.6,47.7,5.7,0,46.7,53.3,64539,76518
"1434",6037132102,"06","037","132102",5310,34.201741,-118.497469,"Census Tract 1321.02, Los Angeles County, California",395100,2152,53,4.4,2.77,1.98,5.9,11,13.7,14.3,10.8,8.7,28.8,5.7,1,6.6,30.3,23.6,34.2,3.2,2.1,57.1,42.9,51250,76597
"1435",6037132300,"06","037","132300",6494,34.197857,-118.527046,"Census Tract 1323, Los Angeles County, California",378700,2409,110,3.4,3.8,2.35,0,0,6.1,9.5,21.1,21.7,28.9,11.2,1.5,9.7,47.6,17,18.7,5.9,1.2,29.7,70.3,29934,46876
"1436",6037132501,"06","037","132501",3763,34.198118,-118.548861,"Census Tract 1325.01, Los Angeles County, California",342200,1126,55,4.8,3.88,2.82,0,4.8,2,1.1,20.1,16.5,47.9,5.5,2.2,0.7,22.7,16,42.9,17.7,0,47.9,52.1,50474,61527
"1437",6037132502,"06","037","132502",3672,34.190408,-118.548118,"Census Tract 1325.02, Los Angeles County, California",298400,1335,105,4.6,3.36,2.58,0,2.5,0,13.6,40.1,12.7,27.3,1,2.7,0,13.9,27.3,49.9,8.9,0,63.3,36.7,51909,64804
"1438",6037132700,"06","037","132700",4912,34.190977,-118.527651,"Census Tract 1327, Los Angeles County, California",428400,1522,57,4.8,3.68,3.68,0,3.9,1.8,6.3,5.9,10.8,55.8,13.9,1.6,4,13.1,29.5,44.1,8.6,0.7,50.9,49.1,52616,64746
"1439",6037132900,"06","037","132900",3461,34.183194,-118.528956,"Census Tract 1329, Los Angeles County, California",576600,1341,79,5.4,2.86,2.8,1.1,0.4,0.5,18.5,16.8,22.3,35.3,1.6,3.6,0,19.2,16,45,15,4.8,51.7,48.3,59737,87345
"1440",6037133000,"06","037","133000",4449,34.195948,-118.557771,"Census Tract 1330, Los Angeles County, California",359000,1276,143,5.4,3.83,3.39,0,0,5.8,2.4,17.2,5.5,61.8,7.4,0,1.6,3.8,18.5,60,14.8,1.3,72.3,27.7,64010,70503
"1441",6037133100,"06","037","133100",5446,34.185297,-118.543422,"Census Tract 1331, Los Angeles County, California",452300,1939,36,4.7,2.99,2.62,2.6,2.6,3,18,7.2,8.5,47.5,7.7,3,2.1,31.6,17.1,35.6,11.6,2,47.9,52.1,63240,75360
"1442",6037134001,"06","037","134001",3765,34.20272,-118.590758,"Census Tract 1340.01, Los Angeles County, California",387700,945,45,4.3,4.99,4.35,0,1.9,13.3,17.5,13,21.4,20.7,4.7,7.5,1.1,25.7,42.5,22,7.8,0.8,32.2,67.8,44355,60689
"1443",6037134002,"06","037","134002",3372,34.202185,-118.585787,"Census Tract 1340.02, Los Angeles County, California",412900,1062,66,5.2,3.85,2.94,0,0,4.7,7.5,18.2,20.3,44.5,4.7,0,7.6,22.8,6.3,40.2,18,5.1,50.9,49.1,58007,65805
"1444",6037134101,"06","037","134101",4922,34.214721,-118.567152,"Census Tract 1341.01, Los Angeles County, California",462400,1491,0,5.5,3.91,3.43,1.7,1.3,3.8,19.9,23.9,14.5,23.8,8,3.1,3.2,10.5,20.9,38.8,22.3,4.3,64.3,35.7,64857,77205
"1445",6037134103,"06","037","134103",4193,34.217219,-118.578429,"Census Tract 1341.03, Los Angeles County, California",407600,1356,76,5.4,3.15,2.99,3.2,0,2.1,12.8,16.1,14.7,48.2,0.4,2.7,5.2,12.5,15.6,47.6,17.8,1.3,61.7,38.3,58649,67971
"1446",6037134104,"06","037","134104",4322,34.211132,-118.575814,"Census Tract 1341.04, Los Angeles County, California",424300,1369,81,4.6,3.05,3.9,1.2,3.7,10.7,39.2,17.6,6.6,12.6,4.7,3.6,2.3,26.7,27.7,9,22.4,11.9,51.9,48.1,56573,78260
"1447",6037134201,"06","037","134201",4270,34.212689,-118.590776,"Census Tract 1342.01, Los Angeles County, California",372900,1170,20,5.3,3.98,4.51,1.1,0,0,16.4,0,21,56.9,1.1,3.4,7.3,9.6,9.6,50.9,21.5,1.1,71,29,63682,77803
"1448",6037134302,"06","037","134302",3732,34.214339,-118.620501,"Census Tract 1343.02, Los Angeles County, California",461500,1265,0,6.1,2.99,2.91,0,0.9,0,2.7,8.9,17.7,67.1,2.8,0,0.8,0,4.9,60.7,32.2,1.4,85.8,14.2,88125,95128
"1449",6037134303,"06","037","134303",5057,34.203364,-118.613121,"Census Tract 1343.03, Los Angeles County, California",371700,1824,132,5.2,3.02,3.2,0,5.9,3.2,9,22.6,9.8,42.7,3.2,3.6,0.5,13,30.5,31.6,18.6,5.8,73.7,26.3,73851,82043
"1450",6037134304,"06","037","134304",2882,34.214356,-118.609919,"Census Tract 1343.04, Los Angeles County, California",420800,906,127,6,2.92,4.29,0,0.6,0,16.3,19.8,11.4,49.8,2.2,0,6.4,7.7,5.7,56.3,22.2,1.7,72.5,27.5,76713,91188
"1451",6037134305,"06","037","134305",3847,34.21839,-118.603059,"Census Tract 1343.05, Los Angeles County, California",196300,1121,51,3.6,2.94,4.08,0,0,3.4,5.5,19.5,51.6,15.7,4.3,0,3.6,43.1,46.6,6.2,0,0.5,1.6,98.4,32969,46577
"1452",6037134306,"06","037","134306",3498,34.211523,-118.602869,"Census Tract 1343.06, Los Angeles County, California",340000,1284,122,4.2,2.93,3.32,3.3,3.7,9.4,42.4,17.6,16.1,7.4,0,0,4.8,22,40.3,23.5,9.3,0,49.7,50.3,60000,69235
"1453",6037134421,"06","037","134421",3941,34.202424,-118.646614,"Census Tract 1344.21, Los Angeles County, California",690700,1407,30,7.1,2.91,3.28,0,0.5,21.7,3.3,29.4,42.7,2.1,0.3,0,0,0.5,0.8,37.8,32.6,28.4,93,7,112844,139608
"1454",6037134422,"06","037","134422",4684,34.203447,-118.630494,"Census Tract 1344.22, Los Angeles County, California",555000,1641,112,6.7,3.02,2.84,0,2.2,2.9,9.2,21.6,34.6,26.7,2.9,0,0,0.7,4.4,40.8,41.8,12.2,78.4,21.6,82887,98236
"1455",6037134423,"06","037","134423",3414,34.213656,-118.63254,"Census Tract 1344.23, Los Angeles County, California",629200,1233,0,6.5,3.48,1.61,4.4,13.9,1.2,19.5,16.8,23.9,19.5,0.6,0,1.2,12.7,1.2,42.9,33.7,8.3,74.2,25.8,78125,91201
"1456",6037134424,"06","037","134424",2887,34.211892,-118.65206,"Census Tract 1344.24, Los Angeles County, California",863400,978,27,8.4,3.01,NA,0,2.9,29.4,65,1.2,1.4,0,0,0,0,1.5,0,30.2,37,31.3,100,0,163801,173611
"1457",6037134520,"06","037","134520",5453,34.197499,-118.599005,"Census Tract 1345.20, Los Angeles County, California",240200,1880,196,3.4,2.25,3.22,1.4,10.3,13.4,31.7,10.2,20.4,6.1,3.7,2.8,9.1,44.3,35.5,7.7,2.3,1.1,19.8,80.2,40109,42014
"1458",6037134521,"06","037","134521",3126,34.203922,-118.59441,"Census Tract 1345.21, Los Angeles County, California",385700,719,96,3.8,4.09,3.54,4.7,3.2,10.3,6.8,13.5,28.2,13.9,9.3,10,8.6,19.5,64,7.1,0,0.8,10.6,89.4,30430,38782
"1459",6037134522,"06","037","134522",3954,34.204941,-118.601216,"Census Tract 1345.22, Los Angeles County, California",325200,1371,75,4.1,3.14,3.32,11.7,7.7,12.7,5.4,15,11.8,19.5,7.1,9.1,6.4,27.4,33.1,28,5,0,23.7,76.3,40513,48396
"1460",6037134710,"06","037","134710",5287,34.205554,-118.578273,"Census Tract 1347.10, Los Angeles County, California",370600,1641,84,3.4,3.02,3.45,6.8,0,0.7,28.9,26.1,14.6,19.7,1.8,1.3,13.7,39.4,22.1,16.3,8,0.5,22.3,77.7,36679,49271
"1461",6037134720,"06","037","134720",4594,34.204767,-118.57019,"Census Tract 1347.20, Los Angeles County, California",315800,1698,114,4.3,3.23,2.7,0,3.4,3.5,6.4,41.3,14.9,26.1,4.4,0,4.7,22.4,33.3,34.1,5.5,0,53.3,46.7,48852,60684
"1462",6037134800,"06","037","134800",5949,34.196423,-118.571326,"Census Tract 1348, Los Angeles County, California",373700,1886,31,5.5,3.1,3.39,0,5.8,1.2,9.2,3.8,5.9,65.9,7.8,0.4,0,1.5,13.9,66.5,15.3,2.9,75.8,24.2,64739,76687
"1463",6037134901,"06","037","134901",3069,34.186962,-118.560189,"Census Tract 1349.01, Los Angeles County, California",464100,1165,40,5.8,2.94,2.9,0,0.9,3.2,6,3.2,15.5,70.6,0.6,0,2.2,12.8,12.7,32.6,37.5,2.1,56.8,43.2,60063,80453
"1464",6037134903,"06","037","134903",4216,34.191825,-118.591042,"Census Tract 1349.03, Los Angeles County, California",NA,1889,194,3.2,NA,2.29,22.2,8.4,3.8,22.8,29.5,6.8,2.9,3.7,0,5.6,57.6,34.1,2.7,0,0,0,100,53250,52624
"1465",6037134904,"06","037","134904",4338,34.19231,-118.582184,"Census Tract 1349.04, Los Angeles County, California",393500,1484,0,5.2,2.98,3.22,0,0.3,6.7,7,5.7,4.6,71.2,3,1.5,3.9,18.5,20.7,23.8,30.3,2.8,48,52,45463,56721
"1466",6037134905,"06","037","134905",2819,34.182854,-118.588016,"Census Tract 1349.05, Los Angeles County, California",758000,1245,191,3.4,2.13,1.88,53.4,23.1,7.3,5.1,0,4.5,5.7,1,0,0,49,29.5,14.8,3,3.8,17.7,82.3,94091,125077
"1467",6037135102,"06","037","135102",3513,34.189375,-118.618541,"Census Tract 1351.02, Los Angeles County, California",525900,1260,68,6.1,2.67,2.64,2.5,1.1,1,4,18.5,15.5,49,8.5,0,0,4.4,10.6,49.5,27.8,7.7,85.2,14.8,65978,116597
"1468",6037135111,"06","037","135111",2967,34.192185,-118.610366,"Census Tract 1351.11, Los Angeles County, California",464200,1191,72,5.5,2.93,2.5,0.7,0,0.3,11.8,14.2,23.9,42.8,5.4,0.9,0.9,17,13.3,52.8,13.6,2.4,53.9,46.1,72944,81647
"1469",6037135113,"06","037","135113",2795,34.181229,-118.610386,"Census Tract 1351.13, Los Angeles County, California",167900,1507,299,3.9,NA,2.52,0.9,1.8,13.7,21.1,15.9,36.1,4,6.6,0,0,24.6,63.8,10.2,1.3,0,15,85,69597,82570
"1470",6037135114,"06","037","135114",4445,34.184884,-118.60709,"Census Tract 1351.14, Los Angeles County, California",383600,2781,464,3.5,1.54,1.91,0,0,11.7,16,51.6,11.9,7.2,1.5,0,9.1,45.1,41,4.2,0.5,0,17.6,82.4,48266,61292
"1471",6037135201,"06","037","135201",2620,34.189885,-118.627746,"Census Tract 1352.01, Los Angeles County, California",493000,872,0,6.5,3.12,2.17,0.9,0,6.2,1.3,13.1,10.2,65.7,2.6,0,4.9,0,3.4,35.9,49.8,6,79.7,20.3,76354,109051
"1472",6037135202,"06","037","135202",4255,34.189225,-118.636615,"Census Tract 1352.02, Los Angeles County, California",496200,1524,41,6.1,2.82,3.04,0,0,0,2,3.8,20.9,70.3,1.2,1.8,0,0,9.6,53.9,34,2.5,80.9,19.1,75938,91522
"1473",6037135203,"06","037","135203",7055,34.190003,-118.65341,"Census Tract 1352.03, Los Angeles County, California",539300,2518,0,6.4,3.07,3.7,0,0,2.3,17,10.7,54.8,13.6,0.8,0.8,0.8,0,6.4,52.3,30.3,10.2,88.5,11.5,90781,103318
"1474",6037137103,"06","037","137103",4199,34.17323,-118.600405,"Census Tract 1371.03, Los Angeles County, California",364100,2531,636,4,1.82,1.81,0,0,4.2,67.2,23.2,2.7,2.2,0.4,0,0.9,18.9,65.5,14.7,0,0,61.8,38.2,85905,97137
"1475",6037137104,"06","037","137104",2717,34.174246,-118.5806,"Census Tract 1371.04, Los Angeles County, California",616400,1097,44,6,2.41,2.87,0,0,0,2.7,0,43.8,51.6,1.8,0,0,0,2.5,76.2,20.6,0.7,87.9,12.1,115099,122599
"1476",6037137201,"06","037","137201",5270,34.172838,-118.613663,"Census Tract 1372.01, Los Angeles County, California",590400,2313,39,4.8,2.8,1.71,4.2,0,3.2,10.8,25.5,24.6,26.3,3.5,1.8,1.1,18.2,31.3,30.8,11.9,6.6,55.3,44.7,66284,79307
"1477",6037137301,"06","037","137301",2264,34.176983,-118.635389,"Census Tract 1373.01, Los Angeles County, California",739800,785,36,7.4,2.81,2.95,1.1,1.1,7.9,0,4.1,26.1,43.3,16.3,0,0,0.8,7.5,34,42.7,15,94.8,5.2,143451,179517
"1478",6037137302,"06","037","137302",4338,34.177593,-118.654178,"Census Tract 1373.02, Los Angeles County, California",707700,1625,0,7.4,2.78,3.55,0,0.8,5.8,11.8,8.1,63.3,8.6,0.7,0.8,0,0,4.3,24.7,49.4,21.7,93.5,6.5,102240,121901
"1479",6037137401,"06","037","137401",4157,34.160083,-118.610479,"Census Tract 1374.01, Los Angeles County, California",651200,1675,75,6,2.73,2.19,0.6,0.7,3.5,9.2,4.1,12.4,55.1,10.8,3.6,0.8,5.6,20.2,51.9,19.2,2.2,79.6,20.4,102346,127021
"1480",6037137402,"06","037","137402",5364,34.156278,-118.625172,"Census Tract 1374.02, Los Angeles County, California",726100,2009,80,6.4,2.87,2.33,1.3,2.3,7.8,9,6,39.8,26.4,3.5,3.9,3.5,4.6,9.4,42.6,33.4,6.5,76,24,101083,130103
"1481",6037137501,"06","037","137501",4124,34.164885,-118.577459,"Census Tract 1375.01, Los Angeles County, California",882800,1799,256,4.6,2.55,1.75,0,5.8,8.3,26.3,15,23.3,20.9,0.3,0,2.8,23.8,32.1,19,11.9,10.3,49.9,50.1,68125,99537
"1482",6037137502,"06","037","137502",4202,34.162716,-118.597725,"Census Tract 1375.02, Los Angeles County, California",634600,1768,72,5.5,2.34,1.91,1.5,1.2,8.3,11.7,11.6,21.4,31.7,11.1,1.6,4.5,3.3,33,35.4,17.8,5.9,73.6,26.4,91742,125262
"1483",6037137504,"06","037","137504",1939,34.153465,-118.572353,"Census Tract 1375.04, Los Angeles County, California",936200,686,50,7.6,3.06,NA,0,0,0,2.6,42.6,37.8,11.1,1.6,4.4,0,4.5,0,23.6,44.9,27,96.7,3.3,138707,176794
"1484",6037138000,"06","037","138000",4484,34.150562,-118.594601,"Census Tract 1380, Los Angeles County, California",750700,1900,55,6.7,2.35,3.46,0.8,1.9,4.7,16.4,16.8,24.3,29.1,3.2,2.9,0,0.6,12.3,50.3,28.3,8.5,87.1,12.9,109293,164906
"1485",6037139001,"06","037","139001",4767,34.174696,-118.511592,"Census Tract 1390.01, Los Angeles County, California",535100,2206,261,4.9,2.22,2.4,0,0,1.1,6,18.5,20.6,29.5,23.9,0.4,2.1,17.5,33.6,36.2,9.6,1,46.8,53.2,68825,80252
"1486",6037139200,"06","037","139200",5175,34.175157,-118.525365,"Census Tract 1392, Los Angeles County, California",488100,2439,189,4.5,2.47,1.97,3.5,1.6,1.2,15.4,30.1,8.3,19.4,20.1,0.4,10.7,15.5,32.7,37.1,1.5,2.5,40.4,59.6,51454,73759
"1487",6037139301,"06","037","139301",4462,34.177749,-118.554838,"Census Tract 1393.01, Los Angeles County, California",598500,1664,73,6.2,3.1,2.89,1.6,0,14.1,18.5,3.4,7.6,48.6,3.5,2.8,0,2.4,14.1,45.7,24.8,13,83.8,16.2,104489,143972
"1488",6037139302,"06","037","139302",4422,34.176419,-118.538379,"Census Tract 1393.02, Los Angeles County, California",323900,2076,174,3.5,1.67,2.42,0,0.4,4.4,10.9,57.9,13.9,4.5,3.7,4.4,9.6,36,42.3,12.1,0,0,29,71,50000,61070
"1489",6037139303,"06","037","139303",4186,34.175897,-118.533288,"Census Tract 1393.03, Los Angeles County, California",292800,2012,124,3.4,2.17,2.47,0,0,3.1,13.2,46.7,23.9,12.7,0.4,0,8.5,39.6,39.2,12.5,0.2,0,35.9,64.1,45278,57032
"1490",6037139401,"06","037","139401",2645,34.170149,-118.538156,"Census Tract 1394.01, Los Angeles County, California",425000,1253,42,3.9,2.85,2.39,5.5,1.3,4.4,24.5,22.8,11.2,26.7,2.3,1.4,11.3,17.7,46.1,12.8,2.4,9.7,27.3,72.7,51435,54696
"1491",6037139402,"06","037","139402",2851,34.16747,-118.551403,"Census Tract 1394.02, Los Angeles County, California",816400,986,0,7.7,3.16,NA,0,0,2,2.1,0,19,60.4,5.5,11,0,2.2,7.6,36.4,35.8,18,97.8,2.2,111974,165374
"1492",6037139502,"06","037","139502",3007,34.16301,-118.526884,"Census Tract 1395.02, Los Angeles County, California",612400,1258,76,5.4,2.44,2.33,0,2.7,2.9,2.9,10.6,16.9,47.1,16.3,0.6,1.9,9.6,15,61.4,7.4,4.7,62.4,37.6,59286,74856
"1493",6037139503,"06","037","139503",4657,34.167915,-118.524524,"Census Tract 1395.03, Los Angeles County, California",332900,2698,117,3.8,1.84,1.94,2.4,0,1.4,9.2,41.3,32.6,8.5,1.6,2.9,6.5,30.8,45.6,16.4,0,0.7,38.3,61.7,36030,55809
"1494",6037139504,"06","037","139504",3476,34.167289,-118.520296,"Census Tract 1395.04, Los Angeles County, California",331500,1856,96,3.9,1.6,2.15,0,0,5.3,11.2,59.2,12.6,7.8,0,3.9,5,33,55.5,6.5,0,0,32.2,67.8,47184,57912
"1495",6037139600,"06","037","139600",4633,34.165175,-118.510455,"Census Tract 1396, Los Angeles County, California",945100,2297,214,4.8,2.72,2.21,1.6,1.6,14.1,9.3,30.2,23.4,14.9,1.6,3.4,0,21.9,33.3,10.3,18,16.5,68.2,31.8,88482,174202
"1496",6037139701,"06","037","139701",4920,34.15807,-118.494889,"Census Tract 1397.01, Los Angeles County, California",983500,1918,82,6.3,2.67,3,4.8,3.2,4.4,8,7.2,15.5,38.2,13.1,5.5,0,1.4,17.9,45,24.6,11.1,82.4,17.6,121029,183100
"1497",6037139702,"06","037","139702",6250,34.141635,-118.499488,"Census Tract 1397.02, Los Angeles County, California",NA,2361,31,7.7,2.54,2.11,3.1,0.7,2.5,4.4,13.1,38.3,30.6,6.4,0.9,0.6,0.4,3.6,36.3,36.8,22.3,92.4,7.6,169464,247824
"1498",6037139703,"06","037","139703",2943,34.150368,-118.528442,"Census Tract 1397.03, Los Angeles County, California",NA,998,11,8,2.86,2.09,0.9,1.2,14.2,5,16.6,23.5,34.5,3.2,0.8,0,0,2.2,26.5,33,38.4,90.4,9.6,147760,191763
"1499",6037139801,"06","037","139801",3539,34.154323,-118.544669,"Census Tract 1398.01, Los Angeles County, California",NA,1278,119,7.3,2.59,3.39,3.2,0,0,6.1,14.8,42.3,30.6,2.3,0.6,1.4,0,3.8,30.9,41.2,22.6,91.5,8.5,144306,191018
"1500",6037139802,"06","037","139802",3865,34.148148,-118.558783,"Census Tract 1398.02, Los Angeles County, California",NA,1407,56,8.1,2.92,3.43,0.6,5.3,16.6,3.1,28.5,38.5,5.5,0.4,1.4,0,0,3.1,24.8,37.2,34.9,92.5,7.5,153194,225540
"1501",6037141101,"06","037","141101",4066,34.15136,-118.427244,"Census Tract 1411.01, Los Angeles County, California",610200,2424,271,3.9,2.14,1.89,0,4.9,3.5,19.3,15.3,24.6,18.9,11.7,1.6,5,25.9,53.8,12.8,1.9,0.6,28.9,71.1,62981,84984
"1502",6037141102,"06","037","141102",2869,34.149552,-118.432795,"Census Tract 1411.02, Los Angeles County, California",891900,1468,118,4.4,2.52,1.84,0,1.2,17.4,22.6,15,5.1,12.4,13.1,13.2,0.6,21.3,46.5,17.8,13.8,0,47.8,52.2,112292,142261
"1503",6037141201,"06","037","141201",3707,34.152676,-118.440199,"Census Tract 1412.01, Los Angeles County, California",594400,1974,114,4,2.15,1.92,2.5,0.8,4.5,25.4,7.8,23.3,20.2,14.3,1.2,0.9,21.3,59.2,16.1,0.7,1.9,16.8,83.2,54504,72045
"1504",6037141202,"06","037","141202",2800,34.147899,-118.443362,"Census Tract 1412.02, Los Angeles County, California",868100,1528,127,4.2,2.37,1.54,0,0,10.7,20.2,25.6,11.5,10.3,11.5,10.3,4.8,27.5,38,23.4,4.6,1.7,35.7,64.3,76494,109575
"1505",6037141302,"06","037","141302",5504,34.153366,-118.462468,"Census Tract 1413.02, Los Angeles County, California",733100,3162,211,4,2.14,1.83,0.4,5.5,8.3,36.2,11,9.3,14.8,11.2,3.2,2.9,25.2,53.1,13.7,5.1,0,26.3,73.7,73514,108819
"1506",6037141303,"06","037","141303",3089,34.155359,-118.455343,"Census Tract 1413.03, Los Angeles County, California",372700,1778,66,3.9,1.81,2.09,2.5,0,13.5,20.5,33.1,19.5,8,1.2,1.7,0.6,39.8,51,6.7,2,0,28.7,71.3,70549,81844
"1507",6037141304,"06","037","141304",2738,34.151349,-118.451964,"Census Tract 1413.04, Los Angeles County, California",695700,1593,93,4.5,2.33,1.73,7,1.2,7.1,20.9,19.3,14.1,13.7,14.7,1.9,3.3,32,35.9,21.3,2.5,5,39.2,60.8,60541,91086
"1508",6037141400,"06","037","141400",4412,34.157614,-118.475808,"Census Tract 1414, Los Angeles County, California",NA,2013,88,5.4,2.78,2.05,3.5,1.8,6.5,13.8,10.3,18.7,31,8.6,5.7,4.5,13.7,28.5,24.3,16.6,12.3,52.7,47.3,109238,137375
"1509",6037141500,"06","037","141500",2984,34.140686,-118.478824,"Census Tract 1415, Los Angeles County, California",NA,1192,63,7.9,2.58,2.13,1.3,1.3,4.8,4,4.9,23.6,57.7,2.4,0.1,0,0,2.1,38.3,32.8,26.8,94.1,5.9,134028,265342
"1510",6037141600,"06","037","141600",4029,34.139846,-118.461528,"Census Tract 1416, Los Angeles County, California",NA,1687,134,6.5,2.43,2.47,0.8,1.3,0,4.2,10.2,20.1,43,10.6,9.8,0,0,21.3,45.3,26,7.4,92,8,149432,236676
"1511",6037141700,"06","037","141700",3091,34.13879,-118.436993,"Census Tract 1417, Los Angeles County, California",NA,1355,75,6.5,2.29,3.29,0,5.6,3.8,2.9,8,23.5,37.9,7.5,10.7,0,2.7,18.6,41.8,21.5,15.4,97.6,2.4,141792,257896
"1512",6037143100,"06","037","143100",3984,34.149474,-118.35896,"Census Tract 1431, Los Angeles County, California",909200,2253,215,4.2,2.37,1.78,17.5,5.5,9.1,10.7,6.8,10.1,7.8,11.4,21.2,3.1,20.2,51.5,16.6,3.6,5.1,41,59,76404,104547
"1513",6037143200,"06","037","143200",3743,34.149398,-118.37121,"Census Tract 1432, Los Angeles County, California",525400,2126,201,4,2.23,1.99,6.2,6.9,3.8,21.4,16.3,14,6.9,11.5,13.1,6.7,27.2,46.2,19.8,0,0,20.4,79.6,51918,88344
"1514",6037143300,"06","037","143300",5871,34.153057,-118.387585,"Census Tract 1433, Los Angeles County, California",726100,3148,236,4.4,2.28,1.94,1.6,0.9,5.2,17.8,21.3,10.6,14.8,17,10.8,0.9,27,42.4,21.7,4.7,3.2,41.6,58.4,64833,95105
"1515",6037143400,"06","037","143400",5881,34.153326,-118.410293,"Census Tract 1434, Los Angeles County, California",747700,2995,323,4.7,2.34,1.94,7.5,5.7,4.1,19.5,11.9,5.4,20.2,16.7,9.1,4,17.4,48.3,25.1,2.4,2.7,45.7,54.3,79146,122412
"1516",6037143500,"06","037","143500",4708,34.148326,-118.406912,"Census Tract 1435, Los Angeles County, California",761500,2272,184,4.7,2.39,1.84,4.3,4.1,12.2,15.8,18.3,10.7,13.2,8.6,12.7,2,16.9,58.1,14.5,7.2,1.3,51,49,82880,115873
"1517",6037143602,"06","037","143602",4260,34.14584,-118.388014,"Census Tract 1436.02, Los Angeles County, California",646900,2168,248,4.5,2.02,1.67,3.8,3.3,6,9.1,32.8,12.3,11.4,11.7,9.5,1.7,35,41.2,18,2.7,1.5,48,52,83063,118443
"1518",6037143603,"06","037","143603",2222,34.144699,-118.373654,"Census Tract 1436.03, Los Angeles County, California",649700,1352,137,3.7,2.15,1.64,6.5,1.3,7.2,8.8,26.7,24.7,5.3,7.8,11.7,7.1,35.2,46.2,7.2,2.7,1.6,34.7,65.3,74477,90835
"1519",6037143604,"06","037","143604",3205,34.142202,-118.369,"Census Tract 1436.04, Los Angeles County, California",422700,2217,361,3.4,1.81,1.49,3.5,14.9,25,24.8,10.8,11.9,6.6,1.3,1.2,6.1,53.5,38,2,0.4,0,6.1,93.9,71202,111201
"1520",6037143700,"06","037","143700",3748,34.128501,-118.355934,"Census Tract 1437, Los Angeles County, California",972200,2102,246,5.1,2.02,1.5,5.7,1.9,7.1,7.9,6.5,18.6,33.2,6.1,13,5.3,17.7,31.9,26.1,12.3,6.7,72.5,27.5,118618,171844
"1521",6037143800,"06","037","143800",4878,34.136586,-118.380676,"Census Tract 1438, Los Angeles County, California",965500,2613,241,5,2.2,1.65,2.7,4.5,2.3,11.1,13.5,25,19.3,17.6,3.9,6.6,21.3,28,26.9,13.4,3.8,57.5,42.5,106837,134011
"1522",6037143901,"06","037","143901",4068,34.134576,-118.397584,"Census Tract 1439.01, Los Angeles County, California",NA,1731,46,6.9,2.49,1.87,1.1,2.1,5.4,8.5,6.5,16.5,26.7,15.1,18,0,5.8,17.2,36.6,24.3,16.1,84.7,15.3,144219,232460
"1523",6037143902,"06","037","143902",3000,34.142181,-118.419074,"Census Tract 1439.02, Los Angeles County, California",880700,1385,82,5.2,1.95,1.69,1,0.8,7.1,16.2,15.4,16.5,17.3,20.5,5.2,0,19.9,35.5,22.1,13.2,9.3,60.9,39.1,88375,141894
"1524",6037181000,"06","037","181000",6144,34.142167,-118.204297,"Census Tract 1810, Los Angeles County, California",664600,2393,61,5.9,2.93,2.33,1.9,0,2.4,2.5,4.2,4.2,13.5,11.5,59.8,1.6,10.4,28,33.3,22.5,4.2,75.9,24.1,68864,87970
"1525",6037181300,"06","037","181300",3629,34.135497,-118.222728,"Census Tract 1813, Los Angeles County, California",600800,1407,107,5.6,2.96,2.91,0,0,2.8,5.8,3.7,26.7,14.7,14.4,31.8,3.3,8.8,27.6,37.7,16.2,6.3,74.2,25.8,82453,96959
"1526",6037181400,"06","037","181400",4302,34.136515,-118.209078,"Census Tract 1814, Los Angeles County, California",488700,1664,36,4.2,3.06,2.69,0,3.6,6.9,13.5,5.5,10.9,13.3,6.6,39.7,7.3,19.9,47.7,15.4,9.1,0.5,34.5,65.5,61274,77424
"1527",6037181500,"06","037","181500",3812,34.134764,-118.193028,"Census Tract 1815, Los Angeles County, California",514000,1377,69,5,3.31,2.45,2,1.5,2,3.4,4.2,3.8,13.5,19.9,49.7,1.2,10.9,38,42.4,7.5,0,72.6,27.4,69429,83411
"1528",6037181600,"06","037","181600",4352,34.129986,-118.21129,"Census Tract 1816, Los Angeles County, California",505500,1041,55,5,2.9,3.02,0,0,4.5,3.8,3.7,10.7,7.9,11.2,58.2,1.9,15.9,53.2,22.6,3.8,2.5,47.7,52.3,61786,80715
"1529",6037183101,"06","037","183101",3922,34.122915,-118.182138,"Census Tract 1831.01, Los Angeles County, California",458400,1378,61,5.1,3.25,3.15,0.9,0,5.4,0.9,9.5,17.3,12.3,19.7,34,4.2,13.1,30.5,45.9,6.3,0,62.5,37.5,62386,87619
"1530",6037183103,"06","037","183103",3967,34.116225,-118.175978,"Census Tract 1831.03, Los Angeles County, California",536300,1493,67,3.7,3.52,2.59,0,5.7,5.9,15,17.3,19.4,8,4.6,24,4.1,33.8,46.1,14.7,1.3,0,16.9,83.1,55368,59967
"1531",6037183104,"06","037","183104",2065,34.120114,-118.173959,"Census Tract 1831.04, Los Angeles County, California",486600,774,14,5.1,2.6,3.07,0,1.4,3.1,3.9,7.2,37.7,3.4,18.6,24.7,4.1,1.7,53.9,33.3,5.8,1.2,64.6,35.4,83944,88217
"1532",6037183220,"06","037","183220",4114,34.119806,-118.189349,"Census Tract 1832.20, Los Angeles County, California",428300,1216,133,4.3,2.93,3.28,0,0,0,0.2,13.8,11.1,21.6,15.1,38.2,0.8,27.1,42.4,21.1,8.6,0,31.2,68.8,46726,54747
"1533",6037183221,"06","037","183221",3118,34.125086,-118.190584,"Census Tract 1832.21, Los Angeles County, California",483800,1090,28,4.7,2.62,3.92,0,0,0.8,7.8,14.1,15.4,10.7,9.3,41.8,2,7.7,55,24.1,11.1,0,55.5,44.5,64539,75855
"1534",6037183222,"06","037","183222",3483,34.129648,-118.197242,"Census Tract 1832.22, Los Angeles County, California",554400,1336,26,4.9,3.05,1.91,0,0,3,6.6,11.8,11.8,10.3,7,49.6,2.9,24.3,35.3,30.5,3.4,3.5,53.2,46.8,44167,66772
"1535",6037183300,"06","037","183300",3480,34.120884,-118.200815,"Census Tract 1833, Los Angeles County, California",371300,1078,41,4.7,3.62,2.81,0,0.6,2.2,6.6,3.8,12,11.4,17.2,46.3,0,14.5,48.8,33.4,1.4,1.9,50,50,48194,61944
"1536",6037183401,"06","037","183401",2543,34.121691,-118.209493,"Census Tract 1834.01, Los Angeles County, California",431600,873,40,5,3.64,3.12,0,0,1.3,0,0.9,6.1,15.5,14.5,61.7,0,17.5,30.8,40.9,9.6,1.1,50.4,49.6,50078,62632
"1537",6037183402,"06","037","183402",2820,34.125844,-118.216229,"Census Tract 1834.02, Los Angeles County, California",436700,962,55,4,4.6,2.92,0,0,7.1,2.4,9.3,7.3,21.7,17.3,35,1,36.7,34,23.3,3,2,27.9,72.1,55905,66390
"1538",6037183510,"06","037","183510",2725,34.115161,-118.203965,"Census Tract 1835.10, Los Angeles County, California",407800,783,0,5,4.14,3.09,0,0,6,0,2.9,10.3,18.5,4.3,57.9,0,8.6,49.7,31.8,4.6,5.4,68.6,31.4,60402,68695
"1539",6037183520,"06","037","183520",3881,34.110214,-118.202005,"Census Tract 1835.20, Los Angeles County, California",460000,1149,70,3.8,2.72,3.9,0.9,1.6,12.7,10.2,6.7,15.6,2.4,10.9,39.1,9.2,29.5,41.1,13.5,6.7,0,21.5,78.5,42269,59351
"1540",6037183610,"06","037","183610",3275,34.113837,-118.19485,"Census Tract 1836.10, Los Angeles County, California",464200,1045,82,3.8,3.76,3.35,0,1.1,4.7,14.7,6.3,9.9,17.1,7.4,38.8,9.2,32,38.9,17.4,2.5,0,18.5,81.5,40665,44074
"1541",6037183620,"06","037","183620",3264,34.115641,-118.190107,"Census Tract 1836.20, Los Angeles County, California",463400,1064,58,4.1,4.32,2.88,0,2.9,1.4,7.6,4,6.3,24.5,7.7,45.5,2.5,25.6,56.1,8.4,6,1.4,29.4,70.6,38667,54123
"1542",6037183701,"06","037","183701",3922,34.108669,-118.18845,"Census Tract 1837.01, Los Angeles County, California",244000,1354,129,3.6,2.62,3.14,3.8,2.1,7.8,16.8,9.9,10.1,19.9,4.5,25,4.1,42.2,33.3,14.7,5.7,0,22.6,77.4,49212,60051
"1543",6037183702,"06","037","183702",2805,34.104995,-118.183888,"Census Tract 1837.02, Los Angeles County, California",393700,1108,0,4.2,2.73,2.28,0,12.3,3.2,21.8,5.6,17.5,9.7,12.8,17.1,5.1,21.3,41,18.9,13.5,0.3,48.4,51.6,53065,70548
"1544",6037183810,"06","037","183810",4369,34.10741,-118.198409,"Census Tract 1838.10, Los Angeles County, California",371700,1332,127,3.4,5.01,3.18,0,0,7.4,7.6,11.6,16.4,8.7,9.5,38.8,10.4,48.1,30.8,6.1,2.5,2.2,13.9,86.1,35486,46498
"1545",6037183820,"06","037","183820",3464,34.104058,-118.197171,"Census Tract 1838.20, Los Angeles County, California",318400,1085,174,3.4,3.83,3.35,0,2,7,13.1,0,24.1,22.6,6.2,25.1,7.2,49.2,24.4,12.3,4.9,2,12.6,87.4,38125,45287
"1546",6037185100,"06","037","185100",6295,34.104557,-118.208735,"Census Tract 1851, Los Angeles County, California",536100,2404,203,4.5,2.75,2.75,3.3,0.5,5.7,8.3,10.4,18.2,16.4,7.4,29.8,4.5,19.5,37.1,34.7,4.3,0,59.2,40.8,65262,98485
"1547",6037185202,"06","037","185202",3712,34.093476,-118.215998,"Census Tract 1852.02, Los Angeles County, California",492700,1448,98,4.5,2.7,3.08,0,3.2,9.1,3.9,15.7,2.9,20.8,5.1,39.2,2.6,24.4,37.3,23.5,10.5,1.6,51.1,48.9,43776,65485
"1548",6037185203,"06","037","185203",3200,34.100106,-118.231381,"Census Tract 1852.03, Los Angeles County, California",412200,961,40,4.8,3.14,3.6,0,0,6,0,2.5,11.4,10.7,10.5,58.8,2.6,23.6,29,36.8,6.8,1.1,49.6,50.4,53171,65616
"1549",6037185204,"06","037","185204",2091,34.103281,-118.224277,"Census Tract 1852.04, Los Angeles County, California",569400,730,75,6.3,3.14,4.11,1.1,0.1,7.3,9.6,17,31.9,9.7,3.7,19.6,1.1,8.6,7.4,44.8,33.4,4.7,85.3,14.7,58257,129907
"1550",6037185310,"06","037","185310",3061,34.092582,-118.222851,"Census Tract 1853.10, Los Angeles County, California",369100,905,94,4.2,4.03,4.27,0,0,0,3,6.4,6.4,6.5,8,69.7,6.2,28,41.2,18.3,4.5,1.8,34,66,43380,50581
"1551",6037185320,"06","037","185320",3081,34.089866,-118.224983,"Census Tract 1853.20, Los Angeles County, California",427400,936,18,3.8,3.71,3.09,0,0,0.3,4.9,3.8,6.1,15.9,9,59.9,15.5,32.3,29.8,18.9,1.7,1.8,40.8,59.2,40603,49514
"1552",6037186100,"06","037","186100",4715,34.128516,-118.230118,"Census Tract 1861, Los Angeles County, California",522500,1843,182,4.8,2.84,2.59,0,0,1.2,0.9,7.6,11.2,21.9,17,40.3,2.2,24.3,34.5,31.8,5.3,2,61.3,38.7,77390,88389
"1553",6037186201,"06","037","186201",3068,34.122439,-118.220126,"Census Tract 1862.01, Los Angeles County, California",474200,1193,88,3.8,3.05,2.99,0,0,6.5,24.5,12.8,6.5,22.1,5.3,22.3,3.3,40.2,41.5,12.6,2.5,0,25.4,74.6,46750,64191
"1554",6037186202,"06","037","186202",1974,34.12059,-118.224995,"Census Tract 1862.02, Los Angeles County, California",486400,756,130,4.4,2.77,2.23,0,0,4.4,27.4,3.4,27,17.7,13.9,6.2,8.5,16.9,34.7,27.1,12.8,0,49,51,55776,79002
"1555",6037186203,"06","037","186203",2936,34.115729,-118.214225,"Census Tract 1862.03, Los Angeles County, California",586700,1120,0,5.3,2.87,2.89,1.7,6.9,1.1,5.5,13.1,12.9,21.6,10,27.2,1.1,6.2,37.3,44.2,7.9,3.4,75,25,93517,95562
"1556",6037186301,"06","037","186301",2999,34.121066,-118.239695,"Census Tract 1863.01, Los Angeles County, California",387500,960,56,3.8,2.92,3.43,0,1.3,4.7,2.5,20.6,17.1,17.1,22.5,14.3,9.2,27.1,44.8,10.2,7.2,1.6,28.7,71.3,47634,57824
"1557",6037186302,"06","037","186302",5198,34.111975,-118.229842,"Census Tract 1863.02, Los Angeles County, California",505800,1813,64,5,2.95,3.28,1.2,2.5,5.4,12.1,10,15.7,13.2,19.8,20.1,0.4,20,35.1,36.2,5.1,3.2,66.6,33.4,76533,89048
"1558",6037186401,"06","037","186401",3452,34.118542,-118.241726,"Census Tract 1864.01, Los Angeles County, California",377100,1068,80,3.7,4.77,3.72,0,0.4,17.3,10.5,10.7,19.9,18.1,4.3,18.9,5.6,38,43,10.4,3,0,18.2,81.8,42500,53596
"1559",6037186403,"06","037","186403",2899,34.112108,-118.238927,"Census Tract 1864.03, Los Angeles County, California",466400,855,16,4.4,4.11,3.55,0,0,5.3,6.2,6.2,2.7,5.6,19.1,55,0.9,28.3,37,24,7.7,2.1,33.8,66.2,48098,63404
"1560",6037186404,"06","037","186404",2471,34.106602,-118.235106,"Census Tract 1864.04, Los Angeles County, California",429800,721,87,4.1,4.59,3.32,0,0,4.4,13.3,6.2,9.7,17.2,16.1,33,7.4,22.5,44.2,19,4.4,2.5,31.7,68.3,49808,56945
"1561",6037187101,"06","037","187101",3235,34.115718,-118.25836,"Census Tract 1871.01, Los Angeles County, California",516600,1328,25,4,2.27,2.23,0,0,0,4,7.1,5.8,3.3,15.7,64.1,2.4,34.7,43.2,14.6,1.1,4,49.3,50.7,63523,71104
"1562",6037187102,"06","037","187102",3254,34.112181,-118.253584,"Census Tract 1871.02, Los Angeles County, California",571900,1242,120,4.1,2.29,3.18,0,0,0,5.2,1.5,15.2,31.3,12.2,34.5,2.1,31.1,51,13.7,0,2.1,35,65,50972,65108
"1563",6037187200,"06","037","187200",3132,34.102623,-118.246241,"Census Tract 1872, Los Angeles County, California",353800,957,73,4.2,4.26,3.44,1.5,0.5,7.1,0.7,7.6,14.8,14,12.2,41.5,6.9,20.9,44.3,25.2,2.7,0,34.2,65.8,46346,53616
"1564",6037187300,"06","037","187300",3216,34.101868,-118.257012,"Census Tract 1873, Los Angeles County, California",663800,1601,36,4.4,2.05,2.3,0.5,0.4,8.6,8,4,6.8,15.4,15,41.3,2.2,24,52.3,14.9,3.5,3,40.1,59.9,75175,92345
"1565",6037188100,"06","037","188100",4076,34.130288,-118.268666,"Census Tract 1881, Los Angeles County, California",581900,1847,86,3.5,3.53,2.24,0.3,0,0.8,4.6,17.5,17.2,15.4,16.7,27.5,14.8,36.4,28.2,16.5,3.2,0.9,20.4,79.6,47363,64293
"1566",6037188201,"06","037","188201",3270,34.112038,-118.273657,"Census Tract 1882.01, Los Angeles County, California",485900,2026,100,3.3,2.07,1.57,2.3,0,4.7,8.6,21.5,6.2,19.9,19.5,17.4,7.7,55.4,32.3,4.5,0,0,16.1,83.9,67935,77752
"1567",6037188202,"06","037","188202",2347,34.115881,-118.279233,"Census Tract 1882.02, Los Angeles County, California",NA,1308,79,5.5,2.75,1.37,0.2,0,0,4.2,14.2,11,8.4,12.5,49.5,0.5,30.9,13.6,24.8,29.4,0.9,62.1,37.9,102564,131564
"1568",6037188300,"06","037","188300",3536,34.120933,-118.263798,"Census Tract 1883, Los Angeles County, California",644800,1496,108,4.4,2.52,2.4,0,0,0.7,1.1,3.5,6.5,12.4,14,61.7,5.9,13.4,60.6,14.8,5.3,0,48.9,51.1,62857,74971
"1569",6037189101,"06","037","189101",2743,34.104917,-118.288536,"Census Tract 1891.01, Los Angeles County, California",598700,1534,13,3.7,2.79,1.87,0,0,2.9,7.5,10.4,15.2,11,16.2,36.8,5.3,32.5,46.2,14.2,1.3,0.5,17.4,82.6,66367,87528
"1570",6037189102,"06","037","189102",3096,34.110948,-118.28859,"Census Tract 1891.02, Los Angeles County, California",523300,2022,394,3.3,1.87,1.58,1.6,0.4,0.3,6.5,15.6,21.9,12.5,6.2,35,10.1,53.7,27,5.4,1.2,2.7,26,74,67500,101752
"1571",6037189201,"06","037","189201",3293,34.103581,-118.296539,"Census Tract 1892.01, Los Angeles County, California",854200,2072,195,2.9,2.41,1.63,0,0,5.8,12.5,10.4,14,7.7,15.6,33.9,22.6,50.8,18.4,7.6,0.5,0,5.1,94.9,34688,44579
"1572",6037189202,"06","037","189202",2718,34.109581,-118.295569,"Census Tract 1892.02, Los Angeles County, California",964600,1304,66,4.8,2.47,1.69,0,0,0,5.6,0.5,0,8.1,24.8,61,0,35.6,21,24.1,14.3,5,49.5,50.5,95921,126700
"1573",6037189300,"06","037","189300",3077,34.110616,-118.309794,"Census Tract 1893, Los Angeles County, California",NA,1401,100,7.2,2.41,2.06,2.4,2.5,1.2,2.4,7.6,14.3,17.4,12.6,39.5,0.5,4,21.4,39.5,15.1,19.5,90.5,9.5,149955,237201
"1574",6037189400,"06","037","189400",3448,34.118227,-118.321135,"Census Tract 1894, Los Angeles County, California",NA,2065,203,4.6,2.02,1.54,0,0,0.8,3.7,1.7,16.6,17.9,8.5,50.8,3.7,25.5,41.1,20.4,8.9,0.4,45.2,54.8,93409,139541
"1575",6037189500,"06","037","189500",4452,34.108019,-118.321835,"Census Tract 1895, Los Angeles County, California",722400,2941,161,3,1.69,1.53,0.5,0,4.7,8.7,10,14,16.5,9.7,35.9,15.1,49.2,23.7,7.3,3.7,1.1,16.3,83.7,50357,72663
"1576",6037189600,"06","037","189600",3529,34.109297,-118.330757,"Census Tract 1896, Los Angeles County, California",NA,2325,295,3.3,2.25,1.52,1.8,2.4,3.4,8.3,8.7,15.6,13.1,13.7,33,23,35.2,15.6,15.4,7.7,3.1,33.7,66.3,53799,84905
"1577",6037189701,"06","037","189701",3942,34.131151,-118.339738,"Census Tract 1897.01, Los Angeles County, California",912400,2672,460,3.8,1.83,1.71,0,0,4.5,15.8,34.7,11.8,10,8,15.4,12,30.6,29.7,17.1,9.6,1,48.2,51.8,80000,119463
"1578",6037189702,"06","037","189702",2227,34.109319,-118.340119,"Census Tract 1897.02, Los Angeles County, California",882000,1615,177,4.3,2.01,1.42,0,6.7,1.8,8.4,11.7,23.3,7.7,8.4,32,15.4,26.3,37.2,10.5,8.6,2,41.5,58.5,74333,137838
"1579",6037189800,"06","037","189800",4021,34.098088,-118.358954,"Census Tract 1898, Los Angeles County, California",715400,2527,316,3.5,1.98,1.57,1.4,1,2.6,8,12,22.2,20.6,6.8,25.5,8.2,46.9,29.2,8.7,4.7,2.3,28.8,71.2,53602,75580
"1580",6037189902,"06","037","189902",4971,34.096094,-118.349198,"Census Tract 1899.02, Los Angeles County, California",643600,3168,67,3.2,1.34,1.65,1,2.1,8.8,11.1,13.8,23.6,20.4,4.6,14.6,6.8,50.7,39,2.4,0,1,5.2,94.8,53264,59619
"1581",6037189903,"06","037","189903",2164,34.102513,-118.347571,"Census Tract 1899.03, Los Angeles County, California",528600,1620,239,2.8,1.27,1.49,0,0,3.2,22.8,18.9,32.6,16.1,0.9,5.5,16.3,55.2,28.5,0,0,0,26.6,73.4,46680,67548
"1582",6037189904,"06","037","189904",2260,34.099884,-118.347123,"Census Tract 1899.04, Los Angeles County, California",NA,1605,109,2.8,NA,1.66,0,0,10,20.6,27.4,16.6,17.8,0.9,6.7,27.7,42.4,29,0,0,0.9,0,100,44799,61387
"1583",6037189905,"06","037","189905",2304,34.10065,-118.350927,"Census Tract 1899.05, Los Angeles County, California",727100,1563,96,2.9,1.93,1.72,0,0,7,26.2,22.1,23.3,3.3,3.4,14.8,14.5,51.8,25.5,7.6,0.6,0,19.3,80.7,39804,65065
"1584",6037190100,"06","037","190100",4481,34.09971,-118.342347,"Census Tract 1901, Los Angeles County, California",740200,3138,354,2.4,2.21,1.53,1.5,0,4.7,12.4,14.4,19.1,14.3,4.5,29.1,33.8,40.1,22.2,3.9,0,0,4.5,95.5,34917,45822
"1585",6037190201,"06","037","190201",2870,34.103504,-118.330146,"Census Tract 1902.01, Los Angeles County, California",NA,1717,211,2,NA,1.74,0,0,3.1,18.3,17,11.8,5.4,10.1,34.3,45,44.8,10.3,0,0,0,0,100,29695,31578
"1586",6037190202,"06","037","190202",3044,34.103749,-118.334641,"Census Tract 1902.02, Los Angeles County, California",NA,2350,336,2.3,2.79,1.59,2.3,5.5,6.3,8.6,13.7,11.7,8.1,5.2,38.6,34.9,54,8.4,0.6,1.5,0.6,3,97,26646,51007
"1587",6037190301,"06","037","190301",4758,34.10372,-118.314203,"Census Tract 1903.01, Los Angeles County, California",378600,2700,461,2.8,1.61,1.87,2,2.8,3.4,5.3,15.1,15.6,18,8.9,29,24,52.6,21.9,0.4,0.6,0.5,2,98,29989,42679
"1588",6037190401,"06","037","190401",3135,34.103691,-118.302815,"Census Tract 1904.01, Los Angeles County, California",NA,1868,213,2.8,NA,1.77,1,1.9,6.2,4.6,8,24.3,16.4,8.7,28.9,22,54.3,17.8,4.1,1.9,0,0,100,38183,50000
"1589",6037190402,"06","037","190402",2487,34.103723,-118.307242,"Census Tract 1904.02, Los Angeles County, California",NA,1434,82,3,NA,1.67,1.5,8,0,10.7,10,10.5,18.6,8.3,32.4,7.7,69.2,19.6,2.5,0,0.9,0,100,19770,33101
"1590",6037190510,"06","037","190510",4227,34.100185,-118.310771,"Census Tract 1905.10, Los Angeles County, California",NA,1688,111,3.2,NA,2.51,6.6,7.3,15,16.1,13.4,4.1,14.1,8.5,14.9,14.8,41.2,33.1,9.4,0,1.5,0,100,27104,38125
"1591",6037190520,"06","037","190520",3728,34.099964,-118.304042,"Census Tract 1905.20, Los Angeles County, California",479400,1700,90,2.9,2.68,2.39,0,0,3.8,8.2,11.6,13.1,12.4,7.8,43.2,18.6,53.3,22.8,3.6,0,1.6,7.5,92.5,20644,32011
"1592",6037190700,"06","037","190700",3379,34.097923,-118.333412,"Census Tract 1907, Los Angeles County, California",576100,1890,268,2.7,2.47,1.67,7.6,15.8,5.7,7.4,3.1,10.6,3.9,6.4,39.6,28.7,48.9,20.1,1.9,0,0.4,7,93,26683,45376
"1593",6037190801,"06","037","190801",2594,34.093996,-118.324564,"Census Tract 1908.01, Los Angeles County, California",697100,1478,120,2.3,3.24,1.83,0,0,18.5,8.9,13.7,15.1,16.4,0.9,26.5,38.8,45.5,14.2,0.5,0.5,0.5,3,97,23214,36780
"1594",6037190802,"06","037","190802",2784,34.093457,-118.330531,"Census Tract 1908.02, Los Angeles County, California",475000,1448,108,2.9,3.74,1.91,0,0,0,7.6,16.7,20.3,16,1.9,37.4,30.2,35,31.3,3.5,0,0,11.6,88.4,31875,40285
"1595",6037190901,"06","037","190901",4742,34.093294,-118.312689,"Census Tract 1909.01, Los Angeles County, California",490900,1561,101,3,2.93,3.04,0,1.2,3.3,11.9,10.6,18.7,22.5,8.6,23.3,20.6,51.3,21.1,4,3.1,0,6.2,93.8,38220,42319
"1596",6037190902,"06","037","190902",3960,34.093518,-118.31917,"Census Tract 1909.02, Los Angeles County, California",655400,1716,115,3,3.37,2.25,2.2,0.5,7.6,11.9,15.2,12.2,11.8,8.4,30.2,19.8,51.8,19.6,7.4,1,0.4,8.2,91.8,30129,44162
"1597",6037191000,"06","037","191000",3228,34.100743,-118.320013,"Census Tract 1910, Los Angeles County, California",467300,1730,329,2.8,2.24,2.26,9.4,2.9,11,9.1,16.6,14.7,6.8,6.2,23.4,22.1,54.8,16.1,3.6,3.5,0,9.1,90.9,37732,54243
"1598",6037191110,"06","037","191110",3338,34.096432,-118.303825,"Census Tract 1911.10, Los Angeles County, California",541700,1177,71,2.9,1.5,2.32,1,0,0,12.8,20.3,5.4,9.3,2.8,48.3,22.3,49.6,24.4,3.7,0,0,2.7,97.3,21903,39685
"1599",6037191120,"06","037","191120",4135,34.093061,-118.304383,"Census Tract 1911.20, Los Angeles County, California",481100,1607,71,3.2,3.38,2.38,2.7,0,6.1,8.1,11,20.6,14.4,8.3,28.8,11.4,57,18.5,8.6,4.5,0,9.6,90.4,32319,41782
"1600",6037191201,"06","037","191201",4591,34.09812,-118.297116,"Census Tract 1912.01, Los Angeles County, California",380500,1775,139,2.9,4.12,2.19,0,1.4,1.9,6.7,8.6,13.1,10.2,11,47.1,25.3,41.9,25.8,4.1,2.5,0.5,6.3,93.7,27598,42158
"1601",6037191203,"06","037","191203",2922,34.093634,-118.294046,"Census Tract 1912.03, Los Angeles County, California",656300,1322,141,2.7,1.93,2.06,0,0,2.6,1.8,16.8,25.7,4.1,8.2,40.8,37.2,40.2,16.5,3.6,2.3,0.3,8.4,91.6,28359,33853
"1602",6037191204,"06","037","191204",2124,34.09317,-118.298026,"Census Tract 1912.04, Los Angeles County, California",757000,901,56,3.2,2.23,2.35,0,0,3.7,8.2,3.1,18.4,15,0.9,50.7,12.2,49.5,20.1,12.7,5.5,0,18,82,33287,55121
"1603",6037191301,"06","037","191301",2327,34.092264,-118.287107,"Census Tract 1913.01, Los Angeles County, California",506000,1008,33,3.4,2.2,2.63,0,0,13.7,6.2,8.4,23.3,0.8,17.8,29.9,19.3,42.1,29.4,5.4,3.9,0,7.1,92.9,37528,47714
"1604",6037191302,"06","037","191302",2422,34.095058,-118.287983,"Census Tract 1913.02, Los Angeles County, California",665300,1104,183,3.1,3.06,2.52,0,0,0,11.2,10.1,21.2,8.7,7.4,41.4,19.7,54.9,15.4,5.8,4.3,0,6.8,93.2,46332,54451
"1605",6037191410,"06","037","191410",5092,34.088553,-118.288203,"Census Tract 1914.10, Los Angeles County, California",520800,1812,90,2.9,3.34,2.76,1.8,3.8,6.4,4.6,16.2,13,10.5,13,30.7,26.2,52.9,15,3.9,1.7,0.3,3.6,96.4,31818,37161
"1606",6037191420,"06","037","191420",3365,34.085123,-118.288046,"Census Tract 1914.20, Los Angeles County, California",577400,1216,25,3.1,3.13,3.01,3.5,0,0,17,10.9,15.5,10.5,9.5,33.1,16.4,48.1,29.6,5.5,0.3,0,5.6,94.4,35399,43108
"1607",6037191500,"06","037","191500",5551,34.08774,-118.297987,"Census Tract 1915, Los Angeles County, California",525300,1821,157,3.3,3.25,3.32,0,0.4,2.5,17.4,6.9,17.8,18.1,5.3,31.5,15.8,38.8,31.9,10,3.5,0,14.1,85.9,37159,47796
"1608",6037191610,"06","037","191610",4502,34.086621,-118.305878,"Census Tract 1916.10, Los Angeles County, California",526400,1536,136,3.6,3.2,3.23,0,0,10.7,6.6,11.1,11.7,15.2,6.7,38,7.7,44.9,36,7.7,3.6,0.1,17.5,82.5,39219,53439
"1609",6037191620,"06","037","191620",2789,34.088633,-118.30237,"Census Tract 1916.20, Los Angeles County, California",500000,1007,68,3.1,3.63,2.55,0,0,1.4,15.1,10.4,20.8,21.5,6.7,24.1,8.5,52.6,32.3,3.2,2.4,1,8.1,91.9,33323,41294
"1610",6037191710,"06","037","191710",3231,34.084968,-118.312361,"Census Tract 1917.10, Los Angeles County, California",458800,1386,85,2.8,2.37,2.32,0,0,0,14.6,10.8,6.8,10.7,28.2,29,31.1,47.4,18.8,2.7,0,0,7.8,92.2,24940,34857
"1611",6037191720,"06","037","191720",3770,34.088956,-118.311921,"Census Tract 1917.20, Los Angeles County, California",591200,1421,61,3.1,3.24,3.29,0.6,0,1.3,21.4,12.9,14.7,13.9,12.3,22.9,20.3,42.6,29.7,6,0,1.4,7.4,92.6,34450,39235
"1612",6037191810,"06","037","191810",3498,34.08883,-118.326313,"Census Tract 1918.10, Los Angeles County, California",537500,1425,84,3.1,2.78,2.75,4.3,0.4,3.6,12.4,23.2,9.6,18,4.3,24.3,15.4,52.9,25.9,5.8,0,0,6,94,30467,42452
"1613",6037191820,"06","037","191820",2647,34.085457,-118.326823,"Census Tract 1918.20, Los Angeles County, California",566700,1303,126,3,2.26,2.2,4.8,2.3,3.5,10.3,18.5,20.3,16.5,9.5,14.3,14.4,52.7,29.5,3.3,0,0,4.6,95.4,32865,42500
"1614",6037191901,"06","037","191901",3355,34.093023,-118.338342,"Census Tract 1919.01, Los Angeles County, California",600000,1935,13,3.2,2.74,1.98,2.8,0.3,11.5,28,22.9,12.3,2.8,2.6,16.8,7.3,49.3,39.6,2.4,1.4,0,2.8,97.2,52067,60172
"1615",6037191902,"06","037","191902",2867,34.083803,-118.339431,"Census Tract 1919.02, Los Angeles County, California",807000,1576,56,4.3,2.18,2.18,0,0,0.5,8.9,11.3,7.8,8.1,6.3,57,5.8,35.9,33.2,14.9,9.7,0.5,42.6,57.4,66714,174044
"1616",6037192001,"06","037","192001",2466,34.085307,-118.347907,"Census Tract 1920.01, Los Angeles County, California",753300,1278,158,3.2,2.2,1.51,0,1.3,6.1,4.8,10.8,8.8,11.5,7.3,49.5,15.7,40.1,37.6,5.9,0,0.6,15.3,84.7,50000,67658
"1617",6037192002,"06","037","192002",2735,34.083639,-118.35488,"Census Tract 1920.02, Los Angeles County, California",782400,1497,109,4.6,2.12,1.61,0,0,1.9,2.5,5,5.8,5.2,14,65.7,4.9,23.4,52.2,14.2,4.2,1.1,32.3,67.7,84359,120010
"1618",6037192300,"06","037","192300",2799,34.080017,-118.327629,"Census Tract 1923, Los Angeles County, California",845300,1682,105,3.4,2.3,1.45,4.2,3.6,6.8,1.5,9.5,3.9,8,9,53.5,12.4,40.1,23.2,14,6.4,3.8,36.1,63.9,70472,98568
"1619",6037192410,"06","037","192410",3628,34.080053,-118.31729,"Census Tract 1924.10, Los Angeles County, California",840600,1799,81,3.2,2.13,2.02,0.7,1.4,0.8,5.7,8,3.4,14.6,19.1,46.2,18.6,33.2,26.5,18.8,1.4,1.5,30,70,55099,75324
"1620",6037192420,"06","037","192420",3637,34.079854,-118.311482,"Census Tract 1924.20, Los Angeles County, California",600000,1438,34,3.2,3.74,2.67,0,1,4.5,4.7,10.6,25.7,15.3,20.1,17.9,4.5,38.5,41.8,12.7,2.3,0.2,14.8,85.2,44432,52426
"1621",6037192510,"06","037","192510",3670,34.08021,-118.306472,"Census Tract 1925.10, Los Angeles County, California",577100,1286,25,3.6,3.24,3.03,2.3,2.2,19.1,12.1,7.5,16.3,9.9,5.1,25.5,7.6,27.4,39.7,20.1,3.9,1.3,22,78,35680,48976
"1622",6037192520,"06","037","192520",5067,34.080354,-118.302495,"Census Tract 1925.20, Los Angeles County, California",593800,1717,146,2.7,4.12,3.31,2.6,0,6.3,6.2,11.5,15,18.8,7.3,32.3,20.3,37.6,32,2.7,6.8,0.6,8.4,91.6,31639,42641
"1623",6037192610,"06","037","192610",4389,34.080832,-118.29654,"Census Tract 1926.10, Los Angeles County, California",490900,1558,142,2.9,4.91,2.89,3.7,2.6,5,12.6,11,5.8,16.4,15,27.9,16.5,35.2,32.3,6.9,4.7,4.4,14.5,85.5,33077,42882
"1624",6037192620,"06","037","192620",3868,34.07772,-118.295953,"Census Tract 1926.20, Los Angeles County, California",697900,1372,84,2.3,3.76,2.71,0,0,5.6,14.9,11.2,9.5,28.2,6.5,24.2,25.4,49.6,20.9,3.8,0,0.4,2.3,97.7,36075,47756
"1625",6037192700,"06","037","192700",3513,34.0804,-118.287902,"Census Tract 1927, Los Angeles County, California",490600,1162,80,3.2,2.77,2.62,0.5,2.3,5.3,18.6,12.5,8.9,20.1,11.3,20.6,13.8,26.6,44.4,14.5,0.8,0,10.3,89.7,26413,37680
"1626",6037194101,"06","037","194101",3091,34.109212,-118.350291,"Census Tract 1941.01, Los Angeles County, California",NA,1926,224,4.1,2.11,1.6,0.7,0,4.3,8,5.1,19.3,24.9,4.9,32.8,2.4,35.7,35.8,8.7,15.7,1.7,28.5,71.5,58859,97205
"1627",6037194102,"06","037","194102",3458,34.114986,-118.365925,"Census Tract 1941.02, Los Angeles County, California",NA,1716,140,7,2.19,1.61,0,0,2.3,3.1,19.8,27.3,24.6,10.4,12.6,0,5.4,26.2,33.9,24,10.5,86.8,13.2,137186,245722
"1628",6037194200,"06","037","194200",3588,34.103314,-118.375569,"Census Tract 1942, Los Angeles County, California",NA,2089,342,5.3,1.82,1.99,0.5,3.3,8.9,2.7,6.4,3.1,11.7,19.2,44.1,3.2,9.2,33,37.1,12.4,5,68.3,31.7,126505,231974
"1629",6037194300,"06","037","194300",3029,34.102129,-118.387556,"Census Tract 1943, Los Angeles County, California",NA,1763,290,6.3,1.95,2.7,5,4.3,1.1,5.7,8.2,16.8,26.9,9.4,22.5,0,3.8,30.7,35.1,23.6,6.8,79.3,20.7,132056,285340
"1630",6037194401,"06","037","194401",2461,34.084437,-118.363556,"Census Tract 1944.01, Los Angeles County, California",953100,1363,126,3.8,2.12,1.73,3.1,0,0,8.6,7.1,15.6,15.6,20.7,29.3,6.3,40.1,37.3,16.4,0,0,13.8,86.2,71550,83544
"1631",6037194402,"06","037","194402",3335,34.085191,-118.371978,"Census Tract 1944.02, Los Angeles County, California",955400,2242,207,3.7,2.27,1.55,2.7,7.9,5.2,6.1,18.1,13.9,10.8,4.5,30.7,6.1,41.1,46.6,0.8,3.9,1.5,17,83,78025,123382
"1632",6037194500,"06","037","194500",2037,34.078232,-118.367814,"Census Tract 1945, Los Angeles County, California",NA,1051,8,5.8,2.23,1.95,1,0.4,2.8,1.7,1.4,11.9,4.1,6.7,70,4.7,12.5,36.6,35.5,8.7,2.1,51.1,48.9,103393,134506
"1633",6037195100,"06","037","195100",4717,34.102045,-118.267886,"Census Tract 1951, Los Angeles County, California",905100,2196,90,5.3,2.45,1.81,0.5,0.5,2,8.2,5.2,11.3,18.8,11.2,42.3,3.3,18.2,34.1,34.5,8.3,1.5,60.4,39.6,99792,144934
"1634",6037195201,"06","037","195201",2834,34.108484,-118.277916,"Census Tract 1952.01, Los Angeles County, California",757700,1709,78,4.2,1.83,1.78,0.9,0.8,0,7,17.4,10.8,17.1,11.7,34.2,7.4,31.7,37.4,14.6,8.1,0.8,18.1,81.9,65708,93790
"1635",6037195202,"06","037","195202",3185,34.102899,-118.279093,"Census Tract 1952.02, Los Angeles County, California",849700,1583,151,5.1,2.19,2.23,0,0,5.2,2.2,6.2,10.6,25.6,7.5,42.7,0.9,16.6,37.3,35.7,7.3,2.3,57.3,42.7,130708,142299
"1636",6037195300,"06","037","195300",3203,34.099561,-118.283792,"Census Tract 1953, Los Angeles County, California",604500,1646,79,3.8,2.59,1.85,0,3.3,4.1,5,3,3.2,7.8,10.6,63,9.7,34.9,35.2,12.5,4.8,2.9,27.1,72.9,54363,71015
"1637",6037195400,"06","037","195400",4395,34.091496,-118.274914,"Census Tract 1954, Los Angeles County, California",784500,2448,142,4.5,2.24,1.61,2.9,0.6,1.4,2.7,3.8,12.3,11.4,12.7,52.3,6.6,30.5,37.8,21.7,3.4,0,38.8,61.2,65714,90208
"1638",6037195500,"06","037","195500",4971,34.087918,-118.264996,"Census Tract 1955, Los Angeles County, California",727500,2416,118,4.8,2.59,1.95,0,0,6.9,11.4,4.8,12.9,9.3,10,44.6,2.1,20.7,35.9,31.5,7.3,2.5,54,46,73750,109590
"1639",6037195600,"06","037","195600",3340,34.080808,-118.265822,"Census Tract 1956, Los Angeles County, California",628200,1194,31,4.4,2.83,3.01,1.2,0,9.2,1.3,6.1,2.9,3.7,9.2,66.3,7.8,23,38,25.9,1.8,3.5,31.6,68.4,63813,70401
"1640",6037195710,"06","037","195710",4328,34.07484,-118.269156,"Census Tract 1957.10, Los Angeles County, California",511400,1394,60,3.3,3,3.18,0.9,0,0.9,14.8,8.9,8.1,6,5.7,54.7,20.2,37.7,23.7,14.3,3.9,0.2,12.5,87.5,31250,41589
"1641",6037195720,"06","037","195720",2304,34.074411,-118.26326,"Census Tract 1957.20, Los Angeles County, California",431000,935,122,3.3,3.95,2.75,1.3,3.9,1.9,14.2,7.6,5,1.6,7.9,56.6,20.7,27.6,40.6,2.5,6.4,2.1,11.9,88.1,36556,50285
"1642",6037195802,"06","037","195802",2881,34.075196,-118.276399,"Census Tract 1958.02, Los Angeles County, California",425900,999,26,3.9,3.07,3.01,0,2.4,5.6,1.5,13.4,12.7,12.6,4.4,47.3,6.7,35.1,32.8,18.3,5.9,1.1,22.5,77.5,38818,53341
"1643",6037195803,"06","037","195803",2603,34.081633,-118.27696,"Census Tract 1958.03, Los Angeles County, California",605500,1250,137,3.5,2.55,2.07,0,3.2,1,10.3,9.1,11,18.2,14.8,32.2,12.4,40,30.2,13.3,3.2,1,26.2,73.8,60166,62380
"1644",6037195804,"06","037","195804",2643,34.078266,-118.272794,"Census Tract 1958.04, Los Angeles County, California",509700,1172,48,3.9,2.34,2.25,0,0,0,7.3,0,2.2,11.3,5.3,73.9,13.7,40.8,32.9,12.5,0,0,20.4,79.6,46313,57276
"1645",6037195901,"06","037","195901",2235,34.088863,-118.282245,"Census Tract 1959.01, Los Angeles County, California",500000,1222,77,3.4,NA,1.96,2.3,0,1.1,3,8.3,7.8,6.1,21.6,49.8,27.4,26.8,38.1,5.8,0,1.8,4.9,95.1,39859,51858
"1646",6037195902,"06","037","195902",1905,34.086662,-118.279016,"Census Tract 1959.02, Los Angeles County, California",653800,1096,72,3.7,2.47,1.87,0,0,0,5.8,11.8,11.7,4.8,15.8,50.1,9.9,42.6,29.9,11.2,4.4,2,17.2,82.8,52553,71445
"1647",6037195903,"06","037","195903",2216,34.081011,-118.282446,"Census Tract 1959.03, Los Angeles County, California",498800,1047,23,3.7,3.59,2.51,3.2,0,2.9,15.8,13.1,5.3,9.7,3.4,46.5,9.6,41.1,27.1,11,7.4,3.8,7.7,92.3,51250,70506
"1648",6037197200,"06","037","197200",3757,34.090142,-118.23396,"Census Tract 1972, Los Angeles County, California",384700,1227,70,4.5,3.47,3.62,0,1.3,4.9,4.7,8.3,14.9,9.7,21.3,34.9,0.7,11.9,54.7,22.2,9.8,0.7,41.4,58.6,44560,53335
"1649",6037197300,"06","037","197300",3909,34.080367,-118.252583,"Census Tract 1973, Los Angeles County, California",573900,1826,94,3.9,2.53,2.25,2.1,2.9,0.5,6.3,7.1,10.1,6.1,11.5,53.3,7.3,38.4,30.8,19.3,1.9,2.3,26.8,73.2,51023,65835
"1650",6037197410,"06","037","197410",3704,34.091526,-118.250914,"Census Tract 1974.10, Los Angeles County, California",589900,1800,126,4.7,2.29,2.39,0,2.3,4.1,3.1,6.9,10.4,6.9,8.4,57.9,4.3,23.6,43.5,22.3,5.1,1.2,44.6,55.4,51386,73813
"1651",6037197420,"06","037","197420",3509,34.082814,-118.257094,"Census Tract 1974.20, Los Angeles County, California",628000,1383,156,4,3.35,2.75,0,0,8.2,5.4,2.3,4.6,6.3,11.4,61.8,11.6,29.8,35.9,15.1,5.3,2.2,33.3,66.7,59776,69582
"1652",6037197500,"06","037","197500",3889,34.073239,-118.257045,"Census Tract 1975, Los Angeles County, California",657400,1713,281,3.7,2.79,2.72,0,0,0,5.7,3.6,7.5,9.3,14.1,59.8,15.4,36.3,33.3,12.4,1.6,1,14.1,85.9,41548,58926
"1653",6037197600,"06","037","197600",2376,34.069158,-118.252085,"Census Tract 1976, Los Angeles County, California",739900,947,97,4,2.06,2.81,1.3,2.3,9.7,1.2,14.6,3.1,3.1,9.5,55.3,4.3,42.6,27.2,20.2,5.2,0.5,18.2,81.8,44423,55458
"1654",6037197700,"06","037","197700",5103,34.068485,-118.246567,"Census Tract 1977, Los Angeles County, California",473900,1984,240,3.6,3.61,3.14,1.1,4.6,6.9,20.5,15.3,11.8,8.9,7.2,23.7,14.3,23.8,41.3,17.3,3.3,0,17.9,82.1,36206,44921
"1655",6037199000,"06","037","199000",5066,34.080437,-118.217284,"Census Tract 1990, Los Angeles County, California",341900,1597,184,3.7,2.96,3.45,28.2,8.1,1.2,4.6,4.3,5.8,10.5,13.5,23.9,20.7,17.8,41.6,17.2,2.7,0,23.9,76.1,28869,41446
"1656",6037199110,"06","037","199110",2710,34.080181,-118.196554,"Census Tract 1991.10, Los Angeles County, California",336000,807,65,4.9,4.25,3.87,0,0,16.6,14,2.5,9.9,6.7,1,49.3,2.5,20.8,20.8,46.7,4.8,4.3,50.1,49.9,38879,48742
"1657",6037199120,"06","037","199120",4086,34.071027,-118.202105,"Census Tract 1991.20, Los Angeles County, California",348000,1079,113,3.7,4.5,3.51,7.6,9.4,3.2,5.7,3,17.4,14.5,16.3,23,17.1,19.1,38.4,16.9,4.3,4.4,24.5,75.5,23605,39549
"1658",6037199201,"06","037","199201",4089,34.076202,-118.212017,"Census Tract 1992.01, Los Angeles County, California",315000,1239,87,3.6,4.63,3.75,0.6,0.9,8.1,8.4,1,13.6,14.7,11.6,41.2,30.7,17.8,31.9,16.9,0.2,2.4,12.6,87.4,32404,43311
"1659",6037199202,"06","037","199202",3031,34.080253,-118.204025,"Census Tract 1992.02, Los Angeles County, California",339400,912,95,4.2,2.72,3.11,0.8,0.8,0.5,0.4,10.1,15,26.6,8.7,37.1,11.6,22.4,41.9,18.4,4.1,1.6,36.5,63.5,33266,46213
"1660",6037199300,"06","037","199300",3848,34.08894,-118.203798,"Census Tract 1993, Los Angeles County, California",443600,1247,88,4.9,3.29,3.78,2.2,0,7.2,4.5,7.1,10.6,16.6,8.7,43.1,1.5,8.6,50.1,32.6,4.4,2.7,63.6,36.4,53359,73719
"1661",6037199400,"06","037","199400",4668,34.088589,-118.209782,"Census Tract 1994, Los Angeles County, California",330900,1423,47,4.2,3.26,3.58,0,0,6.1,8.4,17.9,4.4,8.9,16.2,38.1,9.6,20.2,43.2,21.4,2.4,3.2,31.4,68.6,30190,38132
"1662",6037199700,"06","037","199700",3411,34.069278,-118.218758,"Census Tract 1997, Los Angeles County, California",337000,1016,73,3.8,4.25,3.24,0,0,5.2,3.7,14.4,11.6,9.9,9.1,46.1,12.3,22.9,37.3,17.6,8.2,1.7,26.2,73.8,29757,46614
"1663",6037199800,"06","037","199800",5631,34.070386,-118.21041,"Census Tract 1998, Los Angeles County, California",380000,1638,37,4.1,3.87,3.61,0,0.5,0,11.2,7.1,11,7.2,11.2,51.8,4.8,26.7,40.3,23.6,3.5,1.2,27.1,72.9,37336,44803
"1664",6037199900,"06","037","199900",2683,34.065636,-118.211625,"Census Tract 1999, Los Angeles County, California",264100,834,29,3.4,4.29,3.27,4.1,0,0,6.1,5.2,20.1,12.1,8.3,44.1,25.9,27.1,30.5,11.6,4.9,0,18.5,81.5,24840,39999
"1665",6037201110,"06","037","201110",2574,34.094041,-118.172698,"Census Tract 2011.10, Los Angeles County, California",393100,742,49,5.2,3.68,3.14,1.6,0.5,0.3,7.5,5.4,8.8,9.8,22.2,43.8,1.6,14.8,34.8,36.4,11.9,0.5,57.1,42.9,43375,54504
"1666",6037201120,"06","037","201120",4097,34.094386,-118.163752,"Census Tract 2011.20, Los Angeles County, California",396000,1273,68,4.3,4.47,2.93,3.8,0,0.6,11.9,13.3,16.7,10.3,27.7,15.8,4,19.8,47.8,18.2,9.8,0.4,41.8,58.2,42820,60795
"1667",6037201200,"06","037","201200",2519,34.088746,-118.178233,"Census Tract 2012, Los Angeles County, California",262100,758,57,4.1,4.06,3.76,0,0.7,6.1,6.6,8.2,20.6,10.3,6.1,41.6,5.3,24,47.1,8.3,11.1,4.2,28.7,71.3,37530,41383
"1668",6037201301,"06","037","201301",3442,34.087627,-118.188278,"Census Tract 2013.01, Los Angeles County, California",375900,1053,129,4.5,3.2,3.8,0.9,0.8,5.8,12.2,10.6,8.9,6.6,21.7,32.5,1.3,19.4,45.8,19.8,11.5,2.3,43,57,35588,50243
"1669",6037201302,"06","037","201302",3732,34.098109,-118.184136,"Census Tract 2013.02, Los Angeles County, California",400600,2083,82,4.3,1.91,2.03,1.5,2.1,5.9,69.7,10.9,2.1,3.3,2.8,1.7,1.8,13.4,66,15.8,1.4,1.5,71,29,71875,85687
"1670",6037201401,"06","037","201401",4803,34.081935,-118.183484,"Census Tract 2014.01, Los Angeles County, California",340000,1451,51,4.9,3.3,3.89,0,5.7,33.3,8.4,9,2.3,6.5,7.9,27.1,2.9,12.1,38.1,24.5,21.1,1.3,51.9,48.1,41964,56897
"1671",6037201402,"06","037","201402",4311,34.067816,-118.186881,"Census Tract 2014.02, Los Angeles County, California",377900,1459,68,5,3.49,3.68,0,0,7.6,10.5,3.5,6.1,26.1,36.3,9.9,2.7,17.5,32.6,35.4,6.8,4.9,63.3,36.7,44095,60644
"1672",6037201501,"06","037","201501",5306,34.086458,-118.165128,"Census Tract 2015.01, Los Angeles County, California",370600,1600,59,4.7,3.44,3.66,0.8,0,1.7,7.6,2.8,13.5,16,13.9,43.7,2.5,21.7,48.4,25.8,1.6,0,42.4,57.6,51718,57423
"1673",6037201503,"06","037","201503",3323,34.085006,-118.173791,"Census Tract 2015.03, Los Angeles County, California",345300,992,112,4.1,4.92,3.53,0,0,10.4,11.3,13.9,10.8,11.2,23,19.5,3.3,22.7,46.7,19.9,7.1,0.4,26.9,73.1,38203,44641
"1674",6037201504,"06","037","201504",2428,34.080911,-118.173908,"Census Tract 2015.04, Los Angeles County, California",361000,671,55,4.9,3.86,3.54,0,3.3,0,2.8,17.1,24.6,20.9,9.4,21.9,3.4,14.2,37.4,38.5,6.6,0,64.9,35.1,44944,59699
"1675",6037201601,"06","037","201601",2288,34.072679,-118.177168,"Census Tract 2016.01, Los Angeles County, California",337900,709,41,5.1,3.81,3.8,2.4,0,2.1,4.7,10,20.9,16.4,15.2,28.3,2,12,28.3,46.8,10.9,0,63.6,36.4,48182,63931
"1676",6037201602,"06","037","201602",2840,34.078518,-118.169028,"Census Tract 2016.02, Los Angeles County, California",350700,844,48,4.8,4.22,3.01,0,2.4,1.4,6.3,7.5,7.5,51.5,15.5,7.9,0,16.9,37,36.8,5.3,3.9,54.6,45.4,56250,64768
"1677",6037201700,"06","037","201700",5093,34.068511,-118.17092,"Census Tract 2017, Los Angeles County, California",365100,1467,99,4.5,3.26,3.18,0,0,7.2,22.6,10.2,17.7,16.4,4.6,21.3,7.6,13.1,49.8,20.7,8.1,0.7,45.4,54.6,53235,62695
"1678",6037203100,"06","037","203100",4839,34.059059,-118.196033,"Census Tract 2031, Los Angeles County, California",342100,1182,40,4.2,4.15,4.04,1.9,3.3,17.4,5,8.7,6.8,8.4,26.2,22.3,1.3,17,48.3,23.3,7.2,3,16.3,83.7,26527,33770
"1679",6037203200,"06","037","203200",4844,34.052512,-118.196801,"Census Tract 2032, Los Angeles County, California",368300,1327,105,4.2,4.31,3.85,0.7,1.4,2.9,12.9,3.5,10.6,7.8,22.5,37.6,8.7,29,32.9,24.7,4,0.7,21.9,78.1,39393,44549
"1680",6037203300,"06","037","203300",2607,34.058678,-118.20776,"Census Tract 2033, Los Angeles County, California",312500,523,96,3.6,3.98,3.26,3.8,0,5.9,7.6,15.5,15.9,1,7.3,43,6.3,42.1,36.7,6.3,8.6,0,10.8,89.2,38924,40889
"1681",6037203500,"06","037","203500",3064,34.051747,-118.218569,"Census Tract 2035, Los Angeles County, California",446300,1074,141,4,4.31,3.3,0.7,0.6,4.4,13.5,7.9,12.4,17.7,11.2,31.7,13.2,28.3,31.4,18.6,5.1,3.4,12.9,87.1,40160,52908
"1682",6037203600,"06","037","203600",5394,34.051117,-118.209188,"Census Tract 2036, Los Angeles County, California",283900,1490,135,3.8,3.08,3.42,0.6,0,3.7,12.1,13.4,7.5,5.8,11.2,45.6,10.9,31.5,32.2,16.9,6.8,1.7,20.9,79.1,26821,37750
"1683",6037203710,"06","037","203710",3259,34.049965,-118.201128,"Census Tract 2037.10, Los Angeles County, California",400500,878,7,4.1,4.44,3.44,0.8,0,0,11.7,2.7,9.7,2.6,5.8,66.6,0,30.4,39.1,19,9.7,1.8,33.6,66.4,33021,42192
"1684",6037203720,"06","037","203720",4001,34.047225,-118.203342,"Census Tract 2037.20, Los Angeles County, California",307900,1163,36,4.1,4.58,4.62,3.3,4.5,0,0,8.5,6.7,13.6,11.3,52.1,5.8,27.9,38.3,16.7,6.4,5,18.8,81.2,33101,42944
"1685",6037203800,"06","037","203800",4589,34.044932,-118.195557,"Census Tract 2038, Los Angeles County, California",303700,1190,138,4.8,4.79,4.08,0,0,4.7,2.2,5.5,12.5,17,20.9,37.2,5.2,13.3,34.7,26,15.8,5,39.9,60.1,43819,49134
"1686",6037203900,"06","037","203900",2944,34.033497,-118.194605,"Census Tract 2039, Los Angeles County, California",322700,770,49,4.3,3.77,3.82,0,4,0,8.8,5.1,4.8,16.8,19.1,41.4,0,20.9,48.7,21.6,8.8,0,36.9,63.1,38825,47843
"1687",6037204110,"06","037","204110",3078,34.037206,-118.199538,"Census Tract 2041.10, Los Angeles County, California",358200,851,86,4.3,4.78,3.91,6.3,1.4,3.3,11,9.8,6.3,8.3,23,30.4,2.7,20.9,42.5,20.7,9.6,3.5,26.4,73.6,38848,48678
"1688",6037204120,"06","037","204120",2650,34.033804,-118.201136,"Census Tract 2041.20, Los Angeles County, California",360100,750,72,4.7,4.46,3.54,0,4.5,0.8,3.5,10,16.9,21.7,7.1,35.5,3.9,27.2,20.8,40,6.9,1.2,35.8,64.2,45909,57962
"1689",6037204200,"06","037","204200",3303,34.043688,-118.205342,"Census Tract 2042, Los Angeles County, California",281600,946,53,3.5,4.96,3.14,0.4,1.9,5.7,4.1,6.3,11.8,9.6,25.8,34.2,17.1,38.9,27.2,13.8,3,0,15.5,84.5,26295,34051
"1690",6037204300,"06","037","204300",4787,34.038858,-118.20798,"Census Tract 2043, Los Angeles County, California",332700,1333,70,3.9,4.13,3.39,0,0.6,0.2,5,15.1,14.3,6.2,7.6,51.1,4.1,34.7,34.7,18.3,5.7,2.6,30.8,69.2,26953,38674
"1691",6037204410,"06","037","204410",2363,34.046126,-118.214798,"Census Tract 2044.10, Los Angeles County, California",410000,623,49,3.9,3.82,3.91,7.1,0,0,6.3,1.1,10.4,2.4,17.5,55.2,16.4,17.3,46.2,19.9,0,0.2,14.3,85.7,26944,40698
"1692",6037204420,"06","037","204420",3138,34.044962,-118.2113,"Census Tract 2044.20, Los Angeles County, California",557700,946,39,3.8,4.43,3.9,1,2.6,2,9.1,3.8,4.3,1.4,24.1,51.7,16,32.8,31.1,10.6,3.8,5.8,11,89,28608,34801
"1693",6037204600,"06","037","204600",4101,34.037333,-118.216021,"Census Tract 2046, Los Angeles County, California",386400,1097,106,4,5.25,4.16,0.8,4,2,2.4,10.6,19,18.1,4.6,38.5,21.6,24.2,20.1,20.1,9.6,4.5,36.3,63.7,37277,51354
"1694",6037204700,"06","037","204700",4972,34.031284,-118.211424,"Census Tract 2047, Los Angeles County, California",271100,1225,109,4,3.97,4.02,0,0,0,6.8,12.2,24.2,14.4,13.1,29.4,15.9,15.7,34.6,25.8,7.2,0.8,36.6,63.4,29066,41339
"1695",6037204810,"06","037","204810",4478,34.028748,-118.203117,"Census Tract 2048.10, Los Angeles County, California",369400,1177,106,4.6,3.75,4.22,3.1,0,2.2,3.3,11.2,11.8,11.4,14.1,42.8,7.2,16.4,41.9,22.9,9.9,1.8,37.6,62.4,36698,41910
"1696",6037204820,"06","037","204820",2274,34.023682,-118.205988,"Census Tract 2048.20, Los Angeles County, California",361300,496,48,4.3,5.33,4.16,2.2,4.2,7.9,15.9,9.7,10.5,13.7,5.8,30,6.3,21.2,23.6,34.9,12.5,1.6,48,52,45781,55110
"1697",6037204910,"06","037","204910",3105,34.025153,-118.196011,"Census Tract 2049.10, Los Angeles County, California",351600,741,0,4,3.88,4.01,0,0.9,0,12.6,6.7,16.2,25,14.8,23.8,24.3,15.2,43.2,10.3,4.5,2.6,27,73,37306,49628
"1698",6037204920,"06","037","204920",2598,34.019672,-118.197424,"Census Tract 2049.20, Los Angeles County, California",360400,643,59,4.3,3.93,4.81,0,0,3,2,3.9,26.3,23.3,11.5,30,15.2,14.9,24,39.5,6.4,0,40.6,59.4,45000,48408
"1699",6037205110,"06","037","205110",3766,34.024779,-118.214602,"Census Tract 2051.10, Los Angeles County, California",NA,904,45,3,NA,4.41,0,0,0,1.9,20.2,27,18.3,11.4,21.2,34.6,28.7,29.2,7.5,0,0,0,100,28385,31344
"1700",6037205120,"06","037","205120",3618,34.021218,-118.209313,"Census Tract 2051.20, Los Angeles County, California",430000,999,104,3.6,3.84,3.69,0,0.5,0,15.4,10.7,42.4,14.2,9.8,6.9,32.1,15.2,35.9,11.5,5.2,0,6.9,93.1,25450,31455
"1701",6037206010,"06","037","206010",3127,34.068985,-118.231252,"Census Tract 2060.10, Los Angeles County, California",386100,1071,110,3.4,3.41,3,0,0.7,4.2,4.7,15,25.7,14,12.9,22.8,16.7,28.1,41.9,7.1,4.5,1.7,9.6,90.4,16128,30548
"1702",6037206020,"06","037","206020",7883,34.058603,-118.230041,"Census Tract 2060.20, Los Angeles County, California",NA,195,19,2.9,3.33,1.79,60,14.9,2.1,0,16.4,5.1,1.5,0,0,32.8,32.3,33.3,1.5,0,0,1.7,98.3,103289,98197
"1703",6037206031,"06","037","206031",2957,34.042062,-118.234956,"Census Tract 2060.31, Los Angeles County, California",425300,1513,228,1.8,1.64,1.45,35.5,12.3,2.6,0.5,3.2,3,0.5,4.3,38.1,46.1,33.2,18,1.3,0,1.3,40.9,59.1,49475,65293
"1704",6037206032,"06","037","206032",5275,34.047532,-118.223051,"Census Tract 2060.32, Los Angeles County, California",357800,1509,47,3.9,4.37,3.34,7.5,31.9,9.1,8.3,5.8,6.2,3.8,2.9,24.3,21.8,21.1,28.7,19.7,7.5,1.2,13.1,86.9,22483,33631
"1705",6037206050,"06","037","206050",2146,34.037114,-118.221319,"Census Tract 2060.50, Los Angeles County, California",NA,705,8,3.8,NA,3.2,3.3,37.4,13,0,5.5,3.5,6.5,6.7,24,13,31.1,29.2,17.9,7.5,1.3,1.3,98.7,27198,36248
"1706",6037206200,"06","037","206200",3386,34.046847,-118.242641,"Census Tract 2062, Los Angeles County, California",401000,1650,233,1.8,1.32,1.33,9.9,10.2,7.9,20.5,14.7,9.2,4.2,3.7,19.8,42.4,45.8,7.4,3.9,0,0.5,18.1,81.9,15013,37364
"1707",6037206300,"06","037","206300",7540,34.042342,-118.244821,"Census Tract 2063, Los Angeles County, California",NA,2160,307,1.3,NA,1.06,12.5,7.8,4.4,3.6,6.6,14.5,5.7,17.5,27.5,76.4,15.2,1.2,0,0,7.2,0.6,99.4,10107,10251
"1708",6037207101,"06","037","207101",3047,34.06193,-118.245049,"Census Tract 2071.01, Los Angeles County, California",NA,1340,233,2.5,2.28,2.39,22,20.8,29.6,6.3,7.9,6.9,4.2,1.3,0.9,31,36.1,27.4,4.5,0,1,1.6,98.4,17335,25895
"1709",6037207102,"06","037","207102",2553,34.060675,-118.240817,"Census Tract 2071.02, Los Angeles County, California",NA,951,34,3,2,2.49,8.3,8.2,11.7,39.4,13.7,9.1,2.9,3.6,3,10.8,47.3,30.7,10.4,0.7,0,1.5,98.5,12436,22794
"1710",6037207103,"06","037","207103",2077,34.064699,-118.241446,"Census Tract 2071.03, Los Angeles County, California",477800,819,0,3.8,2.02,2.58,0,0,10.6,13.6,35.7,12.6,5.4,8.4,13.8,10,24.4,57,2.2,1.7,4.6,5.1,94.9,16285,27476
"1711",6037207301,"06","037","207301",4521,34.045934,-118.251904,"Census Tract 2073.01, Los Angeles County, California",210200,3271,609,1.4,1.24,1.28,2,0,0.3,0.5,0.9,3,2.4,7.9,82.9,67.4,25.1,6.6,0.5,0,0.3,9.1,90.9,13400,30781
"1712",6037207302,"06","037","207302",3791,34.046493,-118.248917,"Census Tract 2073.02, Los Angeles County, California",325500,2378,498,1.4,1.27,1.27,3.2,2.5,1.4,0,0.6,10.2,4.7,2.6,74.9,75.9,17.6,5.3,0,0.6,0.6,9.6,90.4,32127,56750
"1713",6037207400,"06","037","207400",1363,34.053225,-118.239834,"Census Tract 2074, Los Angeles County, California",NA,0,0,NA,NA,NA,NA,NA,NA,NA,NA,NA,NA,NA,NA,NA,NA,NA,NA,NA,NA,NA,NA,NA,NA
"1714",6037207501,"06","037","207501",2218,34.056691,-118.252658,"Census Tract 2075.01, Los Angeles County, California",407300,1551,170,2.9,1.31,1.6,0,5.3,17.2,26,19.6,22.6,6.6,2.7,0,26.5,34.4,35.5,0.9,0,2.7,18.5,81.5,53505,76806
"1715",6037207502,"06","037","207502",2589,34.052509,-118.250161,"Census Tract 2075.02, Los Angeles County, California",NA,1956,305,2.1,NA,1.28,3.6,5.6,8.6,39.3,13.2,9.7,2,2.6,15.5,30.8,60.9,7.5,0,0,0.8,0,100,20389,44852
"1716",6037207710,"06","037","207710",2490,34.046774,-118.258194,"Census Tract 2077.10, Los Angeles County, California",448200,1682,323,1.5,1.44,1.49,18.7,10,3,4.1,8.6,10.2,6.1,8.7,30.8,55.6,31.2,10.7,1,0,1.5,12.1,87.9,31632,58397
"1717",6037207900,"06","037","207900",4163,34.042667,-118.261822,"Census Tract 2079, Los Angeles County, California",509800,2254,455,2.4,1.73,1.84,30.8,12,15.7,19,4.8,2.1,2.8,0,12.6,35.5,30.3,29.6,4.1,0,0.4,18.5,81.5,43347,80410
"1718",6037208000,"06","037","208000",6893,34.063558,-118.257073,"Census Tract 2080, Los Angeles County, California",351900,2210,110,3.8,2.53,3.14,24.6,9,12.8,2.3,5.5,6.4,10.2,6.1,23.1,22.1,20.5,38.3,15.4,3.7,0,4.8,95.2,35450,46145
"1719",6037208301,"06","037","208301",2201,34.061585,-118.265976,"Census Tract 2083.01, Los Angeles County, California",240400,534,0,3.2,3.62,4.63,0,0,0,9,4.3,6.6,32.8,6.6,40.8,14.2,51.7,21.2,2.2,3.6,7.1,3.9,96.1,37389,49043
"1720",6037208302,"06","037","208302",4360,34.062401,-118.262435,"Census Tract 2083.02, Los Angeles County, California",561500,1592,100,3.1,5.32,2.88,4,2,6.7,6.7,3.9,7.9,13.5,8.9,46.4,31.7,33.9,22,5.2,5.3,1.9,10.5,89.5,31382,48564
"1721",6037208401,"06","037","208401",3770,34.063805,-118.269026,"Census Tract 2084.01, Los Angeles County, California",326900,1422,32,2,3.48,3.13,8.6,0.6,9.8,11,3.3,16.4,17.2,10.8,22.2,31.1,52.1,15.9,0,0.9,0,2.1,97.9,21505,30096
"1722",6037208402,"06","037","208402",2775,34.068061,-118.266628,"Census Tract 2084.02, Los Angeles County, California",483300,878,13,3.5,2.89,3.49,0,0,5.2,3.2,15.9,3.5,16.7,5.4,50,6.5,38.4,36.4,17.7,1,0,9.8,90.2,39982,49404
"1723",6037208501,"06","037","208501",2656,34.069473,-118.27156,"Census Tract 2085.01, Los Angeles County, California",NA,899,47,3.7,5.12,3.65,5.2,6.5,10.7,11.3,4.8,8.6,19.4,15.1,18.5,17,37.3,35.5,4.8,2.4,3,6.1,93.9,39953,58834
"1724",6037208502,"06","037","208502",3571,34.066521,-118.274656,"Census Tract 2085.02, Los Angeles County, California",359000,1293,52,2.7,4.3,3.1,10.3,0,3.8,4.3,1.9,25.1,9.5,14.4,30.8,15.8,56.3,19.5,6.7,1.8,0,5.6,94.4,24437,33392
"1725",6037208610,"06","037","208610",4195,34.071447,-118.282004,"Census Tract 2086.10, Los Angeles County, California",428600,1478,114,3,3.22,2.8,2.6,4.7,2.9,22.3,16.6,12.2,13.3,6.5,18.8,20.8,40.5,31.5,3.3,3.8,0,17.2,82.8,43125,50104
"1726",6037208620,"06","037","208620",4660,34.069169,-118.278757,"Census Tract 2086.20, Los Angeles County, California",443200,1816,123,2.5,2.99,2.75,0,0.6,2.4,16.1,26.9,15.4,8.8,12.7,17.1,16.8,60.1,13.8,5,3,1.3,8,92,33646,44385
"1727",6037208710,"06","037","208710",4309,34.06577,-118.282562,"Census Tract 2087.10, Los Angeles County, California",272300,2052,165,2.6,1.77,2.27,0,3.4,11.3,22.8,32.7,11.5,9.6,1.8,6.9,19.9,49.4,30.3,0.4,0,0,11.3,88.7,41175,46916
"1728",6037208720,"06","037","208720",4179,34.063329,-118.280695,"Census Tract 2087.20, Los Angeles County, California",544100,1635,131,1.6,4.93,2.78,0.6,6.9,4.7,0,17,1.8,4.5,13.6,51,49.8,35.2,9.4,2.4,3.2,0,1.9,98.1,21746,29865
"1729",6037208801,"06","037","208801",2995,34.061571,-118.275679,"Census Tract 2088.01, Los Angeles County, California",NA,1209,87,1.9,NA,2.54,9.1,3.1,9.3,5.1,31.2,0,2.3,12.7,27.2,26.5,60.7,12.8,0,0,0,0,100,22411,28369
"1730",6037208802,"06","037","208802",2906,34.062074,-118.278813,"Census Tract 2088.02, Los Angeles County, California",465000,1448,103,2.1,2.09,2.14,7.9,2.3,6.8,0,18.2,9.7,5.5,14.4,35.2,35.7,43.6,16.4,3,0,1.3,3.3,96.7,27117,40043
"1731",6037208902,"06","037","208902",2339,34.056728,-118.272481,"Census Tract 2089.02, Los Angeles County, California",NA,616,58,1.4,NA,3.95,5,3.1,4.5,16.4,9.4,13.5,5.8,12.3,29.9,56.8,32.5,7,3.7,0,0,0,100,33889,40645
"1732",6037208903,"06","037","208903",4019,34.060522,-118.272468,"Census Tract 2089.03, Los Angeles County, California",NA,1181,118,1.5,2.18,2.69,3.8,2.5,0.7,5.8,20.2,5.5,9.3,15.6,36.6,53.8,23.7,16.7,3.2,2.6,0,1,99,21272,27922
"1733",6037208904,"06","037","208904",3926,34.059455,-118.270185,"Census Tract 2089.04, Los Angeles County, California",NA,1339,60,2.3,2.5,2.89,0,5.7,16.7,12.7,12.9,15.2,16.4,4.2,16.3,30.7,50.5,13.3,3.7,1.8,0,0.5,99.5,18210,25164
"1734",6037209102,"06","037","209102",5267,34.055797,-118.267762,"Census Tract 2091.02, Los Angeles County, California",395700,1876,138,1.4,1.87,2.65,12.1,17.3,8.2,4,7,17.6,15.9,4,13.9,65.1,26.6,6,2,0,0.3,5,95,17975,28158
"1735",6037209103,"06","037","209103",3216,34.057383,-118.264244,"Census Tract 2091.03, Los Angeles County, California",NA,1056,37,1.4,NA,3.41,2.2,0,7.2,0.8,9.8,20.5,37,0.8,21.7,64.4,24.4,7.5,2.7,0.9,0,0,100,18131,29984
"1736",6037209104,"06","037","209104",2434,34.059023,-118.266182,"Census Tract 2091.04, Los Angeles County, California",NA,930,118,1.5,NA,2.63,0,5.9,19.1,11.4,8.3,11.8,8.1,11.2,24.2,58.4,21.4,17.8,2.4,0,0,0,100,20957,23943
"1737",6037209200,"06","037","209200",2785,34.054072,-118.262336,"Census Tract 2092, Los Angeles County, California",475000,1333,347,1.5,NA,2.13,25.2,23.1,4.8,7.1,2.6,4.5,9.6,7,16.1,52.3,26.3,17.5,2.3,1.7,0,6,94,36176,51502
"1738",6037209300,"06","037","209300",5021,34.050923,-118.268281,"Census Tract 2093, Los Angeles County, California",736800,2165,341,1.9,4.67,2.58,4.1,23.6,13.2,6.3,9.3,7.7,17,4.4,14.4,47.9,25.5,14.5,7.9,3.8,0.5,2,98,24656,37246
"1739",6037209401,"06","037","209401",3914,34.056452,-118.281469,"Census Tract 2094.01, Los Angeles County, California",NA,1444,101,1.8,NA,2.48,3.2,5.7,12.8,13.9,13.2,6.9,4.6,3.4,36.1,46.6,28.5,12.8,7.9,3.3,0.9,0,100,26521,31019
"1740",6037209402,"06","037","209402",3728,34.054457,-118.276872,"Census Tract 2094.02, Los Angeles County, California",162500,1207,135,1.4,1.33,3.22,0,2.1,4.5,6.5,5.1,3.8,4.9,16.7,56.3,57.3,29,9.8,0.8,3.1,0,2.2,97.8,26058,29862
"1741",6037209403,"06","037","209403",3600,34.053151,-118.273706,"Census Tract 2094.03, Los Angeles County, California",NA,1322,112,1.4,NA,2.79,0,1.5,16.6,8.3,14.5,6.8,19.3,4.6,28.3,60.5,30.9,4.8,3,0,0.8,0,100,18621,23607
"1742",6037209510,"06","037","209510",2692,34.053388,-118.282071,"Census Tract 2095.10, Los Angeles County, California",NA,1073,151,1.9,7.4,2.84,2,10.5,5.6,14.4,9.5,12,6.1,12.4,27.6,39.4,34.4,23.3,2.9,0,0,0.5,99.5,27635,35093
"1743",6037209520,"06","037","209520",2791,34.050569,-118.276955,"Census Tract 2095.20, Los Angeles County, California",760400,997,122,2,5.25,3.15,0,0.6,11.4,10.2,23.3,11.7,4,14.3,24.4,48,21.2,24.1,2.8,0.9,3,7.9,92.1,26178,30795
"1744",6037209810,"06","037","209810",2472,34.049152,-118.282605,"Census Tract 2098.10, Los Angeles County, California",852300,774,164,1.5,2.19,2.7,0,0,1.7,8.9,14,9.6,14.9,3.1,47.9,54.5,27.4,8,5.3,2.2,2.6,4.3,95.7,26189,27592
"1745",6037209820,"06","037","209820",2968,34.047337,-118.27807,"Census Tract 2098.20, Los Angeles County, California",433300,956,175,2.7,5.18,3.52,0.7,3.5,8.6,0,5.3,7.3,12.9,7.3,54.4,31.1,30.5,13,10.3,9.8,5.3,22.5,77.5,27370,38113
"1746",6037210010,"06","037","210010",3520,34.046883,-118.27303,"Census Tract 2100.10, Los Angeles County, California",150000,1226,56,2.6,2.04,2.67,0,0.7,3.6,34.2,13.3,14.7,8.1,2.5,22.9,29.3,48.1,12.5,9.3,0,0.8,9.7,90.3,16691,29447
"1747",6037211000,"06","037","211000",4431,34.067353,-118.332645,"Census Tract 2110, Los Angeles County, California",NA,1749,104,6.3,3.04,1.4,7.3,5.3,0,6.9,1.6,2.3,1.7,8.5,66.5,3.9,7.7,20.5,35,15.2,17.6,80.1,19.9,118527,249383
"1748",6037211120,"06","037","211120",5194,34.065708,-118.287441,"Census Tract 2111.20, Los Angeles County, California",242900,2391,314,2.3,2.84,2.25,4.4,4.1,13.3,15.7,18.1,16.5,16.2,1,10.7,19.6,56.4,21.8,2.2,0,0,5,95,51078,55705
"1749",6037211121,"06","037","211121",2351,34.072141,-118.28537,"Census Tract 2111.21, Los Angeles County, California",482400,1020,129,2.9,3.25,2.59,0,0,2.9,30.8,19.1,14.4,10.6,8.1,14,19.2,41.2,31.3,7.3,1.1,0,3.1,96.9,43322,59457
"1750",6037211122,"06","037","211122",3075,34.071621,-118.288731,"Census Tract 2111.22, Los Angeles County, California",NA,1389,193,1.9,6.13,2.6,0,0,13.3,17.8,10.7,13.8,2.7,13,28.8,43.6,34.3,19.7,2.4,0,0,0.7,99.3,37500,48914
"1751",6037211201,"06","037","211201",2645,34.07437,-118.29859,"Census Tract 2112.01, Los Angeles County, California",547900,997,50,2.7,3.8,3.13,0,0.7,13.5,15,13.2,8.4,13.6,10.8,24.6,8.8,60.1,23.1,4.6,1.9,1.5,8,92,31551,62232
"1752",6037211202,"06","037","211202",2645,34.074336,-118.294224,"Census Tract 2112.02, Los Angeles County, California",729200,1059,108,2.1,1.58,2.79,0,0,2,0,16.2,9.3,7.6,12.6,52.3,35.1,47.7,16.1,1,0,0,6.9,93.1,32330,36830
"1753",6037211310,"06","037","211310",3846,34.070821,-118.298616,"Census Tract 2113.10, Los Angeles County, California",426200,1360,15,2.4,2.68,2.96,1.1,0.7,1.8,9.3,14.9,12,12.9,14.8,32.6,34.8,41.8,22.5,0.9,0,0,3,97,28685,39473
"1754",6037211320,"06","037","211320",3184,34.070867,-118.294578,"Census Tract 2113.20, Los Angeles County, California",793000,1354,57,2.6,5.02,2.72,0.2,1.4,0.4,4.9,7.8,15.2,7.8,17.3,44.8,26.9,39.1,27.5,5.7,0,0.9,9.4,90.6,27344,39386
"1755",6037211410,"06","037","211410",3095,34.072321,-118.30733,"Census Tract 2114.10, Los Angeles County, California",709800,1243,34,2.2,4.31,2.38,1.9,0,3.7,4.7,4.3,36,7.7,10.3,31.4,23.2,56.8,7.5,4.8,7.7,0,9.1,90.9,30047,46573
"1756",6037211420,"06","037","211420",3859,34.072238,-118.302228,"Census Tract 2114.20, Los Angeles County, California",583300,1413,191,2.6,4.34,2.21,0,0.9,1.8,14.5,17,4.7,10.1,7.9,43.1,25.7,41.5,14.4,7.9,4.5,6.1,19.6,80.4,29706,42924
"1757",6037211500,"06","037","211500",4355,34.072375,-118.313373,"Census Tract 2115, Los Angeles County, California",NA,1827,47,3.6,2.75,2.74,0.4,1.8,5.5,2.1,7.9,6.6,8.6,11,56,9,32,23.3,20.1,11.8,3.9,37.4,62.6,52216,114755
"1758",6037211701,"06","037","211701",2827,34.066062,-118.316657,"Census Tract 2117.01, Los Angeles County, California",786800,1243,100,3.3,2.8,2.35,0,0.6,13.5,10,20.8,7.4,8.6,6.8,32.3,3.8,30.4,40.9,9.7,7.2,8,29.3,70.7,52165,129101
"1759",6037211703,"06","037","211703",4750,34.067215,-118.311434,"Census Tract 2117.03, Los Angeles County, California",385700,2203,140,2.3,2.83,2.48,0,3.2,5.6,21,24.8,23.6,4.5,5.5,11.8,27.5,46.9,19.2,6.4,0,0,8.3,91.7,40428,47064
"1760",6037211704,"06","037","211704",3016,34.063759,-118.311753,"Census Tract 2117.04, Los Angeles County, California",348600,1847,121,2.1,1.75,1.9,0,3.5,11.4,18.6,26.2,7.4,9.6,5.8,17.5,23.3,63.9,11.3,0,0,1.5,8.1,91.9,36094,50621
"1761",6037211802,"06","037","211802",4192,34.064162,-118.304503,"Census Tract 2118.02, Los Angeles County, California",218300,2263,129,2.2,1.6,1.97,3.1,6.1,0.9,3.7,13.9,14,11.2,6.5,40.5,31.7,49,17,1.1,0.9,0.3,5.6,94.4,28750,37199
"1762",6037211803,"06","037","211803",3529,34.067031,-118.302275,"Census Tract 2118.03, Los Angeles County, California",291400,1765,64,2.4,2.59,2.07,0,0,11.2,16.3,34.8,15.1,9.3,2.7,10.5,15.5,56.8,24.6,2.1,0,1,13.6,86.4,39472,45000
"1763",6037211804,"06","037","211804",3221,34.067026,-118.306089,"Census Tract 2118.04, Los Angeles County, California",NA,1449,98,2.5,2.06,2.35,0,0,3,12.8,52.6,16.3,9.5,0,5.9,14.3,53.3,23.6,4.9,3,1,1.2,98.8,42236,49068
"1764",6037211910,"06","037","211910",4657,34.067182,-118.298537,"Census Tract 2119.10, Los Angeles County, California",222000,1920,210,2,1.99,2.83,0,0,5.4,11.9,17.3,24,9.7,16.3,15.4,23.7,62.3,14,0,0,0,4,96,31077,40370
"1765",6037211921,"06","037","211921",2474,34.067375,-118.293135,"Census Tract 2119.21, Los Angeles County, California",NA,1058,81,2,NA,2.24,0,5.4,18.7,1.2,7.8,27.5,9.3,11,19.2,34,41.1,22.9,1.1,0,0.9,0,100,31403,41272
"1766",6037211922,"06","037","211922",3389,34.067085,-118.295416,"Census Tract 2119.22, Los Angeles County, California",196900,1502,165,2.5,2.14,3.17,0,2.6,17.2,15.8,12.6,23.6,14.8,4,9.5,27.7,35.7,35.2,0.5,0,1,2.6,97.4,39725,47562
"1767",6037212101,"06","037","212101",2507,34.064103,-118.29477,"Census Tract 2121.01, Los Angeles County, California",429200,1300,102,2.5,1.71,1.94,8.8,4.8,40,13.9,6.8,1.1,4.9,3.5,16.2,28.2,35,32.5,4.3,0,0,12.9,87.1,37470,49362
"1768",6037212102,"06","037","212102",2446,34.063936,-118.298585,"Census Tract 2121.02, Los Angeles County, California",NA,1320,57,2.1,2.42,1.72,0,0,21,8,19.2,13.6,8.6,3,26.5,33,52.7,14.3,0,0,0,1,99,23173,37219
"1769",6037212202,"06","037","212202",3612,34.056247,-118.287701,"Census Tract 2122.02, Los Angeles County, California",371700,1341,113,2.5,3.65,3.14,6.7,0,1.7,13.6,4.5,13.8,7.1,21.3,31.3,22.2,48,22.3,3.1,0,4.3,8.1,91.9,29656,39826
"1770",6037212203,"06","037","212203",2679,34.059339,-118.290395,"Census Tract 2122.03, Los Angeles County, California",NA,1155,56,1.8,NA,2.72,6,0,0.5,7.4,19.9,10.6,14.6,17.7,23.4,50.4,35.6,12.7,1.3,0,0,0.5,99.5,27341,30797
"1771",6037212204,"06","037","212204",3344,34.059062,-118.286551,"Census Tract 2122.04, Los Angeles County, California",NA,1333,79,1.8,2,2.95,2.7,17.3,7.7,2.3,14.1,10.6,13.1,2.9,29.5,44.5,39.3,14.2,2,0,0,0.7,99.3,30343,38993
"1772",6037212303,"06","037","212303",3326,34.059077,-118.29393,"Census Tract 2123.03, Los Angeles County, California",NA,1372,96,1.8,NA,2.81,0,2.7,5.8,6.6,0,15.7,11.7,2.6,55,46.2,43.6,7.4,1.7,0.5,0.5,0,100,29821,41484
"1773",6037212304,"06","037","212304",1804,34.059142,-118.298613,"Census Tract 2123.04, Los Angeles County, California",NA,886,65,1.7,NA,2.47,4,0,1.5,3.2,1.5,0,6.7,18.3,65,48.4,35.7,15.1,0,0,0.8,0,100,30795,39961
"1774",6037212305,"06","037","212305",2865,34.056191,-118.298109,"Census Tract 2123.05, Los Angeles County, California",NA,1101,95,1.7,NA,3.02,1.5,3.2,0,12.4,0,7.2,10.2,7.9,57.8,50,35.5,9.2,3.8,0,1.5,0,100,31080,32631
"1775",6037212306,"06","037","212306",3052,34.056209,-118.294333,"Census Tract 2123.06, Los Angeles County, California",513900,1276,74,2.6,1.47,2.65,10.2,6.8,11.9,18.2,6.3,3.1,3.8,1.6,38.2,11.9,59.6,21.6,6,0,0.8,1.4,98.6,27462,33545
"1776",6037212410,"06","037","212410",3903,34.058937,-118.301681,"Census Tract 2124.10, Los Angeles County, California",573800,1790,134,2.9,1.97,2.66,0,6.1,8.8,19.8,12.7,19.3,7.9,2.1,23.4,21.1,36.8,38.1,4,0,0,5.2,94.8,36594,42715
"1777",6037212420,"06","037","212420",3228,34.056067,-118.301993,"Census Tract 2124.20, Los Angeles County, California",777200,1283,104,2.1,3.49,2.6,2,4.1,11.5,17.5,8.7,19.2,12.2,16.4,8.4,25.4,59,10,1.1,0,4.5,3.5,96.5,25428,33491
"1778",6037212501,"06","037","212501",2165,34.056111,-118.305246,"Census Tract 2125.01, Los Angeles County, California",NA,937,88,2.1,NA,2.4,0,8.8,1.5,13.6,12.1,2.8,8.1,7.4,45.9,40.9,36.9,18.9,3.3,0,0,0,100,32138,43972
"1779",6037212502,"06","037","212502",2767,34.057359,-118.306881,"Census Tract 2125.02, Los Angeles County, California",329200,1284,124,2.7,1.92,2.79,4.3,2.9,3.7,10.2,16.8,23.8,5.7,8.3,24.3,18.5,36.8,40.4,3.9,0,0.5,9.3,90.7,42065,59297
"1780",6037212610,"06","037","212610",4074,34.059708,-118.312497,"Census Tract 2126.10, Los Angeles County, California",591800,1886,184,2.5,2.55,2.31,5.4,5.2,2.3,9.2,17.2,18.2,12.5,6.4,23.7,23.9,47.5,18.7,5.4,3.5,1.1,15.5,84.5,34130,60533
"1781",6037212620,"06","037","212620",4341,34.056305,-118.312506,"Census Tract 2126.20, Los Angeles County, California",772100,1923,157,2.9,3.01,2.6,0.4,5.8,0,12.7,15.8,10,9.4,9.7,36.3,20.4,49.1,19.4,5.7,4.8,0.5,10.2,89.8,36124,43206
"1782",6037212701,"06","037","212701",2430,34.054341,-118.319694,"Census Tract 2127.01, Los Angeles County, California",675800,833,0,4.6,3.05,2.51,0,0,12,4.6,3.7,14.6,8.3,16,40.8,2,25,31.7,27.1,7.4,6.7,39.7,60.3,50284,59313
"1783",6037212702,"06","037","212702",3635,34.058673,-118.324667,"Census Tract 2127.02, Los Angeles County, California",732200,1547,30,4.7,2.38,2.32,0,0,13,17.9,7.2,8.7,15.3,10,27.9,0,23.1,48.9,15.8,6.7,5.5,51.4,48.6,71756,109792
"1784",6037212800,"06","037","212800",4273,34.051392,-118.330979,"Census Tract 2128, Los Angeles County, California",610000,1447,169,4.4,2.61,3.54,1.3,0,0,3,1.1,11.6,14.4,9.1,59.4,3.7,19.1,44,25.9,4.6,2.8,38.9,61.1,52545,72329
"1785",6037212900,"06","037","212900",4074,34.049525,-118.322356,"Census Tract 2129, Los Angeles County, California",674100,1594,141,3.2,3.08,2.64,1.8,0,2.8,4.4,9.9,16.3,7.8,11.7,45.4,23.4,39.6,26.4,5.5,3.9,1.3,8.5,91.5,23787,40462
"1786",6037213100,"06","037","213100",2721,34.051383,-118.312305,"Census Tract 2131, Los Angeles County, California",654400,957,56,3.7,3.34,2.69,11.7,9.8,7.2,4.2,15.5,5.2,7.8,10.3,28.2,16.2,27.3,18.8,21.1,7.6,9,32,68,38946,71569
"1787",6037213201,"06","037","213201",4198,34.052776,-118.304394,"Census Tract 2132.01, Los Angeles County, California",363600,1476,130,2.6,1.77,2.78,4.4,1.9,4.4,13.4,8.9,22.8,10.6,12.3,21.3,24.9,36.8,27.2,7.3,3,0.9,4.8,95.2,31035,37842
"1788",6037213202,"06","037","213202",3873,34.049095,-118.304325,"Census Tract 2132.02, Los Angeles County, California",525900,1350,118,2.5,3.61,2.89,6.9,2.3,3.2,0.5,24.4,12.7,8.1,5.9,36.1,20.7,42.5,29.9,4.4,2.4,0,11.2,88.8,26024,34556
"1789",6037213310,"06","037","213310",3477,34.050382,-118.297984,"Census Tract 2133.10, Los Angeles County, California",445500,1206,145,3.2,3.12,3.33,4.7,0,4,1.9,22.1,25.1,3.6,7,31.5,8.9,30.1,37.8,20.6,2.6,0,11.3,88.7,33464,38100
"1790",6037213320,"06","037","213320",2481,34.05076,-118.293764,"Census Tract 2133.20, Los Angeles County, California",523800,1070,71,2.2,3.18,2.41,6.6,0,0,0,21.1,36.7,2.9,5,27.6,24.7,47.8,19.7,7.1,0.7,0,7.6,92.4,21338,29414
"1791",6037213401,"06","037","213401",4951,34.053705,-118.288019,"Census Tract 2134.01, Los Angeles County, California",NA,1747,0,2.1,NA,3.25,0,0,2.7,6,29.4,28.5,10.1,12,11.3,22,54.4,21.4,1,1.1,0,1.1,98.9,35523,39997
"1792",6037213402,"06","037","213402",4645,34.049616,-118.287934,"Census Tract 2134.02, Los Angeles County, California",705000,1675,124,2.5,4.03,3.11,1.4,0,2.1,9.4,14,16.4,11.2,7.6,37.9,22.8,41.4,27.4,5.9,1.1,1.4,7,93,38350,43806
"1793",6037214000,"06","037","214000",3898,34.075188,-118.348478,"Census Tract 2140, Los Angeles County, California",NA,1422,28,6.2,2.87,2.28,0,1.1,3.2,1.1,0,0,6.7,9.7,78.2,2.6,17.2,18.1,39.7,11.8,10.6,55.8,44.2,99632,129288
"1794",6037214100,"06","037","214100",3944,34.074681,-118.340513,"Census Tract 2141, Los Angeles County, California",NA,1766,140,6.2,2.74,2.47,0,0,1.8,0.4,1.9,1.1,2.5,10.6,81.7,5.2,15.2,25.5,28.9,15.1,10.1,36.2,63.8,101475,169150
"1795",6037214400,"06","037","214400",2877,34.078233,-118.357204,"Census Tract 2144, Los Angeles County, California",843800,1816,193,4.2,1.95,1.71,0,0,0,0.4,0.3,3,8.1,10.4,77.8,4.2,38.7,51.9,3.4,0.2,1.6,1.2,98.8,79297,99574
"1796",6037214501,"06","037","214501",2932,34.068948,-118.358291,"Census Tract 2145.01, Los Angeles County, California",NA,1656,179,3.8,1.41,1.88,9.2,19.3,10.1,5.8,0,0.6,1.2,30.1,23.7,0.6,39.3,49.5,10.1,0.5,0,3.5,96.5,75234,106793
"1797",6037214502,"06","037","214502",5528,34.067581,-118.349931,"Census Tract 2145.02, Los Angeles County, California",NA,2903,401,3.8,NA,2.01,3.1,20.9,3.1,2.7,2.3,1.4,10.4,30.3,25.7,1.5,31.6,60.2,6.7,0,0,0,100,50593,89668
"1798",6037214503,"06","037","214503",3325,34.066856,-118.354122,"Census Tract 2145.03, Los Angeles County, California",NA,1682,69,3.7,NA,2.23,0,0,0,0,5.3,0.8,14.5,65.1,14.3,0.8,41.7,47.9,9.7,0,0,0,100,89679,100198
"1799",6037214600,"06","037","214600",2411,34.072645,-118.365685,"Census Tract 2146, Los Angeles County, California",969700,1400,82,4.3,1.92,1.69,1.1,0,5,7,3.6,20.1,11.6,9.6,42,7.7,32.7,33.2,23.9,2.5,0,25.1,74.9,74167,117032
"1800",6037214700,"06","037","214700",2512,34.066154,-118.366177,"Census Tract 2147, Los Angeles County, California",NA,1326,64,5.5,2.4,1.64,3.9,0,0,0,6.9,6.3,5.7,10.3,67,13.4,17.4,21.9,36.4,10.9,0,44.6,55.4,82308,129774
"1801",6037214800,"06","037","214800",2573,34.071719,-118.372645,"Census Tract 2148, Los Angeles County, California",NA,1503,143,4.6,2.88,1.48,2.5,2.8,3.1,1.6,9.1,9.6,17.8,9.6,43.9,6.3,26.9,34.9,24.4,6.4,1.3,29.3,70.7,99265,127558
"1802",6037214901,"06","037","214901",3083,34.074415,-118.387315,"Census Tract 2149.01, Los Angeles County, California",498800,2257,250,3.6,1.35,1.42,4.3,2,4.6,12,32.3,17.1,10.2,4.1,13.3,7.7,45.6,42.4,4.3,0,0,23.2,76.8,71250,100366
"1803",6037214902,"06","037","214902",2586,34.071833,-118.380595,"Census Tract 2149.02, Los Angeles County, California",661000,1746,235,3.4,2.22,1.58,1.8,4,2.9,17.7,23.6,19.7,19.8,3.6,7,12,43.4,38.5,3.8,0.7,1.7,15.9,84.1,51750,80303
"1804",6037215101,"06","037","215101",2477,34.063651,-118.350756,"Census Tract 2151.01, Los Angeles County, California",NA,1748,175,3,NA,1.61,2.3,1.6,7.3,14.6,8.8,5.4,8.6,6.4,45.1,29.2,47.5,21.6,0.6,1.1,0,0,100,58640,75937
"1805",6037215102,"06","037","215102",3110,34.065438,-118.345792,"Census Tract 2151.02, Los Angeles County, California",NA,2244,194,3.1,NA,1.6,0.7,0.8,14.5,12.5,6.2,3.8,1.2,7.3,53,13.6,57.2,28.3,0.9,0,0,0,100,64415,69829
"1806",6037216100,"06","037","216100",2289,34.056536,-118.338361,"Census Tract 2161, Los Angeles County, California",844500,1123,92,5.5,2.2,2.13,0,0.6,2.2,0.8,0,6.1,2.8,6.6,80.9,3.6,16.6,35.4,33.7,8.7,2.1,48.7,51.3,78125,101187
"1807",6037216200,"06","037","216200",4911,34.057156,-118.348874,"Census Tract 2162, Los Angeles County, California",839800,2614,127,4.3,2.46,1.69,4,1.9,2.2,3.8,11.4,6.7,3.1,8.4,58.5,3.4,38.8,27.6,25.1,2.8,2.5,28.6,71.4,70723,92864
"1808",6037216300,"06","037","216300",4526,34.059419,-118.360749,"Census Tract 2163, Los Angeles County, California",NA,2521,43,4.2,2.09,1.71,2.1,0,0,8.3,11.7,5.2,9.7,10.7,52.3,9.3,32.6,30,21.1,5,1.9,30.3,69.7,61429,105857
"1809",6037216401,"06","037","216401",4189,34.056752,-118.379743,"Census Tract 2164.01, Los Angeles County, California",674400,2227,34,3.7,3.39,1.65,0.7,0,7.8,11.3,7.8,18.9,17.9,8.9,26.7,2.1,48.1,39.6,8.7,1.5,0,13.6,86.4,46573,65262
"1810",6037216402,"06","037","216402",2615,34.061218,-118.380505,"Census Tract 2164.02, Los Angeles County, California",503500,1438,108,4.1,2.3,1.74,0.8,0,3.8,16.1,13.6,21.8,17.7,10.3,15.9,4.7,34.6,47.5,9.6,3.6,0,19.9,80.1,40313,72742
"1811",6037216700,"06","037","216700",3709,34.049312,-118.37156,"Census Tract 2167, Los Angeles County, California",668400,1719,76,4.7,2.31,2.62,1.6,0.8,6.8,7,2,10.5,14.7,18,38.6,3.4,18.3,52.8,23,1.6,0.9,32.4,67.6,57776,79237
"1812",6037216800,"06","037","216800",3289,34.05562,-118.369743,"Census Tract 2168, Los Angeles County, California",NA,1588,43,5.6,2.28,2.27,0.5,0,0,0.7,0,1.3,6.4,6.7,84.4,2.3,20.8,31.3,39.9,3.5,2.3,35,65,98555,137739
"1813",6037216900,"06","037","216900",5060,34.050909,-118.363197,"Census Tract 2169, Los Angeles County, California",734000,2622,120,4.8,2.04,1.79,1.1,0,1.9,1,2,12.9,5.1,14.6,61.4,2,34.8,28.1,30.1,3.8,1.2,40.2,59.8,57634,77262
"1814",6037217001,"06","037","217001",2654,34.052734,-118.387033,"Census Tract 2170.01, Los Angeles County, California",951100,1115,29,4.8,3.56,1.59,2.6,3,8.4,11,1,4.1,21.3,21.9,26.6,3.6,23.6,30.7,28.7,12.2,1.3,36.4,63.6,83304,185394
"1815",6037217002,"06","037","217002",4977,34.050547,-118.380577,"Census Tract 2170.02, Los Angeles County, California",682700,2301,97,4.6,2.27,2.13,1.2,0,12.4,5.6,3.4,15.4,11.1,16.6,34.4,2,18.8,58.3,15.3,1.3,4.2,30.7,69.3,55095,77511
"1816",6037217100,"06","037","217100",5374,34.048756,-118.354152,"Census Tract 2171, Los Angeles County, California",678100,2523,217,4.1,3.4,2.25,0,0,3.3,0,8.9,4.6,14.9,15,53.3,4.6,36.7,41,14,2.2,1.5,23.4,76.6,49826,67184
"1817",6037217200,"06","037","217200",3905,34.049791,-118.342937,"Census Tract 2172, Los Angeles County, California",743100,1715,206,4.4,2.28,2.7,0,0,0.8,6.2,6.8,6.8,6.6,23.8,49.1,4.2,27.9,45.3,17.9,3.6,1,27,73,49420,68701
"1818",6037218110,"06","037","218110",3453,34.044685,-118.326921,"Census Tract 2181.10, Los Angeles County, California",554200,1268,19,4.2,2.24,2.94,0,1.3,0,4.6,1.5,8,13.6,9.4,61.7,15.3,24.1,28.3,20.5,10.4,1.3,27,73,39075,52333
"1819",6037218120,"06","037","218120",4530,34.043944,-118.320597,"Census Tract 2181.20, Los Angeles County, California",444300,1485,93,3.8,4.07,3.11,0,0,3.4,6,4.4,14.7,16.2,14.7,40.5,12.4,28.4,36.3,16.4,5.5,1.1,20,80,30789,41477
"1820",6037218210,"06","037","218210",4457,34.04289,-118.342588,"Census Tract 2182.10, Los Angeles County, California",475000,1299,72,3.7,2.43,3.32,0,2.1,3.1,2,9.8,29,13.9,9.8,30.4,7,34.9,40.8,14.9,1.8,0.5,15.4,84.6,31437,37809
"1821",6037218220,"06","037","218220",4358,34.04379,-118.336359,"Census Tract 2182.20, Los Angeles County, California",479500,1587,92,4,3.31,2.81,1.2,0,0.9,1.6,19.1,16.7,16.3,5.5,38.7,11.1,28,38.4,9.7,9.3,3.5,32,68,38730,59756
"1822",6037218300,"06","037","218300",5520,34.042156,-118.354245,"Census Tract 2183, Los Angeles County, California",531600,2141,200,3.9,3.14,2.75,0.8,1.5,0.3,2.8,6.7,9.3,15.2,24.1,39.2,9.6,21.2,50.6,17.5,1.1,0,26.5,73.5,38460,49484
"1823",6037218400,"06","037","218400",4714,34.037216,-118.358987,"Census Tract 2184, Los Angeles County, California",433500,1553,0,4.4,3.41,2.75,0.2,0,0,4.4,12.4,14.2,15.1,16,37.7,3.4,17.5,50,22.5,5.2,1.5,36.4,63.6,31330,42870
"1824",6037218500,"06","037","218500",2869,34.037844,-118.350944,"Census Tract 2185, Los Angeles County, California",378400,1031,20,4.2,3.74,3.14,0.8,0.7,0,6.4,3.8,12.9,13.1,12.5,49.9,14.5,16.6,40.1,22.4,5.7,0.7,34.5,65.5,45344,49770
"1825",6037218600,"06","037","218600",3142,34.037407,-118.342908,"Census Tract 2186, Los Angeles County, California",465500,1139,35,4.7,3.59,2.78,0,0,2.8,9.7,4.6,3.2,11.6,16.9,51.2,6.7,24.8,35.3,24.7,3.8,4.7,37.1,62.9,37088,53072
"1826",6037218701,"06","037","218701",2430,34.03785,-118.332408,"Census Tract 2187.01, Los Angeles County, California",660200,932,100,4.3,2.8,2.05,1.6,4.3,3.3,0.3,2.8,7.5,12.8,10.6,56.8,12.4,27,23,24.1,9.3,4.1,45.4,54.6,37500,63485
"1827",6037218702,"06","037","218702",2176,34.032974,-118.332626,"Census Tract 2187.02, Los Angeles County, California",545500,835,34,4.1,2.97,2.77,0,7.5,7.8,9.6,3.7,11.3,9.3,8.4,42.4,11.3,29.7,31,13.7,11.5,2.9,18.7,81.3,31326,48112
"1828",6037218800,"06","037","218800",2658,34.038114,-118.322772,"Census Tract 2188, Los Angeles County, California",574700,919,61,4.3,2.98,3,0,0,2.6,0.3,7.4,14.9,9.7,13.4,51.7,5.9,21.8,53.4,11.5,4.9,2.5,25.8,74.2,41786,51072
"1829",6037218900,"06","037","218900",5464,34.032083,-118.323401,"Census Tract 2189, Los Angeles County, California",507400,2221,286,3.7,2.8,2.72,0,0,5.2,6.8,1.6,4,17.5,17.2,47.6,6.4,37.1,42.1,8.3,4.1,2,17.6,82.4,27083,40588
"1830",6037219010,"06","037","219010",2814,34.027798,-118.323173,"Census Tract 2190.10, Los Angeles County, California",327400,853,40,4.6,3.94,3.13,0,0,0,0,2.5,13,3.8,16.4,64.4,2.3,25.2,32.1,29.4,6.9,4,41,59,41122,49344
"1831",6037219020,"06","037","219020",4798,34.022389,-118.322711,"Census Tract 2190.20, Los Angeles County, California",363200,1458,263,4.8,3.57,3.36,1,7.1,0,1,3.2,7.9,1.2,13,65.6,1.2,19.3,38.3,26.4,14.3,0.4,53.2,46.8,46213,58694
"1832",6037219300,"06","037","219300",3700,34.027961,-118.331721,"Census Tract 2193, Los Angeles County, California",390200,1489,74,4,3.23,2.8,0,0,8.8,1.7,6,9.1,13.6,14.5,46.1,6.6,34.6,38.9,15.1,3.9,0.9,21.9,78.1,33596,44519
"1833",6037219500,"06","037","219500",1737,34.020919,-118.341323,"Census Tract 2195, Los Angeles County, California",440400,779,38,6,1.97,2.01,0,0,0.3,0,0.8,1.5,26.1,41.8,29.5,0,5.4,39,49.3,5.4,0.9,64.2,35.8,57614,59661
"1834",6037219700,"06","037","219700",4306,34.030109,-118.347977,"Census Tract 2197, Los Angeles County, California",392800,1421,108,4.7,4.29,2.53,0.8,0,0.5,4.9,1.6,8.7,18.7,17.5,47.2,1.4,24.8,35.3,29.3,6.9,2.3,37.6,62.4,37550,48248
"1835",6037219800,"06","037","219800",3310,34.029203,-118.355294,"Census Tract 2198, Los Angeles County, California",457100,1061,101,4,3.49,3.36,0.8,0.8,0.9,3.1,18.9,9.4,19.2,12,34.8,2.1,39.1,27,28.2,2.7,0.8,20.8,79.2,44853,46289
"1836",6037219901,"06","037","219901",5234,34.02944,-118.360536,"Census Tract 2199.01, Los Angeles County, California",404500,1501,94,4.1,4.15,3.25,4.1,3.7,2.6,1.5,17.4,5.7,20.1,11.5,33.4,5.8,20.8,50,20.7,1.5,1.3,22.7,77.3,28715,35877
"1837",6037219902,"06","037","219902",4113,34.030353,-118.366914,"Census Tract 2199.02, Los Angeles County, California",412700,1270,129,4.2,3.38,2.81,1.2,1.3,1.6,4.5,9.4,9.6,23,32.6,16.8,2.8,29.7,37.2,24,5.1,1.2,37.4,62.6,41250,44237
"1838",6037220000,"06","037","220000",5345,34.028429,-118.340551,"Census Tract 2200, Los Angeles County, California",383300,2059,95,4.6,2.94,2.68,0.4,0.5,3.2,2.8,4.9,8.3,10.6,23.4,45.8,4.6,28.8,44.6,20.7,1.3,0,38,62,35977,46560
"1839",6037220100,"06","037","220100",2334,34.02356,-118.363999,"Census Tract 2201, Los Angeles County, California",506100,1058,22,4.9,2.26,2.06,0,0,5.1,2.4,9.8,5.5,22.3,39.4,15.5,3,23.2,34.4,31.7,7.8,0,51.9,48.1,33393,46591
"1840",6037221110,"06","037","221110",3565,34.04575,-118.287488,"Census Tract 2211.10, Los Angeles County, California",625000,1128,79,2.3,3.28,3.1,0,0,2.4,6.6,8.8,8.8,22.2,4.3,47,34.1,35.4,24.9,3.9,0.8,0.9,6.8,93.2,22306,34196
"1841",6037221120,"06","037","221120",3373,34.042049,-118.28811,"Census Tract 2211.20, Los Angeles County, California",443600,887,72,2.9,6.44,3.88,0,0,1.8,6.3,11.2,15,24,3.3,38.4,9.2,48,21.4,15.9,5.4,0,16.3,83.7,31979,45586
"1842",6037221210,"06","037","221210",3300,34.043448,-118.302937,"Census Tract 2212.10, Los Angeles County, California",379000,927,51,3.3,4.3,3.32,0,0,2.5,9.2,13.5,8.4,3.7,18.6,44.2,13.1,18.8,45.7,5.1,7.7,9.7,29.7,70.3,29000,45757
"1843",6037221220,"06","037","221220",3378,34.04417,-118.294798,"Census Tract 2212.20, Los Angeles County, California",488500,1042,25,2.8,4.66,3.25,4.4,0,6.8,6.6,6.6,20.8,6.6,16.8,31.3,27.2,29.8,26.6,11.5,4.9,0,13.1,86.9,30768,37219
"1844",6037221302,"06","037","221302",4403,34.041778,-118.311714,"Census Tract 2213.02, Los Angeles County, California",601000,1380,93,3.4,3.94,2.97,0,0,1.4,8.8,8.3,4.6,7,25.9,44,6.2,34.6,37.8,13.9,5.9,1.5,15.6,84.4,26730,40479
"1845",6037221303,"06","037","221303",2551,34.045437,-118.3085,"Census Tract 2213.03, Los Angeles County, California",394100,805,66,2.7,4.56,3.04,0,0,5.8,2,1.9,5.6,28.3,13.3,43.1,25.1,41.1,14.4,7.7,6.3,5.3,19.8,80.2,29688,42744
"1846",6037221304,"06","037","221304",3319,34.04532,-118.313591,"Census Tract 2213.04, Los Angeles County, California",393300,1137,20,3.5,2.75,3.01,2.6,12.1,2.8,1.1,8.6,24.8,17.6,1.1,29.2,10.2,32.3,48.6,6,1.6,1.3,5,95,25618,34810
"1847",6037221401,"06","037","221401",3359,34.032738,-118.312942,"Census Tract 2214.01, Los Angeles County, California",542300,1376,49,3.3,3.01,1.93,0,2.5,14.3,8.8,8.9,23.2,7.3,11,24.1,13,47,24.1,7.6,6.8,1.5,15.4,84.6,21334,38558
"1848",6037221402,"06","037","221402",2715,34.038558,-118.308153,"Census Tract 2214.02, Los Angeles County, California",548300,971,32,3.6,3.26,2.9,0,0,5.9,4.4,3.1,3.2,19.5,22.6,41.4,15.1,29.6,35.9,10.2,7.3,1.9,15.7,84.3,29750,42111
"1849",6037221500,"06","037","221500",3507,34.034563,-118.304583,"Census Tract 2215, Los Angeles County, California",557700,1297,34,3.6,3.11,2.78,0,9.2,10.6,6.7,9.1,10,6.7,10.6,37.2,16.4,35.9,27.8,9.1,9.4,1.4,16.6,83.4,26732,37116
"1850",6037221601,"06","037","221601",3403,34.034535,-118.296047,"Census Tract 2216.01, Los Angeles County, California",500000,981,54,3.9,4.73,3.65,0,0,9.2,0,7.3,3.7,18.8,7.7,53.3,10.3,37.3,20.7,16.7,8.8,6.2,24.8,75.2,32721,46357
"1851",6037221602,"06","037","221602",2816,34.038595,-118.292001,"Census Tract 2216.02, Los Angeles County, California",465200,828,63,3.7,4.81,3.61,0,0,0,15.5,9.1,3.9,22.1,24.4,25.1,21.6,20.4,31.8,22.2,4,0,9.8,90.2,27958,37053
"1852",6037221710,"06","037","221710",2621,34.034656,-118.287795,"Census Tract 2217.10, Los Angeles County, California",539600,985,60,3.8,5.46,2.96,0,1.2,5.9,4.6,1.4,16.6,4.2,9.7,56.3,8.7,42.5,34.2,7.8,1.4,5.3,18.4,81.6,26705,37410
"1853",6037221810,"06","037","221810",2773,34.030555,-118.292059,"Census Tract 2218.10, Los Angeles County, California",473500,1032,88,2.9,4.88,2.42,0,0.8,12.9,6.9,4.1,22.3,5.5,12.6,35,29.4,30.5,15.6,12.5,6.4,5.6,14.3,85.7,16288,27150
"1854",6037221820,"06","037","221820",3095,34.030443,-118.286749,"Census Tract 2218.20, Los Angeles County, California",480000,1074,113,3,4.68,2.67,0,6.7,11.4,25.4,11.9,12.6,1.8,3.4,26.8,16.3,44.5,18.6,2,10.8,7.7,4,96,10969,25764
"1855",6037221900,"06","037","221900",3664,34.027131,-118.289857,"Census Tract 2219, Los Angeles County, California",146900,1066,85,3,5.47,2.55,1.3,4.3,14.6,16.8,30.3,7.6,2.8,2.8,19.4,20.3,37.7,21.1,9.4,7.9,3.7,6.9,93.1,11843,25348
"1856",6037222001,"06","037","222001",3237,34.028241,-118.313409,"Census Tract 2220.01, Los Angeles County, California",494300,901,41,5,3.82,3.02,0.4,0,3,15.1,2,0,1.8,8,69.7,6.8,26.4,18.1,22.4,19,7.3,57.4,42.6,36750,53142
"1857",6037222002,"06","037","222002",4655,34.021739,-118.313031,"Census Tract 2220.02, Los Angeles County, California",329000,1393,151,4.4,3.79,3.38,4.7,1.4,3.5,12.3,7.4,2.2,0.9,20.5,47.2,3.4,17,60.4,15.9,1.2,2.1,35.7,64.3,40366,47271
"1858",6037222100,"06","037","222100",3877,34.027328,-118.301368,"Census Tract 2221, Los Angeles County, California",341500,1182,99,4.3,3.85,3.36,0,0,3,13.1,26,0,4.1,16.9,36.9,9.9,15.8,35.5,23.4,11.3,4.1,31,69,41359,58667
"1859",6037222200,"06","037","222200",3965,34.030943,-118.301524,"Census Tract 2222, Los Angeles County, California",476000,1200,42,3.9,4.29,3.29,0,0,0.7,5.3,9.3,19.3,8.3,6.3,50.9,12.3,34.2,22.2,11.7,10.3,9.5,20.6,79.4,28941,42120
"1860",6037222500,"06","037","222500",4963,34.021944,-118.304085,"Census Tract 2225, Los Angeles County, California",414900,1375,51,4.4,4.59,3.66,0.2,2.3,0.7,5.8,16.7,10.6,5.7,6,51.9,1.4,19,45,27.4,6.1,1.1,32,68,35190,48349
"1861",6037222600,"06","037","222600",5631,34.021812,-118.295933,"Census Tract 2226, Los Angeles County, California",289800,1766,170,3.8,4.44,3.23,0,0,7.1,10.2,21.9,21.1,9.9,1.7,28.1,11.1,28.1,33.6,18.1,6.7,2.4,14.2,85.8,22612,36481
"1862",6037222700,"06","037","222700",3748,34.020501,-118.285664,"Census Tract 2227, Los Angeles County, California",NA,155,38,3.7,NA,2.91,21.3,24.5,6.5,15.5,12.9,5.8,9.7,0,3.9,12.9,31,34.2,14.2,7.7,0,0,100,10625,25943
"1863",6037224010,"06","037","224010",2433,34.03748,-118.266469,"Census Tract 2240.10, Los Angeles County, California",NA,1195,187,1.5,NA,2.15,6.6,11.4,22.8,3.3,7.6,3.1,1.4,3.4,40.3,55.3,28.2,6.7,5.6,4.2,0,1.3,98.7,15370,28959
"1864",6037224020,"06","037","224020",2789,34.028711,-118.26786,"Census Tract 2240.20, Los Angeles County, California",287500,871,87,1.5,4.13,3.15,0,0,6.2,2.2,5.4,22.3,8.7,14.8,40.4,64.4,14.6,15.3,4.4,0,1.4,9.9,90.1,31121,34880
"1865",6037224200,"06","037","224200",2392,34.041525,-118.276802,"Census Tract 2242, Los Angeles County, California",483000,772,66,2.7,3.02,3.56,0,0,3.1,4.1,7.1,13.2,7.6,7.4,57.4,43.3,13.2,12,22.9,8.5,0,14.6,85.4,26750,31042
"1866",6037224310,"06","037","224310",2025,34.044044,-118.282659,"Census Tract 2243.10, Los Angeles County, California",575800,662,53,2.6,2.28,3.75,0,0,4.8,8.5,4.8,8.9,19.5,12.2,41.2,25.4,33.5,31.7,7.3,0,2.1,7.6,92.4,29494,36212
"1867",6037224320,"06","037","224320",3224,34.042428,-118.280464,"Census Tract 2243.20, Los Angeles County, California",585200,1115,141,2,10.38,2.79,0,0,0,3,8.6,5,28.9,8.1,46.5,40.5,30,19.9,3.4,0,6.1,6,94,19867,31588
"1868",6037224410,"06","037","224410",3140,34.034198,-118.281165,"Census Tract 2244.10, Los Angeles County, California",447600,1081,67,3,3.22,2.97,0,4.1,7.2,3.5,4.8,11.8,16.7,4.2,47.6,29,28.4,20.8,7.6,6.2,8,11.2,88.8,25179,38882
"1869",6037224420,"06","037","224420",2369,34.0332,-118.276915,"Census Tract 2244.20, Los Angeles County, California",385000,743,70,1.9,4.74,2.66,0,0,16.8,10.1,11,5.2,9,5.4,42.4,53.7,13.5,18.2,9.7,5,0,6.8,93.2,19614,31065
"1870",6037224600,"06","037","224600",3425,34.022237,-118.269449,"Census Tract 2246, Los Angeles County, California",403600,851,19,3.2,5.47,4.05,0,0,20.6,11.6,7.1,8,2.2,3.8,46.8,35.3,20.4,27.7,14,0,2.6,15,85,35921,44629
"1871",6037224700,"06","037","224700",4856,34.02736,-118.28083,"Census Tract 2247, Los Angeles County, California",NA,928,218,2.4,NA,2.09,11.4,5,15.4,6.1,24.2,11.1,8.1,0,18.6,29,44.4,23.1,2.3,0,1.3,0,100,6667,16247
"1872",6037226001,"06","037","226001",2068,34.025561,-118.25482,"Census Tract 2260.01, Los Angeles County, California",434700,512,0,4.4,3.09,4,3.5,0,5.7,11.3,0,2,21.1,2.9,53.5,14.8,15.4,34.2,32.2,1.6,1.8,33.4,66.6,27432,32094
"1873",6037226002,"06","037","226002",1604,34.036225,-118.247818,"Census Tract 2260.02, Los Angeles County, California",289500,1019,278,1.4,1.59,1.43,0,6.6,1.9,0.7,0.7,7,8.7,10.1,64.4,71.6,24.4,1.3,0,1.8,0.9,12.8,87.2,25786,46760
"1874",6037226410,"06","037","226410",3491,34.024029,-118.26262,"Census Tract 2264.10, Los Angeles County, California",347000,877,66,3.3,3.3,4.62,1.6,0,8.9,5.2,16.8,2.3,17.9,6.6,40.7,28.2,25.7,29.6,9.5,5.2,1.8,17.3,82.7,23988,39283
"1875",6037226420,"06","037","226420",4906,34.02176,-118.25725,"Census Tract 2264.20, Los Angeles County, California",290900,1197,107,3.7,4.86,4.86,2.1,0,1.1,15.9,12.5,7.5,1.9,8,51,18.9,27.5,20.2,22.1,7.4,3.9,15.2,84.8,27664,32880
"1876",6037226700,"06","037","226700",6170,34.017477,-118.262143,"Census Tract 2267, Los Angeles County, California",330400,1344,59,4.1,5.03,4.33,0,0,2.2,10.6,7.7,10.2,8.8,3.9,56.7,13.2,23.1,33.1,20.9,7.3,2.4,29.6,70.4,28727,38467
"1877",6037227010,"06","037","227010",4662,34.019437,-118.249271,"Census Tract 2270.10, Los Angeles County, California",298200,1011,22,4.3,4.59,5.39,5.9,0.6,10.6,15.5,5.7,4.3,8.2,9.2,40,23.3,8.8,25.4,32.6,7.4,2.4,27.8,72.2,33537,41764
"1878",6037227020,"06","037","227020",3599,34.016392,-118.252393,"Census Tract 2270.20, Los Angeles County, California",413900,695,37,3.5,4.94,4.18,0,0,6.6,6.2,4.6,2.9,22.6,13.1,44,17.6,26.9,32.4,15.1,8.1,0,21.6,78.4,31314,37225
"1879",6037228100,"06","037","228100",4916,34.008261,-118.245415,"Census Tract 2281, Los Angeles County, California",309800,1167,87,4.1,4.91,4.14,2.1,1.3,2.6,6.5,5.7,15.5,23.1,7.3,36,14.8,16,37.7,24.4,6.5,0.5,26.9,73.1,27727,33650
"1880",6037228210,"06","037","228210",3806,34.010257,-118.254062,"Census Tract 2282.10, Los Angeles County, California",328000,875,73,4.3,6.39,3.56,0.8,5,4.5,0,3.9,4.1,5.6,20.2,55.9,11,20.1,24.3,24.9,18.6,1,28.4,71.6,32921,39439
"1881",6037228220,"06","037","228220",4389,34.006138,-118.251089,"Census Tract 2282.20, Los Angeles County, California",387600,959,55,4.5,4.84,4.39,5.8,4.4,2.2,20.4,9.5,2.8,3.8,25.4,25.7,12.1,19,32.3,25,7,4.6,34.2,65.8,30404,42033
"1882",6037228310,"06","037","228310",4449,34.011076,-118.262015,"Census Tract 2283.10, Los Angeles County, California",367600,1011,128,4.1,4.08,4.48,3.9,6.8,1.3,1.2,0.7,8.2,12.1,12.8,53.1,13.4,18,47.4,19.1,2.1,0.1,22.1,77.9,28538,39663
"1883",6037228320,"06","037","228320",3219,34.007951,-118.262788,"Census Tract 2283.20, Los Angeles County, California",336700,797,30,4.2,5.15,4.65,0,0,4.3,2.8,8.8,8.8,6.8,14.1,54.6,18.6,17.6,25,29.7,9.2,0,33,67,30150,35580
"1884",6037228410,"06","037","228410",3320,34.013738,-118.269411,"Census Tract 2284.10, Los Angeles County, California",365100,717,48,3.8,5.55,5.13,0,0,0,3.3,7.3,15.2,19.8,9.1,45.3,32.9,9.1,34.7,14.5,3.3,5.4,25.6,74.4,29375,36188
"1885",6037228420,"06","037","228420",3150,34.008301,-118.271608,"Census Tract 2284.20, Los Angeles County, California",304700,727,40,3.6,5.03,4.01,0.6,0,0,0.3,15.7,2.6,5.1,20.5,55.3,28.9,25.6,27.6,9.2,5.4,3.3,19.5,80.5,30525,38214
"1886",6037228500,"06","037","228500",5220,34.003548,-118.269009,"Census Tract 2285, Los Angeles County, California",344300,1156,99,4.3,5.6,4.16,0,1.4,2.8,14.6,2.2,5.7,14.3,18,41.1,11.6,20.2,34.7,20.6,11.6,1.4,36.7,63.3,31162,40065
"1887",6037228600,"06","037","228600",5049,34.003902,-118.261319,"Census Tract 2286, Los Angeles County, California",340400,1174,164,4,4.28,4.96,1.1,0,1.6,4.1,3.2,3.9,3.9,9.3,72.9,18.7,22.2,29,20.2,7.8,2.2,25.1,74.9,22708,34540
"1888",6037228710,"06","037","228710",4235,33.999922,-118.254291,"Census Tract 2287.10, Los Angeles County, California",346400,1035,75,3.9,4.17,4.17,0,2.1,11.6,2.2,0.8,4.4,0,11.6,67.2,18.6,21,32.7,21.8,5.1,0.9,22.9,77.1,28971,37749
"1889",6037228720,"06","037","228720",4492,33.999147,-118.25001,"Census Tract 2287.20, Los Angeles County, California",300000,1031,32,4.3,5.06,4.68,4.7,1.6,4.1,16.4,8.5,9.5,2.6,15.5,37.1,10.2,17.4,35.3,28,5.5,3.6,26.2,73.8,31042,40034
"1890",6037228800,"06","037","228800",5575,33.998775,-118.244917,"Census Tract 2288, Los Angeles County, California",356500,1253,32,4.6,5.44,4.46,3,3,4.6,11.6,5.6,5.5,13.5,18.6,34.6,8.9,16,36.7,23.5,13,1.8,32.2,67.8,23472,43548
"1891",6037228900,"06","037","228900",3216,33.992869,-118.243882,"Census Tract 2289, Los Angeles County, California",327900,805,0,3.9,5.16,3.37,2,0,0,2.6,14.7,2.1,23.9,22.6,32.2,15.7,17.3,42,15.2,7.6,2.4,20.9,79.1,18966,27193
"1892",6037229100,"06","037","229100",4557,33.992543,-118.251817,"Census Tract 2291, Los Angeles County, California",338700,996,60,4.5,4.47,3.97,2,0,0.8,6.7,7.7,8.3,9,19.1,46.3,12.3,11.9,38,24.2,10.7,2.8,51.6,48.4,42158,46142
"1893",6037229200,"06","037","229200",4394,33.998309,-118.260681,"Census Tract 2292, Los Angeles County, California",296800,1211,78,3.8,4.76,3.66,2.1,0,3,6.8,14.4,4.1,8.3,14.1,47.3,24.4,24.3,16.6,28.5,4.6,1.6,28.4,71.6,23845,39821
"1894",6037229300,"06","037","229300",5498,33.998057,-118.269798,"Census Tract 2293, Los Angeles County, California",391400,1316,87,3.6,4.84,4.21,0.6,0.8,2.5,12.5,9.7,5.9,11.1,10.3,46.8,24.2,23.9,23.6,21.6,6,0.6,18.6,81.4,27458,33243
"1895",6037229410,"06","037","229410",3343,33.992465,-118.270365,"Census Tract 2294.10, Los Angeles County, California",281900,861,80,3.8,4.64,3.56,0,0,16,1.9,7,14.4,15.1,23,22.6,29.5,15.3,30.5,20.4,4.2,0,32.7,67.3,32484,47079
"1896",6037229420,"06","037","229420",4729,33.993275,-118.260599,"Census Tract 2294.20, Los Angeles County, California",393300,1020,101,4.4,5.8,3.9,1.3,7.6,6.1,2.7,3.2,5.8,15.4,16.9,41,11.3,11.1,34.9,37.3,2.8,2.6,42.7,57.3,40074,44200
"1897",6037231100,"06","037","231100",3350,34.014387,-118.275352,"Census Tract 2311, Los Angeles County, California",296800,733,62,3.1,4.08,3.26,0,0,0,0,13.9,7,1.5,14.7,62.9,34.4,29.2,14.2,17.3,1.5,3.4,22.1,77.9,22346,32939
"1898",6037231210,"06","037","231210",3688,34.014538,-118.298029,"Census Tract 2312.10, Los Angeles County, California",300000,1173,27,3.7,4.47,2.74,0,2.3,0,1.4,15.9,9.7,1.9,13.1,55.8,8.6,44.7,31.8,9.7,3.7,1.5,8.2,91.8,31337,37107
"1899",6037231220,"06","037","231220",3824,34.01475,-118.293746,"Census Tract 2312.20, Los Angeles County, California",282600,1160,59,3.9,3.27,3.35,4.7,0.9,1.2,14.8,6.2,13.7,5.3,14.7,38.4,7.8,33.2,40.6,12.7,5.7,0,10.9,89.1,22346,30758
"1900",6037231300,"06","037","231300",5348,34.014787,-118.303822,"Census Tract 2313, Los Angeles County, California",432400,1493,176,4.5,4.71,3.03,0.7,2.3,0.7,3.9,3,3.9,4.6,25.1,55.9,1.1,36.4,31.1,24.1,5.4,1.9,30.4,69.6,27542,42653
"1901",6037231400,"06","037","231400",4688,34.014785,-118.313044,"Census Tract 2314, Los Angeles County, California",412400,1460,215,4.4,3.77,2.55,0,0.7,2.9,1.2,2.7,7.7,2.4,19,63.4,7.5,25.6,38.5,20.7,6.8,0.9,46,54,35839,45908
"1902",6037231500,"06","037","231500",4752,34.007094,-118.310866,"Census Tract 2315, Los Angeles County, California",393100,1514,85,5.5,3.31,2.32,0,2.6,1.1,1.9,1.7,5.2,5.7,13.7,68,4.8,17.2,34.3,30.3,6.1,7.3,68.6,31.4,36777,46059
"1903",6037231600,"06","037","231600",7110,34.007019,-118.297594,"Census Tract 2316, Los Angeles County, California",411200,2130,215,4.2,4.76,3.43,1.1,2.1,4.6,0.5,6.7,8.5,6.2,11.3,59,13.6,22.8,28.9,18.7,13,3.1,35.8,64.2,32404,45630
"1904",6037231710,"06","037","231710",4358,34.007362,-118.289222,"Census Tract 2317.10, Los Angeles County, California",313800,1330,103,3.9,2.8,3.81,0,0,7.1,1.1,7.6,2.3,18.1,12.3,51.5,11.7,27.1,43.2,16.2,1.1,0.6,4.1,95.9,26717,31090
"1905",6037231720,"06","037","231720",4966,34.007767,-118.28458,"Census Tract 2317.20, Los Angeles County, California",280700,1528,106,3.7,3.36,3.25,0,0,11.3,20.4,4,3.5,12.8,0,48.2,6,39.9,29.7,15.7,6.2,2.6,21.5,78.5,23793,34238
"1906",6037231800,"06","037","231800",5303,34.007564,-118.276937,"Census Tract 2318, Los Angeles County, California",295200,1427,100,3.3,4.39,3.79,1.9,0,0.9,9.7,5.7,1.3,8.5,17.1,54.9,25.2,30.9,30.1,10.1,2.2,1.5,15.1,84.9,26702,34094
"1907",6037231900,"06","037","231900",5968,33.999731,-118.277115,"Census Tract 2319, Los Angeles County, California",357700,1352,83,4.1,4.23,4.63,2.9,4.1,2.4,3.2,4.1,5,8.9,16.9,52.5,12.3,26.5,27.4,23.8,6.7,3.3,22.1,77.9,30356,36584
"1908",6037232110,"06","037","232110",3191,33.999918,-118.28932,"Census Tract 2321.10, Los Angeles County, California",330000,888,77,4.2,3.63,3.77,0,0,1.8,13,5.4,10.2,6.8,6.8,56.1,6.6,23.6,33,29.3,2.7,4.7,27.6,72.4,25060,33123
"1909",6037232120,"06","037","232120",5263,33.999666,-118.284082,"Census Tract 2321.20, Los Angeles County, California",295700,1291,85,4,4.34,3.57,0.9,2.4,5.8,8.7,12.8,5.5,6.7,8,49.2,5.9,30.8,40.9,18.2,1.9,2.2,21.7,78.3,29865,37636
"1910",6037232200,"06","037","232200",3119,34.001811,-118.298217,"Census Tract 2322, Los Angeles County, California",312000,902,33,4.6,4.34,3.41,0,3.8,0,2.2,18.6,3,14.9,16,41.6,10.9,23.2,19,30.4,12.1,4.5,39.6,60.4,28728,38520
"1911",6037232300,"06","037","232300",3926,33.997311,-118.298412,"Census Tract 2323, Los Angeles County, California",246300,1147,81,5.2,3.31,3.45,0,0,0.9,0,2.2,14.3,4.1,13.3,65.3,7.9,15.5,27.2,33,13.6,2.7,52,48,26725,38801
"1912",6037232400,"06","037","232400",6957,33.999444,-118.310702,"Census Tract 2324, Los Angeles County, California",294500,2045,119,4.4,4.55,3.01,0,0,1.8,0.9,3.5,5.4,12.5,12.5,63.4,5.1,23.3,32.9,21.7,13.8,3.1,40.1,59.9,36653,45556
"1913",6037232500,"06","037","232500",4619,33.99216,-118.310962,"Census Tract 2325, Los Angeles County, California",354200,1486,70,4.2,3.4,2.85,0.7,0.3,0.6,4.4,3.5,3.3,14.3,10.7,62.2,7.7,28,38.2,21.9,4.3,0,37.4,62.6,24575,38697
"1914",6037232600,"06","037","232600",6288,33.992152,-118.297898,"Census Tract 2326, Los Angeles County, California",275000,1898,136,4.4,4.02,3.17,0,2.7,0,0.5,0,10,12,15.2,59.7,7.3,23,32.7,32.1,4.3,0.5,42.8,57.2,44524,51718
"1915",6037232700,"06","037","232700",5895,33.992646,-118.28599,"Census Tract 2327, Los Angeles County, California",317600,1665,120,4.2,3.86,3.73,3.8,1.1,6.4,5.6,4.6,2.7,2.8,23.8,49.1,11.5,18.3,36,21.3,11,1.9,28.3,71.7,35343,41389
"1916",6037232800,"06","037","232800",3823,33.992669,-118.276851,"Census Tract 2328, Los Angeles County, California",323900,976,21,4.5,5.37,3.81,0,0,1.1,3,6.5,4.6,7.6,17.7,59.5,1.5,27.9,29.1,28.8,12.7,0,32.9,67.1,29148,40942
"1917",6037234000,"06","037","234000",5335,34.011936,-118.3208,"Census Tract 2340, Los Angeles County, California",440500,2138,77,5.3,2.84,2.84,2.7,0.4,2.5,1.6,4.1,6.7,11.7,27,43.3,1.3,16.5,40.9,36.2,4.7,0.4,59.5,40.5,48750,58447
"1918",6037234200,"06","037","234200",2376,34.015858,-118.331033,"Census Tract 2342, Los Angeles County, California",424100,1168,0,5.6,2.43,2.58,0,0,0,0.5,7.3,3.9,15.5,52.8,19.9,6.6,15.5,29.5,40.9,6.3,1.2,59.4,40.6,58750,68533
"1919",6037234300,"06","037","234300",4098,34.00736,-118.327882,"Census Tract 2343, Los Angeles County, California",429500,2503,215,4.4,1.85,2.01,1.2,0,0.8,0,4.4,6.7,13.3,21.3,52.3,3.5,40.8,31.9,22.2,1.6,0,18,82,36357,49127
"1920",6037234501,"06","037","234501",2728,33.997655,-118.322587,"Census Tract 2345.01, Los Angeles County, California",312600,950,50,5.1,3.03,2.66,0,0,0.7,1.5,7.1,4.2,12.9,19.2,54.4,7.9,13.6,40,28.6,9.9,0,42.7,57.3,34135,44689
"1921",6037234502,"06","037","234502",2698,34.001925,-118.323782,"Census Tract 2345.02, Los Angeles County, California",364200,1068,3,4.2,2.79,2.27,0.7,1.1,1.1,0,16.7,2.3,12.4,21.4,44.2,11.6,33.7,36.1,12.4,6.2,0,28.2,71.8,32153,44720
"1922",6037234600,"06","037","234600",5024,33.992351,-118.326546,"Census Tract 2346, Los Angeles County, California",389700,1738,102,5.2,3.05,2.6,0,0,1.5,2.8,2.5,4,11.2,9.8,68.2,7.9,11.2,31.6,30.6,16.8,1.9,55.4,44.6,47857,64297
"1923",6037234700,"06","037","234700",3888,33.987206,-118.327219,"Census Tract 2347, Los Angeles County, California",374000,1501,89,4.1,3.44,2.12,0,0.6,1.9,0.4,5.1,7.7,16,30.2,38.2,1.7,37,39.6,15.5,5.3,0.8,29.2,70.8,37500,40835
"1924",6037234800,"06","037","234800",3426,33.981779,-118.322245,"Census Tract 2348, Los Angeles County, California",303900,1174,121,5.7,3.72,3.07,0,0,1.7,0,8,7.6,9.4,19.4,53.9,3.9,5.6,32.3,39.8,15.7,2.7,75.4,24.6,54053,62574
"1925",6037234901,"06","037","234901",2999,33.982723,-118.328543,"Census Tract 2349.01, Los Angeles County, California",318000,1175,56,3.8,3.78,2.77,7.4,23.5,4,4.2,7.4,7.8,25.7,7.3,12.7,1.6,44.6,35.5,12.9,4.2,1.3,7.4,92.6,24344,33945
"1926",6037234902,"06","037","234902",4005,33.981997,-118.33371,"Census Tract 2349.02, Los Angeles County, California",360800,1668,173,3.6,2.5,2.77,2,0,2.8,6.4,13.5,18.5,16.8,13.4,26.6,5.9,44.3,26.9,17.8,5,0,16,84,30570,36387
"1927",6037235100,"06","037","235100",4520,33.985199,-118.345887,"Census Tract 2351, Los Angeles County, California",407100,1794,136,5.8,2.68,2.73,0,0.6,0,3.2,7.5,4,17.1,28.5,39.1,0,8.1,43.1,40.9,5.8,2.1,75.3,24.7,65690,77239
"1928",6037235201,"06","037","235201",2781,33.975033,-118.322143,"Census Tract 2352.01, Los Angeles County, California",377500,1016,74,5.3,2.79,2.06,0,0.8,3.3,4.6,4.4,3.4,16,15.2,52.2,0,13.7,48.3,30.7,6,1.3,73.8,26.2,31813,45985
"1929",6037235202,"06","037","235202",4557,33.973949,-118.330561,"Census Tract 2352.02, Los Angeles County, California",379600,2002,237,4.2,3.01,2.5,1.8,1.5,0,5.1,3.3,18.1,23,22.7,24.4,6.8,33.6,38.1,18.1,2.3,1.1,31.7,68.3,25759,37541
"1930",6037236000,"06","037","236000",4113,34.018181,-118.366386,"Census Tract 2360, Los Angeles County, California",533700,2189,112,4.9,2.13,1.61,0,1.5,0.2,0.5,3.6,6,27.1,46.4,14.7,0,23.6,39.9,24.1,11,1.5,77.1,22.9,63930,72734
"1931",6037236100,"06","037","236100",5265,34.012463,-118.342522,"Census Tract 2361, Los Angeles County, California",471900,2848,300,4,2.81,1.81,1.1,2.9,8.5,8.3,4.6,12.6,27.7,22.1,12.2,2.4,41.3,45.1,8.4,0.4,2.4,13.8,86.2,21029,33054
"1932",6037236202,"06","037","236202",6192,34.016464,-118.353053,"Census Tract 2362.02, Los Angeles County, California",130200,2584,412,3.6,NA,2.58,0.3,1.4,0,3.9,12.8,24.7,26.5,15.1,15.3,11.1,44.2,36.4,4.8,3.5,0,0.9,99.1,25242,29338
"1933",6037236203,"06","037","236203",3417,34.018323,-118.347224,"Census Tract 2362.03, Los Angeles County, California",NA,1508,51,3.8,NA,2.65,0,0,0,8.7,24.2,29.5,22,9,6.6,2.3,48.2,41.8,7.8,0,0,0,100,28062,38468
"1934",6037236204,"06","037","236204",3203,34.014765,-118.349474,"Census Tract 2362.04, Los Angeles County, California",NA,1430,97,4.1,NA,2.47,0,0,0,0,12.7,14.1,49.1,22,2.2,4.1,45.4,46,4.5,0,0,0,100,27008,31172
"1935",6037236400,"06","037","236400",4113,34.006553,-118.350191,"Census Tract 2364, Los Angeles County, California",636900,2200,88,4.9,2.35,2.06,0,3,0,10.1,15.1,22.8,31.8,12.2,5,0.5,25,33.3,31.5,7.2,2.5,49.6,50.4,53735,68087
"1936",6037237101,"06","037","237101",3705,33.984463,-118.291406,"Census Tract 2371.01, Los Angeles County, California",312100,1234,100,4.2,4.19,3.42,3.3,2.1,7.6,1,4.9,11.6,7,17.6,45,2.1,28.1,34.4,24.4,9.4,1.6,32.5,67.5,32813,41213
"1937",6037237102,"06","037","237102",3254,33.985668,-118.28439,"Census Tract 2371.02, Los Angeles County, California",283300,1013,94,4.1,2.43,3.64,3.3,6.6,4.6,0,11.9,7.4,22,12.2,31.9,10,23.6,44.4,16.4,5.6,0,27.9,72.1,23625,32092
"1938",6037237201,"06","037","237201",3506,33.985823,-118.299092,"Census Tract 2372.01, Los Angeles County, California",306500,1000,59,5,4.22,4.17,0,6.6,5.9,2.4,2.1,2.4,13.1,20.1,47.4,1.3,10.6,47.8,33,4.8,2.5,48,52,33932,41701
"1939",6037237202,"06","037","237202",4388,33.985588,-118.308581,"Census Tract 2372.02, Los Angeles County, California",295200,1421,115,4.3,4.56,3.24,0.6,7.7,3,6,1.8,5.1,9,17,49.8,5.6,24.7,42.6,22.1,4.9,0,45.7,54.3,35833,47238
"1940",6037237300,"06","037","237300",5262,33.978448,-118.310794,"Census Tract 2373, Los Angeles County, California",284200,1930,97,4.9,3.15,2.51,0,0,0,3.2,5.9,14.4,9.3,20.6,46.6,2.2,13.7,50.4,28.4,3.2,2,54.1,45.9,36369,44515
"1941",6037237401,"06","037","237401",3616,33.978627,-118.294951,"Census Tract 2374.01, Los Angeles County, California",328500,1102,149,4.7,4.41,3.2,0,0,1.1,0,0,8.7,25.5,10.4,54.3,5.5,13,48.5,22.1,7.5,3.4,62,38,35750,63997
"1942",6037237402,"06","037","237402",3526,33.9785,-118.301311,"Census Tract 2374.02, Los Angeles County, California",246000,1083,38,4.5,4.26,1.48,7.8,0,3.9,2.9,0,12.5,13.9,14.2,44.9,4.7,20,42,19.1,10.1,4.1,52.1,47.9,21652,41558
"1943",6037237500,"06","037","237500",2675,33.979193,-118.28916,"Census Tract 2375, Los Angeles County, California",280200,853,67,3.9,3.21,3,2.2,0,12,6.3,6.9,17.7,15.9,9.4,29.5,9.1,45.8,28.4,8.2,7.2,1.3,16.8,83.2,31983,42614
"1944",6037237600,"06","037","237600",4259,33.978635,-118.284374,"Census Tract 2376, Los Angeles County, California",372000,1247,74,4,3.91,3.43,2.6,4.1,0.6,1.2,18.6,11.9,13.2,18.2,29.6,12.3,20.8,42.9,22.2,1.8,0,26.9,73.1,22865,36316
"1945",6037237710,"06","037","237710",3887,33.972582,-118.286433,"Census Tract 2377.10, Los Angeles County, California",305100,1171,143,4.2,6.6,3.38,0,0,12.6,3.8,5.4,7,18.3,26.4,26.6,5,32.3,31.3,25.5,5.8,0,25,75,40500,47505
"1946",6037237720,"06","037","237720",3153,33.969196,-118.285485,"Census Tract 2377.20, Los Angeles County, California",196900,871,34,4,5.47,3.85,1.6,4.2,17,3.4,7.9,10.1,11.6,12.9,31.2,10,23.9,45.5,15.4,5.3,0,15.9,84.1,20216,30610
"1947",6037237800,"06","037","237800",4371,33.971368,-118.298317,"Census Tract 2378, Los Angeles County, California",357400,1414,81,5,3.27,3.02,1.1,0,0,2.1,3.1,7.7,14.7,22,49.3,5.4,6.6,40.8,40,6.4,0.7,62,38,39663,50057
"1948",6037237900,"06","037","237900",3621,33.970769,-118.310859,"Census Tract 2379, Los Angeles County, California",337000,1395,95,5.4,2.92,2.72,0,0,4.2,4.4,4,5.2,10.5,20.1,51.7,0,11.1,39.8,44.9,3.7,0.6,65.5,34.5,50700,60995
"1949",6037238000,"06","037","238000",5864,33.947583,-118.309289,"Census Tract 2380, Los Angeles County, California",307600,2216,95,5.7,2.68,2.91,0,1.9,0.5,3.1,0.5,6.8,14.9,42.1,30.2,0.5,7.5,44,34.8,10.5,2.7,68,32,60026,69735
"1950",6037238100,"06","037","238100",4626,33.963781,-118.31042,"Census Tract 2381, Los Angeles County, California",343700,1827,118,5.1,3.13,2.58,0,0,1.9,0,10,6.7,20.3,18.4,42.7,5.1,20.1,36.5,32.5,4.5,1.3,49.9,50.1,44656,56593
"1951",6037238200,"06","037","238200",5267,33.963618,-118.298316,"Census Tract 2382, Los Angeles County, California",354300,2348,307,4.7,2.9,2.2,0,0,1.2,3.9,9.5,15.3,18.8,20.5,30.7,4.3,16.4,54.9,23.5,0.9,0,39.2,60.8,35645,50314
"1952",6037238310,"06","037","238310",4821,33.965929,-118.286664,"Census Tract 2383.10, Los Angeles County, California",381500,1431,56,3.8,4.78,3.42,0,0.7,11,21.2,2.7,10.1,26.5,15.3,12.4,10.8,31.2,41.6,14.8,1.6,0,12,88,19648,29527
"1953",6037238320,"06","037","238320",3787,33.96264,-118.286758,"Census Tract 2383.20, Los Angeles County, California",317600,1107,138,3.6,4.3,3.39,0,0,17.3,18.5,1.5,10.4,17.6,2.4,32.2,11.4,37.6,33,13.7,3.4,0.9,16.2,83.8,27721,35484
"1954",6037238400,"06","037","238400",4497,33.956228,-118.308507,"Census Tract 2384, Los Angeles County, California",352600,1844,100,5.4,2.67,1.88,6.7,13.4,3.5,0,1.4,2.2,19.4,20.7,32.7,4.3,13.6,46.2,31.7,2.5,1.7,58.1,41.9,40709,61080
"1955",6037239201,"06","037","239201",3562,33.985413,-118.27692,"Census Tract 2392.01, Los Angeles County, California",358100,953,85,4.1,3.56,4.1,1.8,7.5,7.3,1.5,15.1,6.8,7.7,22.8,29.6,15.8,18.5,38.3,23.6,3.8,0,26.2,73.8,19147,30931
"1956",6037239202,"06","037","239202",4724,33.985008,-118.269515,"Census Tract 2392.02, Los Angeles County, California",283800,1122,97,4.6,5.11,4.48,1.2,7.9,1.5,8,9,5.8,18.4,11.6,36.5,9.3,11,41.4,25.1,8,5.2,35.5,64.5,40094,47939
"1957",6037239310,"06","037","239310",3996,33.978571,-118.277205,"Census Tract 2393.10, Los Angeles County, California",339200,1034,123,4.4,4.02,3.61,0,4,1.5,15.6,6.4,3,10.3,23.7,35.6,6.6,16.8,41.3,30.5,2.9,1.9,36.1,63.9,31964,43499
"1958",6037239320,"06","037","239320",3444,33.978719,-118.271738,"Census Tract 2393.20, Los Angeles County, California",292500,851,0,4.7,4.39,3.44,1.1,3.1,3.9,1.8,0.4,12.8,8.5,33.8,34.8,7.1,24.2,34.5,27.1,7.1,0,32.4,67.6,28603,38520
"1959",6037239330,"06","037","239330",2879,33.978625,-118.267321,"Census Tract 2393.30, Los Angeles County, California",247500,701,17,4.3,3.98,4.27,6.1,2.4,0.9,3.9,7.7,9.1,12.8,13.7,43.4,8.4,13,40.8,32.8,2.6,2.4,46.6,53.4,37568,43080
"1960",6037239501,"06","037","239501",3454,33.972802,-118.262523,"Census Tract 2395.01, Los Angeles County, California",363300,975,137,4.4,3.98,4.08,1.6,3.7,0,3.1,0.9,8.5,21.6,25.4,35.1,17.2,19.2,24.8,29.9,7.1,1.7,35.4,64.6,31090,41590
"1961",6037239502,"06","037","239502",3372,33.969154,-118.262365,"Census Tract 2395.02, Los Angeles County, California",288300,896,66,4.3,3.32,3.31,3.2,5.9,0,4.5,3.9,11.5,12.5,39.6,18.9,13.4,17.3,52,12.8,4.5,0,31.2,68.8,29610,34271
"1962",6037239601,"06","037","239601",3755,33.972851,-118.274793,"Census Tract 2396.01, Los Angeles County, California",350500,973,143,4.3,4.5,4.32,1.3,5.7,1.4,1.7,9,0,13.6,16.2,51,16.1,12.8,38.6,19.9,9.9,2.6,28.7,71.3,30893,38181
"1963",6037239602,"06","037","239602",3313,33.969523,-118.274652,"Census Tract 2396.02, Los Angeles County, California",174200,909,88,4.5,4.18,4.32,1.1,10.8,4.6,0,7.3,16.5,10.3,11.1,38.3,16,15.1,38.3,27.2,3.5,0,22.4,77.6,35324,40911
"1964",6037239701,"06","037","239701",4261,33.966052,-118.274805,"Census Tract 2397.01, Los Angeles County, California",248900,1093,48,4.4,4.15,4.68,7.9,3.2,3.2,19.7,0,11.1,4.6,13.4,37.1,9.3,17,37.4,22,12.4,1.8,34.2,65.8,25464,36498
"1965",6037239702,"06","037","239702",3927,33.962486,-118.274683,"Census Tract 2397.02, Los Angeles County, California",338200,1101,74,4.2,4.78,3.48,0,9.6,2.9,12.5,5.3,10.2,17.3,9.9,32.2,5.8,21.1,52.1,17.7,3.3,0,38,62,32532,37295
"1966",6037239801,"06","037","239801",3412,33.966104,-118.263103,"Census Tract 2398.01, Los Angeles County, California",324500,908,51,4.5,4.17,3.69,0,2.6,4.5,1.9,5.6,6.4,26.5,15.2,37.2,9.5,19.4,36.2,26.2,6.1,2.6,40.4,59.6,36144,37064
"1967",6037239802,"06","037","239802",4902,33.96257,-118.263188,"Census Tract 2398.02, Los Angeles County, California",352500,1348,232,4.7,4.46,3.76,2.2,3.6,0,0.7,3.4,21.8,21.4,13.4,33.5,23.7,11.9,27.3,31.5,3.3,2.2,38.4,61.6,30568,37937
"1968",6037240010,"06","037","240010",3673,33.958218,-118.262848,"Census Tract 2400.10, Los Angeles County, California",300000,943,21,3.9,4.25,3.33,0.4,9.3,6.5,12.3,0.4,28,6.5,14.4,22.2,20.6,24.7,34.4,18.7,1.7,0,17.1,82.9,22432,29747
"1969",6037240020,"06","037","240020",5055,33.954358,-118.263902,"Census Tract 2400.20, Los Angeles County, California",254300,1313,40,4.9,4.53,3.69,1.4,2.4,4.9,8.5,2.3,15.8,15.4,10,39.3,8.8,12.7,41.2,28.9,6.3,2.1,48.1,51.9,33169,41978
"1970",6037240200,"06","037","240200",5252,33.955884,-118.27549,"Census Tract 2402, Los Angeles County, California",315500,1450,174,4.2,4.82,3.86,4,3.6,14.3,3.9,9.9,6.8,20.4,13,24.1,15.1,16.7,30.3,27.1,7.7,3.1,30.7,69.3,27697,37456
"1971",6037240300,"06","037","240300",5691,33.956067,-118.286493,"Census Tract 2403, Los Angeles County, California",348400,1667,164,3.9,3.97,2.96,0.4,4.1,5.2,11.1,2.6,19.1,17.6,22.3,17.6,14.2,26,37.5,13.9,6.8,1.6,27.5,72.5,27006,38612
"1972",6037240401,"06","037","240401",5383,33.950021,-118.286198,"Census Tract 2404.01, Los Angeles County, California",288800,1442,170,4.1,4.36,3.29,0,2.4,4.2,10.9,2.2,27.6,13.9,25,13.7,10.4,18.4,49.7,16.7,4.7,0,32.3,67.7,32636,45741
"1973",6037240402,"06","037","240402",3854,33.944669,-118.285679,"Census Tract 2404.02, Los Angeles County, California",294700,1141,35,4.8,4.08,3.01,0,2.2,17.6,8.7,7.4,7.4,12.6,12.4,31.6,4.7,16.4,45.8,26.7,6.3,0,54.2,45.8,24891,35278
"1974",6037240500,"06","037","240500",5655,33.947159,-118.275226,"Census Tract 2405, Los Angeles County, California",257800,1605,110,4.4,4.88,3.43,0,1.6,13,6.6,8.2,11.4,12.2,25.3,21.7,12.6,21.6,28.5,27.4,6.7,3.2,33.5,66.5,29385,35839
"1975",6037240600,"06","037","240600",4932,33.946654,-118.268751,"Census Tract 2406, Los Angeles County, California",338500,1308,126,4.3,3.75,3.58,0,4.7,3.7,15.4,2.8,9.2,16.8,23.2,24.2,14,17.5,34.6,25.8,8.1,0,27.5,72.5,31484,40105
"1976",6037240700,"06","037","240700",6161,33.947289,-118.259569,"Census Tract 2407, Los Angeles County, California",256500,1673,121,5,3.39,3.75,3,1.2,1.8,4.8,7.2,10.6,16.7,35.2,19.4,9.8,7.9,43,35.4,3,0.8,51,49,33750,43435
"1977",6037240800,"06","037","240800",4377,33.93989,-118.26191,"Census Tract 2408, Los Angeles County, California",306300,1093,71,4.8,4.32,4.72,12.2,1.3,0.5,7.3,19.7,5.5,15.7,8.5,29.3,6.2,4.4,40.8,38.1,10.5,0,43.5,56.5,24231,39053
"1978",6037240900,"06","037","240900",5620,33.934225,-118.262131,"Census Tract 2409, Los Angeles County, California",250600,1412,141,4.7,4.42,4.5,1.6,3.8,5.5,2.5,9.9,17.8,17.8,17.5,23.7,9.3,13.3,33.6,28.6,13,2.1,41,59,31962,42617
"1979",6037241001,"06","037","241001",4285,33.929514,-118.26643,"Census Tract 2410.01, Los Angeles County, California",381700,1185,103,4.9,3.55,3.09,0,3.5,19.6,3.7,10.5,13,11.1,29.9,8.8,9.4,6.1,46.2,32.4,4.9,1.1,44.8,55.2,31188,37904
"1980",6037241002,"06","037","241002",3606,33.92506,-118.262206,"Census Tract 2410.02, Los Angeles County, California",275000,1012,72,4.7,3.38,5.12,0,1.4,2,3.9,15.1,5.6,17.3,37.7,17,9,7.7,44.9,23.9,12.1,2.5,46,54,44049,48133
"1981",6037241110,"06","037","241110",3074,33.93726,-118.271603,"Census Tract 2411.10, Los Angeles County, California",271600,732,28,5.2,4.09,3.66,2.2,2.9,10.8,0,14.3,6.3,13.7,8.1,41.8,8.6,7.7,24.2,47.4,10.7,1.5,47,53,27381,40562
"1982",6037241120,"06","037","241120",4564,33.936419,-118.276566,"Census Tract 2411.20, Los Angeles County, California",303700,1216,130,4.4,4.4,4.25,10,4.6,3.7,5.2,6.4,11.6,12.2,19,27.3,11.6,11.9,33.7,28.8,12.2,1.8,29.7,70.3,27049,35870
"1983",6037241201,"06","037","241201",2898,33.940271,-118.285845,"Census Tract 2412.01, Los Angeles County, California",231400,898,68,4.6,3.63,3.08,1.8,2,0,6.9,0.8,8.6,9.5,33.1,37.4,11.5,13.4,47.3,26.5,1.3,0,47.8,52.2,30671,33218
"1984",6037241202,"06","037","241202",4943,33.934062,-118.285451,"Census Tract 2412.02, Los Angeles County, California",311600,1609,157,4.8,3.03,3.63,0.7,1.7,4,3.2,8.4,10.9,9.3,22.7,39,10.4,19,31.4,27.7,8.6,3,44.9,55.1,33019,42087
"1985",6037241300,"06","037","241300",2313,33.925613,-118.2862,"Census Tract 2413, Los Angeles County, California",372900,714,16,4.6,3.03,2.94,3.6,0,0,4.9,11.8,13.9,19,29.1,17.6,12.3,27,18.6,34,6.9,1.1,38.1,61.9,23056,40117
"1986",6037241400,"06","037","241400",3285,33.924992,-118.274788,"Census Tract 2414, Los Angeles County, California",317900,926,51,4.9,3.42,4.22,5,0.3,6.6,11.7,3,13.8,38.4,8.9,12.3,7.2,5.6,38.7,38.7,6.8,3,43,57,33388,44487
"1987",6037242000,"06","037","242000",3938,33.939153,-118.250138,"Census Tract 2420, Los Angeles County, California",307100,1001,138,4.8,4.37,3.58,1.5,3.4,3.8,2.6,14.4,11.8,7.8,44.3,10.5,13,9.1,26.9,38,10,3.1,43.7,56.3,33705,44349
"1988",6037242100,"06","037","242100",2714,33.945707,-118.233773,"Census Tract 2421, Los Angeles County, California",NA,720,21,3.3,NA,3.63,0,0,2.1,3.3,23.1,14.9,14.3,9.2,33.2,41.7,13.9,24.3,13.3,6.4,0.4,0,100,11148,18244
"1989",6037242200,"06","037","242200",6554,33.948879,-118.23923,"Census Tract 2422, Los Angeles County, California",273100,1639,148,4.8,4.99,3.56,0,4.6,7.6,4.2,17.6,6.2,11.8,8.9,39.1,18.2,13.3,26.9,32,8.6,0.9,40.9,59.1,35598,47373
"1990",6037242300,"06","037","242300",4586,33.949432,-118.246018,"Census Tract 2423, Los Angeles County, California",295600,1117,90,4.8,6.19,4.6,18.2,5,4.9,17.5,7,7.3,12.5,9.8,17.8,16.1,10.4,24.3,41.4,4.1,3.8,26.6,73.4,35750,46329
"1991",6037242600,"06","037","242600",4409,33.931954,-118.249995,"Census Tract 2426, Los Angeles County, California",345700,1308,121,4.3,3.72,3.14,1.5,3.6,4,1.1,5,10.2,38.5,21.4,14.7,10.6,15,49.1,18.5,5.4,1.5,4.2,95.8,15116,22993
"1992",6037242700,"06","037","242700",5273,33.935596,-118.242222,"Census Tract 2427, Los Angeles County, California",265400,1246,82,4.8,4,4.31,2.4,10.1,10.7,15.3,2.2,25.6,12.5,5.7,15.4,7,10.7,28.7,41.1,10.8,1.7,42.6,57.4,30000,37041
"1993",6037243000,"06","037","243000",6769,33.939325,-118.233646,"Census Tract 2430, Los Angeles County, California",301700,1395,269,5.3,4.53,4.97,1.8,0.6,10.8,9,3.8,22.1,11.1,24.2,16.5,5.2,3.4,29.5,46,14.9,1.1,47.4,52.6,38243,44519
"1994",6037243100,"06","037","243100",5350,33.932775,-118.234594,"Census Tract 2431, Los Angeles County, California",226500,1391,136,4.4,6.48,3.74,3.2,20.3,2.3,7.5,7.3,20.2,12.9,14.4,12,11.6,16.7,25,33.1,11.1,2.6,26.6,73.4,24150,36816
"1995",6037261101,"06","037","261101",3499,34.113594,-118.394959,"Census Tract 2611.01, Los Angeles County, California",NA,1640,233,7.1,2.48,1.51,1.6,0.2,3.7,4.1,6.8,24.6,41.2,7.8,10.1,1.5,1,18.4,46,19.1,14,96.2,3.8,203385,313627
"1996",6037261102,"06","037","261102",4362,34.112367,-118.426409,"Census Tract 2611.02, Los Angeles County, California",NA,1879,168,7.7,2.5,3.26,1.5,5.1,6,8.2,23.6,19,21.1,8.4,7.1,0.5,0,12.5,30,29,28,95.7,4.3,198771,308998
"1997",6037261200,"06","037","261200",4341,34.11311,-118.442809,"Census Tract 2612, Los Angeles County, California",NA,1882,265,6.4,2.34,2.33,0,1.8,2.5,9.1,34.1,15.9,15.6,9.7,11.3,1.5,8.4,21,35.1,21.7,12.4,84.8,15.2,155863,238375
"1998",6037262100,"06","037","262100",3586,34.095203,-118.451926,"Census Tract 2621, Los Angeles County, California",NA,1480,181,7.4,2.7,2.97,2.1,4.4,2.1,5.7,10.2,28.9,28.4,4,14.2,0,3.2,11.1,33.2,32,20.5,94.5,5.5,213347,401721
"1999",6037262200,"06","037","262200",4675,34.09883,-118.469454,"Census Tract 2622, Los Angeles County, California",NA,1976,159,7.5,2.64,1.62,2.3,1.9,10.6,5.1,18.3,18.2,32.7,7.5,3.2,1.2,6.2,15.4,22.4,32.9,22,86,14,225885,320308
"2000",6037262301,"06","037","262301",2744,34.102535,-118.490511,"Census Tract 2623.01, Los Angeles County, California",NA,971,21,6.9,2.52,1.59,0,2,13,18.6,13.3,25.3,18.2,8.3,1.2,2.2,2.6,24.7,25.1,30.3,15.1,94.1,5.9,200833,271407
"2001",6037262302,"06","037","262302",2818,34.071699,-118.477245,"Census Tract 2623.02, Los Angeles County, California",NA,1318,19,7,2.45,2.07,3,2.3,9.6,6.2,14,17.1,18,13.4,16.5,0.8,11.3,16.4,27.7,29.1,14.8,83.8,16.2,207946,343162
"2002",6037262303,"06","037","262303",3290,34.066402,-118.485914,"Census Tract 2623.03, Los Angeles County, California",NA,1245,141,7.8,2.65,2.9,2.5,2.8,7,3.5,8,18.4,29.8,22.3,5.7,0,1.5,3.5,31.9,35.3,27.9,92.9,7.1,181923,420005
"2003",6037262400,"06","037","262400",3233,34.075181,-118.504653,"Census Tract 2624, Los Angeles County, California",NA,1359,35,8.4,2.64,2.96,0.4,5.2,7.2,2.8,8.9,40.8,22.5,7.2,4.9,0,2.6,6.1,28,38.3,25,92.8,7.2,200000,346116
"2004",6037262501,"06","037","262501",3662,34.049314,-118.521308,"Census Tract 2625.01, Los Angeles County, California",NA,1422,63,6.9,2.66,2.59,1.9,5.1,3.1,1.7,8.4,8.4,25.8,18.8,26.7,0,0.4,26,30.8,25.7,17.1,87.4,12.6,151625,243079
"2005",6037262601,"06","037","262601",3660,34.074244,-118.557602,"Census Tract 2626.01, Los Angeles County, California",NA,1476,83,7.3,2.76,1.81,0,4.5,16.3,25.3,48.4,1.2,0,0.9,3.5,0,4.6,19.4,29.3,19.6,27,87.5,12.5,199375,331032
"2006",6037262604,"06","037","262604",6092,34.050762,-118.547244,"Census Tract 2626.04, Los Angeles County, California",NA,2633,243,6.1,2.43,2.31,1.4,3.4,10.9,9.8,10.4,20.5,35.8,4.5,3.3,2.6,10.7,21.7,38.1,19.3,7.6,88,12,151250,219718
"2007",6037262704,"06","037","262704",3567,34.043702,-118.539726,"Census Tract 2627.04, Los Angeles County, California",NA,1725,209,5.2,2.24,2.27,1.9,4,3.9,11.1,7.9,14.3,31.5,17,8.2,2.1,15,38.7,25.7,12.6,5.9,64.8,35.2,99786,199039
"2008",6037262706,"06","037","262706",3563,34.039285,-118.52572,"Census Tract 2627.06, Los Angeles County, California",NA,1466,170,6.6,2.74,2.02,0.5,7.6,7.9,6.2,9.2,3.1,20.8,25.4,19.2,3.8,11.5,20.1,25.1,22.2,17.3,78.9,21.1,168750,263857
"2009",6037262802,"06","037","262802",3759,34.040392,-118.510009,"Census Tract 2628.02, Los Angeles County, California",NA,1695,123,7.1,2.64,1.75,3.4,2.8,6.7,1.8,6.9,12.2,28.4,14.8,22.9,3.4,11.2,9.6,33.2,25.8,16.9,81.4,18.6,162045,300669
"2010",6037264000,"06","037","264000",3358,34.055072,-118.479712,"Census Tract 2640, Los Angeles County, California",NA,1372,140,6.8,2.38,2.42,2,2,3.4,5,8.1,13.5,29.9,17.3,18.8,0,2.3,23.3,35.2,27.3,11.9,83.7,16.3,155700,322292
"2011",6037264102,"06","037","264102",2873,34.059197,-118.468903,"Census Tract 2641.02, Los Angeles County, California",620300,1776,69,3.9,1.94,1.95,0,0,2.8,18,23.9,28.3,21.4,3.2,2.4,1.9,36,50.9,5.3,1.4,4.6,35.6,64.4,63964,109124
"2012",6037264103,"06","037","264103",2319,34.055603,-118.466133,"Census Tract 2641.03, Los Angeles County, California",625700,1619,207,3.6,1.63,1.46,0,6.3,6.3,7.9,36.9,30.6,9.5,0.8,1.8,8.6,42.9,40.3,8.2,0,0,25.6,74.4,89000,129234
"2013",6037264301,"06","037","264301",4646,34.050936,-118.464224,"Census Tract 2643.01, Los Angeles County, California",779300,3223,251,3.7,1.95,1.7,1.3,3.8,13.3,12.7,27.5,27.7,11.8,0.4,1.5,6.2,32.5,53.1,7.8,0,0.4,18.8,81.2,82558,110229
"2014",6037264302,"06","037","264302",5683,34.047626,-118.471607,"Census Tract 2643.02, Los Angeles County, California",917700,3172,236,4.4,2.24,1.85,3.4,4.3,8.1,13.1,18.2,22.4,12.4,9,9.2,1.7,25,41.4,22.1,3.4,6.4,42.2,57.8,95362,141285
"2015",6037265100,"06","037","265100",2489,34.070891,-118.432068,"Census Tract 2651, Los Angeles County, California",NA,1398,134,4.9,2.03,1.26,6.2,0.5,0,13.1,6.9,16.7,17.4,10.5,28.7,4.2,22.2,31.8,8.1,22.4,11.3,75.2,24.8,130417,247291
"2016",6037265201,"06","037","265201",2608,34.065603,-118.436316,"Census Tract 2652.01, Los Angeles County, California",NA,1091,189,4.1,2.42,1.31,0,0,0,10.4,41.2,21.1,4.8,11.5,11,6,23.8,45.5,14.3,9.8,0.5,63.6,36.4,84808,266393
"2017",6037265202,"06","037","265202",3611,34.061597,-118.440082,"Census Tract 2652.02, Los Angeles County, California",NA,2278,347,4,2.06,1.82,7.8,16.1,5.1,13.9,12.4,17.6,6.2,6.3,14.5,12.6,28.1,41.1,10.2,4.7,3.2,36.8,63.2,83555,156736
"2018",6037265301,"06","037","265301",9344,34.073083,-118.452348,"Census Tract 2653.01, Los Angeles County, California",NA,0,0,NA,NA,NA,NA,NA,NA,NA,NA,NA,NA,NA,NA,NA,NA,NA,NA,NA,NA,NA,NA,NA,NA
"2019",6037265303,"06","037","265303",4523,34.067583,-118.453552,"Census Tract 2653.03, Los Angeles County, California",381000,1670,137,3.6,1.74,3.11,0,0,7.7,9.6,16.3,43.2,12,6.9,4.3,14.5,38.4,38,7.2,1.3,0.5,4.4,95.6,24467,41868
"2020",6037265304,"06","037","265304",3570,34.067961,-118.451115,"Census Tract 2653.04, Los Angeles County, California",NA,1160,153,3.1,NA,2.92,0,0,4.7,11.3,13.1,24.7,21.9,17,7.4,25.9,33.1,35.7,4.8,0.5,0,0.6,99.4,17207,27905
"2021",6037265305,"06","037","265305",4082,34.064212,-118.449692,"Census Tract 2653.05, Los Angeles County, California",476000,1901,68,3.1,1.4,2.01,12.5,18.6,4.7,9.3,10,13.4,13.6,6.6,11.4,23.6,29.5,41.2,5.7,0,0,5,95,17243,47755
"2022",6037265410,"06","037","265410",1576,34.065993,-118.463626,"Census Tract 2654.10, Los Angeles County, California",NA,688,70,5,2.8,1.95,0.9,0,1.2,0,10.9,10.9,39.7,20.1,16.4,5.8,22.5,34.7,28.9,5.1,2.9,51.1,48.9,92237,210259
"2023",6037265420,"06","037","265420",1811,34.070141,-118.459312,"Census Tract 2654.20, Los Angeles County, California",NA,784,62,7.5,2.59,1.69,0,2.2,2.9,0.9,2.9,11,21.6,25.5,33,0.9,10.8,17.1,42.5,20.4,8.3,75.3,24.7,185000,256241
"2024",6037265510,"06","037","265510",4234,34.055653,-118.443442,"Census Tract 2655.10, Los Angeles County, California",700200,2545,353,3,1.7,1.59,3.3,0.5,5.4,26.1,25.3,21.4,11.3,4.5,2.2,17.2,48.4,26.5,3.8,3.6,0.5,17.6,82.4,66767,92028
"2025",6037265520,"06","037","265520",4561,34.051245,-118.441564,"Census Tract 2655.20, Los Angeles County, California",754900,2401,98,4.1,2.04,2.01,6.6,3.3,7.8,22.2,26.1,10.5,6,6.5,11,7.5,13.8,68.2,6.7,3.8,0,28.7,71.3,92750,111385
"2026",6037265601,"06","037","265601",2890,34.055956,-118.432506,"Census Tract 2656.01, Los Angeles County, California",881200,1547,78,4.6,1.98,1.95,3.3,2.3,5.4,15.8,18.4,18.7,9.8,12.3,13.9,0,20.6,55.3,16.5,5,2.7,52,48,94531,144835
"2027",6037265602,"06","037","265602",3042,34.060779,-118.43439,"Census Tract 2656.02, Los Angeles County, California",955600,1713,130,4.4,1.78,2.03,0,5.1,17.3,38.1,11.1,7.6,2.2,2.2,16.3,1,13.8,60.9,21.8,1.3,1.2,62.9,37.1,116875,172597
"2028",6037265700,"06","037","265700",4720,34.062902,-118.426565,"Census Tract 2657, Los Angeles County, California",NA,2757,332,4.3,2.15,1.77,1.8,0,6.9,10.5,9.9,28.6,9.6,15.7,17,10.1,22,45.4,14.1,6.9,1.5,47.3,52.7,90343,140200
"2029",6037267100,"06","037","267100",6087,34.052742,-118.425375,"Census Tract 2671, Los Angeles County, California",883400,2959,361,4.9,2.42,2.02,2,2.7,6.8,12.9,18.1,11.1,11.1,13.6,21.7,6,15.1,40.9,31.1,3.4,3.5,48.4,51.6,89567,127634
"2030",6037267200,"06","037","267200",5927,34.04667,-118.436836,"Census Tract 2672, Los Angeles County, California",705000,2971,173,4.1,2.29,1.79,0.5,4.6,5.1,19,29.3,13.2,6.6,5,16.6,5.3,23.1,50.8,15.8,4.3,0.7,36.1,63.9,69813,97167
"2031",6037267300,"06","037","267300",3680,34.044908,-118.44976,"Census Tract 2673, Los Angeles County, California",560100,2120,214,3,1.54,2,2.9,1.6,8.9,11.8,27.7,21.4,16.2,2.1,7.5,14.5,53.5,24.7,5,2.4,0,9.6,90.4,55938,78457
"2032",6037267402,"06","037","267402",4580,34.042063,-118.465594,"Census Tract 2674.02, Los Angeles County, California",610300,2730,439,3.5,1.77,1.84,6.7,3.3,5.8,12.9,23.9,28.4,12.7,4.1,2.2,2.5,44,43.4,9.1,0.5,0.5,18,82,78646,88082
"2033",6037267403,"06","037","267403",3011,34.047608,-118.456741,"Census Tract 2674.03, Los Angeles County, California",566000,1788,105,3.2,1.56,1.82,2.1,1.6,11.2,13.4,21.9,29.6,14.1,3.6,2.3,3.6,51.2,38.5,6.2,0,0.5,12.3,87.7,52367,68907
"2034",6037267404,"06","037","267404",2806,34.04642,-118.461101,"Census Tract 2674.04, Los Angeles County, California",656600,1910,225,3.8,2.06,1.71,3.4,3.8,13.1,16.7,14,39.5,7.1,1,1.3,1.5,44.6,49.9,2.3,1.7,0,9.4,90.6,85469,104580
"2035",6037267501,"06","037","267501",5379,34.041103,-118.456122,"Census Tract 2675.01, Los Angeles County, California",603400,2702,226,3.6,1.95,2.39,0.8,7.9,5.1,17.1,22.6,25.7,15.4,4.6,0.8,14.1,34.2,41.9,9.3,0,0.4,17.4,82.6,67702,85847
"2036",6037267502,"06","037","267502",3243,34.038112,-118.461624,"Census Tract 2675.02, Los Angeles County, California",667200,1682,88,3.5,2.57,2.05,5.9,6.5,12.3,14.1,16.3,18.1,10.9,11.4,4.5,7.5,35.4,38.8,18.3,0,0,25,75,57783,74840
"2037",6037267600,"06","037","267600",2549,34.0357,-118.451636,"Census Tract 2676, Los Angeles County, California",718000,1253,14,4,2.38,2.04,1.2,6.4,2,7.5,12.5,18.5,12.9,31.3,7.7,2,27.5,40.2,19.5,9.2,1.7,40.6,59.4,71960,89058
"2038",6037267700,"06","037","267700",2990,34.040661,-118.446286,"Census Tract 2677, Los Angeles County, California",591700,1691,103,3.8,2.22,2.14,8,6.3,4.8,19.3,24.7,12.1,8.7,8.3,7.8,4.1,30,50.1,14.8,1,0,26.2,73.8,70862,80945
"2039",6037267800,"06","037","267800",2917,34.039969,-118.430614,"Census Tract 2678, Los Angeles County, California",879700,1189,100,5.3,2.67,2.37,1.6,3.4,4.4,13.8,7.3,3.1,10.3,25.5,30.6,4.2,3.8,42.6,31.2,14.3,4,67.5,32.5,82552,132054
"2040",6037267901,"06","037","267901",2428,34.055455,-118.410213,"Census Tract 2679.01, Los Angeles County, California",917700,2041,539,4.7,1.61,1.81,0,2.4,3.9,30.5,17.8,38,6,1.3,0,0,22.4,53.5,22.8,1.3,0,76.4,23.6,106786,189995
"2041",6037267902,"06","037","267902",3375,34.048179,-118.419658,"Census Tract 2679.02, Los Angeles County, California",808900,1808,222,4.4,2.19,2.11,5.7,10.2,2.3,11.1,16.9,16.2,6.9,6.4,24.4,7.3,13.8,51.6,18.4,6.6,2.2,50.7,49.3,83397,126620
"2042",6037269000,"06","037","269000",5138,34.041679,-118.403645,"Census Tract 2690, Los Angeles County, California",NA,2302,138,5.6,2.47,1.86,1.8,10.2,4.3,8.2,11.2,17.2,25.5,12.8,8.9,2,25.4,21.6,24.7,17,9.3,55.9,44.1,105700,182378
"2043",6037269100,"06","037","269100",4359,34.053444,-118.394402,"Census Tract 2691, Los Angeles County, California",865800,2138,139,4.7,2.5,1.99,6,0.7,8.7,10.4,6.5,14.8,15.3,24,13.5,2.9,22.2,37.1,28.3,6.4,3.2,41.9,58.1,73705,108755
"2044",6037269300,"06","037","269300",3885,34.038619,-118.415063,"Census Tract 2693, Los Angeles County, California",NA,1579,39,6.6,2.81,2.35,4.6,2.7,1.9,5.9,0,1.3,10.1,22.4,51.2,0,5.7,25.6,42.7,16.3,9.7,83.6,16.4,140227,214311
"2045",6037269500,"06","037","269500",4043,34.043479,-118.393541,"Census Tract 2695, Los Angeles County, California",NA,1472,59,6.6,2.68,3.32,0,0.6,0,2.5,2.4,4.8,24.7,58.2,6.8,0,2,14.2,48,26.8,9,97.6,2.4,141518,198758
"2046",6037269601,"06","037","269601",3413,34.041004,-118.379993,"Census Tract 2696.01, Los Angeles County, California",630800,1105,65,4.3,3.24,3.61,0,0,6.7,0,4.7,33.3,17.7,29.3,8.2,1.2,17.9,51.4,26.3,2.2,1,13.1,86.9,43764,55242
"2047",6037269602,"06","037","269602",3252,34.042412,-118.384354,"Census Tract 2696.02, Los Angeles County, California",916700,1113,0,4.2,3.42,2.65,3.1,0,0,0.4,14.3,32.7,22.9,15.3,11.2,5.2,17.6,54.5,14.6,7.6,0.4,16,84,49583,64156
"2048",6037269700,"06","037","269700",4085,34.03601,-118.387274,"Census Tract 2697, Los Angeles County, California",647100,1740,63,4.6,2.65,2.05,0,2,2.7,6.6,5.9,14.3,22.4,11.6,34.6,0.5,20.2,51,23.6,2.6,2,45,55,67349,85882
"2049",6037269800,"06","037","269800",3458,34.031806,-118.39638,"Census Tract 2698, Los Angeles County, California",706700,1725,104,3.7,3.03,1.91,1.5,0,2.3,14,24.2,19.4,15.4,13.6,9.6,7.2,35.9,41.4,13.4,2,0,20.5,79.5,58648,74305
"2050",6037269903,"06","037","269903",3650,34.021027,-118.406526,"Census Tract 2699.03, Los Angeles County, California",468300,1949,41,3.2,2.17,1.9,2.3,0,10.1,12.7,27.6,17.2,23,4,3.2,9.4,52.1,34.6,3.2,0.7,0,3.4,96.6,45625,55378
"2051",6037269904,"06","037","269904",3902,34.027571,-118.411749,"Census Tract 2699.04, Los Angeles County, California",519700,2316,234,3.2,2.01,1.91,2.5,0,2.5,11.4,22.9,27,19.9,5.7,8.2,10.4,54.6,34.2,0.9,0,0,4.4,95.6,50992,65130
"2052",6037269905,"06","037","269905",2423,34.022142,-118.402699,"Census Tract 2699.05, Los Angeles County, California",NA,1331,120,3.3,NA,2.08,0,1.4,3.5,21.6,25.9,22.3,16.9,2.9,5.5,18.9,37.2,36.6,7.4,0,0,0,100,50654,76515
"2053",6037269906,"06","037","269906",2878,34.024917,-118.403366,"Census Tract 2699.06, Los Angeles County, California",480400,1644,139,3.6,1.16,2.04,6.2,6.6,6.1,15,19.1,27.5,13.7,4.1,1.7,4.9,44.2,40.7,9.4,0,0.7,5.5,94.5,66938,89366
"2054",6037269907,"06","037","269907",2761,34.02767,-118.406076,"Census Tract 2699.07, Los Angeles County, California",578100,1483,107,3.6,1.79,2.03,0,5.7,9.8,10.5,28,25.4,10.5,4.2,6.1,3.8,45.3,40.7,10.2,0,0,12.8,87.2,48478,70384
"2055",6037270100,"06","037","270100",4412,34.026827,-118.398221,"Census Tract 2701, Los Angeles County, California",442700,2434,20,3.5,1.7,1.82,0.5,0.5,3.8,23.3,28,30.7,6.1,4.5,2.6,8.3,50,40.9,0.3,0,0.5,10.4,89.6,57911,66395
"2056",6037270200,"06","037","270200",3761,34.033566,-118.380486,"Census Tract 2702, Los Angeles County, California",564400,1316,50,4,3.48,2.75,0.3,0.7,2.4,5.3,8,12.3,20.5,21.7,28.9,5.1,31,41.1,16.1,4.9,1.7,35.5,64.5,49110,64398
"2057",6037270300,"06","037","270300",2364,34.039911,-118.369779,"Census Tract 2703, Los Angeles County, California",618800,977,46,5.1,2.27,2.74,0,1.4,1.9,0,8.2,8.1,16,42.8,21.6,3.4,9.7,47.5,35.3,4.1,0,61.5,38.5,50296,74691
"2058",6037271100,"06","037","271100",2449,34.033985,-118.427489,"Census Tract 2711, Los Angeles County, California",815100,1000,29,5.1,2.48,2.07,0,2.5,4.6,7.2,5.3,2.6,20.2,40.9,16.7,0.7,9.6,36.7,37.9,14.6,0.5,54.9,45.1,75341,100926
"2059",6037271200,"06","037","271200",2525,34.031945,-118.441279,"Census Tract 2712, Los Angeles County, California",613100,1181,85,3.5,2.07,2.46,0,1.9,19.6,22.7,16.3,14.3,11.3,11.8,2,11.9,29.4,50,8.1,0.7,0,18.4,81.6,58448,66807
"2060",6037271300,"06","037","271300",4506,34.025916,-118.442205,"Census Tract 2713, Los Angeles County, California",727500,2114,154,5.1,2.65,1.91,2.8,0,1.6,11,10.6,7.8,32.8,21.6,11.8,2.3,20.4,30.7,40.3,5.1,1.2,56.1,43.9,78198,95054
"2061",6037271400,"06","037","271400",3391,34.010027,-118.44721,"Census Tract 2714, Los Angeles County, California",857100,1404,56,6,2.53,3.84,0,2.1,0,0.7,1.7,4.5,65.2,24.9,0.9,0,0,18.4,57.5,20.1,3.9,92.3,7.7,119762,167402
"2062",6037271500,"06","037","271500",2937,34.017037,-118.438338,"Census Tract 2715, Los Angeles County, California",889400,1432,73,5.2,2.47,1.88,2.9,0,2.4,3.4,11.5,12.8,29.5,32.5,5,2.3,24.4,29.5,25.8,12.8,5.2,53.3,46.7,83274,122428
"2063",6037271600,"06","037","271600",4475,34.022137,-118.430528,"Census Tract 2716, Los Angeles County, California",918100,1929,26,3.9,2.34,2.23,2.9,11.9,28,9.2,6.5,6.5,14.3,19,1.8,0.9,22.8,48.3,20.2,6.3,1.5,29.1,70.9,75772,104439
"2064",6037271701,"06","037","271701",5850,34.026445,-118.417764,"Census Tract 2717.01, Los Angeles County, California",839600,2964,161,3.5,2.5,1.82,0,2.7,1.1,6.3,37.2,17.2,16.2,15.1,4.1,14.6,36.1,29,16.4,2.8,1.1,21.9,78.1,80306,89395
"2065",6037271702,"06","037","271702",4134,34.024679,-118.425648,"Census Tract 2717.02, Los Angeles County, California",690400,1944,139,3.8,2.14,2.34,0.3,1.4,22.2,7.7,16.7,25.5,17,8.2,1,3.4,26.6,52.4,13.8,1.4,2.2,20.9,79.1,52083,60944
"2066",6037271801,"06","037","271801",3635,34.015955,-118.418104,"Census Tract 2718.01, Los Angeles County, California",688400,1823,47,3.4,2.37,2.23,0.1,6.5,6.4,18.8,19.8,23.6,10,12.1,2.7,8.6,41.1,35.5,14.3,0.4,0.1,18.6,81.4,53779,70004
"2067",6037271802,"06","037","271802",5911,34.019626,-118.412038,"Census Tract 2718.02, Los Angeles County, California",616100,2825,37,3.3,2.87,2.34,3.2,2.1,7.5,7.8,21.9,23.1,12.7,11.4,10.2,8.4,38.6,41.2,10.2,0.7,1,13.8,86.2,54479,68875
"2068",6037271901,"06","037","271901",3087,34.013899,-118.423394,"Census Tract 2719.01, Los Angeles County, California",831800,1370,38,4.3,2.75,2.41,0,0,1.2,3.3,23.6,16.8,35.8,13.8,5.5,7.5,16.5,39.6,27.5,5.2,3.6,32.3,67.7,65519,96260
"2069",6037271902,"06","037","271902",3877,34.009417,-118.430947,"Census Tract 2719.02, Los Angeles County, California",933400,1824,76,3.5,2.56,2.12,3.8,1.1,1.3,18.4,17.2,21.3,18.9,13.7,4.4,8.6,44,17,21.1,4.4,4.9,29.8,70.2,57219,93515
"2070",6037272100,"06","037","272100",4354,34.003686,-118.441963,"Census Tract 2721, Los Angeles County, California",727900,1914,151,4.9,2.5,1.71,0.7,0.5,0.5,3.9,6.5,6.2,19.3,41.6,20.6,3.7,12,43.6,36.1,4,0.7,67.5,32.5,79107,109590
"2071",6037272201,"06","037","272201",2411,34.000342,-118.434637,"Census Tract 2722.01, Los Angeles County, California",566200,1140,24,3.7,2.54,1.99,1.1,0,7,8.6,28.9,20,15.8,4.6,13.9,8.9,36.3,41.5,12.3,0,1,17.7,82.3,50411,64870
"2072",6037272202,"06","037","272202",3378,33.998329,-118.438438,"Census Tract 2722.02, Los Angeles County, California",544500,1635,97,3.8,2.46,2.09,0,0,2.5,14.7,23.5,29.1,21.7,3.1,5.3,7.1,43.6,41.3,6.9,1.1,0,18.9,81.1,43426,55797
"2073",6037272301,"06","037","272301",2941,34.005062,-118.422258,"Census Tract 2723.01, Los Angeles County, California",804100,1411,54,4.6,2.41,2.02,0.8,4.2,12,6,10.2,7.1,17.6,29.6,12.6,2.2,26.4,35.9,23.6,7.2,4.7,46.4,53.6,82263,100839
"2074",6037272302,"06","037","272302",4074,34.001984,-118.427025,"Census Tract 2723.02, Los Angeles County, California",686100,2022,79,3.4,2.06,2.18,0.5,1.6,4.4,10.6,19.4,23.7,23.6,9.7,6.3,8.8,47.9,28.9,9.4,3.4,1.6,15.3,84.7,46088,56394
"2075",6037273100,"06","037","273100",2197,34.003049,-118.460113,"Census Tract 2731, Los Angeles County, California",880500,1567,713,4.6,2.18,2.9,0,0,0.2,2,3.6,5.4,60.4,23.2,5.2,2.1,31.2,32.4,26.2,6.6,1.4,71.1,28.9,94516,114241
"2076",6037273200,"06","037","273200",3711,33.997286,-118.467367,"Census Tract 2732, Los Angeles County, California",NA,1732,193,4,1.91,2.18,1.2,2.9,7.4,2.7,13.7,11.7,27.1,8,25.2,8.1,26.6,46.7,17.8,0.2,0.6,28.5,71.5,66175,95899
"2077",6037273300,"06","037","273300",3695,33.995748,-118.472003,"Census Tract 2733, Los Angeles County, California",998000,1785,269,3.9,2.71,2.28,2.2,2.8,4.6,2.7,10.5,15.2,16.3,12.6,33,4.4,31.6,42.4,18.3,2.2,1.2,23.6,76.4,70417,115347
"2078",6037273402,"06","037","273402",3172,33.993296,-118.477424,"Census Tract 2734.02, Los Angeles County, California",979300,2499,439,3,2.04,1.24,0,3,2.6,9.1,9.4,6.5,9.7,7.3,52.3,28.7,38.7,22.6,7.9,1.5,0.7,17.2,82.8,68117,91228
"2079",6037273502,"06","037","273502",2884,33.988071,-118.469779,"Census Tract 2735.02, Los Angeles County, California",NA,1996,127,3.2,1.88,1.47,0.7,0,1.4,5.5,10.9,18.3,12.7,8.7,41.8,19.8,43,25.4,10,1.4,0.5,20.4,79.6,60573,94930
"2080",6037273600,"06","037","273600",2413,33.993582,-118.460106,"Census Tract 2736, Los Angeles County, California",NA,1220,67,4.4,2.24,1.93,1.9,2,1.3,4.6,10.1,11.2,14.9,8,46,4.7,34.5,39.9,17.7,1.3,1.9,54.1,45.9,82569,117325
"2081",6037273700,"06","037","273700",2801,33.998226,-118.452675,"Census Tract 2737, Los Angeles County, California",913100,1286,91,4.7,2.3,2.27,1.6,1,12,3.3,10.2,5.1,17.7,12.2,37,2.1,15.2,40.2,35.6,6.1,0.7,58.4,41.6,73021,109285
"2082",6037273800,"06","037","273800",3107,33.992304,-118.452274,"Census Tract 2738, Los Angeles County, California",939200,1615,63,3.7,2.25,1.68,1.8,2.2,1.3,13.4,15.4,7.9,18,15.2,24.8,9.6,35.7,40.1,11.9,0.6,2.1,32.4,67.6,72115,130305
"2083",6037273902,"06","037","273902",4227,33.984321,-118.464596,"Census Tract 2739.02, Los Angeles County, California",NA,2532,273,4.4,2.15,1.53,1.9,3,5.6,13.5,19.6,10.4,12.9,12.2,20.9,3.8,24.6,42.3,25.2,2.9,1.1,38.2,61.8,91042,143724
"2084",6037274100,"06","037","274100",4418,33.98628,-118.447125,"Census Tract 2741, Los Angeles County, California",946600,2620,263,4,1.9,2.08,11.2,31.2,29.2,7.1,1.9,4,8.2,2.4,4.9,2.8,31.5,47.1,12.5,3.2,2.9,42,58,105051,146685
"2085",6037274202,"06","037","274202",4337,33.973924,-118.460258,"Census Tract 2742.02, Los Angeles County, California",951500,2722,563,4.5,1.86,1.94,2,5.7,8.7,16.7,45.3,14.6,2.1,2,2.9,7.8,14.8,47.4,19.1,9.7,1.2,53.2,46.8,133835,175019
"2086",6037275101,"06","037","275101",1177,33.999566,-118.40414,"Census Tract 2751.01, Los Angeles County, California",669900,524,9,4.5,2.57,2.93,0,1.5,14.1,18.3,1.3,10.7,35.9,18.1,0,3.2,16,35.3,37,6.5,1.9,42.9,57.1,87356,98946
"2087",6037275102,"06","037","275102",4226,33.997162,-118.410781,"Census Tract 2751.02, Los Angeles County, California",621600,1418,42,3.8,3.25,3.36,0.7,0,0,9.9,23.6,12.5,28.2,19.3,5.8,2.2,32.5,37.2,23,2.9,2.2,31.8,68.2,47292,74902
"2088",6037275200,"06","037","275200",3887,33.995996,-118.420491,"Census Tract 2752, Los Angeles County, California",593600,1694,117,3.6,2.57,2.31,0,0,6.3,22,11.5,30.4,15,9.3,5.5,7.9,36,39.5,12.3,4.4,0,22.4,77.6,46734,63111
"2089",6037275302,"06","037","275302",4775,33.983898,-118.434048,"Census Tract 2753.02, Los Angeles County, California",683000,2761,241,5,1.89,2.21,0.5,12.9,2.5,13.6,31,29.1,5.5,3.9,1,2.5,9.5,64,21,2.5,0.5,65.6,34.4,99583,119672
"2090",6037275311,"06","037","275311",4993,33.9893,-118.424044,"Census Tract 2753.11, Los Angeles County, California",680800,2405,198,4.6,2.78,2.24,0,2.5,0,2.3,28.1,17,31.7,11.8,6.6,1.7,33.1,20.7,33.5,9.7,1.2,52.7,47.3,61229,88601
"2091",6037275400,"06","037","275400",3349,33.990683,-118.439211,"Census Tract 2754, Los Angeles County, California",717400,1565,135,4.4,2.16,1.54,24,14.9,6.6,0.4,2.9,11.5,7.4,21.7,10.6,5.4,20.8,44.4,26.3,1.6,1.6,58.8,41.2,102500,141095
"2092",6037275500,"06","037","275500",5207,33.992128,-118.412762,"Census Tract 2755, Los Angeles County, California",588000,1634,42,4.3,2.64,3.3,0,0,0.7,1.5,12.4,12.6,33.7,14.4,24.7,2.3,22.3,38.1,28.2,9,0,29.2,70.8,39265,54556
"2093",6037275602,"06","037","275602",6470,33.974198,-118.424769,"Census Tract 2756.02, Los Angeles County, California",688000,3646,225,3.7,2.29,1.66,39.5,48.4,4.8,2.6,0.4,0,3.9,0,0.4,3.8,29.9,51.2,14.2,0,1,41,59,68945,122196
"2094",6037275603,"06","037","275603",2711,33.986741,-118.407949,"Census Tract 2756.03, Los Angeles County, California",623100,1214,0,5,2.51,2.31,0,1.4,0,6.8,5.8,27,43.7,14.6,0.7,7.7,18.1,26.7,40,5.9,1.6,50.7,49.3,56570,85380
"2095",6037276000,"06","037","276000",5396,33.967495,-118.389294,"Census Tract 2760, Los Angeles County, California",681500,2315,177,5.6,2.71,2.01,0.3,0,1,0,4.4,2.1,27.1,60.5,4.5,0,7.1,34.3,45.2,11.3,2.1,79.4,20.6,102679,122050
"2096",6037276100,"06","037","276100",5592,33.975099,-118.374944,"Census Tract 2761, Los Angeles County, California",519000,3269,137,3.9,2.02,2.07,0,13.6,14.6,16,19.2,10.8,13.5,6.1,6.2,2.9,33.4,52.6,9.2,1.1,0.8,16.1,83.9,56563,70146
"2097",6037276400,"06","037","276400",4009,33.966553,-118.409576,"Census Tract 2764, Los Angeles County, California",756400,1611,31,6.1,2.53,3.39,0.7,2.5,6.8,1.1,2.2,4.4,25.3,56.5,0.5,0,1.6,10.1,58,25.8,4.5,87.6,12.4,113457,136647
"2098",6037276500,"06","037","276500",5063,33.967241,-118.417979,"Census Tract 2765, Los Angeles County, California",776000,719,16,6,2.52,1.48,0,6.7,5.1,1.7,3.2,11,14.3,52.9,5.1,5.3,5.6,29.3,38.2,12.4,9.2,74.4,25.6,85518,116919
"2099",6037276601,"06","037","276601",3838,33.961378,-118.432661,"Census Tract 2766.01, Los Angeles County, California",929400,1739,55,6.6,2.46,1.75,7.1,1.7,7.1,21.3,11.4,14.8,27.4,8.2,0.9,0,8.7,22.5,39.7,23.7,5.4,68.3,31.7,109821,186563
"2100",6037276603,"06","037","276603",5252,33.955948,-118.437475,"Census Tract 2766.03, Los Angeles County, California",452700,3285,89,4,1.52,1.92,8.1,10.6,2,27.3,25.2,12.3,10.2,2.6,1.7,0,34.2,60.6,5.2,0,0,44.5,55.5,91544,95178
"2101",6037276604,"06","037","276604",3983,33.957162,-118.424408,"Census Tract 2766.04, Los Angeles County, California",471400,2466,122,3.7,2.1,1.73,12.7,0.6,9.9,8.7,38.1,7.7,17.9,4.4,0,9.7,30.6,34.9,23.5,0,1.3,42.7,57.3,75510,77949
"2102",6037277000,"06","037","277000",5395,33.969889,-118.400173,"Census Tract 2770, Los Angeles County, California",840300,2206,148,6.4,2.65,2.57,0,3.2,8.5,1.5,1.5,1.5,54.9,28.4,0.5,0.5,1.6,19.6,43.5,21.5,13.3,84.7,15.3,132500,163576
"2103",6037277100,"06","037","277100",3004,33.965309,-118.378696,"Census Tract 2771, Los Angeles County, California",621800,1143,35,5.6,2.68,3.21,1.4,1.5,0,1.7,5.1,5,39.9,44.2,1.3,0,0,27.7,59.8,11.3,1.2,85.2,14.8,102821,94859
"2104",6037277200,"06","037","277200",2490,33.956292,-118.383161,"Census Tract 2772, Los Angeles County, California",318800,1256,117,3.9,3.26,2.46,1.5,0,0.9,4.8,17,22.1,35.3,8.8,9.8,2.5,34.3,49.8,9.7,3.7,0,14.1,85.9,58207,65320
"2105",6037277400,"06","037","277400",1533,33.948176,-118.373195,"Census Tract 2774, Los Angeles County, California",512500,926,307,3.7,2.26,2.66,0.8,0,6.9,20.5,42.8,21.4,4.4,3.2,0,0.9,40.9,57.9,0.3,0,0,3.1,96.9,45123,54527
"2106",6037278001,"06","037","278001",2458,33.958213,-118.398124,"Census Tract 2780.01, Los Angeles County, California",678500,1044,70,4.9,2.78,2.1,0,0,4.1,15.1,5.1,5.4,12.8,56,1.4,1.8,15.2,42.2,31.9,6.5,2.3,44.9,55.1,66324,100333
"2107",6037278102,"06","037","278102",3158,33.958307,-118.44746,"Census Tract 2781.02, Los Angeles County, California",989700,1667,94,4.8,2.24,1.75,1.6,0.5,3.8,13.4,19.1,16.3,32.9,8.2,4.3,1.9,18.5,38.9,29.8,8,2.8,46.2,53.8,116603,157251
"2108",6037291110,"06","037","291110",3510,33.919874,-118.286475,"Census Tract 2911.10, Los Angeles County, California",421900,1265,118,4.3,3.25,2.97,0,11.5,8.3,0,11.5,23.2,21.1,18.2,6.1,9.4,20.2,37.9,23,9.6,0,32.9,67.1,34330,51573
"2109",6037291120,"06","037","291120",2210,33.913514,-118.289503,"Census Tract 2911.20, Los Angeles County, California",397300,654,0,3.4,2.93,3.66,4.3,4.3,8,6,0,24.5,27.5,9.5,16.1,1.7,44,26.5,20,7.8,0,30,70,27250,40306
"2110",6037291130,"06","037","291130",3582,33.902082,-118.288658,"Census Tract 2911.30, Los Angeles County, California",403500,1053,83,4.6,3.54,3.97,1.7,0,0.8,0.5,4.9,1.6,17,65.7,7.8,2.5,5.5,31.9,52.9,2.9,4.3,81.2,18.8,59219,61989
"2111",6037291210,"06","037","291210",4967,33.88648,-118.287895,"Census Tract 2912.10, Los Angeles County, California",383200,1556,128,4.4,2.94,3.6,2.5,3.7,1.3,19.9,6,14.2,32.2,17.4,2.9,3,17.7,32.1,39.5,4.4,3.4,42.2,57.8,43750,53654
"2112",6037291220,"06","037","291220",3353,33.879002,-118.287425,"Census Tract 2912.20, Los Angeles County, California",442000,1068,52,4.3,3.17,3.22,8.2,0,9.5,19.9,5.5,23.2,23.7,4,6,6.2,23.1,25.2,33.6,10.3,1.6,42.5,57.5,36250,52218
"2113",6037291300,"06","037","291300",2601,33.8628,-118.298949,"Census Tract 2913, Los Angeles County, California",462200,1018,31,5.4,2.52,1.88,0,0,1.8,5.4,11.1,13.4,57,11.4,0,3.4,8.2,11,60.9,15,1.5,78.9,21.1,56554,76607
"2114",6037292000,"06","037","292000",6543,33.842505,-118.305757,"Census Tract 2920, Los Angeles County, California",418200,1963,96,4.3,3.65,3.42,3.2,1.4,3.7,11.3,24.6,18.3,27.5,8.6,1.4,1.4,11.6,47.6,36.3,3.2,0,32,68,41620,56920
"2115",6037293201,"06","037","293201",6629,33.830931,-118.304741,"Census Tract 2932.01, Los Angeles County, California",404900,2187,159,4,3.29,2.83,0,1.4,8.5,4.7,12.1,14.2,28.4,20.2,10.6,6.5,28.9,42.5,18.2,1,3,34.8,65.2,53582,62525
"2116",6037293202,"06","037","293202",6742,33.821696,-118.304202,"Census Tract 2932.02, Los Angeles County, California",437100,1865,70,3.9,3.48,3.69,6.5,0.9,3,6,31.2,15.2,21.1,13.6,2.4,1,30.1,49.8,16.2,2.6,0.3,19.1,80.9,32988,40335
"2117",6037293301,"06","037","293301",2805,33.811154,-118.30356,"Census Tract 2933.01, Los Angeles County, California",479200,1089,15,5.3,2.89,2.13,0,0,0,5.7,55.7,37.6,0,0.3,0.7,2.4,12.6,7.2,58.4,19.5,0,75.5,24.5,80987,90140
"2118",6037293302,"06","037","293302",4720,33.800025,-118.303791,"Census Tract 2933.02, Los Angeles County, California",481500,1617,32,4.9,2.97,3.68,15.3,0.4,11.1,6.1,19,16.1,26.2,2.5,3.3,0.4,9.4,27,53.1,7.8,2.4,68.6,31.4,84063,87599
"2119",6037293304,"06","037","293304",4178,33.792571,-118.303809,"Census Tract 2933.04, Los Angeles County, California",422000,1488,26,3.9,3.16,2.81,0,0.9,4.3,39.6,5.5,7.5,21.2,5.6,15.3,2.7,39.2,30.8,23.1,4.1,0,30,70,43523,51867
"2120",6037293306,"06","037","293306",2189,33.782896,-118.304099,"Census Tract 2933.06, Los Angeles County, California",495700,828,0,5.1,2.88,3.31,5.6,5.7,0.1,10.7,4.5,22.5,23.4,21.7,5.8,1.7,12.6,36.5,32.7,12.1,4.5,74.9,25.1,78393,86252
"2121",6037293307,"06","037","293307",2306,33.786799,-118.303485,"Census Tract 2933.07, Los Angeles County, California",329400,954,130,4,2.73,2.95,0,2.1,5.5,37.2,20,18.1,15.8,1.3,0,3.2,24.6,57.5,8.5,6.1,0,31.2,68.8,53500,64235
"2122",6037294110,"06","037","294110",4140,33.799128,-118.260894,"Census Tract 2941.10, Los Angeles County, California",354900,1132,49,5.4,4.38,4.07,1,0,3.2,9.2,3.7,21.6,33.2,17.8,10.2,1.8,3.3,24.2,64.5,6.3,0,72.8,27.2,60372,72459
"2123",6037294120,"06","037","294120",2370,33.792868,-118.247499,"Census Tract 2941.20, Los Angeles County, California",291500,578,34,4.9,5.52,4.75,0,0,9.3,1,9.3,19.2,23.7,21.6,15.7,5.2,8.8,37,32.5,11.1,5.4,41,59,45682,53947
"2124",6037294200,"06","037","294200",4951,33.794638,-118.268931,"Census Tract 2942, Los Angeles County, California",391000,1381,35,5.2,3.92,3.18,0,3,6.7,6.2,13.5,12.7,23.8,7.7,26.2,9.1,11.5,32.4,29.6,12.1,5.4,64.7,35.3,66970,72633
"2125",6037294301,"06","037","294301",2448,33.794602,-118.277861,"Census Tract 2943.01, Los Angeles County, California",371500,672,0,5.4,3.74,3.55,0,0,0,0,1.2,35.7,32.3,12.5,18.3,3.3,9.5,20.5,47,10.4,9.2,75.7,24.3,70409,74322
"2126",6037294302,"06","037","294302",4754,33.784334,-118.277285,"Census Tract 2943.02, Los Angeles County, California",329700,1375,36,4.5,4.05,4.1,1.7,0,0.6,11.1,18.3,15.2,26.8,13.3,12.9,2,19.1,42.3,24.1,11.6,0.8,43.4,56.6,43390,50742
"2127",6037294410,"06","037","294410",4579,33.793317,-118.290896,"Census Tract 2944.10, Los Angeles County, California",244300,1734,35,4.7,3.3,3.13,1.2,7,34.7,25.7,16,4.8,4.7,6,0,0.3,9.2,49.4,28,9.1,4,45.3,54.7,61150,66609
"2128",6037294421,"06","037","294421",2950,33.791623,-118.298172,"Census Tract 2944.21, Los Angeles County, California",213600,1002,52,3.8,2.38,3.63,4.2,0,4.7,19.4,45.9,11.5,3.8,1,9.6,3.8,29.3,57.2,7.3,2.4,0,27.4,72.6,35610,46156
"2129",6037294510,"06","037","294510",4214,33.78624,-118.271858,"Census Tract 2945.10, Los Angeles County, California",365300,1054,118,4.3,4.94,4.68,5,3,8.9,15.7,15.5,12,12.9,10.2,16.7,8.4,24.4,34.1,25.9,3.8,3.4,36.2,63.8,39077,54632
"2130",6037294520,"06","037","294520",3564,33.786436,-118.265963,"Census Tract 2945.20, Los Angeles County, California",328800,946,8,4.2,3.69,4.39,1.1,1.5,7.3,6.8,20.5,0.8,12.4,12.6,37.1,3.6,24,44.6,20.7,7.1,0,26.7,73.3,42083,48639
"2131",6037294610,"06","037","294610",4065,33.786109,-118.2581,"Census Tract 2946.10, Los Angeles County, California",349400,1189,18,3.8,5,3.03,0,6.1,6.8,8.7,11.9,15.5,21.2,14.6,15.1,13.3,27.9,28.8,19.5,10.4,0,28.5,71.5,34030,46077
"2132",6037294620,"06","037","294620",4219,33.786793,-118.248273,"Census Tract 2946.20, Los Angeles County, California",364100,1089,24,4.3,4.47,4.24,1,8.5,6.9,1,12.4,17.4,14.3,22.2,16.3,2.6,18.6,45.5,20.3,10.3,2.7,42.9,57.1,40202,54652
"2133",6037294701,"06","037","294701",3019,33.781081,-118.25617,"Census Tract 2947.01, Los Angeles County, California",247200,959,116,3.5,3.4,3.81,0,2.8,4.4,10.7,13.3,6.6,18.5,3,40.7,21.1,32.8,28.9,13.7,3.1,0.4,18.5,81.5,27326,34074
"2134",6037294810,"06","037","294810",3991,33.779525,-118.271487,"Census Tract 2948.10, Los Angeles County, California",420000,1052,55,3.9,5.65,4.24,1.6,3.7,1.1,12.1,21.3,4.8,26,10.4,19,5,33.5,43.1,15,3.4,0,19.5,80.5,35506,40894
"2135",6037294820,"06","037","294820",3579,33.780027,-118.266187,"Census Tract 2948.20, Los Angeles County, California",410300,947,75,3.6,3.98,3.94,6.8,0,6.7,13.4,11.3,21.9,16.6,9.7,13.7,10.9,38.2,34.6,14.8,0,1.5,15.1,84.9,29756,38535
"2136",6037294830,"06","037","294830",3707,33.774614,-118.269717,"Census Tract 2948.30, Los Angeles County, California",324400,1013,39,4.2,3.44,4.05,0,0,11.8,1.1,2,14.2,22.8,25.3,22.8,11.5,23,26.9,31,5.2,2.3,19.8,80.2,30451,38180
"2137",6037294900,"06","037","294900",3265,33.775748,-118.276573,"Census Tract 2949, Los Angeles County, California",381900,595,27,5.1,4.94,4.55,18.3,8.2,2.4,5.2,9.7,10.8,13.6,15.8,16,0,10.1,34.5,50.4,3.9,1.2,40,60,37115,49928
"2138",6037295103,"06","037","295103",4875,33.763059,-118.303266,"Census Tract 2951.03, Los Angeles County, California",476000,2031,0,5.1,2.45,2.68,2.6,0,2.5,22.2,32.5,35,5.2,0,0,0,3.2,40.8,34.2,20.8,0.9,81,19,91406,102189
"2139",6037296210,"06","037","296210",3019,33.746313,-118.283866,"Census Tract 2962.10, Los Angeles County, California",415100,976,25,3.6,3.31,2.98,4.4,11.2,2.6,9.7,18.6,15.9,12.9,6.7,18,18.8,28.7,26.1,16.3,9,1.1,14,86,19580,28461
"2140",6037296220,"06","037","296220",4307,33.741735,-118.284008,"Census Tract 2962.20, Los Angeles County, California",273800,1516,234,3.7,1.52,2.69,7.2,4,4,12.1,17.6,10,17.5,17.5,10.1,7.5,36.5,39.2,11.3,5,0.5,4.7,95.3,20598,32213
"2141",6037296300,"06","037","296300",4221,33.755033,-118.302966,"Census Tract 2963, Los Angeles County, California",431900,1901,98,5,2.18,3.3,0,0.7,5,54.1,22.7,14.1,2.4,0,1.1,0,11.6,51.7,21.9,13.4,1.5,63.3,36.7,83495,94999
"2142",6037296401,"06","037","296401",3191,33.742191,-118.314357,"Census Tract 2964.01, Los Angeles County, California",532500,1318,147,5.3,2.47,1.32,1.2,0,0.5,1.1,30.3,13.7,49.4,2.7,1.2,0,9.8,37.5,46.5,3.2,3,91.1,8.9,94096,100198
"2143",6037296402,"06","037","296402",3091,33.745611,-118.303904,"Census Tract 2964.02, Los Angeles County, California",492300,1172,57,5.3,2.69,2.52,6.2,1.8,1.5,2.1,8.4,16.3,21.2,15.8,26.6,0.7,9.2,32.4,44.4,11,2.3,68.3,31.7,72279,83157
"2144",6037296500,"06","037","296500",3910,33.747401,-118.293716,"Census Tract 2965, Los Angeles County, California",407700,1375,73,4.3,3.15,3.24,0.9,1,7,17.2,12.7,13.7,10.6,14.4,22.5,6.8,18.5,44,19.4,10.2,1,37.3,62.7,40962,52514
"2145",6037296600,"06","037","296600",5218,33.739925,-118.29229,"Census Tract 2966, Los Angeles County, California",441500,2013,89,4.1,3.09,3.01,0.7,0.5,1.2,11.2,14.7,7.7,15.5,11.4,37.1,12.6,27.4,34.9,16.7,4.9,3.5,25.1,74.9,40479,52247
"2146",6037296901,"06","037","296901",4127,33.730184,-118.292807,"Census Tract 2969.01, Los Angeles County, California",358500,1697,227,3.8,1.99,2.75,0,0,1.2,0.6,24.1,8.7,12.8,15.2,37.4,1.3,41.9,41.2,13.3,1.1,1.2,16.7,83.3,40727,49066
"2147",6037296902,"06","037","296902",3851,33.734627,-118.295766,"Census Tract 2969.02, Los Angeles County, California",446600,1726,277,3.9,1.78,2.43,0.6,0,4,29.4,25.8,9.2,7.8,7.2,15.9,8.1,25.7,46.6,19.6,0,0,15.7,84.3,41612,55741
"2148",6037297000,"06","037","297000",5343,33.733284,-118.306841,"Census Tract 2970, Los Angeles County, California",635600,2457,234,4.8,2.67,1.79,0.6,0,8.3,6.5,13,11.4,21.2,13.3,25.7,0.8,22.3,34.1,37,3.4,2.3,48.1,51.9,65051,86855
"2149",6037297110,"06","037","297110",4679,33.734274,-118.28409,"Census Tract 2971.10, Los Angeles County, California",429300,1595,94,3.9,2.89,3.22,1.3,0,8.5,11.3,16.5,4.2,17.1,7.5,33.7,12.7,29.5,38.2,11.2,6.6,1.7,22.3,77.7,31990,42194
"2150",6037297120,"06","037","297120",3315,33.728228,-118.285066,"Census Tract 2971.20, Los Angeles County, California",367800,1235,104,3.9,2.93,2.99,2.3,0,2.8,4.7,16.6,8,26,7.8,31.7,8.9,28,44.1,14.1,4.9,0,16.2,83.8,43582,55006
"2151",6037297201,"06","037","297201",3475,33.724952,-118.291254,"Census Tract 2972.01, Los Angeles County, California",444900,1476,189,4.1,2.44,2.64,0,0,2.6,17.2,27.7,13.1,12.5,9.2,17.6,5.3,29.7,42.8,19.2,1.9,1.2,33.7,66.3,45618,69905
"2152",6037297202,"06","037","297202",3423,33.724625,-118.298939,"Census Tract 2972.02, Los Angeles County, California",424800,1531,124,4.3,2.8,2.18,0,0,5.8,0,29.2,9.4,21.9,3.4,30.2,5.2,24.8,37.5,23.5,9.1,0,35.7,64.3,56989,69635
"2153",6037297300,"06","037","297300",2374,33.723211,-118.307866,"Census Tract 2973, Los Angeles County, California",558800,852,0,5.8,2.24,2.72,0,1.2,7.3,23.9,5.6,4.7,14.3,15.6,27.3,0,8,37.2,34,19.7,1.1,48.2,51.8,67250,79958
"2154",6037297400,"06","037","297400",3603,33.724603,-118.321036,"Census Tract 2974, Los Angeles County, California",723400,1660,70,6,2.23,2.88,0.7,1.3,1.3,6.4,18.9,31,37.7,1,1.7,0,0.4,23.7,62.9,12.3,0.7,90.6,9.4,104907,119626
"2155",6037297500,"06","037","297500",5163,33.717882,-118.301073,"Census Tract 2975, Los Angeles County, California",593300,2268,139,5.3,2.5,2.34,0,1,4.1,4.3,13.6,10.6,30.1,29.2,7.2,1.7,4.8,37.4,42.9,9.8,3.4,64.4,35.6,72351,88924
"2156",6037297601,"06","037","297601",2594,33.711595,-118.287983,"Census Tract 2976.01, Los Angeles County, California",576900,1308,91,4.2,2.36,2.22,0,0,2.7,17.8,8.5,15.7,19.7,2.5,33.1,4.4,15.5,54.7,10.4,10.6,4.4,18.6,81.4,71275,84543
"2157",6037297602,"06","037","297602",3503,33.716228,-118.290248,"Census Tract 2976.02, Los Angeles County, California",478600,1787,127,4.4,2.76,2.35,2.4,0.4,6.6,9.1,18,18.4,15.1,1.7,28.4,0,22.9,46.8,24.3,4.7,1.2,36.8,63.2,76607,88706
"2158",6037300100,"06","037","300100",6002,34.238639,-118.236528,"Census Tract 3001, Los Angeles County, California",780500,2073,105,6,2.93,3.7,0.9,0,3.4,1.9,6.6,25.4,34.7,18.9,8.3,0,5.3,16.1,49.5,26.7,2.5,90.7,9.3,109087,138759
"2159",6037300200,"06","037","300200",5546,34.228841,-118.240158,"Census Tract 3002, Los Angeles County, California",652000,1973,54,5.3,3.23,2.55,1,5.3,4.9,9,1.9,7.6,34.1,23.3,12.9,0,13.9,23.6,48.9,11.8,1.8,71.9,28.1,84356,102082
"2160",6037300301,"06","037","300301",6140,34.241232,-118.255886,"Census Tract 3003.01, Los Angeles County, California",626900,2186,48,5.6,3.03,3.32,0,0,0.6,3.3,5.4,13.6,53.9,15.2,7.9,0,4,21.3,57.1,12.6,4.9,87.3,12.7,99151,113962
"2161",6037300400,"06","037","300400",5740,34.22902,-118.255875,"Census Tract 3004, Los Angeles County, California",537300,2095,153,4.9,2.88,2.93,0,1,2.8,10.4,7.9,10.2,23.6,27.9,16.2,0,9.2,40.1,40.1,9.6,1,74.1,25.9,90372,98200
"2162",6037300501,"06","037","300501",3868,34.220655,-118.241417,"Census Tract 3005.01, Los Angeles County, California",591300,1352,93,5.1,3.13,3.12,0,0,2.8,9.9,9.1,20.1,14.3,31.7,12.1,0,5.4,37.6,41.2,13.7,2.1,57.2,42.8,73781,83698
"2163",6037300502,"06","037","300502",6026,34.210936,-118.228067,"Census Tract 3005.02, Los Angeles County, California",552600,2691,184,4.4,2.44,2.31,1.9,3.9,8,12.9,4.3,15.5,15.8,21.3,16.4,0.4,22,46.1,29,1.9,0.6,35.2,64.8,67628,85251
"2164",6037300600,"06","037","300600",8053,34.211348,-118.239036,"Census Tract 3006, Los Angeles County, California",586100,3121,108,4.6,2.77,2.49,2.3,6.2,8.5,10.1,13.5,6.4,11.1,20.4,21.6,3.7,22.4,38,32.3,3.1,0.4,51.7,48.3,72321,85412
"2165",6037300701,"06","037","300701",6144,34.191658,-118.238825,"Census Tract 3007.01, Los Angeles County, California",866400,2186,65,6.4,2.98,2.35,0,0,2.7,12.3,4.1,10.9,24.3,21.2,24.4,0,2.1,17.3,51.2,19.7,9.7,87,13,106925,145424
"2166",6037300702,"06","037","300702",5604,34.172424,-118.249611,"Census Tract 3007.02, Los Angeles County, California",927600,2083,126,6.5,3,1.46,0,0.5,0.7,12.5,12.7,22.9,21.6,6.2,22.9,0,3.8,16.2,41.9,27.4,10.7,97,3,166378,185845
"2167",6037300800,"06","037","300800",6947,34.184907,-118.223666,"Census Tract 3008, Los Angeles County, California",638100,2852,125,4.5,2.51,2.14,1.2,2.1,2.1,5.9,16.9,19.7,26,10.4,15.5,0,17.5,46.2,23.1,10.3,2.8,58.3,41.7,76536,94913
"2168",6037300901,"06","037","300901",6463,34.169687,-118.20848,"Census Tract 3009.01, Los Angeles County, California",847200,2343,108,6.5,2.93,2.11,1.3,2.6,15.8,22.1,15.5,26.3,8.5,4.4,3.6,0,3.3,10.9,42.9,31.2,11.7,88.3,11.7,119485,162393
"2169",6037300902,"06","037","300902",1998,34.152763,-118.21062,"Census Tract 3009.02, Los Angeles County, California",748300,732,3,6.4,2.85,2.36,5.2,2.9,0,2.2,3.8,8.6,20.5,24.3,32.5,0,4.9,30.9,35.8,24.6,3.8,93.6,6.4,112768,120231
"2170",6037301000,"06","037","301000",4841,34.156559,-118.232287,"Census Tract 3010, Los Angeles County, California",668600,2114,157,4.1,2.74,2.52,0,1.3,2.4,4.1,7.7,13.9,28.9,20.2,21.6,0.8,32.2,36.5,23.3,6.6,0.6,39.4,60.6,56826,82239
"2171",6037301100,"06","037","301100",6491,34.162033,-118.248774,"Census Tract 3011, Los Angeles County, California",688100,2852,294,4.5,2.65,2.49,0,2,5.9,13,12.1,17.7,8.7,6.2,34.5,2,20.9,39.6,25.5,11.9,0.1,41.9,58.1,70897,96406
"2172",6037301203,"06","037","301203",4368,34.166166,-118.260711,"Census Tract 3012.03, Los Angeles County, California",425200,1964,85,4,2.59,2.09,0.5,2.3,4,10.8,31.8,9.4,14.9,6.8,19.6,3.1,29.1,48,17.3,2,0.6,40.3,59.7,63718,75022
"2173",6037301204,"06","037","301204",4990,34.16177,-118.260306,"Census Tract 3012.04, Los Angeles County, California",385300,2196,137,3.7,3.24,2.36,0,10.7,12.1,23.4,14.6,15.9,7.8,4.1,11.4,4.1,30.1,50.2,15.5,0,0,11.2,88.8,62715,72470
"2174",6037301205,"06","037","301205",2209,34.168225,-118.272866,"Census Tract 3012.05, Los Angeles County, California",687500,746,11,6,2.74,2.26,0,0,1.5,3.6,4.2,3.4,8,9.2,70.1,1.5,9.2,12.6,62.2,12.1,2.4,80.8,19.2,92772,104220
"2175",6037301206,"06","037","301206",5363,34.162963,-118.270267,"Census Tract 3012.06, Los Angeles County, California",635800,1986,122,4.2,2.31,2.84,2.5,0,4.5,15.2,7.9,16.9,17.2,12.3,23.6,3.9,11.7,57,24.6,2.8,0,40.9,59.1,51635,76055
"2176",6037301300,"06","037","301300",2016,34.174337,-118.271729,"Census Tract 3013, Los Angeles County, California",966100,722,0,7.1,2.95,5.19,2.5,0,1.1,0,2.1,15.8,14.4,6.1,58,0,0,13.7,49,32.1,5.1,97.8,2.2,132200,214648
"2177",6037301400,"06","037","301400",3865,34.180891,-118.284131,"Census Tract 3014, Los Angeles County, California",765300,1336,46,5.9,3.14,3.89,0,0,0,0,4.3,4.5,17.9,26.3,47,1.7,1.4,27.3,50.4,18,1.2,91.9,8.1,105147,125088
"2178",6037301501,"06","037","301501",1902,34.176255,-118.288314,"Census Tract 3015.01, Los Angeles County, California",617800,606,32,5.5,3.52,2.02,0,1,3,1.8,0.7,6.9,10.4,19.6,56.6,0,10.4,21.5,56.4,11.7,0,73.7,26.3,75682,95760
"2179",6037301502,"06","037","301502",6908,34.173257,-118.289422,"Census Tract 3015.02, Los Angeles County, California",466700,2635,37,3.7,2.85,2.77,0,0,1.4,26.5,25,9.1,11.3,11.3,15.3,0,28.4,59.8,11.1,0.6,0,10.9,89.1,42576,49965
"2180",6037301601,"06","037","301601",6198,34.169646,-118.291011,"Census Tract 3016.01, Los Angeles County, California",509800,2340,39,3.6,2.9,2.65,0,1.9,4.3,17.1,14,17.5,9.6,20.6,15.1,2.8,33,52,11.1,0.5,0.6,10.8,89.2,37129,46464
"2181",6037301602,"06","037","301602",3908,34.16232,-118.299252,"Census Tract 3016.02, Los Angeles County, California",568400,1753,130,4.1,2.84,2.19,0,0,1,3.8,9.5,6.7,13.2,26.9,38.8,9.4,31.7,29.8,25.7,2.7,0.6,39.9,60.1,54182,66011
"2182",6037301701,"06","037","301701",2849,34.158811,-118.273484,"Census Tract 3017.01, Los Angeles County, California",575900,1158,97,4.7,3.1,2.04,0,0.9,0,1.8,5,2,28.5,24.5,37.2,4.3,22.6,38.9,29.5,4.7,0,57.5,42.5,56941,65417
"2183",6037301702,"06","037","301702",5556,34.151048,-118.268315,"Census Tract 3017.02, Los Angeles County, California",483000,2098,196,3.7,4.1,2.74,1.5,2.1,10.4,20.1,15.7,8.5,11.4,4.9,25.4,6.5,29,40.9,20.2,2.2,1.2,25.4,74.6,45395,55522
"2184",6037301801,"06","037","301801",4079,34.154771,-118.261186,"Census Tract 3018.01, Los Angeles County, California",340700,1890,203,3.3,2.04,2.21,1.4,0,6.7,19.8,21.4,17.2,18.3,10.5,4.8,4.4,47.6,41.2,6.1,0,0.7,24.5,75.5,41924,52040
"2185",6037301802,"06","037","301802",3578,34.149468,-118.261408,"Census Tract 3018.02, Los Angeles County, California",320700,1352,87,3.9,2.45,2.77,0,8.1,10,38.1,5.7,5.3,4.4,12.8,15.6,3.6,20.6,53,22.7,0,0,28.5,71.5,34622,54698
"2186",6037301900,"06","037","301900",7810,34.154349,-118.247669,"Census Tract 3019, Los Angeles County, California",442100,3298,190,4.1,2.33,2.41,0.8,0.8,9.3,24.4,24.8,8.6,5.2,8.1,18,4.2,22.3,55.3,16.8,1.1,0.4,36,64,52667,71753
"2187",6037302002,"06","037","302002",3532,34.15005,-118.250541,"Census Tract 3020.02, Los Angeles County, California",349200,1667,48,3.7,1.73,2.16,0,0,5.9,25.9,25.2,19.1,12.9,2.3,8.6,5.6,42.1,46.3,6.1,0,0,28.5,71.5,41478,60661
"2188",6037302003,"06","037","302003",3578,34.148901,-118.243663,"Census Tract 3020.03, Los Angeles County, California",384500,1458,107,3.6,2.27,2.69,3.2,0,8.8,26.2,21.3,7.5,9.1,11,13,10.6,30.2,43.3,13.9,0,2,16.9,83.1,34738,57435
"2189",6037302004,"06","037","302004",4214,34.149012,-118.238623,"Census Tract 3020.04, Los Angeles County, California",428300,1676,43,3.6,3.44,2.42,0,0,6.6,16.5,18.9,4.5,12.8,15.5,25.2,7.1,41.8,39.9,10.4,0.8,0,8.3,91.7,41982,70319
"2190",6037302102,"06","037","302102",6439,34.135964,-118.235844,"Census Tract 3021.02, Los Angeles County, California",529400,2688,205,3.8,2.31,2.49,0,0.5,0.4,4.4,13.7,21.1,15.8,12.8,31.2,4.9,34.7,40.7,15.1,4,0.6,33.5,66.5,43926,63208
"2191",6037302103,"06","037","302103",5504,34.142598,-118.237975,"Census Tract 3021.03, Los Angeles County, California",482000,2034,66,3.8,3.11,3.03,0.3,0,1.8,22.9,18.4,14.6,8.8,5.8,27.4,2.1,33.3,38.1,20.8,5.7,0,22.8,77.2,38400,50501
"2192",6037302104,"06","037","302104",3917,34.145021,-118.231783,"Census Tract 3021.04, Los Angeles County, California",346300,1552,65,3.7,3.18,2.5,0,0,4.8,14,29.6,11.9,10.5,9.2,19.9,4.5,41.9,41.2,12.3,0,0,12.3,87.7,43973,56979
"2193",6037302201,"06","037","302201",3856,34.144568,-118.2469,"Census Tract 3022.01, Los Angeles County, California",578300,1572,49,3.2,2.7,2.18,3.8,7.9,7.8,29.8,9.7,8.8,9.7,1.9,20.6,12,42.5,43.1,2.4,0,0,8.4,91.6,21434,40821
"2194",6037302202,"06","037","302202",5254,34.140473,-118.247653,"Census Tract 3022.02, Los Angeles County, California",389900,1928,148,3.7,3.4,2.72,0.4,0,5.7,20.5,14.5,12.5,8.8,9.5,28.2,7.9,31.9,47.5,10.4,2.3,0,16.7,83.3,35610,45701
"2195",6037302301,"06","037","302301",3790,34.144717,-118.263899,"Census Tract 3023.01, Los Angeles County, California",423100,1467,141,3.8,2.94,2.63,7.2,6.9,6.8,20.6,18.7,16.8,4.6,9.5,8.9,4.8,25.6,56.4,13.3,0,0,25.3,74.7,47353,56760
"2196",6037302302,"06","037","302302",4895,34.139901,-118.260487,"Census Tract 3023.02, Los Angeles County, California",527000,1834,52,3.4,3.36,2.68,2.9,1,11.3,14.2,8.9,10.6,14.2,10.7,26.1,8.5,38.2,45.3,4.7,1.3,2.1,8.5,91.5,38286,47190
"2197",6037302401,"06","037","302401",5944,34.133414,-118.258709,"Census Tract 3024.01, Los Angeles County, California",392400,2269,61,3.2,2.8,2.38,4.3,4.5,13.4,15.2,8.3,8.2,14.9,2.5,28.8,12.4,47.3,34.9,5.4,0,0,11.1,88.9,39191,45097
"2198",6037302503,"06","037","302503",4330,34.137501,-118.246672,"Census Tract 3025.03, Los Angeles County, California",401900,1493,28,3.5,3.09,2.85,0,0,5.6,29.7,13.1,9.8,2,10.5,29.3,5.2,37,46.8,10.2,0.9,0,9.4,90.6,28780,37769
"2199",6037302504,"06","037","302504",4234,34.135241,-118.248174,"Census Tract 3025.04, Los Angeles County, California",395100,1512,38,3.4,3.29,2.94,0,0,6.9,12.2,24.6,6.3,10.1,9.9,30,7.5,39.9,42.6,8.9,1.1,0,13.8,86.2,33916,42745
"2200",6037302505,"06","037","302505",3749,34.128128,-118.252251,"Census Tract 3025.05, Los Angeles County, California",284000,1357,59,3.3,2.69,2.99,0.3,1.5,5.2,11.3,15.5,24.3,6.7,8.7,26.5,13,40.7,38.9,6.4,0.3,0.7,7.9,92.1,26118,44613
"2201",6037302506,"06","037","302506",3534,34.130892,-118.246205,"Census Tract 3025.06, Los Angeles County, California",582900,1375,0,3.9,3.1,2.51,0,0,2,11,12.6,22.5,10.3,2.8,38.8,4.3,32.4,36.7,25.4,1.3,0,37.7,62.3,54495,62557
"2202",6037310100,"06","037","310100",5849,34.205306,-118.316163,"Census Tract 3101, Los Angeles County, California",807200,2069,102,6.3,2.71,3.34,1.6,4.9,4.3,12.7,13.1,7.6,45.8,4.8,5.2,0,1.4,16.5,42.2,28.8,11,89.9,10.1,85250,126716
"2203",6037310201,"06","037","310201",5466,34.190641,-118.30492,"Census Tract 3102.01, Los Angeles County, California",653400,2108,65,4.7,2.96,2.36,4.7,4.8,4.4,12.2,13.9,10,17.1,11.4,21.3,2.6,18.4,41.3,26.7,7.6,3.4,49.1,50.9,66231,78745
"2204",6037310202,"06","037","310202",4985,34.185665,-118.297863,"Census Tract 3102.02, Los Angeles County, California",674100,1800,0,4.3,3.12,2.56,0.7,0.6,3,6.9,13,21.3,12.2,20.8,21.4,2.1,20.6,45.4,24.8,5.1,2.1,38.8,61.2,65974,83132
"2205",6037310300,"06","037","310300",2987,34.199728,-118.318417,"Census Tract 3103, Los Angeles County, California",698800,1057,64,5.8,2.88,3.34,0,0.7,0,2.1,2.1,3.8,82.2,9.2,0,0,0,3.1,85,8.3,3.6,85.1,14.9,85398,104810
"2206",6037310400,"06","037","310400",3379,34.202185,-118.332983,"Census Tract 3104, Los Angeles County, California",634000,1339,11,5.5,2.87,2.25,0.6,2.1,1.2,2,1.7,5.8,39.1,43.2,4.2,0.7,18.1,30.1,33.9,16.4,0.9,59.9,40.1,65313,75395
"2207",6037310501,"06","037","310501",3205,34.194635,-118.340568,"Census Tract 3105.01, Los Angeles County, California",473500,1162,109,3.6,3.77,3.01,1.5,6.5,9.1,5,4.2,15.8,19,25.9,13,5.9,30.3,49.3,13.3,0,1.2,18.2,81.8,45197,61071
"2208",6037310601,"06","037","310601",5716,34.194607,-118.326726,"Census Tract 3106.01, Los Angeles County, California",472000,2369,93,3.6,3.04,2.36,0,0,6.5,15.9,17.6,11.3,16.9,20.7,11.1,7.3,33.4,40.6,10.5,7,1.2,28.5,71.5,52824,68209
"2209",6037310602,"06","037","310602",2655,34.192655,-118.319056,"Census Tract 3106.02, Los Angeles County, California",784700,1150,54,3.7,2.37,2.34,0,0,6.4,11.2,12.3,12.2,15.8,30.5,11.5,3.5,23,48.3,20.6,4.6,0,33.1,66.9,90357,102934
"2210",6037310701,"06","037","310701",2361,34.18734,-118.309987,"Census Tract 3107.01, Los Angeles County, California",419400,1148,32,3.6,1.77,2.27,4.2,8.3,5.6,19.2,24.3,22.4,9.1,3.4,3.6,3.6,38.6,44.9,12.9,0,0,12,88,38611,54277
"2211",6037310702,"06","037","310702",7104,34.182,-118.304638,"Census Tract 3107.02, Los Angeles County, California",397100,3655,241,3.2,2.28,2.03,9.3,14.5,16.5,21.7,17,9.7,5.4,2.9,3,7.2,47.3,39,6.5,0,0,17.1,82.9,41143,64111
"2212",6037310703,"06","037","310703",5114,34.178702,-118.298927,"Census Tract 3107.03, Los Angeles County, California",456800,2120,0,3.5,3.2,2.49,4.2,0,6.2,12.7,32.1,13.3,8.3,10.3,12.8,2.2,35.8,50.5,10.9,0.7,0,11.5,88.5,53811,55411
"2213",6037310800,"06","037","310800",4909,34.172324,-118.323566,"Census Tract 3108, Los Angeles County, California",571600,2077,38,5,2.61,2.07,2.3,3,7.1,4,2.8,9.3,16.5,27.8,27.2,0.7,22.9,36.3,27.6,7.5,5,59.9,40.1,58606,87145
"2214",6037310900,"06","037","310900",6870,34.181461,-118.331017,"Census Tract 3109, Los Angeles County, California",521000,2460,15,5.3,2.74,2.4,1.5,0,2.5,2,4.6,10.4,13.3,39.4,26.2,0.7,7,39,42.5,8.6,2.3,71.6,28.4,79665,88682
"2215",6037311000,"06","037","311000",3755,34.184074,-118.343085,"Census Tract 3110, Los Angeles County, California",578500,1457,22,4.8,2.83,2.04,0.7,2.3,0.5,2,7.5,10.5,13.2,49.9,13.4,5.2,21.1,28.2,36.8,8.1,0.6,59,41,67740,74167
"2216",6037311100,"06","037","311100",3897,34.183769,-118.354062,"Census Tract 3111, Los Angeles County, California",517700,1396,68,4.9,3.05,2.26,0,0,0,2.4,6.2,8.7,7.1,58.2,17.5,2.1,16.2,37,39.5,4.3,1,66.5,33.5,71571,77543
"2217",6037311200,"06","037","311200",3138,34.172194,-118.352851,"Census Tract 3112, Los Angeles County, California",559600,1292,156,4.7,3.03,2,0.8,3.9,5.9,0,4.6,14.2,18.7,39.3,12.5,4,17.5,38.9,28,11.6,0,59.3,40.7,74524,86355
"2218",6037311300,"06","037","311300",3811,34.174259,-118.343274,"Census Tract 3113, Los Angeles County, California",573700,1473,75,4.9,2.76,2.15,0,0,0.7,3.7,4.6,2.2,16.4,54,18.5,2,17.6,36.9,37.7,5.8,0,70,30,75870,100016
"2219",6037311400,"06","037","311400",2274,34.162716,-118.350033,"Census Tract 3114, Los Angeles County, California",693000,1012,73,5.3,2.65,2.49,0,1,0,1.8,1.3,3.9,13.7,39.1,39.2,0,14.4,45.3,28,12.2,0.2,51,49,67679,92173
"2220",6037311500,"06","037","311500",5633,34.164299,-118.338127,"Census Tract 3115, Los Angeles County, California",603000,2475,112,4.4,2.69,1.89,0,0,9.9,7.2,6.7,6.3,16.4,35.2,18.4,1.8,29.1,36.8,29,3.3,0,46.6,53.4,70213,87151
"2221",6037311600,"06","037","311600",7249,34.154188,-118.342874,"Census Tract 3116, Los Angeles County, California",534300,3967,376,3.7,2.32,1.94,0.6,0.8,10.3,13.2,11.7,19.4,13.2,20.6,10.2,7.1,38.1,39.5,12.3,2.5,0.6,28.3,71.7,75404,86630
"2222",6037311700,"06","037","311700",6137,34.162597,-118.320259,"Census Tract 3117, Los Angeles County, California",611800,2756,301,5.3,2.88,1.93,1,0.4,0.9,3.4,9.4,10.4,15.6,30.6,28.3,7.1,18,32.4,28.7,12.2,1.6,56.7,43.3,76194,98877
"2223",6037311801,"06","037","311801",3033,34.166187,-118.306739,"Census Tract 3118.01, Los Angeles County, California",621300,1381,32,4.1,2.72,2.39,1,0,2.7,15.4,5.6,19.2,31.4,13.6,11.1,4.2,30.3,45.8,19.7,0,0,20.5,79.5,54080,69752
"2224",6037311802,"06","037","311802",3813,34.171494,-118.311613,"Census Tract 3118.02, Los Angeles County, California",612400,1493,121,3.3,4.27,2.58,0.9,0,1.7,25.9,31.3,7.7,8.6,14.8,9.1,4.3,39.8,47.2,7,0,1.7,10.6,89.4,48077,59162
"2225",6037320000,"06","037","320000",0,34.13876,-118.350932,"Census Tract 3200, Los Angeles County, California",NA,0,0,NA,NA,NA,NA,NA,NA,NA,NA,NA,NA,NA,NA,NA,NA,NA,NA,NA,NA,NA,NA,NA,NA
"2226",6037320100,"06","037","320100",7144,34.296494,-118.42996,"Census Tract 3201, Los Angeles County, California",349800,1778,86,5.5,4.07,4.21,1.9,3.5,0.9,7.4,6,10.4,44.7,16.9,8.3,2.9,8.2,25.2,48.7,10.9,4.2,67.1,32.9,57146,70294
"2227",6037320201,"06","037","320201",3756,34.28739,-118.44038,"Census Tract 3202.01, Los Angeles County, California",238300,1181,91,4.1,3.7,3.64,7.8,1.9,0,7.4,12.7,0,40.6,12.4,17.3,5.4,29.9,42.8,16.8,5.1,0,27,73,35000,45975
"2228",6037320202,"06","037","320202",5797,34.290422,-118.435571,"Census Tract 3202.02, Los Angeles County, California",297700,1562,0,5.5,3.56,3.78,0,0,1.3,4.9,2.5,13.8,32.5,26.1,18.8,0,17.1,30.9,45.8,6.2,0,62.2,37.8,57188,63898
"2229",6037320300,"06","037","320300",6948,34.281519,-118.446699,"Census Tract 3203, Los Angeles County, California",354100,1985,121,4.5,3.79,3.61,2.8,2.2,2.7,5.9,6.5,12.3,23.5,17.3,26.9,3.1,19.8,35.6,29.3,8.8,3.4,50.6,49.4,42622,50262
"2230",6037400204,"06","037","400204",6454,34.131968,-117.763383,"Census Tract 4002.04, Los Angeles County, California",687600,2155,0,7.5,2.94,2.08,0,0,15.9,55.4,23.6,0.5,4.7,0,0,0,0.9,0.8,31.7,58.8,7.7,98.3,1.7,122102,129122
"2231",6037400205,"06","037","400205",3204,34.140127,-117.708494,"Census Tract 4002.05, Los Angeles County, California",955900,1067,72,8,2.99,4.74,10.5,12,8.1,20.1,17.1,16.2,2.5,9.1,4.5,0,0,5.4,29.9,36.5,28.2,92.2,7.8,177734,239764
"2232",6037400206,"06","037","400206",5328,34.126538,-117.715268,"Census Tract 4002.06, Los Angeles County, California",641700,1868,80,7.2,2.93,3.46,0.7,1.4,0.4,4.6,62.1,22.4,6,0.9,1.4,0,0.7,3.6,26,59.2,10.5,93.9,6.1,138571,150130
"2233",6037400207,"06","037","400207",4798,34.133442,-117.776934,"Census Tract 4002.07, Los Angeles County, California",646900,1566,68,7,3.07,4.04,0.8,0.7,11.9,20.8,33.8,30.3,0.7,0,1.1,0,1.1,1.2,39.1,42.5,16.1,95.5,4.5,106917,122559
"2234",6037400302,"06","037","400302",3016,34.112824,-117.78968,"Census Tract 4003.02, Los Angeles County, California",483700,1174,0,5.7,3.22,1.79,0,0,2.2,9.8,50.3,21.2,10.8,5.6,0,0.8,19.8,8.9,36.1,30.8,3.5,61.2,38.8,80417,85772
"2235",6037400304,"06","037","400304",6714,34.107576,-117.799926,"Census Tract 4003.04, Los Angeles County, California",432600,2497,16,4.8,2.81,2.66,0.6,0.8,9.6,16.1,30.4,22.3,12.9,5.2,2.1,2.7,10.4,32.2,41.9,10,2.8,50.3,49.7,70513,74865
"2236",6037400402,"06","037","400402",4125,34.132892,-117.831873,"Census Tract 4004.02, Los Angeles County, California",547900,1419,64,6.1,3.35,3.06,2.3,5.4,0.4,9,16.8,28.6,35.5,1.5,0.4,0,1.7,16.5,42.6,33.5,5.6,77.4,22.6,89018,113160
"2237",6037400403,"06","037","400403",3815,34.125392,-117.798071,"Census Tract 4004.03, Los Angeles County, California",534000,1314,23,6.1,2.75,2.9,0,0,7,32.5,35.8,16.1,3.2,3.5,1.9,0,4.2,23.5,37.8,26.5,8,71.8,28.2,98310,113657
"2238",6037400404,"06","037","400404",4453,34.143086,-117.837424,"Census Tract 4004.04, Los Angeles County, California",670000,1518,63,7,3.02,3.25,0,1.6,4,10.7,20.3,27.2,32.6,2.1,1.5,0,1.3,2.6,41.5,46.2,8.5,89.8,10.2,107434,120675
"2239",6037400501,"06","037","400501",2126,34.151848,-117.860431,"Census Tract 4005.01, Los Angeles County, California",904400,730,26,8,3.18,3.06,3.4,1.1,4.8,12.3,26,24.5,17.8,1.1,8.9,3.8,0,9.3,29.7,34.9,22.2,92.9,7.1,134773,245135
"2240",6037400602,"06","037","400602",4719,34.139565,-117.908019,"Census Tract 4006.02, Los Angeles County, California",413100,1466,33,4.5,2.76,3.56,0,0.5,11.8,10.6,10.7,16.4,25.2,12.4,12.3,4,16.8,38.1,28.7,11.1,1.2,54.7,45.3,50518,63753
"2241",6037400603,"06","037","400603",5249,34.148746,-117.912984,"Census Tract 4006.03, Los Angeles County, California",353900,1938,129,5,2.71,2.65,1.4,9.9,6,23.2,46.4,4.8,6.8,1.4,0,0.4,6.5,39.6,32.6,18.4,2.5,68.9,31.1,73396,82388
"2242",6037400604,"06","037","400604",2980,34.144669,-117.903797,"Census Tract 4006.04, Los Angeles County, California",404200,1036,58,5,2.48,3.66,6.2,7.6,2.3,45.9,15.7,10.4,9.2,1.4,1.3,4.1,5.6,41.1,29.8,16.4,3,72.4,27.6,64808,76687
"2243",6037400800,"06","037","400800",3967,34.133573,-117.888219,"Census Tract 4008, Los Angeles County, California",414000,934,53,5.2,2.49,2.73,4.1,2,10.3,11.7,32.8,8.5,24.7,2,4,0.6,13.3,37.4,32.2,13.4,3.1,68.8,31.2,56058,74395
"2244",6037400900,"06","037","400900",4086,34.134717,-117.877056,"Census Tract 4009, Los Angeles County, California",460300,1429,121,5.3,3.09,2.71,5.2,3.9,1.1,3.3,11.6,22.3,40,8.3,4.3,0.8,8.7,21.1,53.4,14.1,1.9,63.5,36.5,70933,79255
"2245",6037401001,"06","037","401001",3140,34.141444,-117.852763,"Census Tract 4010.01, Los Angeles County, California",626900,1058,30,6.5,3.06,3.03,0,0,1.5,2.2,7.4,19.8,60.9,6.1,2.2,0,1.8,3.9,70,20.6,3.7,90.7,9.3,110270,130393
"2246",6037401002,"06","037","401002",3973,34.141395,-117.865768,"Census Tract 4010.02, Los Angeles County, California",535600,1652,42,5.2,2.79,2.11,0,2.6,0,14.5,9.8,13.9,30.3,10.3,18.6,3.8,18.8,26.3,40.7,8,2.4,51.1,48.9,60305,84719
"2247",6037401101,"06","037","401101",5663,34.128954,-117.855595,"Census Tract 4011.01, Los Angeles County, California",452500,1950,85,4.6,3.11,2.27,2.9,0,7.1,12.1,9.8,18.9,39.1,6.7,3.5,1.5,22.5,27.3,33.3,14.1,1.3,42.1,57.9,56916,67395
"2248",6037401102,"06","037","401102",3101,34.130697,-117.866554,"Census Tract 4011.02, Los Angeles County, California",433700,1125,61,4.7,2.68,2.42,1.1,0,6,8.1,13.9,17.2,37.3,8.5,8,4,15.9,31.6,40.1,6,2.4,42.6,57.4,65833,69850
"2249",6037401201,"06","037","401201",3110,34.124726,-117.830612,"Census Tract 4012.01, Los Angeles County, California",497300,1091,0,5.9,2.93,2.54,0,1.6,4.2,14.6,15.3,39,23.6,1.6,0,0,1.4,17.6,41.6,35.2,4.2,75.9,24.1,87652,108064
"2250",6037401202,"06","037","401202",4371,34.11179,-117.839013,"Census Tract 4012.02, Los Angeles County, California",416900,1368,51,5.9,3.3,4.1,0,0,5,14.7,14.1,33.2,27.9,3.8,1.3,0,2.6,13.4,52.7,29.7,1.7,88.7,11.3,83125,90447
"2251",6037401203,"06","037","401203",5216,34.11122,-117.855104,"Census Tract 4012.03, Los Angeles County, California",429000,1735,130,5.5,3.29,3.37,0.6,1.8,4,11.4,22.8,39.9,12.7,5.4,1.3,0,0.7,16.7,58.2,22.7,1.8,77.7,22.3,77540,82983
"2252",6037401303,"06","037","401303",2199,34.070794,-117.822337,"Census Tract 4013.03, Los Angeles County, California",668100,765,0,7,2.74,NA,0,0,27.6,41.2,21.6,3.8,3.9,0,2,0,0,3,39.7,45.5,11.8,87.3,12.7,82621,104837
"2253",6037401304,"06","037","401304",5642,34.081683,-117.829381,"Census Tract 4013.04, Los Angeles County, California",574600,2227,10,6.4,2.86,2.04,9.6,3.6,7.5,20.9,46.5,8.4,2.3,1.3,0,2.8,11,9.7,33.5,37.2,5.6,86.5,13.5,88375,111963
"2254",6037401311,"06","037","401311",6521,34.112833,-117.81401,"Census Tract 4013.11, Los Angeles County, California",372100,2494,152,4.9,3.02,2.72,0,0,7.7,21.2,27.8,10.8,13.8,4.7,14,0.5,7.1,43.1,38.1,8.9,2.3,58.2,41.8,67181,84146
"2255",6037401312,"06","037","401312",5575,34.099682,-117.830701,"Census Tract 4013.12, Los Angeles County, California",333200,1904,66,5.4,2.66,3.56,3.2,9.5,8.1,13.7,41.5,18.9,3.4,0,1.7,2.7,3.4,29.9,42.9,18.8,2.5,91.6,8.4,72679,78686
"2256",6037401500,"06","037","401500",5572,34.098475,-117.774136,"Census Tract 4015, Los Angeles County, California",360000,1871,153,4.9,3,2.51,3.5,1.4,9.7,20.1,16.1,18.5,8.7,5.7,16.3,0.3,13.9,32.4,37.9,13.5,1.9,72.6,27.4,59091,68308
"2257",6037401601,"06","037","401601",5034,34.116737,-117.763697,"Census Tract 4016.01, Los Angeles County, California",169200,2123,46,5.5,2.44,2.6,1.2,3.3,4.4,6.7,77.3,1.3,5.1,0.6,0,0.6,7.3,43.3,22.6,26.2,0,80.8,19.2,64740,76426
"2258",6037401602,"06","037","401602",5282,34.105462,-117.763466,"Census Tract 4016.02, Los Angeles County, California",432600,1872,121,4.8,3.06,3.02,0,3.5,2.5,2.9,31.6,25.6,22.2,4.7,6.9,0,6.1,46.2,31.6,15.1,1,50.9,49.1,68614,72272
"2259",6037401603,"06","037","401603",2913,34.110877,-117.777393,"Census Tract 4016.03, Los Angeles County, California",353800,1272,62,5.2,2.47,2.34,1.3,13.1,3.9,6.6,34.1,14.2,12.3,10.9,3.6,0,9.4,42.3,27,16.7,4.6,77.1,22.9,52000,67340
"2260",6037401701,"06","037","401701",4137,34.112715,-117.743656,"Census Tract 4017.01, Los Angeles County, California",425700,1764,203,5.5,2.7,1.86,3.3,2.9,10.9,16.3,10.8,28.7,23.5,1.5,2.2,0.9,15.8,25.5,37.4,16.6,3.8,79.3,20.7,71563,84581
"2261",6037401703,"06","037","401703",4176,34.103607,-117.751591,"Census Tract 4017.03, Los Angeles County, California",412000,1596,205,4.3,3.26,2.29,4,4.6,11.7,17.6,26.6,21.9,10,0.8,2.7,1.1,27.6,33.3,22.3,15.3,0.4,41.2,58.8,57208,63714
"2262",6037401704,"06","037","401704",5828,34.101175,-117.741713,"Census Tract 4017.04, Los Angeles County, California",267300,2059,80,4.1,3.61,2.11,3.4,15.2,5.6,8.7,14.3,29.6,18.6,2,2.5,3,40.5,15,30.6,8,3,48.5,51.5,50640,61802
"2263",6037401800,"06","037","401800",7378,34.114511,-117.718062,"Census Tract 4018, Los Angeles County, California",548700,2825,67,6.2,2.56,2.44,0.5,0.6,4.7,21.2,14.8,37.8,15.4,3.9,1,1.1,6.7,17.8,41,29,4.5,74.1,25.9,82500,99971
"2264",6037401901,"06","037","401901",4610,34.10217,-117.70876,"Census Tract 4019.01, Los Angeles County, California",812500,212,21,5,1.83,2.71,26.4,4.2,0,11.8,11.3,9.4,11.3,5.7,19.8,0,19.3,33.5,31.1,16,0,18.8,81.2,57375,86504
"2265",6037401902,"06","037","401902",5711,34.100144,-117.725544,"Census Tract 4019.02, Los Angeles County, California",612600,2801,219,4.5,2.34,1.84,3.1,2.6,3.3,2.4,8.3,18.5,30.6,6.8,24.4,2.2,24.7,37.8,24.3,9.2,1.8,40.2,59.8,71898,91337
"2266",6037402001,"06","037","402001",3080,34.087216,-117.725983,"Census Tract 4020.01, Los Angeles County, California",393800,1125,51,4.7,2.84,2.84,0,0,7.6,4,22,13,53.4,0,0,1.8,3.6,44.6,44.7,4.4,0.9,46.6,53.4,34005,47573
"2267",6037402002,"06","037","402002",3913,34.087517,-117.713995,"Census Tract 4020.02, Los Angeles County, California",431900,1593,89,4.7,2.41,2.21,4,1,14.6,22,1.8,22.3,22.2,5.7,6.5,0,29.5,22.3,34.5,13.2,0.6,53.8,46.2,64322,76273
"2268",6037402101,"06","037","402101",4623,34.085767,-117.733416,"Census Tract 4021.01, Los Angeles County, California",329500,1130,18,5.4,4.21,4.27,0,0,12.3,4.8,5.1,9.8,62,4.6,1.3,0,0,10.6,68.2,19.8,1.3,79.5,20.5,59615,65388
"2269",6037402102,"06","037","402102",4815,34.085059,-117.745298,"Census Tract 4021.02, Los Angeles County, California",300200,1354,116,5.3,4.01,3.51,0,0.8,3.6,9.9,10.3,31.2,31.7,9.6,2.9,0.6,3.9,25.2,60.3,10,0,66.6,33.4,56293,60482
"2270",6037402200,"06","037","402200",6584,34.079538,-117.761903,"Census Tract 4022, Los Angeles County, California",406100,2161,30,5.5,2.85,3.42,0.6,0,2.7,19.2,5.7,21.2,25.5,16.1,9,3.6,12.3,21.7,44.3,12.6,5.5,73.1,26.9,62299,72208
"2271",6037402301,"06","037","402301",5454,34.067421,-117.77022,"Census Tract 4023.01, Los Angeles County, California",326500,1377,83,4.9,4.57,4.41,3.8,0,0.7,2.7,15.3,17.9,34.1,9.5,16.1,1,6.1,42.2,40.2,9.7,0.7,55.6,44.4,53548,63796
"2272",6037402303,"06","037","402303",3996,34.066527,-117.756179,"Census Tract 4023.03, Los Angeles County, California",309900,1219,112,3.7,4.23,3.49,0,0,1.7,0.3,12.9,12.9,21.4,9.8,41,2.5,30.3,44,18.6,2.9,1.7,33.8,66.2,42314,55379
"2273",6037402304,"06","037","402304",3848,34.06216,-117.767677,"Census Tract 4023.04, Los Angeles County, California",223100,1042,34,3.5,5.48,4.05,1.6,0,2.3,1.7,17.9,34.1,10.5,12.9,19.1,5.9,35.3,41.5,13.8,0.9,2.7,23,77,30116,34959
"2274",6037402402,"06","037","402402",7076,34.051504,-117.784039,"Census Tract 4024.02, Los Angeles County, California",277300,2169,207,4.6,3.56,2.59,0.9,0.8,13.7,21.4,15.6,8.2,20.9,16.9,1.5,0.5,27.9,24.2,40.6,6.8,0,55.1,44.9,57789,61164
"2275",6037402403,"06","037","402403",5381,34.052914,-117.809065,"Census Tract 4024.03, Los Angeles County, California",214500,1101,116,5.4,3.54,4.86,4.4,5.1,10.4,4.5,23.5,19.3,31.1,1.6,0,2.1,3.3,27.1,39.4,27.6,0.5,79.8,20.2,51760,53161
"2276",6037402404,"06","037","402404",1945,34.059827,-117.818861,"Census Tract 4024.04, Los Angeles County, California",NA,9,0,NA,NA,2,0,0,0,0,0,0,100,0,0,0,100,0,0,0,0,0,100,NA,NA
"2277",6037402405,"06","037","402405",3006,34.066231,-117.792973,"Census Tract 4024.05, Los Angeles County, California",279800,662,0,5.6,4.68,4.52,0,0,0,0,12.4,20.8,62.5,1.8,2.4,2,0,9.5,53.9,33.1,1.5,81.4,18.6,53125,89630
"2278",6037402406,"06","037","402406",4776,34.066581,-117.782465,"Census Tract 4024.06, Los Angeles County, California",284600,1186,143,4.5,4.38,3.82,4.7,2.6,13.4,18.7,12.6,21.1,16.1,2.6,8.1,0.6,11.2,45.3,28.8,11.7,2.4,54.9,45.1,55430,62300
"2279",6037402501,"06","037","402501",5577,34.054033,-117.765504,"Census Tract 4025.01, Los Angeles County, California",137500,1365,172,4.3,4.8,4.6,0,0,9.4,10.9,8.1,23.6,16.9,14.9,16.1,7.3,16.6,39.3,28,7.2,1.6,26.3,73.7,36479,44534
"2280",6037402502,"06","037","402502",7225,34.047847,-117.760138,"Census Tract 4025.02, Los Angeles County, California",255000,1743,75,4.5,4.58,4.23,8.8,12.6,2.4,20.7,0.7,10,17,18.3,9.4,3.3,12.7,41.4,34.3,7.5,0.8,28.8,71.2,41233,43865
"2281",6037402600,"06","037","402600",7453,34.068751,-117.743013,"Census Tract 4026, Los Angeles County, California",372000,2605,133,4.8,3.34,3.69,1.2,0,0.4,3.5,12.9,4.6,16,4.9,56.5,3.8,21.1,32.6,31.4,8.3,2.8,44.6,55.4,47089,61025
"2282",6037402702,"06","037","402702",6313,34.0645,-117.728054,"Census Tract 4027.02, Los Angeles County, California",268000,1689,169,3.7,3.93,4.22,0,0,6,5.4,24.5,27.4,15.3,6.6,14.9,6.3,35.8,32.2,22.8,2.9,0,28.6,71.4,32321,39219
"2283",6037402703,"06","037","402703",4686,34.077918,-117.724795,"Census Tract 4027.03, Los Angeles County, California",266900,1354,184,5.2,3.67,3.61,4.7,8.6,0,7.5,9.2,29.5,33.8,3,3.8,1.9,0.6,23.4,56.3,15.6,2.2,65.9,34.1,50702,57587
"2284",6037402705,"06","037","402705",3328,34.071825,-117.731029,"Census Tract 4027.05, Los Angeles County, California",289900,895,0,5.8,3.67,3.65,0,0,0,4.4,0.8,20.2,66.1,4.9,3.6,0,0,9.6,66.9,17.9,5.6,87.5,12.5,72007,74317
"2285",6037402706,"06","037","402706",3945,34.071173,-117.720361,"Census Tract 4027.06, Los Angeles County, California",280000,1035,112,6.1,4.41,5.6,4.5,0,0.7,4.3,3.9,26.4,53.9,5.5,0.8,1.7,1.4,4.3,60.4,25.3,7,70.5,29.5,67981,75277
"2286",6037402801,"06","037","402801",5170,34.054241,-117.73804,"Census Tract 4028.01, Los Angeles County, California",260500,1194,138,4.1,4.95,4.22,0,0,5.6,3.9,10.2,14.4,18.5,16.4,30.9,1.3,24.7,45.6,24.5,2.4,1.4,34.2,65.8,31667,43171
"2287",6037402803,"06","037","402803",3436,34.047853,-117.744852,"Census Tract 4028.03, Los Angeles County, California",231800,799,88,4.5,5.75,4.66,2.3,8.5,9.1,3.8,5.9,11.6,19.8,11.9,27.2,2.4,15,40.3,29.9,12.4,0,39.5,60.5,36616,45696
"2288",6037402804,"06","037","402804",4085,34.047632,-117.735696,"Census Tract 4028.04, Los Angeles County, California",285600,1017,55,4.1,3.4,4.66,5.2,7.4,16.8,26.3,2.2,20.8,15.4,4.4,1.5,2.6,11.4,50.9,21.7,9,4.3,31.3,68.7,39846,48371
"2289",6037402902,"06","037","402902",6445,34.033764,-117.745086,"Census Tract 4029.02, Los Angeles County, California",278700,1531,69,4.8,4.19,4.21,12.5,4,12.5,3.5,15.1,30.3,19.8,2.2,0,0,11,26.6,44.6,13.7,4.1,50.8,49.2,53354,67019
"2290",6037402903,"06","037","402903",4138,34.039389,-117.735439,"Census Tract 4029.03, Los Angeles County, California",300600,990,32,5.3,4.12,4.92,13.6,4,6.7,4.3,24.8,29,12.3,2.2,2.9,0,6.8,25.2,40.8,25.5,1.8,55.1,44.9,55278,63221
"2291",6037402904,"06","037","402904",3603,34.029473,-117.735917,"Census Tract 4029.04, Los Angeles County, California",251700,860,9,5.2,3.79,4.82,0.6,0.5,0,3.8,6.3,9.4,41.3,33.3,4.9,0,1,12.1,82.4,4.4,0,84.1,15.9,53713,64509
"2292",6037403000,"06","037","403000",6835,34.037855,-117.756853,"Census Tract 4030, Los Angeles County, California",248000,1569,14,5.3,4.33,4.27,2.7,0,5.3,13.3,19,14.2,40,3.5,2,0.4,8,14.3,46,27,4.3,58.9,41.1,54795,60439
"2293",6037403200,"06","037","403200",391,34.039857,-117.807891,"Census Tract 4032, Los Angeles County, California",NA,0,0,NA,NA,NA,NA,NA,NA,NA,NA,NA,NA,NA,NA,NA,NA,NA,NA,NA,NA,NA,NA,NA,NA
"2294",6037403303,"06","037","403303",2523,33.997592,-117.857791,"Census Tract 4033.03, Los Angeles County, California",502000,788,28,6.4,3.27,3.5,0,2.2,1.4,17.1,39.6,37.8,1.5,0.4,0,0,0,13.6,35.5,48.9,2,86.4,13.6,68796,88539
"2295",6037403304,"06","037","403304",5178,33.989524,-117.853807,"Census Tract 4033.04, Los Angeles County, California",647300,1622,67,6.7,3.29,3.63,0,1.8,10.2,37.7,46.4,3,0.2,0,0.7,0,0,6.9,30.3,41.7,21,90.5,9.5,97841,113733
"2296",6037403305,"06","037","403305",2100,33.978369,-117.849329,"Census Tract 4033.05, Los Angeles County, California",545700,722,34,5.4,3.01,3.11,0,0.6,3.3,81.4,7.5,7.2,0,0,0,0,0,12.2,63.2,19.5,5.1,84.3,15.7,80541,86457
"2297",6037403312,"06","037","403312",5160,34.017497,-117.827973,"Census Tract 4033.12, Los Angeles County, California",417500,1596,31,5.8,3.2,3.4,0,0,3.3,17,55.6,20.9,2.9,0.4,0,0,0.4,19.6,53.5,25.7,0.8,79,21,69761,80244
"2298",6037403316,"06","037","403316",6783,34.03213,-117.797925,"Census Tract 4033.16, Los Angeles County, California",452200,2485,121,5.7,3.11,2.4,0,0,5.3,55,6.3,31,1.9,0,0.4,0.6,4.6,25.5,35.9,26.6,6.8,78.9,21.1,77813,101126
"2299",6037403317,"06","037","403317",4721,34.036983,-117.782179,"Census Tract 4033.17, Los Angeles County, California",481000,1515,91,6.6,3.28,3.04,0,0.5,14.1,64.4,15.5,5.4,0,0,0,0.9,0,7.7,43.6,45,2.8,86.2,13.8,105000,119725
"2300",6037403318,"06","037","403318",6243,34.032,-117.768549,"Census Tract 4033.18, Los Angeles County, California",441700,2085,198,6,3.33,3.2,0,0,3.2,70,24.6,2.2,0,0,0,0,4.3,17.6,42.4,34.7,1.1,88,12,80343,94244
"2301",6037403319,"06","037","403319",4260,34.009371,-117.813247,"Census Tract 4033.19, Los Angeles County, California",508100,1629,88,4.5,2.76,2.49,0,0,3.4,48.8,42.7,5.1,0,0,0,3,8.6,43.4,13.2,26.4,5.4,74.1,25.9,76354,89011
"2302",6037403320,"06","037","403320",5573,34.003881,-117.795754,"Census Tract 4033.20, Los Angeles County, California",614100,1687,61,7,3.45,2.89,0,7.4,6.3,66.2,19.6,0,0.4,0,0.2,0,0,7.5,24.4,48.4,19.7,83,17,110089,127620
"2303",6037403321,"06","037","403321",6034,34.020149,-117.79476,"Census Tract 4033.21, Los Angeles County, California",542700,1958,58,6.4,3.11,3.15,0,2.7,3.9,42.6,16.3,30,4.3,0,0,0,4.3,11.4,30.7,47.3,6.2,87.1,12.9,93913,109712
"2304",6037403322,"06","037","403322",3808,33.988772,-117.834777,"Census Tract 4033.22, Los Angeles County, California",534300,1256,0,6,2.81,2.77,0,0,0,13.8,58.4,23.6,0,0,4.3,0,2.2,17.9,34.3,42,3.5,76.2,23.8,81574,89102
"2305",6037403323,"06","037","403323",5356,33.996422,-117.822066,"Census Tract 4033.23, Los Angeles County, California",550500,1747,85,6.2,3.2,3.25,7.2,2,0.7,39.5,36.2,12,0,1.2,1.2,1.7,0,14.5,37.3,34.8,11.7,86.4,13.6,88821,101796
"2306",6037403324,"06","037","403324",6804,33.98648,-117.814653,"Census Tract 4033.24, Los Angeles County, California",734800,2214,45,6.9,3.21,3.2,0,3.6,9.9,33.2,48.1,4.6,0.6,0,0,0,6.7,5.2,32.1,36.6,19.4,82,18,105481,144523
"2307",6037403325,"06","037","403325",4795,33.970192,-117.841162,"Census Tract 4033.25, Los Angeles County, California",591100,1533,68,6.3,3.54,2.68,0,0.8,1.2,30.5,27.4,35,3.8,0.6,0.7,0,6.8,3.3,33.9,50.1,5.9,83.8,16.2,107009,140995
"2308",6037403401,"06","037","403401",5038,34.013874,-117.871659,"Census Tract 4034.01, Los Angeles County, California",534500,1503,89,6.2,3.24,4.21,0,0.5,6,18.1,51.4,11.3,6.2,3.8,2.8,0,0,4.4,37.5,51.5,6.7,87.3,12.7,76667,88830
"2309",6037403402,"06","037","403402",3322,34.019072,-117.856599,"Census Tract 4034.02, Los Angeles County, California",588500,972,0,6.4,3.73,4.05,0,0,0.3,14.8,29.9,46.1,4,0.9,3.9,0,0.9,3.7,37.6,50,7.8,89.2,10.8,89524,98762
"2310",6037403403,"06","037","403403",5140,34.03208,-117.840261,"Census Tract 4034.03, Los Angeles County, California",768100,1511,37,7.1,3.52,2.54,0.7,2.6,6.6,88.6,1.5,0,0,0,0,0.6,0.5,0.7,32.9,47.1,18.3,98.1,1.9,117250,132649
"2311",6037403404,"06","037","403404",2521,34.027076,-117.856278,"Census Tract 4034.04, Los Angeles County, California",702800,746,0,7.5,3.5,3.78,0,10.7,5.6,35.1,32.3,9.8,2.9,1.5,2,0.9,0,2.5,19.8,58.6,18.1,94,6,108750,155310
"2312",6037403405,"06","037","403405",1631,34.052697,-117.846911,"Census Tract 4034.05, Los Angeles County, California",737800,486,0,7.6,3.49,NA,0,0,22,52.5,2.7,15.8,5.1,1.9,0,0,0,4.3,20,48.8,27,100,0,133269,143138
"2313",6037403406,"06","037","403406",2796,34.0443,-117.854422,"Census Tract 4034.06, Los Angeles County, California",594900,838,39,5.8,3.12,4.21,0,0,1,22.8,38.5,32.7,2.7,2.3,0,0,0,21,46.3,30.4,2.3,65.5,34.5,70759,84270
"2314",6037403407,"06","037","403407",2132,34.037589,-117.867369,"Census Tract 4034.07, Los Angeles County, California",934200,580,60,7.8,3.91,4.52,9.5,6.2,48.1,30.5,1.9,1.4,0,0,2.4,0,0,3.1,9.5,70,17.4,94.8,5.2,151034,169943
"2315",6037403408,"06","037","403408",6576,34.025149,-117.882872,"Census Tract 4034.08, Los Angeles County, California",591200,1930,82,6.6,3.58,2.75,3.4,2.4,1.5,88.4,3.3,0.5,0,0,0.7,0.5,2.2,4.4,33.7,55.3,3.9,90.9,9.1,105259,108830
"2316",6037403500,"06","037","403500",1628,34.064298,-117.859914,"Census Tract 4035, Los Angeles County, California",839800,651,4,7.8,3.12,1.17,2.8,10.9,36.3,26.7,1.8,11.5,10,0,0,16.1,15.4,0,9.5,31.8,27.2,67.2,32.8,87292,101808
"2317",6037403600,"06","037","403600",6672,34.077223,-117.8673,"Census Tract 4036, Los Angeles County, California",583000,2188,113,6.4,3.35,3.26,0.4,0,0.6,6.2,16.5,26.4,45.1,0.9,4,0.5,1.7,19.1,39.5,33.5,5.6,70.4,29.6,88240,107012
"2318",6037403702,"06","037","403702",3794,34.090216,-117.859075,"Census Tract 4037.02, Los Angeles County, California",484400,1106,16,6.5,3.1,3.53,0,0,0,11.4,9.9,34.5,39.5,1.4,3.2,0,0,3.9,57.6,35.4,3.2,85.2,14.8,98936,100277
"2319",6037403703,"06","037","403703",4748,34.094051,-117.84661,"Census Tract 4037.03, Los Angeles County, California",449300,1537,96,6.2,2.99,3.48,0.6,4.4,7.3,31.8,10.7,19.6,25.6,0,0,1.6,2.9,19.6,32.5,36.9,6.6,90.9,9.1,85341,103523
"2320",6037403721,"06","037","403721",4998,34.096174,-117.878734,"Census Tract 4037.21, Los Angeles County, California",401100,1657,90,5.6,2.97,3.3,3.1,0,1.4,11.5,6.6,9,63.9,2.2,2.4,0,10.7,17.2,52.2,18.8,1,69.4,30.6,65920,73195
"2321",6037403722,"06","037","403722",5734,34.08771,-117.873001,"Census Tract 4037.22, Los Angeles County, California",400400,1739,132,4.8,2.88,3.63,0.5,0,1.3,11.7,9.6,16.7,51.9,2.1,6.3,0.8,20.8,35,28.2,15.3,0,42.4,57.6,53174,63003
"2322",6037403801,"06","037","403801",6212,34.103208,-117.867247,"Census Tract 4038.01, Los Angeles County, California",380700,2046,181,5.1,3.09,2.86,0,2.4,5.8,23,15.6,7.7,42.9,1.2,1.4,2.7,6.5,26.1,51.8,10.8,2.2,65.6,34.4,67061,73981
"2323",6037403802,"06","037","403802",5553,34.102991,-117.846076,"Census Tract 4038.02, Los Angeles County, California",355200,1989,59,5.1,3.11,2.91,1,3.3,9.6,14.7,22.7,26.7,17.7,2.7,1.5,1.1,9.8,29.5,44.3,11.8,3.6,67.3,32.7,63281,74549
"2324",6037403901,"06","037","403901",3110,34.121724,-117.874785,"Census Tract 4039.01, Los Angeles County, California",382800,964,39,5.6,3.61,3.26,0,0,0,9.4,2.1,16.3,68,3.4,0.7,0,0,8.4,67,23.9,0.7,73.2,26.8,74977,87528
"2325",6037403902,"06","037","403902",4806,34.111762,-117.87278,"Census Tract 4039.02, Los Angeles County, California",379300,1541,86,5.3,2.96,2.84,0,0.5,6.2,7.9,15.1,28.1,40.2,2.1,0,0,12.5,20.2,53.3,13.2,0.8,70.5,29.5,57426,65964
"2326",6037404000,"06","037","404000",4474,34.112928,-117.885488,"Census Tract 4040, Los Angeles County, California",373600,1399,90,5.1,3.88,3.47,0,2.1,4.4,10.7,22.6,7.8,49,3.4,0,0,9.6,29.2,32.7,24.7,3.8,65.5,34.5,67028,84187
"2327",6037404100,"06","037","404100",6445,34.114255,-117.894585,"Census Tract 4041, Los Angeles County, California",345600,1477,105,5.1,4.01,3.56,0,0,4.6,10.6,8.8,14.5,51.5,8.9,1.2,0,5.5,24.1,51.7,16.4,2.3,77.2,22.8,70952,71525
"2328",6037404201,"06","037","404201",3711,34.126801,-117.89546,"Census Tract 4042.01, Los Angeles County, California",335900,1058,40,4.3,3.74,3.63,0,0,4.3,13.1,24.5,21.3,30.3,3.4,3.1,5.2,16.1,35.7,27.6,15.4,0,48.7,51.3,40000,58350
"2329",6037404202,"06","037","404202",3366,34.125448,-117.885455,"Census Tract 4042.02, Los Angeles County, California",340700,890,11,5.5,4.28,3.32,0,0,0,12.9,28.2,14.4,43.4,1.1,0,0,15.1,29.7,16.5,36.2,2.6,39.8,60.2,52468,59940
"2330",6037404301,"06","037","404301",5665,34.127291,-117.904126,"Census Tract 4043.01, Los Angeles County, California",391900,1454,69,4.4,4.21,3.67,1.6,1.6,4.1,16.7,18.2,14.4,16.8,17.3,9.4,0.8,15.9,48.6,28.5,6.2,0,28.3,71.7,38268,45213
"2331",6037404302,"06","037","404302",2498,34.117966,-117.903637,"Census Tract 4043.02, Los Angeles County, California",327800,604,23,4.9,3.85,3.04,0,0,0,6.8,5.3,33.6,49.8,0,4.5,0,7.9,26.2,57.1,8.8,0,64.4,35.6,54432,64083
"2332",6037404401,"06","037","404401",3979,34.1287,-117.913469,"Census Tract 4044.01, Los Angeles County, California",350300,965,18,4.7,4.19,4.17,0,0,0,5.7,8.1,11.2,37.2,26.3,11.5,0.7,6.9,49.6,34.4,8.3,0,55.8,44.2,58125,68492
"2333",6037404402,"06","037","404402",5107,34.119216,-117.915574,"Census Tract 4044.02, Los Angeles County, California",378900,1249,0,5.1,3.96,4.39,0,9,0.7,4.2,6.2,3.5,47.4,28.8,0,2.9,5.6,25.1,52.4,12.4,1.7,63.6,36.4,69294,74906
"2334",6037404501,"06","037","404501",2355,34.109836,-117.920632,"Census Tract 4045.01, Los Angeles County, California",253300,693,105,4.6,4.67,3.42,1.2,6.5,9.1,3.3,22.9,7.6,30.2,15.3,3.9,1.4,12,39.7,33.6,6.1,7.2,66,34,45000,57713
"2335",6037404503,"06","037","404503",2977,34.110892,-117.911476,"Census Tract 4045.03, Los Angeles County, California",376700,732,0,5.5,5.1,4.53,1.4,0,3.7,15.7,31.3,5.6,33.2,9.2,0,0,1.6,15.4,47.5,18.4,16.9,75.5,24.5,62292,85555
"2336",6037404504,"06","037","404504",5266,34.110405,-117.90356,"Census Tract 4045.04, Los Angeles County, California",290400,1299,14,4.3,4.96,3.82,0,0,7.5,16.1,19.6,25.6,26.9,4.4,0,0.8,29.7,22.3,36,9.5,1.6,39.7,60.3,42886,48248
"2337",6037404600,"06","037","404600",1422,34.106266,-117.944129,"Census Tract 4046, Los Angeles County, California",382300,386,14,5.4,4.52,3.13,8.3,3.4,10.1,14.5,3.9,17.6,14,16.3,11.9,1.6,10.9,17.1,44.8,24.4,1.3,68.8,31.2,65455,74324
"2338",6037404701,"06","037","404701",5873,34.073054,-117.994161,"Census Tract 4047.01, Los Angeles County, California",317200,1356,67,5,4.03,4.77,0.4,4.2,4.1,26.1,10.3,8.7,29.4,14.6,2.1,1,11.2,24.7,38.2,23,1.9,71.3,28.7,61635,66746
"2339",6037404702,"06","037","404702",5882,34.071286,-117.985628,"Census Tract 4047.02, Los Angeles County, California",289200,1469,0,4.9,3.52,5.47,2.6,3.8,3.2,32.2,5.2,15,20.6,12.5,4.9,1.6,2.8,32,54.7,5.6,3.3,59.7,40.3,41250,52794
"2340",6037404703,"06","037","404703",3178,34.064525,-117.990537,"Census Tract 4047.03, Los Angeles County, California",339000,751,66,4.4,5.88,4.63,0,8.3,0,22.6,7.2,24.9,27,8.4,1.6,2.8,15.7,40.2,30,9.3,2,46.9,53.1,66094,78057
"2341",6037404801,"06","037","404801",7305,34.079274,-117.976985,"Census Tract 4048.01, Los Angeles County, California",343500,1785,8,4.9,4.59,3.9,1.5,14.3,7,25.5,16.1,11,9.6,9.5,5.5,1.7,12,26.1,41.2,17.2,1.8,54,46,42250,57944
"2342",6037404802,"06","037","404802",4335,34.072974,-117.969905,"Census Tract 4048.02, Los Angeles County, California",307600,1072,22,4.8,3.78,4.36,0.5,4.4,7.7,27.5,9.4,26.7,19.1,2.8,1.9,0,13.4,29.8,33.1,20.4,3.3,50.8,49.2,47353,55785
"2343",6037404803,"06","037","404803",1741,34.066972,-117.966567,"Census Tract 4048.03, Los Angeles County, California",286400,456,34,4.6,3.68,4.74,0,3.5,9.9,19.7,21.9,14.9,20.2,4.6,5.3,0,13.6,39,42.5,4.8,0,73.9,26.1,51917,55744
"2344",6037404901,"06","037","404901",5658,34.095228,-117.975005,"Census Tract 4049.01, Los Angeles County, California",336400,1258,24,5.2,4.46,5.33,0.9,1.9,5.8,22.9,9.5,16.8,25.4,9.4,7.6,1.1,8.7,20,44.3,21.3,4.6,58.8,41.2,48542,60224
"2345",6037404902,"06","037","404902",3973,34.087029,-117.97907,"Census Tract 4049.02, Los Angeles County, California",337600,913,65,5.5,4.6,4.89,4.2,3.4,0,15.6,22,15.6,7.3,24,8,0,3.9,16.3,56.3,16.6,6.8,83.5,16.5,67857,75371
"2346",6037404903,"06","037","404903",2905,34.087571,-117.972677,"Census Tract 4049.03, Los Angeles County, California",336900,670,78,4.8,3.55,3.59,0,0,6.7,14.6,11.6,7.9,33,24.8,1.3,2.1,2.4,46.3,40.1,8.5,0.6,73,27,55459,60396
"2347",6037405001,"06","037","405001",6170,34.102553,-117.96395,"Census Tract 4050.01, Los Angeles County, California",291100,1341,26,5.1,4.45,3.75,1.1,0.7,6.3,3.7,3.6,22.7,47.4,11.8,2.8,0,4.7,19.6,67,7.6,1,80.6,19.4,53917,63510
"2348",6037405002,"06","037","405002",3197,34.102272,-117.948655,"Census Tract 4050.02, Los Angeles County, California",332500,700,23,5.3,4.98,5.33,3.4,3.9,13,4.3,10.3,12,36.7,6.9,9.6,1.4,3.9,17.7,51.4,23.1,2.4,67.2,32.8,65375,76367
"2349",6037405101,"06","037","405101",5304,34.095688,-117.961615,"Census Tract 4051.01, Los Angeles County, California",372600,1204,36,4.9,4.1,4.4,5,0,5.7,9.2,13.9,6.3,34.7,22.5,2.7,0,2.8,35.9,48,13.3,0,71.6,28.4,53443,68108
"2350",6037405102,"06","037","405102",5069,34.089468,-117.963391,"Census Tract 4051.02, Los Angeles County, California",296000,1370,0,4.6,3.84,4.07,1.8,0.5,9.6,31.9,4.6,18.5,18.3,9.7,5.1,1.4,18.7,41.7,33.1,5.2,0,48.5,51.5,47717,54806
"2351",6037405201,"06","037","405201",5205,34.084196,-117.951404,"Census Tract 4052.01, Los Angeles County, California",337200,1311,60,5,4.78,4.66,0.6,5.3,3.4,13.8,5.6,32.9,26.2,7.7,4.4,0,6.3,27.9,43.4,20.7,1.6,59.6,40.4,51344,66984
"2352",6037405202,"06","037","405202",5227,34.080434,-117.963831,"Census Tract 4052.02, Los Angeles County, California",326900,1261,64,5,4.24,3.67,5.8,3.3,12,5.8,15.1,23.1,24.7,5.3,5.1,0.7,13.5,27.7,31.2,23.6,3.3,64.7,35.3,49514,59470
"2353",6037405203,"06","037","405203",3484,34.076656,-117.956978,"Census Tract 4052.03, Los Angeles County, California",315600,813,75,5.4,3.75,3.65,0,1.4,20.8,3.8,5.8,22.5,26.4,8.4,10.9,0,3.6,19.3,63.8,12.2,1.1,61.9,38.1,50000,72092
"2354",6037405301,"06","037","405301",3349,34.086971,-117.940161,"Census Tract 4053.01, Los Angeles County, California",400000,1150,61,4.1,4.03,2.26,0.4,1.3,7.1,14.7,7.8,20.4,26.3,15.2,6.7,9.1,27.5,25,33.2,4.3,0.9,34.3,65.7,39777,50186
"2355",6037405302,"06","037","405302",5351,34.076439,-117.944389,"Census Tract 4053.02, Los Angeles County, California",400800,1617,100,5.6,4.04,3.11,0,0.5,3.5,5.3,6.1,8.6,63.3,7.5,5.1,6.7,4.6,24.1,45.9,17.7,0.9,72.1,27.9,75560,92107
"2356",6037405400,"06","037","405400",4795,34.092085,-117.931422,"Census Tract 4054, Los Angeles County, California",366700,1320,10,5.5,3.75,5.15,0,0.8,1,1.5,5.2,9.2,77.8,2.7,1.8,0,0,12,78.6,8.1,1.3,86.9,13.1,80625,79842
"2357",6037405500,"06","037","405500",6808,34.078831,-117.928328,"Census Tract 4055, Los Angeles County, California",393400,2017,39,5.7,3.62,3.32,0,0,2.8,1.8,3.9,9.1,69,10.8,2.7,3.3,8.1,11.8,57.9,17.7,1.2,70.1,29.9,63276,73692
"2358",6037405600,"06","037","405600",5428,34.079087,-117.915785,"Census Tract 4056, Los Angeles County, California",439600,1694,51,5.7,3.2,2.66,0,0,9.4,1.2,2.5,6.5,73,4.4,3.1,0.9,8.3,11.2,62.2,16.2,1.2,78.1,21.9,65417,76228
"2359",6037405701,"06","037","405701",3853,34.094896,-117.920897,"Census Tract 4057.01, Los Angeles County, California",336600,1071,49,5.5,3.96,2.92,3.9,3.4,2.1,6.2,25.3,5.8,34.9,15.7,2.7,4,8.8,23.5,31.5,32.2,0,53.1,46.9,59184,69321
"2360",6037405702,"06","037","405702",4854,34.092574,-117.912649,"Census Tract 4057.02, Los Angeles County, California",364400,1505,42,5,3.71,2.7,0,0,7.1,8.7,19.5,26.1,34.9,0,3.7,0.9,12.2,25.3,51.8,9.8,0,73.5,26.5,66985,66906
"2361",6037405800,"06","037","405800",5881,34.102902,-117.913816,"Census Tract 4058, Los Angeles County, California",334000,1670,63,5.1,3,4.05,0,0,0,7.7,11.9,9.5,68.7,1,1.3,0,6.2,18.7,62.5,11.6,1.1,68.7,31.3,70260,74671
"2362",6037405900,"06","037","405900",4049,34.102964,-117.890478,"Census Tract 4059, Los Angeles County, California",376100,1215,30,5.9,3.8,3.29,0,1.2,0,0.6,6.6,26.1,57,6.5,2.1,3.4,7.7,14.1,44,30.9,0,68.6,31.4,69464,91118
"2363",6037406000,"06","037","406000",5059,34.093703,-117.90135,"Census Tract 4060, Los Angeles County, California",397900,1566,47,5.6,3.48,3.55,0.5,2.7,0,10.2,13.2,2.6,66.2,0.5,4,2.4,2.1,17,59.6,18.5,0.5,73.4,26.6,75897,80971
"2364",6037406101,"06","037","406101",3139,34.090708,-117.891835,"Census Tract 4061.01, Los Angeles County, California",365200,1145,61,4.9,2.93,2.46,3.8,0,0,5.7,10.1,7.2,31.2,10.6,31.4,2.3,12.1,38.3,41.4,4.9,1.1,47.9,52.1,57805,65361
"2365",6037406102,"06","037","406102",5828,34.081938,-117.888231,"Census Tract 4061.02, Los Angeles County, California",426900,2242,23,4.2,3.13,2.35,1.2,0.4,2.8,15.6,19.4,12.7,35.1,4.2,8.6,3.4,25.8,43.1,20.7,5.3,1.6,28.4,71.6,55754,70009
"2366",6037406200,"06","037","406200",5678,34.078169,-117.901787,"Census Tract 4062, Los Angeles County, California",398600,1906,144,4,3.46,2.46,3,20,4.9,1.8,15.1,11.9,38.9,3.5,0.8,5.4,33.6,20.7,26.5,10.8,3,41,59,38065,64893
"2367",6037406300,"06","037","406300",5532,34.062742,-117.878556,"Census Tract 4063, Los Angeles County, California",705100,1765,103,6.5,3.17,3.01,0,6.9,16,22.7,16.3,14.1,19.1,2.4,2.7,0.8,4.7,24.8,23.5,36.3,9.9,73.8,26.2,78594,123222
"2368",6037406402,"06","037","406402",2076,34.058084,-117.900722,"Census Tract 4064.02, Los Angeles County, California",523500,631,8,6.1,2.99,4.65,0,0,2.2,0,8.4,14.3,67.7,1.4,6,0,1.9,3.6,62.4,28.7,3.3,92.6,7.4,105625,101927
"2369",6037406411,"06","037","406411",2126,34.069534,-117.899236,"Census Tract 4064.11, Los Angeles County, California",357100,551,45,5.9,4.71,3.23,1.8,0,0,2.2,14.3,8,66.4,2.9,4.4,1.6,2.2,4.5,43.6,35,13.1,84.8,15.2,83750,85620
"2370",6037406412,"06","037","406412",2482,34.064136,-117.898997,"Census Tract 4064.12, Los Angeles County, California",490800,828,0,6.3,3.08,3.2,0,0,3.5,0.7,4.3,16.1,65.3,9.1,1,0,8.8,1.3,64.6,25.2,0,80.8,19.2,94083,97504
"2371",6037406500,"06","037","406500",6705,34.066305,-117.918219,"Census Tract 4065, Los Angeles County, California",393600,2100,34,5.3,3.24,3.25,0,1,1.4,2.8,9.6,22.1,54.1,5.7,3.4,0,12.9,26.4,41.8,13.4,5.5,56.8,43.2,69247,92128
"2372",6037406601,"06","037","406601",5269,34.055784,-117.916658,"Census Tract 4066.01, Los Angeles County, California",428000,1556,0,6,3.43,3.9,0.7,0.4,1.8,2.5,11.8,14.4,54.2,10.3,3.9,1,0,10.9,67.3,18.3,2.5,81.2,18.8,87722,88326
"2373",6037406602,"06","037","406602",4973,34.053765,-117.932714,"Census Tract 4066.02, Los Angeles County, California",432400,1351,62,5.8,4.08,3.8,2.1,0,0.8,4.9,9.5,11,58.4,10.4,2.7,3.3,9.2,3.8,59.4,22,2.4,73.3,26.7,72399,91015
"2374",6037406701,"06","037","406701",3246,34.054979,-117.947163,"Census Tract 4067.01, Los Angeles County, California",449400,957,0,5.5,3.62,3.11,0,0,4.7,0.9,18,12.1,55.9,0,8.4,0,13.8,16.6,48,13.8,7.8,58.6,41.4,55474,69935
"2375",6037406702,"06","037","406702",5823,34.063797,-117.938713,"Census Tract 4067.02, Los Angeles County, California",435100,1694,0,5.1,3.47,3.83,0,0.6,3,9,25.1,7.9,45,5,4.4,0,5.8,35.7,37.2,20.7,0.6,61.3,38.7,57700,64173
"2376",6037406800,"06","037","406800",4926,34.064063,-117.954255,"Census Tract 4068, Los Angeles County, California",389500,1363,67,5.8,4.05,3.93,0.7,0,12.5,11.6,3.7,16.5,40.6,12.7,1.6,0.4,5,14.7,52.2,26.5,1.1,83.2,16.8,92436,92447
"2377",6037406901,"06","037","406901",4701,34.059429,-117.969102,"Census Tract 4069.01, Los Angeles County, California",399800,1248,31,5.3,4.69,3.23,0,0,2.6,11.1,15.9,14.7,46.2,9.5,0,4.8,10.3,15.7,40.2,20.4,8.6,60.9,39.1,49192,56827
"2378",6037406902,"06","037","406902",3149,34.055815,-117.964183,"Census Tract 4069.02, Los Angeles County, California",378800,891,38,5.5,4.18,4.16,0,1.5,1.5,9.5,7.9,1.6,62.2,11.1,4.8,0.8,10.4,8.4,64.5,7.9,8,79.8,20.2,62109,75558
"2379",6037407001,"06","037","407001",5905,34.06081,-117.976876,"Census Tract 4070.01, Los Angeles County, California",329300,1275,68,5.8,5.09,3.48,0,0.5,3.8,11.8,1.4,10.4,67.7,4.4,0,2.2,5.4,12.9,23.1,49.7,6.6,82.3,17.7,54980,65506
"2380",6037407002,"06","037","407002",3804,34.052201,-117.984215,"Census Tract 4070.02, Los Angeles County, California",350500,801,26,5.7,5.17,3.72,0.9,0,1.1,11.1,5.1,24.7,55.1,2,0,6.9,0,2.1,48.1,32.5,10.5,79.5,20.5,64931,75365
"2381",6037407101,"06","037","407101",4834,34.04725,-117.97135,"Census Tract 4071.01, Los Angeles County, California",371900,1231,40,5.6,4.81,4.37,0,0,0,6.4,6,17.7,67.3,0.5,2.1,0.6,11.7,6.6,59.1,18.8,3.2,67.4,32.6,54698,62794
"2382",6037407102,"06","037","407102",5445,34.043558,-117.976291,"Census Tract 4071.02, Los Angeles County, California",332000,1293,42,5.4,4.78,4.76,0,0,5.6,5.3,5.3,18.1,56.8,8.9,0,4.8,3.9,14.6,42.2,31.7,2.8,62.8,37.2,47454,64791
"2383",6037407200,"06","037","407200",7315,34.033838,-117.9609,"Census Tract 4072, Los Angeles County, California",284300,1654,55,5.8,4.61,3.61,0,0,3.1,2.7,6,12.2,69.5,4.8,1.8,1.6,3.4,15.1,42.5,35.9,1.5,75,25,46875,56230
"2384",6037407301,"06","037","407301",4828,34.045497,-117.958786,"Census Tract 4073.01, Los Angeles County, California",356800,1108,60,5.4,4.12,3.58,0,0,0.7,0.7,4.7,16.2,70.4,4.3,3,2.8,0.7,4.1,66.2,26.2,0,83.1,16.9,57315,67761
"2385",6037407302,"06","037","407302",3501,34.040271,-117.960618,"Census Tract 4073.02, Los Angeles County, California",343000,726,0,5.9,4.04,4.51,0,0,0,0.7,3.9,26.3,67.4,1.2,0.6,0,0,6.6,65.7,26.4,1.2,72.5,27.5,59632,62484
"2386",6037407400,"06","037","407400",2133,34.052046,-117.95839,"Census Tract 4074, Los Angeles County, California",409600,558,38,6,3.34,3.79,0,0,28.7,1.4,5,25.3,36.2,0,3.4,1.1,2.5,10.6,58.1,26.5,1.3,86.9,13.1,73387,78298
"2387",6037407501,"06","037","407501",4411,34.046543,-117.948263,"Census Tract 4075.01, Los Angeles County, California",377200,1054,32,5.4,4.9,4.36,0,0,2.8,14.5,9.1,3.8,65.6,3.4,0.8,0.9,8.1,22.7,40.9,23.1,4.3,61.7,38.3,66552,69384
"2388",6037407502,"06","037","407502",3937,34.04389,-117.937877,"Census Tract 4075.02, Los Angeles County, California",382300,905,45,5.5,4.7,4.15,0,0,5.1,5.7,9.6,21.2,40.8,12.7,4.9,1.4,9.7,21.4,33.7,27.3,6.4,61.9,38.1,49932,57507
"2389",6037407601,"06","037","407601",4366,34.037907,-117.945558,"Census Tract 4076.01, Los Angeles County, California",358600,1209,0,4.3,4.5,3,0,0,0,3.2,3.3,37.8,45.5,3.7,6.5,9.3,24.6,23.7,25.2,17,0,33.7,66.3,55885,64967
"2390",6037407602,"06","037","407602",4008,34.030949,-117.944197,"Census Tract 4076.02, Los Angeles County, California",297800,968,0,5.8,4.23,3.94,0.9,1.8,23,4.1,6.4,7.2,53.4,3.1,0,0,6.5,17.7,51.9,24,0,70.5,29.5,55811,61749
"2391",6037407701,"06","037","407701",5401,34.013153,-117.930144,"Census Tract 4077.01, Los Angeles County, California",362500,1281,72,4.4,4.46,4.09,0.5,0,0,6.4,26.4,26.9,33.8,3.7,2.4,1.4,23.6,25.4,22.9,23.9,2.8,44.2,55.8,40977,54100
"2392",6037407702,"06","037","407702",6497,34.019723,-117.94532,"Census Tract 4077.02, Los Angeles County, California",338400,1744,106,5.8,3.52,4.46,1.4,1.9,2.7,16,12.3,26.8,29.1,7.2,2.6,1.6,1.4,17.6,58.9,18.3,2.1,71.3,28.7,60185,71775
"2393",6037407801,"06","037","407801",5074,34.03004,-117.921734,"Census Tract 4078.01, Los Angeles County, California",347200,1101,9,6.1,4.84,3.7,0,0,4.2,1,1.4,17,72.3,3.5,0.7,0,2.7,5,38.6,45.3,8.4,83.6,16.4,71307,77877
"2394",6037407802,"06","037","407802",3635,34.031746,-117.931019,"Census Tract 4078.02, Los Angeles County, California",366600,824,0,5.9,4.03,4.71,0,0,0,3.5,9.1,27.2,56.8,2.2,1.2,0,0.7,9.1,61.4,27.1,1.7,76.6,23.4,77500,82397
"2395",6037407900,"06","037","407900",6296,34.041473,-117.927973,"Census Tract 4079, Los Angeles County, California",361500,1538,43,5.9,4.04,4.64,0,3.3,1.7,1.5,35.9,15,35.4,6,1.2,1.2,0.7,6.3,46.9,41.9,3,83.9,16.1,71114,79545
"2396",6037408003,"06","037","408003",4992,34.046574,-117.917628,"Census Tract 4080.03, Los Angeles County, California",403000,1415,57,5.7,3.83,4.34,0,0,3.3,28.7,12.8,18.4,35.8,0,1.1,1.3,0.8,15.3,42.9,36,3.5,84.8,15.2,73421,82105
"2397",6037408004,"06","037","408004",2246,34.037983,-117.915905,"Census Tract 4080.04, Los Angeles County, California",309800,819,74,4.6,2.97,2.99,0,2.3,2.1,20.9,62.6,0.6,7.9,0,3.5,1.1,19.2,34.4,42.5,2.8,0,57.2,42.8,74414,78101
"2398",6037408005,"06","037","408005",5088,34.048636,-117.899213,"Census Tract 4080.05, Los Angeles County, California",572700,1658,44,6.2,2.9,3.31,1,18,14.4,16.1,22.3,14.5,13.1,0,0.8,0,0,25.8,30,31.8,12.4,79.4,20.6,73904,97448
"2399",6037408006,"06","037","408006",3863,34.031594,-117.90329,"Census Tract 4080.06, Los Angeles County, California",406600,1116,35,4.4,3.63,3.28,2.1,1.3,0,19,66.6,4.3,4.4,1.3,1.2,1.5,9.4,46.7,21.1,16.6,4.7,40.8,59.2,67153,74631
"2400",6037408133,"06","037","408133",5739,34.025564,-117.91063,"Census Tract 4081.33, Los Angeles County, California",415300,1644,142,4.9,3.08,3.93,1.3,0,0.4,9.7,78.4,7.4,2.9,0,0,1.7,13.1,25.8,39.2,16.8,3.5,46.5,53.5,57400,67252
"2401",6037408134,"06","037","408134",2743,34.02291,-117.897491,"Census Tract 4081.34, Los Angeles County, California",431300,859,0,6.1,2.94,2.75,0,0,2.8,16.2,80.2,0.8,0,0,0,0,0.3,15.3,39.3,45.1,0,90.8,9.2,91641,94571
"2402",6037408135,"06","037","408135",4159,34.015935,-117.896848,"Census Tract 4081.35, Los Angeles County, California",399400,1247,45,5.7,3.31,4.52,1.4,0.9,10.2,9.3,76.3,1.9,0,0,0,0,8.4,5.5,63.3,22,0.9,54.1,45.9,71798,86491
"2403",6037408136,"06","037","408136",3849,34.008897,-117.875472,"Census Tract 4081.36, Los Angeles County, California",372300,1089,74,6,3.12,3.85,0,1.6,1.6,3.8,17.4,68.1,4.2,1.7,1.7,0,6.4,10,50.4,30.9,2.3,82.1,17.9,66359,78950
"2404",6037408137,"06","037","408137",4152,34.008612,-117.883634,"Census Tract 4081.37, Los Angeles County, California",366200,1392,85,4.9,3.49,3.21,0,0.7,3.5,40.6,30.9,16.7,6,0.9,0.8,1,8.5,35.8,48.2,6.5,0,49,51,57887,65540
"2405",6037408138,"06","037","408138",5936,34.018888,-117.916444,"Census Tract 4081.38, Los Angeles County, California",152200,1330,0,5.6,4.68,5.37,0,0.8,17.7,4.9,15.3,17.5,36.8,3.8,3.2,5.2,9.8,22.9,39.8,18.8,3.6,72.5,27.5,50945,60318
"2406",6037408139,"06","037","408139",4482,34.012942,-117.913933,"Census Tract 4081.39, Los Angeles County, California",329300,781,94,6.1,7.35,5.02,0,0,0,0,5.5,3.7,86.2,1.2,3.5,3.3,0,10.6,56.2,16.5,13.3,86,14,62875,62213
"2407",6037408140,"06","037","408140",3835,34.009872,-117.902968,"Census Tract 4081.40, Los Angeles County, California",372400,788,27,5.8,4.89,4.02,5.2,0.6,0,1.1,5.3,35.8,41,7.7,3.2,7,3.4,5.8,60.5,23.2,0,76.5,23.5,57772,56681
"2408",6037408141,"06","037","408141",5450,34.009206,-117.893454,"Census Tract 4081.41, Los Angeles County, California",328100,1164,34,5.8,4.69,3.25,1.3,0,6.4,5.2,22.1,41.3,21.3,1.6,0.8,2.1,7,15.2,50,21,4.6,72.2,27.8,54813,62686
"2409",6037408202,"06","037","408202",2037,34.033209,-117.985461,"Census Tract 4082.02, Los Angeles County, California",389100,501,23,5.6,4.65,3.46,0,2.4,0.4,9.8,26.1,12.8,26.5,12,10,6.6,0.6,20.8,51.1,19.2,1.8,59.4,40.6,46974,71247
"2410",6037408211,"06","037","408211",5947,33.99151,-117.901038,"Census Tract 4082.11, Los Angeles County, California",345100,1860,75,4.8,2.96,3.72,0,0.3,3.8,4.4,56.6,18.3,15.6,1.1,0,0.9,10.1,27.4,37.4,22.9,1.3,53.8,46.2,48085,59813
"2411",6037408212,"06","037","408212",4485,33.990622,-117.879855,"Census Tract 4082.12, Los Angeles County, California",420600,1334,76,5.8,3.86,4.02,2.5,8.3,4.9,7.8,37,34.1,4.9,0,0.4,0,1.7,12.5,44.8,31.9,9,77.2,22.8,57143,71432
"2412",6037408301,"06","037","408301",5427,34.045102,-117.997164,"Census Tract 4083.01, Los Angeles County, California",367500,1213,12,5.6,4.38,4.7,1.2,0,5.3,18.6,16.8,8,25.4,18.5,6.2,0,6.8,21.3,35.8,28.4,7.8,71.8,28.2,58750,72235
"2413",6037408302,"06","037","408302",4036,34.039112,-118.012422,"Census Tract 4083.02, Los Angeles County, California",476100,1133,66,5.8,3.7,3.75,0.5,6.8,1.1,9.3,23.1,34.7,4.9,17.7,1.9,0.5,4.1,12,48,29.5,5.8,82.5,17.5,87868,94959
"2414",6037408303,"06","037","408303",4029,34.034858,-118.00593,"Census Tract 4083.03, Los Angeles County, California",419000,1206,14,6.1,3.5,3.18,0,1.4,1.2,6,26.6,42.6,13.9,0,8.2,1.2,0.5,8.3,41.2,44.4,4.4,86.9,13.1,84348,81597
"2415",6037408401,"06","037","408401",4289,34.018179,-117.981995,"Census Tract 4084.01, Los Angeles County, California",401600,1268,77,5.6,3.74,3.01,0,1.7,3.2,13,5.2,15.6,54.5,0.6,6.2,1.3,7.6,20.4,45.5,24,1.1,72.1,27.9,62212,76076
"2416",6037408402,"06","037","408402",5799,34.014703,-117.992036,"Census Tract 4084.02, Los Angeles County, California",480200,1900,87,6.6,3.15,3.42,1.5,3.4,4.5,7.4,30.2,45.9,6.1,0.4,0.7,0.4,0.6,16.2,44.7,26.9,11.1,92,8,79183,89047
"2417",6037408501,"06","037","408501",3314,34.011871,-117.967208,"Census Tract 4085.01, Los Angeles County, California",350600,824,45,5.7,4.6,3.84,9,2.1,7.2,5.5,10.9,20.6,28.4,13.3,3,2.1,15.2,12.9,43.1,16.5,10.3,58.4,41.6,59759,67776
"2418",6037408503,"06","037","408503",6317,33.985972,-117.982196,"Census Tract 4085.03, Los Angeles County, California",582600,2065,68,7.1,3.24,2.85,0,0,2.3,6.9,40.3,45,4.8,0.6,0,0.4,2.2,0.9,37.4,46.6,12.5,91,9,85994,99775
"2419",6037408504,"06","037","408504",5322,33.998463,-117.970549,"Census Tract 4085.04, Los Angeles County, California",463000,1648,183,5.2,3.47,2.83,0,0,6.4,7.4,35.2,23.4,26,0,1.6,0,14.3,21.9,39.9,19.2,4.6,68.7,31.3,76875,83676
"2420",6037408505,"06","037","408505",2682,34.001903,-117.979105,"Census Tract 4085.05, Los Angeles County, California",534900,809,0,7.1,3.05,6.27,0,3.3,7.2,3.1,22.9,33,27.3,0,3.2,4.7,0,6.4,33.5,45.6,9.8,86.7,13.3,80795,117010
"2421",6037408623,"06","037","408623",3023,33.995972,-117.939339,"Census Tract 4086.23, Los Angeles County, California",399700,1050,18,5.6,3.15,2.68,0,0,0,1,64.7,33,0.8,0,0.6,0,0,11.8,54.9,23.8,9.5,72.8,27.2,58095,68763
"2422",6037408624,"06","037","408624",3227,33.992471,-117.948695,"Census Tract 4086.24, Los Angeles County, California",496900,1054,46,6.7,3.68,4.96,0,0,4.7,16.3,35.6,33.6,5,0.9,3.9,0,0,5.7,41.3,39.6,13.5,89.8,10.2,87639,99206
"2423",6037408625,"06","037","408625",4160,33.988826,-117.963236,"Census Tract 4086.25, Los Angeles County, California",558100,1388,51,6.6,3.25,4.14,3.6,0,0,3.3,28.9,58.9,4.5,0.9,0,0,4,7.5,42.6,34.6,11.4,83,17,110021,124314
"2424",6037408626,"06","037","408626",4341,33.985862,-117.916037,"Census Tract 4086.26, Los Angeles County, California",642900,1768,188,6.1,4.18,2.34,0,0,8.7,58.4,26.2,5.7,1,0,0,1.6,15.8,26.5,6.6,39.6,10,54.4,45.6,74125,99588
"2425",6037408627,"06","037","408627",3079,33.976219,-117.917714,"Census Tract 4086.27, Los Angeles County, California",641700,965,66,6.9,3.16,3.64,0,0.5,3.6,44.5,24.6,24,1.9,0,0.9,0.3,0,5.7,35.2,52.6,6.1,81.4,18.6,106542,121041
"2426",6037408628,"06","037","408628",5103,33.986239,-117.940878,"Census Tract 4086.28, Los Angeles County, California",531000,1962,22,5.6,2.83,2.75,0,0.5,8.5,23,60.4,4.6,0,3,0,0.6,14.5,11.9,30.9,38.2,3.9,73.5,26.5,62283,104492
"2427",6037408629,"06","037","408629",2926,33.979071,-117.959686,"Census Tract 4086.29, Los Angeles County, California",538600,1028,66,6.5,2.85,4.51,1.8,0,4.1,10.8,57.7,22.2,1.5,1.9,0,0,0,3.8,44,44.5,7.8,90.1,9.9,70288,90061
"2428",6037408630,"06","037","408630",2319,34.006608,-117.956149,"Census Tract 4086.30, Los Angeles County, California",362600,576,29,5.3,4.39,3.13,0,3.3,0,1.7,12,7.6,71.2,0.5,3.6,0,0,9.5,75.3,15.1,0,73.9,26.1,52601,67460
"2429",6037408631,"06","037","408631",5087,34.000239,-117.958703,"Census Tract 4086.31, Los Angeles County, California",367400,1434,0,5.9,3.77,4.64,0,0,2.7,1.7,9.3,22.7,60.3,1.5,2,0.9,0,5,58.5,34.4,1.2,84.8,15.2,57650,76377
"2430",6037408703,"06","037","408703",6528,33.9658,-117.888179,"Census Tract 4087.03, Los Angeles County, California",777700,2026,10,7.2,3.53,3.09,0,2.5,62.9,26.5,1.4,1.5,2.6,0,2.6,1.1,0.5,0,16.4,49.9,32.1,92,8,107024,128716
"2431",6037408704,"06","037","408704",3155,33.983301,-117.893742,"Census Tract 4087.04, Los Angeles County, California",428900,1092,96,4.8,4.48,2.3,0.6,0,7.7,32.4,4.7,40.7,10.4,2.9,0.5,2.1,32.9,9.1,24.4,22.3,9.3,47.9,52.1,48333,55777
"2432",6037408705,"06","037","408705",5427,33.982325,-117.880803,"Census Tract 4087.05, Los Angeles County, California",448900,1605,86,5.5,3.47,3.4,0,1.7,4,10.5,42.5,30.5,4.5,3.9,2.4,2.6,0.8,13.3,50.3,28,5,70.2,29.8,60472,82045
"2433",6037408706,"06","037","408706",1665,33.97641,-117.870407,"Census Tract 4087.06, Los Angeles County, California",672300,506,0,7,3.54,3.5,0,9.7,0,53.6,27.7,3.6,1.4,4.2,0,0,2.8,2.6,30.2,38.5,25.9,96.4,3.6,81071,110224
"2434",6037408722,"06","037","408722",4400,33.971493,-117.901228,"Census Tract 4087.22, Los Angeles County, California",465100,1293,105,5.8,3.82,2.83,0.8,0.9,7.8,8.9,17.9,52.1,9,2.6,0,0,1.8,6,48.8,38.2,5.3,87.6,12.4,77833,95086
"2435",6037408723,"06","037","408723",2825,33.977973,-117.901011,"Census Tract 4087.23, Los Angeles County, California",416300,819,24,5.7,3.56,2.55,1.8,0,0,0,11.8,73,7.6,2.1,3.7,0,0,5.3,64.1,18.3,12.3,86.7,13.3,54007,68250
"2436",6037408724,"06","037","408724",5362,33.984297,-117.90339,"Census Tract 4087.24, Los Angeles County, California",337000,1585,144,3.1,2.07,3.68,0,1.2,3,13.8,68.6,10.5,0.9,0.6,1.2,2.5,15.6,71.5,9.9,0.5,0,2,98,34821,42993
"2437",6037408800,"06","037","408800",3738,34.057241,-117.749601,"Census Tract 4088, Los Angeles County, California",307300,1376,153,3.3,4.19,2.87,6.8,5.3,5.7,21.2,7.3,14.4,5.2,5.1,29,11.2,41.1,28.1,9.7,6.6,3.3,16.6,83.4,25309,33756
"2438",6037430002,"06","037","430002",7021,34.140049,-117.954811,"Census Tract 4300.02, Los Angeles County, California",379000,2467,77,5.1,2.82,2.83,1,3.2,6.9,21.4,16.8,13.3,25.2,10.9,1.2,3.8,4,32.1,52.6,6.2,1.3,70.5,29.5,65631,75988
"2439",6037430003,"06","037","430003",4604,34.150356,-117.943155,"Census Tract 4300.03, Los Angeles County, California",552000,1586,57,6.4,3,4.64,0,0.1,1.1,24.8,18.4,23.6,26.3,5.6,0,0,0.3,6.1,63.7,27.9,2,95.6,4.4,103569,106584
"2440",6037430101,"06","037","430101",4887,34.138526,-117.974125,"Census Tract 4301.01, Los Angeles County, California",352900,1812,55,3.9,3.24,2.33,7.3,0,9.2,23.7,16.2,7.1,17.6,14.9,4,2.6,31.8,42.9,15,6,1.7,41.8,58.2,49291,57835
"2441",6037430102,"06","037","430102",4809,34.128246,-117.982536,"Census Tract 4301.02, Los Angeles County, California",317500,1282,7,5,3.93,3.14,0,0,3.7,10.3,3.7,15.7,31.7,32.4,2.5,1.6,8.3,33.2,49.9,6.6,0.3,70.7,29.3,62519,62634
"2442",6037430200,"06","037","430200",1292,34.148074,-117.966668,"Census Tract 4302, Los Angeles County, California",NA,419,64,7.5,2.97,2.14,3.6,6,12.6,13.4,17.2,11,28.6,6.7,1,6.7,8.8,5.3,28.4,23.9,27,82,18,104740,186142
"2443",6037430301,"06","037","430301",4422,34.160485,-117.997718,"Census Tract 4303.01, Los Angeles County, California",676100,1699,71,6.1,2.58,2.31,0.9,1.1,5.7,5.7,6.2,10.8,28,15.2,26.5,0,2.7,27.5,46.9,18.7,4.2,85.9,14.1,103611,119948
"2444",6037430302,"06","037","430302",5837,34.1546,-118.003024,"Census Tract 4303.02, Los Angeles County, California",634400,2507,134,5.2,2.62,2.02,1.7,0.6,3.7,5.3,6.3,8.5,23.4,15.9,34.5,1.6,11.9,38.7,32.7,11.9,3.1,64.1,35.9,104264,117584
"2445",6037430400,"06","037","430400",4424,34.15799,-118.02608,"Census Tract 4304, Los Angeles County, California",848700,1511,13,6.7,3.15,3.83,1.5,3.4,6.9,8.4,3.4,8.6,40.8,20.1,6.8,0,2.6,7.7,51.5,27.8,10.4,84.4,15.6,125795,153503
"2446",6037430501,"06","037","430501",4172,34.170721,-118.049622,"Census Tract 4305.01, Los Angeles County, California",775600,1806,91,6,2.64,1.93,0.7,0.5,3.6,3.9,6.5,15.4,25.7,10.9,32.8,2.4,11.5,23,42.7,15.8,4.5,76.5,23.5,95019,132477
"2447",6037430502,"06","037","430502",6745,34.161939,-118.054785,"Census Tract 4305.02, Los Angeles County, California",767000,3052,174,5.1,2.54,1.99,0.9,1,3.9,8,11.3,16.8,22.7,12.3,23.1,2.3,12.4,39.8,27.5,14.3,3.7,53.1,46.9,83333,115210
"2448",6037430600,"06","037","430600",4505,34.15497,-118.044794,"Census Tract 4306, Los Angeles County, California",NA,1491,64,7.4,3.09,3.16,0.1,2.1,2.1,1.6,16.1,8.6,44.3,12.7,12.4,0,1.9,6,41.5,31.8,18.8,89.2,10.8,150350,213096
"2449",6037430701,"06","037","430701",5271,34.138525,-118.059856,"Census Tract 4307.01, Los Angeles County, California",940500,1976,43,6.1,3.18,2.01,0.7,0.9,0.7,4.1,13.4,4.6,32.5,39.7,3.5,1.5,17.2,19.5,36.4,16.9,8.6,65,35,100880,127460
"2450",6037430721,"06","037","430721",3957,34.136845,-118.043312,"Census Tract 4307.21, Los Angeles County, California",650600,1264,128,4.9,2.63,2.41,0.6,1.9,7,12.3,30.6,9.8,25.8,11.9,0,1.6,7.2,41.2,40.5,7.9,1.6,58.1,41.9,70761,89746
"2451",6037430723,"06","037","430723",4118,34.129922,-118.059329,"Census Tract 4307.23, Los Angeles County, California",517000,1746,30,4.2,2.43,2.33,0.6,8,12.5,13.6,23.7,23.1,10.5,6.6,1.5,2.3,25.9,47.1,23.4,0.9,0.3,33.5,66.5,55000,69561
"2452",6037430724,"06","037","430724",4812,34.126974,-118.060156,"Census Tract 4307.24, Los Angeles County, California",486600,2061,60,4.2,2.37,2.51,4.9,4.5,5.9,18.6,35.4,15,14.9,0.5,0.2,1.7,18.1,53.1,24.2,2.9,0,26.9,73.1,57022,71451
"2453",6037430801,"06","037","430801",6342,34.135803,-118.026181,"Census Tract 4308.01, Los Angeles County, California",523800,2271,19,4.4,3.45,2.72,8,10.9,13.3,21.8,11.3,14.5,13.3,2.2,4.8,0,19.9,37.2,31.8,6.9,4.2,35.9,64.1,61250,82606
"2454",6037430802,"06","037","430802",4163,34.126251,-118.019916,"Census Tract 4308.02, Los Angeles County, California",846800,1423,0,6,3.09,2.97,3.7,0,7.6,13.5,7.6,16.2,35.9,8.8,6.7,0.6,8,8.5,49.4,21.5,12,75.2,24.8,89594,108563
"2455",6037430803,"06","037","430803",5439,34.115484,-118.022153,"Census Tract 4308.03, Los Angeles County, California",771800,1792,74,6.3,2.99,2.74,1.5,3.5,5.6,3,5.6,9.3,51.8,16.5,3.2,0.6,1.8,21.2,45.4,23.2,7.9,82.7,17.3,86795,110228
"2456",6037430901,"06","037","430901",4324,34.142319,-118.012326,"Census Tract 4309.01, Los Angeles County, California",410000,1625,44,4.1,3,2.74,2.3,6.2,11.9,23,18,7.1,10.3,5.8,15.4,1.5,14.6,63.4,16.7,3.7,0,31.4,68.6,63619,68617
"2457",6037430902,"06","037","430902",4652,34.133442,-118.013775,"Census Tract 4309.02, Los Angeles County, California",449400,1685,28,4.5,2.67,2.83,0.9,0.9,13.1,10.7,22.7,16.4,27.9,4.9,2.4,0.7,13.2,41.2,35.4,9.6,0,44.2,55.8,70405,76008
"2458",6037431001,"06","037","431001",7171,34.148159,-118.005463,"Census Tract 4310.01, Los Angeles County, California",479600,2945,243,4.2,2.38,2.73,3.6,0.7,4.1,10.8,14,16.2,17.5,5.6,27.5,2,25.4,45.6,22.5,4,0.5,31.1,68.9,66061,72364
"2459",6037431002,"06","037","431002",3163,34.145222,-117.983878,"Census Tract 4310.02, Los Angeles County, California",490800,1394,106,5,2.61,2.29,3.2,7.3,5,14.3,13.1,14.1,21.8,9.7,11.5,0.7,16.4,40.2,28.1,14.6,0,61.3,38.7,60896,78376
"2460",6037431100,"06","037","431100",6629,34.137867,-117.998029,"Census Tract 4311, Los Angeles County, California",458900,2175,74,4.8,3.85,2.66,2.6,3.5,11.2,8.7,7.5,12.7,18,15.7,20,5.5,17.8,30.9,33.1,8.6,4.1,40.5,59.5,42750,57401
"2461",6037431200,"06","037","431200",6439,34.123073,-117.995516,"Census Tract 4312, Los Angeles County, California",377000,1564,19,4.9,3.7,4.23,0.5,1.1,1.9,1.8,4.9,7.4,44.1,35.8,2.5,2.4,8.1,30.5,46.3,9.9,2.7,77.2,22.8,54548,60260
"2462",6037431300,"06","037","431300",2661,34.125893,-118.006509,"Census Tract 4313, Los Angeles County, California",585200,893,46,5.7,3.23,3.3,0.4,3.1,8.5,5.8,0.9,7.2,23.1,43,8,0,0.8,17.5,59.7,18.3,3.8,76.4,23.6,77528,95815
"2463",6037431400,"06","037","431400",3970,34.112184,-118.011087,"Census Tract 4314, Los Angeles County, California",485700,1427,92,5.5,2.91,2.88,0,8.9,2.9,5.2,4.7,10.7,33.4,30.7,3.4,1.5,4.9,27.1,48.1,17.9,0.5,88.5,11.5,76250,79973
"2464",6037431501,"06","037","431501",4107,34.100185,-118.032703,"Census Tract 4315.01, Los Angeles County, California",460300,1503,37,4.9,2.85,2.69,12.2,5.6,4.1,7.9,12.4,15.1,23.4,15.2,4.1,3.1,11,33.7,42,10.2,0,56.8,43.2,61172,71840
"2465",6037431502,"06","037","431502",4361,34.102259,-118.024121,"Census Tract 4315.02, Los Angeles County, California",455800,1542,71,5.3,2.92,3.24,0,1,1.8,2.3,10.8,9.9,55.4,12.8,6,0,6.9,16.2,67.8,8.6,0.5,72.9,27.1,68702,76771
"2466",6037431600,"06","037","431600",4018,34.110153,-118.042992,"Census Tract 4316, Los Angeles County, California",826200,1317,38,6.4,3.17,2.5,2.6,10.5,6.2,10.3,2.5,10.7,30.4,14.7,12.1,0.5,9.2,17.8,32.6,31.2,8.7,81.2,18.8,88547,108260
"2467",6037431700,"06","037","431700",6433,34.121474,-118.042693,"Census Tract 4317, Los Angeles County, California",898700,2152,101,6.4,3.16,2.36,3.5,2.2,8,19.8,5.6,12.7,16.5,25,6.5,1.4,5.4,11.5,37,21.4,23.2,76,24,70335,98540
"2468",6037431800,"06","037","431800",5640,34.119907,-118.060828,"Census Tract 4318, Los Angeles County, California",600300,1957,161,5.2,3.68,2.83,1.9,1.8,10.1,13.8,16.8,9,31,11.4,4.2,3.6,5.4,29.8,48.3,9.1,3.8,60.9,39.1,61702,79615
"2469",6037431900,"06","037","431900",3828,34.11042,-118.06006,"Census Tract 4319, Los Angeles County, California",614000,1383,70,4.8,3.75,2.26,3,4.9,12.3,10.5,4.8,14.4,22.6,20,7.5,2.1,21.6,29.1,27.8,13.5,5.8,51,49,60655,81567
"2470",6037432000,"06","037","432000",8182,34.102352,-118.053734,"Census Tract 4320, Los Angeles County, California",619500,2511,164,5.4,3.33,2.96,1.3,1.2,4.5,3.9,7.8,16.8,43.6,13.1,7.8,1.2,8.6,29.2,40.6,19.8,0.6,62,38,67929,83552
"2471",6037432101,"06","037","432101",4179,34.095808,-118.04334,"Census Tract 4321.01, Los Angeles County, California",547600,1359,9,5.5,3.14,2.45,1.5,6.6,8.4,6.1,11.6,16.4,31.5,12.6,5.3,1.9,7.1,17,54.6,13,6.4,76.1,23.9,86375,95036
"2472",6037432102,"06","037","432102",5633,34.09314,-118.05822,"Census Tract 4321.02, Los Angeles County, California",588800,1764,115,5.8,3.38,3.59,1.9,0.5,5,3.9,5.3,12.6,39.1,25.3,6.4,0,2.6,21.4,53.3,21.2,1.5,76.5,23.5,71189,87439
"2473",6037432201,"06","037","432201",4342,34.086393,-118.082235,"Census Tract 4322.01, Los Angeles County, California",480800,1400,131,4.6,3.59,3.25,5.3,0.6,4.6,9.9,20.9,11.5,30.3,10.4,6.4,8.1,10.1,32.4,30.9,16.9,1.7,56.4,43.6,43625,63009
"2474",6037432202,"06","037","432202",4252,34.085608,-118.070929,"Census Tract 4322.02, Los Angeles County, California",454700,1272,0,4.6,3.64,3.14,1.4,0.5,7.5,9.7,8.4,12.3,25.2,27.2,7.8,3.1,10.9,36.1,27,20.7,2.2,56.2,43.8,52424,63210
"2475",6037432300,"06","037","432300",3951,34.087074,-118.039997,"Census Tract 4323, Los Angeles County, California",400000,1179,22,5.2,3.43,3.13,1.6,4,0,10.1,2.9,5.9,55.3,11.1,9.1,0,9,13.1,65.1,9.8,3.1,69.5,30.5,63133,68307
"2476",6037432401,"06","037","432401",3789,34.089642,-118.02174,"Census Tract 4324.01, Los Angeles County, California",395900,1037,62,4.6,3.66,4.63,5.1,1.7,2.2,6.8,9,30.5,26.4,12.4,5.9,1,13,46.8,32.4,6.8,0,43.9,56.1,40661,47314
"2477",6037432402,"06","037","432402",6310,34.08391,-118.026335,"Census Tract 4324.02, Los Angeles County, California",382700,1752,34,4.2,4.2,3.23,3.1,2.1,17.2,10,14.7,24.8,18.1,4.6,5.4,2.4,23.7,37.7,23.7,9.6,3,30.8,69.2,32205,48426
"2478",6037432500,"06","037","432500",8210,34.094221,-118.008941,"Census Tract 4325, Los Angeles County, California",400000,2348,136,5.3,3.73,4.03,1.7,0.6,9.4,8.2,12.4,28.2,21,13.8,4.7,2.7,6.2,23,47.4,16.9,3.8,67.8,32.2,55930,67989
"2479",6037432601,"06","037","432601",6564,34.081711,-118.014534,"Census Tract 4326.01, Los Angeles County, California",439100,1677,16,4.8,3.92,3.89,1.6,3.7,7.9,19.1,4.6,21.6,14.7,12.6,14.3,2.1,14.1,34.5,36,11.7,1.6,48.3,51.7,49420,59471
"2480",6037432602,"06","037","432602",4554,34.081218,-118.005634,"Census Tract 4326.02, Los Angeles County, California",426600,1201,57,5.3,4.11,4.3,0,3.8,17.5,7.7,6.7,18.6,17.2,17,11.4,0,7.7,26,45.8,17.4,3.2,62.2,37.8,54286,65952
"2481",6037432700,"06","037","432700",5262,34.076901,-118.02891,"Census Tract 4327, Los Angeles County, California",376300,1300,125,4.7,4.07,4.36,5.8,1.9,7,1.8,7.5,23.5,20.9,18.8,12.7,0.4,11.8,39.5,40.9,6.5,0.8,50.4,49.6,47031,57521
"2482",6037432801,"06","037","432801",2568,34.076159,-118.048091,"Census Tract 4328.01, Los Angeles County, California",361000,854,59,3.6,3.8,2.95,12.3,34.2,7.7,6,5.7,11,16.2,1.9,5,6.1,44.7,21.2,23.5,3.6,0.8,20.6,79.4,24750,33496
"2483",6037432802,"06","037","432802",5821,34.078047,-118.05308,"Census Tract 4328.02, Los Angeles County, California",298400,1563,72,3.8,3.89,4.24,0,1.2,4.3,13.8,25.8,23.7,15.7,11.7,3.8,6.3,31.2,42.2,13.2,7,0,20.1,79.9,38194,48967
"2484",6037432901,"06","037","432901",4464,34.076764,-118.07045,"Census Tract 4329.01, Los Angeles County, California",439900,1273,9,4.8,3.89,3.1,3.3,0,4.4,6.7,14.6,16.5,21.5,17,16,4.9,11.7,33.6,33.5,11.5,4.6,52.4,47.6,63400,67109
"2485",6037432902,"06","037","432902",3482,34.077341,-118.05974,"Census Tract 4329.02, Los Angeles County, California",472200,923,31,5.4,3.91,3.56,0.4,1.2,3.3,7.2,1.3,12,20.6,39.7,14.4,3.4,3.9,33.5,41.4,8.9,9,75.8,24.2,65435,75877
"2486",6037433101,"06","037","433101",2281,34.066929,-118.050728,"Census Tract 4331.01, Los Angeles County, California",420100,628,19,4.9,4.13,3.94,1.6,1.6,1.8,6.1,2.1,12.3,51.1,20.9,2.7,2.7,13.4,23.2,51.1,3.7,5.9,61.4,38.6,54226,62831
"2487",6037433102,"06","037","433102",5085,34.065078,-118.057908,"Census Tract 4331.02, Los Angeles County, California",389400,1257,74,4.3,5.05,3.96,3.3,7.8,11.3,15.9,7.7,12.2,18.8,18.9,4.2,3,22.2,32.3,27.9,14.6,0,26.2,73.8,31533,42440
"2488",6037433200,"06","037","433200",6163,34.067651,-118.038868,"Census Tract 4332, Los Angeles County, California",355400,1614,47,4.6,4.47,3.52,1.4,0,9.2,7.9,6.2,11.3,29.8,22.9,11.2,0.7,22.5,33.5,29.9,10.5,2.9,46.6,53.4,44421,56605
"2489",6037433302,"06","037","433302",1595,34.065014,-118.018705,"Census Tract 4333.02, Los Angeles County, California",225000,394,18,4,4.8,4.29,6.6,1.3,9.9,14.5,8.9,5.3,26.6,11.9,15,0,37.8,48.7,0,13.5,0,36.7,63.3,33571,44288
"2490",6037433304,"06","037","433304",4726,34.071459,-118.017975,"Census Tract 4333.04, Los Angeles County, California",317200,1360,26,4,4.5,3.11,0,0,19.7,36.3,20.9,8.3,14.9,0,0,9.3,27.4,32.6,22.1,7.6,1.2,27.7,72.3,30844,44236
"2491",6037433305,"06","037","433305",4893,34.070567,-118.012604,"Census Tract 4333.05, Los Angeles County, California",342800,1191,81,4.3,4.12,3.98,0,11.6,15.2,35,11.5,12.5,11.1,1.1,2,1.9,8.1,61.7,19.2,9,0,30.3,69.7,33555,39536
"2492",6037433306,"06","037","433306",3333,34.070948,-118.008552,"Census Tract 4333.06, Los Angeles County, California",323600,763,38,4.4,4.42,5.21,0,0,11.4,43.3,12.2,7.6,12.8,0,12.7,2.5,9,38.4,40.5,7.1,2.5,37,63,41922,63224
"2493",6037433307,"06","037","433307",3421,34.068061,-118.006985,"Census Tract 4333.07, Los Angeles County, California",361400,782,40,5.1,3.5,4.58,3.6,0,8.1,41.3,9,17.9,10.4,7.7,2.2,3.5,5.5,32.7,39.3,19.1,0,56.7,43.3,56182,64250
"2494",6037433401,"06","037","433401",3371,34.059273,-118.041863,"Census Tract 4334.01, Los Angeles County, California",384400,743,78,4.3,4.48,4.33,3.2,0,13.1,8.3,12.5,12.9,9.8,29.5,10.6,0.7,11.6,50.1,27.7,8.9,1.1,36.8,63.2,41474,61614
"2495",6037433402,"06","037","433402",4776,34.059517,-118.03438,"Census Tract 4334.02, Los Angeles County, California",410700,1150,70,4,4.21,3.68,0.9,6.3,9.9,14.9,16,14,24.6,9.5,4,3,24.4,49.3,15.7,7.6,0,27.6,72.4,40278,44473
"2496",6037433403,"06","037","433403",4675,34.061459,-118.027323,"Census Tract 4334.03, Los Angeles County, California",367900,1284,111,3.9,4.05,4.04,6.9,0,8.4,8.9,8.2,12.9,21.7,22.1,11,4.8,32.9,39.6,17.5,3.2,2.1,19.8,80.2,31972,45751
"2497",6037433501,"06","037","433501",1954,34.058288,-118.063895,"Census Tract 4335.01, Los Angeles County, California",25000,527,0,4.2,3.6,4.98,0,0.8,3.6,5.7,10.2,10.1,33.2,19.4,17.1,3,21.1,47.1,24.9,4,0,34.9,65.1,35368,47585
"2498",6037433503,"06","037","433503",3108,34.055529,-118.048632,"Census Tract 4335.03, Los Angeles County, California",327300,702,51,4.6,4.73,5.52,4,9.7,0.6,4.8,17.4,9.5,14.2,34.9,4.8,10.1,5.8,44.7,27.9,6.1,5.3,38.7,61.3,52853,55806
"2499",6037433504,"06","037","433504",4679,34.058962,-118.054752,"Census Tract 4335.04, Los Angeles County, California",248900,1044,0,4.4,3.97,4.29,1.5,0.5,5.7,18.7,13.9,10.8,20.1,15.5,13.3,2.3,9.5,60.7,16.8,8.8,1.9,21.2,78.8,38380,49089
"2500",6037433601,"06","037","433601",4923,34.067054,-118.076711,"Census Tract 4336.01, Los Angeles County, California",423600,1342,165,5.2,4.47,3.37,0,3.4,7.3,9.9,8.7,12.6,35.8,13,9.3,0.7,8.5,25.6,41.5,19.2,4.4,52.6,47.4,50208,61216
"2501",6037433602,"06","037","433602",2803,34.058992,-118.07849,"Census Tract 4336.02, Los Angeles County, California",417700,826,14,4.5,3.5,2.79,0,9.7,1.3,11.1,6.8,12.5,28.6,18.9,11.1,1.5,22,28.8,38.4,9.3,0,47.5,52.5,39306,50315
"2502",6037433700,"06","037","433700",3294,34.047689,-118.050665,"Census Tract 4337, Los Angeles County, California",362800,808,0,5.5,4.6,3.52,3.6,0,1.5,1.6,16.5,16.2,50.2,8.4,2,0,1.1,22.8,53,20.5,2.6,75.7,24.3,65304,57018
"2503",6037433801,"06","037","433801",6197,34.051397,-118.03586,"Census Tract 4338.01, Los Angeles County, California",386900,1310,42,4.3,4.34,4.77,1.8,0,2.8,2.2,21.5,14.8,35.9,14,7,1.9,13.1,48.6,26,10.3,0,36.4,63.6,36705,48196
"2504",6037433802,"06","037","433802",2780,34.040523,-118.0428,"Census Tract 4338.02, Los Angeles County, California",362200,708,9,5.4,4.42,4.31,3.7,0,2.5,0,8.8,17.1,54.1,13.8,0,2.7,0,11.7,64.8,18.8,2,82.3,17.7,71090,78150
"2505",6037433901,"06","037","433901",5593,34.058509,-118.019957,"Census Tract 4339.01, Los Angeles County, California",365000,1345,126,4,4.63,4.43,0,10,16.4,14.5,10.6,11.3,20.9,15.7,0.7,3,28.8,46.9,7.3,14.1,0,19.7,80.3,31467,42092
"2506",6037433902,"06","037","433902",3780,34.053116,-118.02663,"Census Tract 4339.02, Los Angeles County, California",353900,914,0,4.7,4.41,3.85,0,0,9.5,2.8,4.4,11.4,51.1,17.4,3.4,2.3,4.3,46.9,31.4,14.3,0.8,53.3,46.7,40463,52423
"2507",6037434001,"06","037","434001",4395,34.051034,-118.014888,"Census Tract 4340.01, Los Angeles County, California",299600,1088,88,5.2,4.54,4.4,4.6,9.2,3.4,8.6,12,36.7,18.3,5.8,1.4,3,2.2,30.5,39.1,24.7,0.5,54.9,45.1,52734,61013
"2508",6037434003,"06","037","434003",4273,34.047093,-118.02187,"Census Tract 4340.03, Los Angeles County, California",405700,1000,0,4.7,4.41,4.74,0.7,3.9,7,7.6,2.5,31.9,22.2,11.1,13.1,0,23.7,31.1,30.2,10.4,4.6,33.2,66.8,48542,61233
"2509",6037434004,"06","037","434004",2796,34.040987,-118.03101,"Census Tract 4340.04, Los Angeles County, California",381300,696,14,5.5,3.73,3.51,1.7,0,0,8.3,3.4,20.4,31.5,19,15.7,0,2.9,28,63.9,5.2,0,76.2,23.8,63664,71442
"2510",6037460000,"06","037","460000",4851,34.170503,-118.076348,"Census Tract 4600, Los Angeles County, California",770900,1810,23,6.4,2.52,3.05,0.4,0.9,2,2.4,6.5,14.7,65.1,3.5,4.5,0,1.3,9.3,65.3,17,7.2,86.3,13.7,112535,140645
"2511",6037460100,"06","037","460100",5793,34.191699,-118.119724,"Census Tract 4601, Los Angeles County, California",719100,2493,19,6.6,2.51,2.1,0,0.6,0.5,3,4.6,8.3,29.3,15.5,38.3,0,5.9,15.8,53.3,19.9,5.1,90,10,103514,161478
"2512",6037460200,"06","037","460200",5315,34.197331,-118.13803,"Census Tract 4602, Los Angeles County, California",575100,2190,38,6,2.46,2.9,0,2.6,0.9,2.1,3.4,6.1,26.3,24.9,33.6,1.7,5.5,30.2,43.8,12,6.7,74.4,25.6,85532,102902
"2513",6037460301,"06","037","460301",4638,34.203695,-118.15322,"Census Tract 4603.01, Los Angeles County, California",603000,1753,0,6.3,2.83,3.64,0.6,5.1,16.3,2.6,2.2,9.2,19.2,21,23.8,0,0,21.6,49.7,18.5,10.1,89.3,10.7,100734,136676
"2514",6037460302,"06","037","460302",4442,34.194212,-118.157211,"Census Tract 4603.02, Los Angeles County, California",453800,1446,46,5.7,3.14,4.65,1.7,0.6,4.4,2.4,1.9,5.5,20.3,30,33.4,0.8,1.2,34,48.2,13.9,1.9,84.1,15.9,70909,82905
"2515",6037460401,"06","037","460401",878,34.195406,-118.166568,"Census Tract 4604.01, Los Angeles County, California",604700,340,0,6.3,2.96,4.09,0,0,0,28.2,5.6,4.1,24.4,27.1,10.6,0,2.6,26.5,29.4,31.5,10,86.2,13.8,89191,96484
"2516",6037460501,"06","037","460501",5418,34.213301,-118.190717,"Census Tract 4605.01, Los Angeles County, California",NA,1994,63,7,3,3.07,0.6,4.1,5.2,2.5,8.4,33,27.8,8.5,9.9,0,0.5,3.6,49.5,35.1,11.3,93.3,6.7,142375,216383
"2517",6037460502,"06","037","460502",4417,34.206713,-118.194679,"Census Tract 4605.02, Los Angeles County, California",NA,1522,89,6.9,2.95,2.83,1.2,5.3,2.4,2,4.3,10.4,39.4,22.3,12.7,0,0.5,8.5,48.2,36.5,6.2,95,5,152344,217326
"2518",6037460600,"06","037","460600",4511,34.22201,-118.22019,"Census Tract 4606, Los Angeles County, California",NA,1598,131,6.5,3.06,2.95,0.9,0.8,8.4,2.8,2.9,13.3,42.8,18,10.2,0.6,3.6,8.7,45.2,32.1,9.8,87,13,138750,197917
"2519",6037460700,"06","037","460700",5034,34.19552,-118.198329,"Census Tract 4607, Los Angeles County, California",NA,1744,116,7.7,3.05,4.1,0.7,7.3,3.8,4.2,4.3,10.7,23.2,25.8,20.1,1.2,0,9.2,32.2,27.4,30,95.8,4.2,186705,270039
"2520",6037460800,"06","037","460800",3248,34.164861,-118.178453,"Census Tract 4608, Los Angeles County, California",NA,1350,19,7,2.47,4.14,0,0,3.3,10.2,8.4,16,21.8,19.9,20.4,0,1.4,9.8,40.7,37.8,10.4,97.3,2.7,173229,223318
"2521",6037460900,"06","037","460900",6998,34.174999,-118.156984,"Census Tract 4609, Los Angeles County, California",438600,2101,166,4.9,3.34,3.85,0.5,2.5,2.1,5.7,1,7.9,14.5,27,38.8,0,7.3,50.1,26.3,11.9,4.4,59.6,40.4,53750,64205
"2522",6037461000,"06","037","461000",6243,34.186694,-118.160195,"Census Tract 4610, Los Angeles County, California",423300,1767,70,5.2,3.58,3.65,0,1.4,0.5,3.9,2.7,7.9,20.7,23.2,39.8,1.3,4,43.4,38.4,10.8,2.2,65.1,34.9,57617,67305
"2523",6037461100,"06","037","461100",4844,34.184381,-118.140894,"Census Tract 4611, Los Angeles County, California",602700,1729,166,5.1,2.98,2.83,1,0,2.7,2.2,7.1,13.6,23.4,17.5,32.5,1,13.7,37.7,35.2,9.6,2.8,57.1,42.9,69281,85963
"2524",6037461200,"06","037","461200",4443,34.180663,-118.115221,"Census Tract 4612, Los Angeles County, California",792100,1783,74,6.5,2.67,3.47,0,0.3,1.7,0.8,2.7,5.7,16.3,22.5,49.9,2.2,4.8,22.8,44.8,14.6,10.9,84.4,15.6,116354,142782
"2525",6037461300,"06","037","461300",6638,34.173735,-118.111036,"Census Tract 4613, Los Angeles County, California",656600,2650,143,5.1,2.86,2.25,0.5,0.4,1.4,6.9,5.1,8.2,11.7,22.7,43.1,2.3,11.7,44.5,33.7,7.2,0.6,58.1,41.9,74489,114329
"2526",6037461400,"06","037","461400",3204,34.172235,-118.123562,"Census Tract 4614, Los Angeles County, California",644100,1422,150,4.3,2.34,2.41,0,0,0,3.2,17.6,7.5,9.4,15.3,47,1.6,31.2,37.3,17.5,11.5,0.8,34.4,65.6,55265,83230
"2527",6037461501,"06","037","461501",3700,34.173552,-118.13755,"Census Tract 4615.01, Los Angeles County, California",455000,1390,110,4.5,3.52,2.23,0,0,0.2,6.1,5.8,8,6.9,10.1,62.9,5.5,15.5,38.3,30.8,7.4,2.4,60.9,39.1,75357,80919
"2528",6037461502,"06","037","461502",6563,34.175046,-118.14656,"Census Tract 4615.02, Los Angeles County, California",440300,1671,25,4.6,4.16,3.13,0,1.3,3.6,4.1,5.3,12.1,6.8,13.2,53.6,0,29.9,34.4,20.8,11.3,3.5,39.6,60.4,47813,55923
"2529",6037461600,"06","037","461600",5826,34.16295,-118.155691,"Census Tract 4616, Los Angeles County, California",474100,1788,126,4.9,3.09,3.19,0,1.2,4.1,6.1,18.2,13.2,8.6,13,35.6,0,10.1,44.9,34.6,8.3,2.1,46,54,43116,55573
"2530",6037461700,"06","037","461700",1385,34.158302,-118.162655,"Census Tract 4617, Los Angeles County, California",728700,722,4,6.3,2.19,NA,0,0,0,12.2,39.1,1.8,5.5,6.6,34.8,0.6,2.5,30.9,30.9,24.7,10.5,97.9,2.1,127222,160837
"2531",6037461901,"06","037","461901",5118,34.154923,-118.146725,"Census Tract 4619.01, Los Angeles County, California",458200,1784,190,3.6,3.78,2.78,3.9,2.2,10.4,5.2,9.3,5.7,13.8,14.6,34.8,11,43.2,23.8,18,2.9,1.1,19.4,80.6,48276,58720
"2532",6037461902,"06","037","461902",1654,34.148992,-118.147202,"Census Tract 4619.02, Los Angeles County, California",NA,1094,153,3.1,NA,1.37,3.3,14.8,32.6,5.9,5,1.1,7.3,5,24.9,18.8,55.9,23.9,1.3,0,0,1.3,98.7,31767,55434
"2533",6037462001,"06","037","462001",3974,34.162871,-118.143802,"Census Tract 4620.01, Los Angeles County, California",480600,1253,0,4.4,3.85,3.38,0,0,1.8,5.8,15.6,1.7,20.4,7.9,46.8,2.5,23.1,39.7,24.7,4.4,5.7,30.1,69.9,45353,58397
"2534",6037462002,"06","037","462002",3942,34.162996,-118.148028,"Census Tract 4620.02, Los Angeles County, California",581800,1189,117,3.7,3.53,3.23,0.8,1.1,6.6,13.5,15,10.7,12.4,11.9,28.2,9.1,27.4,44.4,13.5,4.9,0.7,18.6,81.4,43462,58807
"2535",6037462100,"06","037","462100",5259,34.162527,-118.137238,"Census Tract 4621, Los Angeles County, California",608900,1867,145,4,3.76,2.92,0,0,0.3,6.3,9.3,10.1,10.3,11.5,52.2,9.5,31.6,31.8,17.5,5.1,4.6,36.7,63.3,43621,63093
"2536",6037462201,"06","037","462201",3788,34.154904,-118.137777,"Census Tract 4622.01, Los Angeles County, California",419200,1868,33,3.2,1.79,2.11,3.9,1.8,7.1,7.2,29.8,17.5,8.7,4.6,19.5,9.4,53.4,25.6,9.9,0.5,1.3,11.2,88.8,34394,45690
"2537",6037462202,"06","037","462202",2928,34.149376,-118.137014,"Census Tract 4622.02, Los Angeles County, California",538000,1734,253,3.6,2.17,2.01,19.5,44.8,4.6,6.3,6.7,4.5,7.5,0,6.1,6.6,45.4,38.1,9.9,0,0,12.8,87.2,51977,75326
"2538",6037462301,"06","037","462301",4655,34.154985,-118.126805,"Census Tract 4623.01, Los Angeles County, California",486000,1940,80,4,3.49,2.62,0,3.5,2.9,24.3,11.5,8.9,8.1,14.5,26.3,4.7,27.7,55.1,9.5,1.4,1.6,20.3,79.7,44938,74580
"2539",6037462302,"06","037","462302",2972,34.148834,-118.126374,"Census Tract 4623.02, Los Angeles County, California",457800,1568,145,4,2.18,1.97,7.1,7.8,16.5,24,12.1,17.9,3.4,0.6,10.5,5.7,31.3,48.5,7.3,5.9,1.3,21.2,78.8,64863,75202
"2540",6037462400,"06","037","462400",4229,34.163508,-118.126876,"Census Tract 4624, Los Angeles County, California",630900,1704,115,5.3,2.84,2.33,0,0.5,1.2,1.2,5.8,10.9,6.7,12.6,61.2,3.5,12.7,35.6,34.3,9.6,4.2,61,39,73432,93905
"2541",6037462500,"06","037","462500",6039,34.165422,-118.105517,"Census Tract 4625, Los Angeles County, California",644700,2494,270,5.3,2.63,2.36,0.8,0,6.7,4.9,0,10.1,13.5,23.9,40.3,1.9,9.7,36.1,41.7,9.7,0.9,66.5,33.5,88976,107974
"2542",6037462600,"06","037","462600",2324,34.1607,-118.113564,"Census Tract 4626, Los Angeles County, California",797300,928,38,6.4,2.75,2.55,0,0,0.4,0,1.4,2.9,10,6.8,78.4,0,2.9,20.7,53.6,15.8,7,83.6,16.4,122000,180324
"2543",6037462700,"06","037","462700",5471,34.151084,-118.114844,"Census Tract 4627, Los Angeles County, California",506900,2348,311,4.1,2.58,2.29,1.1,0,3.1,4.5,10.6,8,20,12.4,40.4,6.5,28.4,42.8,17.5,4.9,0,39.9,60.1,56265,71491
"2544",6037462800,"06","037","462800",2915,34.152151,-118.103617,"Census Tract 4628, Los Angeles County, California",562800,1209,93,4.5,2.15,2.92,4.5,2.3,0.7,11.3,9,13.8,6.1,11.9,40.3,0.9,20.6,42.7,33.3,1.7,0.8,47.5,52.5,60724,76579
"2545",6037462900,"06","037","462900",3818,34.155376,-118.089185,"Census Tract 4629, Los Angeles County, California",615200,1435,46,5.7,2.58,3.29,0,0,0.6,2,5,3.6,23.7,40.3,24.9,6.5,3.6,30.3,48.9,9.1,1.6,81.5,18.5,72781,96115
"2546",6037463000,"06","037","463000",2228,34.1554,-118.074469,"Census Tract 4630, Los Angeles County, California",707600,915,23,5.2,2.34,2.59,5.2,3.4,3,0,8.5,10.3,47.8,19.8,2.1,0.9,10.2,32.6,35.5,20.9,0,73,27,98125,117944
"2547",6037463101,"06","037","463101",2383,34.140226,-118.070579,"Census Tract 4631.01, Los Angeles County, California",531500,943,92,5.5,2.49,2.56,0.5,0,2.3,2.3,5.1,6.3,16.3,35.2,31.9,6.7,7.4,33.7,41.6,8.5,2.1,63.2,36.8,67188,85763
"2548",6037463102,"06","037","463102",3779,34.139457,-118.080341,"Census Tract 4631.02, Los Angeles County, California",703600,1227,73,5.6,3.18,2.86,1.1,0,1.1,1.9,7,4.2,10.1,35.9,38.6,0.2,9,27.1,41.7,14.9,7,78.6,21.4,77083,139315
"2549",6037463200,"06","037","463200",3403,34.141706,-118.091251,"Census Tract 4632, Los Angeles County, California",733000,1470,98,5.3,2.48,1.99,0.9,2.2,3.1,4.1,10.3,8.3,26.5,25.6,19,2,19.9,26.5,38.2,11.6,1.8,59.7,40.3,83936,101523
"2550",6037463300,"06","037","463300",2041,34.139414,-118.102347,"Census Tract 4633, Los Angeles County, California",682800,968,132,5.6,2.38,2.73,0,0,9.4,5.6,1.4,9.7,16.1,16.7,41,3.1,16.1,31.7,36.3,11.5,1.3,58,42,94875,137090
"2551",6037463400,"06","037","463400",5752,34.142403,-118.108635,"Census Tract 4634, Los Angeles County, California",717300,2809,167,4.4,2.32,2.17,3.6,1,7.6,9.5,25.5,5.7,8.7,6.9,31.4,1.4,25.4,34.5,27.3,7.2,4.2,39.4,60.6,75227,108646
"2552",6037463500,"06","037","463500",5747,34.140076,-118.127476,"Census Tract 4635, Los Angeles County, California",445900,2985,498,3.7,1.77,2,3.4,4.4,3.9,23.1,19.4,17.8,12.6,4.6,10.9,3.5,36.5,43.5,10.9,3.5,2.1,30.4,69.6,62055,87109
"2553",6037463601,"06","037","463601",5714,34.140256,-118.137405,"Census Tract 4636.01, Los Angeles County, California",443600,3806,310,3.4,1.66,1.68,1.8,18.4,6.3,13.1,24.5,12,7.9,6.1,9.8,10.5,37.7,44.5,6.1,0.4,0.8,22.3,77.7,75086,85780
"2554",6037463602,"06","037","463602",5051,34.140618,-118.144748,"Census Tract 4636.02, Los Angeles County, California",516000,3250,212,3.1,1.54,1.65,7.2,12.2,4.6,15.4,21.3,12.1,8.7,3.3,15.2,14.1,55.4,23.2,7.3,0,0,17,83,63438,80051
"2555",6037463700,"06","037","463700",2236,34.140399,-118.157894,"Census Tract 4637, Los Angeles County, California",810400,1135,120,5.4,2.09,1.84,20.4,9.8,2.9,10,8,6.1,9.4,2.4,31.1,3.6,7.8,49,20.1,5.3,14.2,68.2,31.8,135347,215719
"2556",6037463800,"06","037","463800",3869,34.134495,-118.177184,"Census Tract 4638, Los Angeles County, California",899500,1719,55,6.2,2.27,1.81,0,0.4,1,4.2,3.3,7.9,38.6,21.8,22.8,0,1.7,24,50.3,18.3,5.8,92.1,7.9,130978,174474
"2557",6037463900,"06","037","463900",3456,34.130018,-118.157165,"Census Tract 4639, Los Angeles County, California",789400,1695,170,5.1,2.03,2.02,1.1,2.3,2.1,2,12.6,18.1,29.4,10.6,21.9,1.5,11.9,49.1,24.4,11.4,1.6,62,38,104671,140793
"2558",6037464000,"06","037","464000",5621,34.129435,-118.140465,"Census Tract 4640, Los Angeles County, California",861700,2816,140,5,2.23,1.79,1,5.9,2.5,15.4,12.1,7.5,15.5,7.7,32.3,0.4,22.2,35.1,26.1,10.9,5.3,58,42,104506,142372
"2559",6037464100,"06","037","464100",7210,34.117459,-118.122893,"Census Tract 4641, Los Angeles County, California",NA,2542,138,7.3,2.87,3.15,0.8,0.9,1.5,3.6,2.8,7.6,12.7,14.9,55.2,0,0,10.3,37.5,37.4,14.8,94,6,174265,283268
"2560",6037464200,"06","037","464200",5937,34.124665,-118.098967,"Census Tract 4642, Los Angeles County, California",NA,2142,142,7.2,3.06,3.33,0.5,1.7,0.9,0.4,2.1,7.2,22.2,34.7,30.3,0,0,7.6,47,33.7,11.8,90,10.1,131066,164637
"2561",6037480002,"06","037","480002",3453,34.12023,-118.08633,"Census Tract 4800.02, Los Angeles County, California",688300,1228,121,6.3,3.25,2.79,1.9,0.7,5,0.7,5.9,10.1,33.9,30.1,11.7,0,3.2,15.9,62.1,14.5,4.3,86.8,13.2,126780,145405
"2562",6037480011,"06","037","480011",5132,34.12619,-118.073935,"Census Tract 4800.11, Los Angeles County, California",553100,1932,90,4.5,3.45,2.86,3.1,1,1.4,5.7,18,27.1,28,10.4,5.4,9.5,18.3,31.8,28.1,11.7,0.6,42.6,57.4,52443,75911
"2563",6037480012,"06","037","480012",4763,34.118392,-118.073636,"Census Tract 4800.12, Los Angeles County, California",627000,1849,104,5,2.89,2.63,0,0,6.9,5.8,20.4,15.1,23.9,23.1,4.8,8.1,14.6,31.1,37,7.4,1.8,54.7,45.3,56861,76525
"2564",6037480101,"06","037","480101",3908,34.109676,-118.073504,"Census Tract 4801.01, Los Angeles County, California",604300,1251,14,5.3,3.34,3.19,4.2,1.7,5,3.4,12.5,6.3,21.4,19.3,26.1,0,8,37.7,34.9,15.5,3.9,60,40,66557,76382
"2565",6037480102,"06","037","480102",4303,34.107745,-118.084722,"Census Tract 4801.02, Los Angeles County, California",601300,1454,107,5.4,3.01,2.92,0,3.6,12.7,6.4,13.5,10.4,15,30.3,8.2,0.7,7.1,33.3,43.2,13.8,2,71.6,28.4,78875,89967
"2566",6037480201,"06","037","480201",3907,34.10791,-118.110414,"Census Tract 4802.01, Los Angeles County, California",671100,1335,33,6.3,2.84,2.43,0.8,0,0.9,2.1,2.2,3.7,23.3,19.1,47.9,3.7,4.9,26,42.8,16,6.5,88.1,11.9,105114,119877
"2567",6037480202,"06","037","480202",2534,34.1086,-118.098712,"Census Tract 4802.02, Los Angeles County, California",686500,915,33,6.4,2.94,3.34,0,1.1,5,0,2,4.6,14.6,23.8,48.9,0,4.6,19,60.1,12.8,3.5,85.8,14.2,114811,135645
"2568",6037480302,"06","037","480302",4255,34.100913,-118.123068,"Census Tract 4803.02, Los Angeles County, California",581500,1763,135,4.4,2.61,2.34,0,0,5.6,16.6,14.6,12.3,11.2,10.9,28.9,2.1,24.6,35.8,25,11.7,0.7,37.3,62.7,54271,78818
"2569",6037480303,"06","037","480303",3858,34.095594,-118.137944,"Census Tract 4803.03, Los Angeles County, California",426100,1515,65,4,3.11,2.81,0,10,8.4,15.6,14.8,10.9,19.7,2.5,18,6.1,12,59.4,20.3,2.2,0,17.7,82.3,52969,59883
"2570",6037480304,"06","037","480304",4098,34.096213,-118.132062,"Census Tract 4803.04, Los Angeles County, California",370300,1758,131,3.6,2.27,2.33,0.5,6.2,18,23.8,19.4,14.7,6.5,5.1,5.8,4.6,25.8,59.1,9.7,0.9,0,14.5,85.5,37070,50557
"2571",6037480400,"06","037","480400",5654,34.103549,-118.132967,"Census Tract 4804, Los Angeles County, California",553000,2256,151,5.1,2.7,2.74,1.1,0,1.2,17.7,13.1,9.5,13.3,12.9,31.2,1.6,16.3,39.7,35.7,4.5,2.2,51.6,48.4,70580,84767
"2572",6037480500,"06","037","480500",5485,34.107612,-118.145,"Census Tract 4805, Los Angeles County, California",952900,2228,118,5.9,2.99,2.14,0,0.7,6.3,2.8,6.5,2.5,8.2,7.5,65.4,1.9,21.9,24.4,24.6,25,2.2,56.8,43.2,101783,178748
"2573",6037480600,"06","037","480600",7863,34.119514,-118.152971,"Census Tract 4806, Los Angeles County, California",844900,3595,337,4,2.48,1.99,0.5,2.3,1.8,5.9,12.5,15.5,19,14.4,28.1,2.8,37.9,39.1,10,7.9,2.3,30.1,69.9,70402,98110
"2574",6037480702,"06","037","480702",4460,34.106207,-118.171384,"Census Tract 4807.02, Los Angeles County, California",824800,1773,50,5.4,2.69,2.45,2.5,2.3,1,10.2,17,33.4,15.8,6.9,10.8,3.2,9.7,24.4,37.6,18.7,6.4,73.9,26.1,98250,131274
"2575",6037480703,"06","037","480703",3277,34.10952,-118.161871,"Census Tract 4807.03, Los Angeles County, California",791900,1383,76,5.4,2.8,2.56,0.7,1,0.4,5.8,13,13.6,13.2,9.3,43,2,12.7,36.2,28.9,17.4,2.9,61.6,38.4,99519,119097
"2576",6037480704,"06","037","480704",4531,34.105623,-118.153862,"Census Tract 4807.04, Los Angeles County, California",707800,1993,73,4.3,2.88,2.22,0,0.5,3.2,5.3,10.3,13.5,22.6,4.1,40.6,4.2,26.2,38.1,22.8,7.3,1.4,36.1,63.9,74033,93653
"2577",6037480802,"06","037","480802",3279,34.080972,-118.154493,"Census Tract 4808.02, Los Angeles County, California",474800,1055,24,4.8,3.23,2.89,0,0,1,1.8,1.7,3.9,15.6,16.4,59.5,1,9.9,51.8,33.7,3,0.6,57.1,42.9,59901,82897
"2578",6037480803,"06","037","480803",3464,34.091189,-118.154999,"Census Tract 4808.03, Los Angeles County, California",524100,1328,105,5.3,3,2.65,0.8,0,1.5,2.1,6.8,9.6,15.7,7.8,55.8,5.4,16.5,35.5,28.8,13,0.8,72.4,27.6,77633,88693
"2579",6037480804,"06","037","480804",4998,34.095409,-118.147221,"Census Tract 4808.04, Los Angeles County, California",456000,1964,77,4.1,2.5,2.97,0.5,2.4,11.2,16.8,15.2,8.8,7.3,6,31.8,0.3,34.2,34.9,22.3,4.5,3.8,26.1,73.9,60609,69905
"2580",6037480901,"06","037","480901",4686,34.088072,-118.139514,"Census Tract 4809.01, Los Angeles County, California",516600,1695,129,3.9,3.12,2.74,1.8,0,7.3,17.8,11.2,9.1,23.4,5.9,23.6,2.1,28.3,40.8,26.1,2.8,0,24.9,75.1,46422,56327
"2581",6037480902,"06","037","480902",4218,34.080478,-118.138386,"Census Tract 4809.02, Los Angeles County, California",370000,1445,26,3.8,2.67,2.86,0,1.1,2.6,12.5,23.8,12.5,26.6,12.8,8.1,6.3,27.5,51.6,8.1,4.8,1.6,13.5,86.5,39076,51499
"2582",6037480903,"06","037","480903",3206,34.074214,-118.138971,"Census Tract 4809.03, Los Angeles County, California",538700,1055,65,4.7,3.09,2.63,1.8,3.4,0,16,4.5,14.2,16.9,19.1,24.1,1.8,20.8,37.7,21.6,13.7,4.4,53.7,46.3,58333,73319
"2583",6037481001,"06","037","481001",3842,34.086938,-118.13113,"Census Tract 4810.01, Los Angeles County, California",436200,1444,174,4,3.49,2.34,6.9,2.7,10.4,5.1,10,11.6,8.8,13.8,30.6,3.2,30.3,38.5,23.9,3.8,0.3,39.7,60.3,34800,52952
"2584",6037481002,"06","037","481002",5447,34.094523,-118.119602,"Census Tract 4810.02, Los Angeles County, California",481400,2111,110,4.1,3.11,2.74,3.2,1.2,8.5,16.5,12.7,10.8,7.5,6.3,33.3,2.4,26.1,41.2,24.7,4.9,0.7,31.8,68.2,50134,63545
"2585",6037481101,"06","037","481101",3814,34.098947,-118.10819,"Census Tract 4811.01, Los Angeles County, California",438300,1454,29,3.9,2.91,2.61,1.9,2.7,2.9,21.5,17.6,25.7,10.5,7.6,9.6,13.9,16.9,58,9.7,1,0.5,20.5,79.5,52788,62821
"2586",6037481102,"06","037","481102",3624,34.10045,-118.095803,"Census Tract 4811.02, Los Angeles County, California",359000,1461,115,3.9,3.47,2.71,0.7,0,4.4,22.7,25.6,23,18.5,3.2,1.8,1.6,28.2,55.5,11.8,1,1.9,17.2,82.8,49191,72226
"2587",6037481103,"06","037","481103",5350,34.093659,-118.098745,"Census Tract 4811.03, Los Angeles County, California",527200,1570,110,5,3.81,3.13,2.8,2.2,6.1,6.4,9.3,14,26.2,22.7,10.2,2.4,10.1,33.8,39.4,13.4,0.8,61.8,38.2,58603,78638
"2588",6037481201,"06","037","481201",3598,34.097419,-118.070729,"Census Tract 4812.01, Los Angeles County, California",606000,1192,55,4.7,3.15,2.77,2.6,5.4,8.9,2.8,5.2,28,28.2,9.5,9.5,4.5,19.6,35.1,18.5,16.7,5.6,44.1,55.9,47266,67648
"2589",6037481202,"06","037","481202",6608,34.097148,-118.079931,"Census Tract 4812.02, Los Angeles County, California",465300,1983,140,4.9,3.38,2.69,3.1,6.6,7.3,9.1,7.3,32.8,10.6,11,12.2,6.1,11.5,29.7,36.3,11.9,4.6,55.2,44.8,58375,68078
"2590",6037481300,"06","037","481300",3153,34.076234,-118.082686,"Census Tract 4813, Los Angeles County, California",504100,853,29,5.3,4.25,3.45,1.3,2.5,6.3,3.8,5.6,13.8,38.2,19.1,9.4,1.6,0,30.4,54,11.8,2.1,70.3,29.7,61250,66446
"2591",6037481401,"06","037","481401",6061,34.082493,-118.104485,"Census Tract 4814.01, Los Angeles County, California",556300,1920,85,4.5,3.43,3.04,2,2.2,6.1,8.9,13,15.1,16.8,25.6,10.3,4.8,11.9,44.3,22.8,11.8,4.4,47.2,52.8,46458,63255
"2592",6037481402,"06","037","481402",7175,34.083141,-118.093408,"Census Tract 4814.02, Los Angeles County, California",513500,2192,109,4.7,3.59,3.37,0.5,2.6,2.5,17,9.4,9.1,19.5,29.4,10.1,8,8.6,33.1,28.6,20.7,1.1,56.7,43.3,56202,68389
"2593",6037481500,"06","037","481500",4361,34.0796,-118.113439,"Census Tract 4815, Los Angeles County, California",481100,1584,84,5.4,3.07,3.36,0,0,1.8,6.1,4.4,17.7,16.1,49.5,4.4,2,7.4,26.3,49.4,13.6,1.4,66.5,33.5,56483,70162
"2594",6037481603,"06","037","481603",3802,34.085678,-118.120247,"Census Tract 4816.03, Los Angeles County, California",523600,1397,127,4.2,3.2,2.54,1.2,0,7.7,9.2,14.9,10.3,17.8,17.6,21.3,2.1,16.8,52,22.9,6.1,0,34.6,65.4,41618,61832
"2595",6037481604,"06","037","481604",3942,34.084265,-118.126236,"Census Tract 4816.04, Los Angeles County, California",460400,1422,169,4.4,3.12,2.92,0,0,5.3,17.5,9.7,13.9,12.2,9.3,32.1,3.3,14.6,51.5,23.5,4.4,2.6,32.6,67.4,46640,60617
"2596",6037481605,"06","037","481605",3387,34.071926,-118.125905,"Census Tract 4816.05, Los Angeles County, California",515000,1108,61,4.6,3.33,3.35,0,3.7,1,5.2,14.4,11.2,23.4,8.2,32.9,1.8,25.3,30.1,36.3,6.6,0,49,51,57788,69156
"2597",6037481606,"06","037","481606",4871,34.076077,-118.12585,"Census Tract 4816.06, Los Angeles County, California",472200,1660,116,4.2,3.36,3.05,0,0.6,4.9,17.4,8.4,26.1,9.2,11.2,22,4.8,17.7,47.8,28.9,0.8,0,29.1,70.9,37619,53619
"2598",6037481711,"06","037","481711",4530,34.066296,-118.119422,"Census Tract 4817.11, Los Angeles County, California",425500,1459,29,3.9,3.29,2.82,3.9,6.2,7.8,33.6,19.6,13.7,10.1,3,2.1,5.1,22.3,43.1,15.7,13.3,0.5,20.3,79.7,31174,39905
"2599",6037481712,"06","037","481712",5225,34.066533,-118.112046,"Census Tract 4817.12, Los Angeles County, California",481700,1644,100,4.2,3.56,3.14,4.2,4.4,8.6,10.5,12.5,16,14.6,22.8,6.4,3.6,17.4,46.8,22.7,5.5,3.9,29.9,70.1,36176,47142
"2600",6037481713,"06","037","481713",2507,34.067902,-118.129218,"Census Tract 4817.13, Los Angeles County, California",497100,796,47,4.5,3.53,2.83,2,0,7.4,32.3,19.1,19.8,9.8,2.8,6.8,9.8,9.7,32.5,28.9,19.1,0,41.8,58.2,38681,53058
"2601",6037481714,"06","037","481714",2551,34.064478,-118.128745,"Census Tract 4817.14, Los Angeles County, California",434000,935,55,4,3.35,2.53,1,3.3,3.3,22.5,20.1,16.8,7.8,19.8,5.5,15.7,19.9,33.9,22.6,6.8,1.1,31,69,29500,48409
"2602",6037481800,"06","037","481800",2596,34.065411,-118.140702,"Census Tract 4818, Los Angeles County, California",551700,920,13,5.5,2.67,3.63,0,2.5,1.6,0.4,1.7,9.6,40.3,37.8,6,0,2.8,22.2,52.7,15.7,6.6,81.4,18.6,66375,85587
"2603",6037481901,"06","037","481901",5770,34.071388,-118.153966,"Census Tract 4819.01, Los Angeles County, California",594800,2015,89,5.7,2.98,2.8,0,0,0,2.4,6,4.4,13.1,19.6,54.6,0,6.9,34.5,48.3,7.3,2.9,73.3,26.7,80137,90785
"2604",6037481902,"06","037","481902",3355,34.064582,-118.150628,"Census Tract 4819.02, Los Angeles County, California",449200,1256,76,4.4,3.32,2.64,0,0,3.7,8.8,5.3,15.5,29.8,19.5,17.4,9.7,16.3,35.4,25.5,6.9,6.2,51.4,48.6,51944,64163
"2605",6037482001,"06","037","482001",2761,34.057972,-118.154415,"Census Tract 4820.01, Los Angeles County, California",573400,1053,63,6.2,3.03,1.89,1.9,5.5,2.3,1.9,8.9,65.1,13.8,0.7,0,4,6.8,7,46,27.4,8.7,81.3,18.7,81765,96772
"2606",6037482002,"06","037","482002",6947,34.047046,-118.148349,"Census Tract 4820.02, Los Angeles County, California",536300,2511,152,5,3.04,2.74,0,0,0.6,2.9,31.5,27.2,34.8,1.8,1.2,5.1,12.3,25.2,31.9,21.7,3.8,56.4,43.6,53338,82504
"2607",6037482101,"06","037","482101",4568,34.059172,-118.134681,"Census Tract 4821.01, Los Angeles County, California",476500,1564,83,4.6,3.31,3.38,0,4.2,5.6,9.7,20.3,15.2,14.4,16.2,14.5,6.3,9.7,33.2,39.3,7,4.6,46.9,53.1,59583,71130
"2608",6037482102,"06","037","482102",2828,34.050803,-118.132799,"Census Tract 4821.02, Los Angeles County, California",532900,979,52,5.3,3.18,3.04,0,0,0,1.3,12.6,4.1,61,20.6,0.4,4.5,8.7,18.3,51.5,13.9,3.2,68.6,31.4,70298,85792
"2609",6037482201,"06","037","482201",3813,34.058761,-118.121674,"Census Tract 4822.01, Los Angeles County, California",488500,1282,31,4.4,3.67,3.21,5.1,4.8,9,25.7,11.4,11.5,18.4,4,10.1,3.4,23.4,26.3,29.8,8.6,8.6,42,58,56302,74850
"2610",6037482202,"06","037","482202",5229,34.058436,-118.112284,"Census Tract 4822.02, Los Angeles County, California",426900,1600,118,4.3,3.72,3.23,2.3,10.6,3.2,20.9,37.1,2.7,5,7.9,10.3,5.1,7.8,40.1,22.5,19.9,4.6,46.1,53.9,52097,71171
"2611",6037482301,"06","037","482301",5162,34.074364,-118.09909,"Census Tract 4823.01, Los Angeles County, California",453500,1369,85,4.6,4.41,3.62,1.8,6.8,4.8,8.9,9.3,8.8,18.1,21.5,20,2.7,7.5,45.5,31,12.4,0.8,40.7,59.3,44965,56868
"2612",6037482303,"06","037","482303",5818,34.069096,-118.099553,"Census Tract 4823.03, Los Angeles County, California",480400,1592,11,4.4,4.25,3.82,4.1,1,4.3,7.9,12.2,16.4,26,13,15,2.4,13.8,42.7,30.8,9.9,0.4,29,71,46991,53857
"2613",6037482304,"06","037","482304",3556,34.064477,-118.099343,"Census Tract 4823.04, Los Angeles County, California",565200,971,16,4.1,3.97,4.04,2.6,2.4,1.1,8.7,10.7,25.3,18.2,22.2,8.8,8.2,16.4,45.5,23.7,4.7,1.4,19.9,80.1,38850,54304
"2614",6037482401,"06","037","482401",3761,34.06725,-118.08647,"Census Tract 4824.01, Los Angeles County, California",471200,977,12,4.4,3.95,4.07,0.6,0.8,2,2.9,5.6,15.7,35.3,29,8.1,3.1,11.3,45,30.7,8.8,1.1,52.1,47.9,42404,93489
"2615",6037482402,"06","037","482402",6971,34.051787,-118.085263,"Census Tract 4824.02, Los Angeles County, California",409400,2177,92,5.1,3.51,3.14,2.7,1.1,1.5,16.3,21.4,20.7,25.2,6.1,5,1.4,4,34.4,40.4,15.5,4.3,56.9,43.1,48926,63670
"2616",6037482502,"06","037","482502",3373,34.058403,-118.103875,"Census Tract 4825.02, Los Angeles County, California",512900,916,83,4.8,3.36,3.43,0.5,4.4,5.8,8.2,11.4,21,12.6,25.4,10.8,2.7,6.9,35.2,33.4,21.5,0.3,48.5,51.5,36585,46894
"2617",6037482503,"06","037","482503",4357,34.058509,-118.095348,"Census Tract 4825.03, Los Angeles County, California",498400,1065,120,4.2,3.99,4.43,1,1.8,6.4,6,6.6,19.5,35.5,13.5,9.7,0,14.1,52,19.3,10,4.6,38.1,61.9,38640,47502
"2618",6037482521,"06","037","482521",5754,34.050389,-118.098573,"Census Tract 4825.21, Los Angeles County, California",431100,1605,101,5.3,3.61,3.71,0.5,2.9,5.3,22,13.4,14.9,20,14,7.1,3.9,2.7,28.6,41.6,16.9,6.2,73.8,26.2,58571,76435
"2619",6037482522,"06","037","482522",4269,34.040605,-118.093063,"Census Tract 4825.22, Los Angeles County, California",350000,1545,111,4.5,2.65,3,0,0.9,3.4,2,56,26.7,6.5,3.2,1.4,6.4,12.8,34.1,33.5,9.6,3.6,78,22,70294,82105
"2620",6037482600,"06","037","482600",6866,34.049038,-118.116455,"Census Tract 4826, Los Angeles County, California",517600,2396,151,5.6,2.98,2.7,0,2.3,1.3,7.9,17.2,30.2,36.5,2.7,2,1.5,7.2,9.3,60.9,18.1,3,78.4,21.6,78321,83665
"2621",6037482701,"06","037","482701",4298,34.037046,-118.138808,"Census Tract 4827.01, Los Angeles County, California",482800,1382,80,4.8,3.13,3.26,0,0.7,0,0.7,2.5,7.3,43,43.3,2.5,4.2,9.3,40.7,38.4,3.1,4.4,55.5,44.5,56076,68551
"2622",6037482702,"06","037","482702",2397,34.040981,-118.134261,"Census Tract 4827.02, Los Angeles County, California",440800,818,23,5.1,2.98,2.56,1.5,0,1.5,0,2.7,10.4,48,35.1,0.9,0.7,6.1,29.8,45.5,15.6,2.2,73.2,26.8,43594,68574
"2623",6037482800,"06","037","482800",4074,34.038602,-118.123997,"Census Tract 4828, Los Angeles County, California",469200,1331,60,5.3,3.51,4.06,0,0,0,3,8.8,8.3,46.3,32.2,1.4,0,2.1,16.1,61.5,18,2.3,78.4,21.6,64871,79276
"2624",6037500100,"06","037","500100",3540,33.954853,-117.946202,"Census Tract 5001, Los Angeles County, California",886800,1255,64,7.6,3.01,2.75,0.8,2.7,2.9,16.7,18.2,16.9,17.8,10,13.8,0.9,1.8,5.9,33.1,37.5,20.9,97,3,117596,154849
"2625",6037500201,"06","037","500201",6179,33.949935,-117.977693,"Census Tract 5002.01, Los Angeles County, California",661100,1992,55,6.5,3.09,3.36,0,0.6,0,7.3,6.6,19.6,56.1,6.4,3.4,0,1.8,2.2,61.8,29.3,5,89.9,10.1,120046,136931
"2626",6037500202,"06","037","500202",4935,33.956664,-117.998897,"Census Tract 5002.02, Los Angeles County, California",913800,1635,150,7.4,3.25,2.48,0.7,2.5,5.3,4.4,18.5,32.1,29.2,5,2.3,4.2,4.3,9.2,30.3,29.7,22.3,88.8,11.2,134669,169904
"2627",6037500300,"06","037","500300",2903,34.008975,-118.041561,"Census Tract 5003, Los Angeles County, California",602700,1113,30,6.7,2.85,2.53,0,1.5,1.3,58.3,27.8,0,1.8,8.4,0.9,0,9.7,26.6,12.9,38.3,12.5,80.6,19.4,91771,127624
"2628",6037500402,"06","037","500402",4910,34.003788,-118.077895,"Census Tract 5004.02, Los Angeles County, California",326400,1184,26,4.5,4.07,3.11,0,0,3.1,5.2,12.3,11.2,33.9,10.2,24.1,8.8,23.1,45.5,17.6,4,1,46.4,53.6,36231,49537
"2629",6037500403,"06","037","500403",4023,34.014188,-118.064031,"Census Tract 5004.03, Los Angeles County, California",374700,1073,55,5.7,4.36,3.83,0,0.9,13.7,0.9,8.3,22.7,51.9,1.5,0,1.4,0,5.8,72.4,11,9.4,85.7,14.3,56842,68034
"2630",6037500404,"06","037","500404",4795,34.013895,-118.074821,"Census Tract 5004.04, Los Angeles County, California",466300,1302,56,5.4,3.94,4.3,3.9,0,3.9,16.7,1.8,8.8,34.7,14.5,15.5,0,3.6,33.3,38.8,18.2,6.1,65.9,34.1,71833,79158
"2631",6037500500,"06","037","500500",2950,34.015257,-118.083945,"Census Tract 5005, Los Angeles County, California",216400,901,0,5,2.98,5.1,0,3.8,10.2,30.9,29.7,0,13.7,8,3.8,0,6.2,42.5,43.2,8.1,0,71.8,28.2,48365,51056
"2632",6037500600,"06","037","500600",5688,34.007765,-118.089128,"Census Tract 5006, Los Angeles County, California",371600,1445,31,5.1,4.07,3.67,0,0,0,6.6,1.8,19.2,40.7,17.7,14,7.2,7.3,28.9,39.4,14.9,2.4,69.1,30.9,50410,57016
"2633",6037500700,"06","037","500700",6496,33.993114,-118.094082,"Census Tract 5007, Los Angeles County, California",399200,1749,94,5.2,4.02,4.31,0.5,1.7,0,8.2,1.4,9.4,66.6,4.6,7.8,1.5,3.3,30.2,48.5,13.6,2.9,70,30,64821,73126
"2634",6037500800,"06","037","500800",5470,33.984063,-118.086962,"Census Tract 5008, Los Angeles County, California",374300,1459,56,5.1,4.21,3.6,0,0,0,6.3,15.1,11.9,53.3,13.4,0,3.1,9,31.2,41.6,14.5,0.6,72.2,27.8,59255,71138
"2635",6037500900,"06","037","500900",5719,33.993572,-118.081949,"Census Tract 5009, Los Angeles County, California",371300,1681,114,4.9,3.61,2.96,1.2,0,0,8,10.9,14,48.7,14.5,2.6,8.7,20.1,17.6,42.3,10.5,0.8,57.1,42.9,47663,56173
"2636",6037501001,"06","037","501001",3248,33.988263,-118.070086,"Census Tract 5010.01, Los Angeles County, California",375700,760,61,5.3,4.6,3.53,0,3.3,4.6,0,9.2,9.3,41.1,27.5,5,0,1.1,30.5,61.3,3,4.1,78,22,56910,67880
"2637",6037501002,"06","037","501002",4861,33.98226,-118.062168,"Census Tract 5010.02, Los Angeles County, California",372800,1452,11,5.5,3.59,4.23,0,0,3.5,0.9,4.8,0,36.5,45.4,8.9,6.1,0.9,19.6,51.4,14.1,7.9,80.2,19.8,67820,81106
"2638",6037501200,"06","037","501200",5057,33.998053,-118.062394,"Census Tract 5012, Los Angeles County, California",429100,1538,30,5.6,2.77,4.01,0,0.6,2.1,1,19.1,10.8,38.8,27.1,0.5,0,3,27.2,58.3,8.8,2.7,68,32,62778,72167
"2639",6037501300,"06","037","501300",7238,33.990771,-118.052374,"Census Tract 5013, Los Angeles County, California",418700,2454,182,5.1,2.95,3.11,0,1.5,1.1,8.4,3.4,6.1,25.7,38.4,15.4,1.5,9.2,41.2,41.8,5.1,1.3,59.2,40.8,71403,80514
"2640",6037501400,"06","037","501400",3978,33.982645,-118.046594,"Census Tract 5014, Los Angeles County, California",388100,1265,111,4.4,3.34,3.63,0.5,1.7,2.5,6.2,3.6,19.6,23.6,16,26.3,5.3,19.7,43,28,4,0,30.6,69.4,51667,62591
"2641",6037501501,"06","037","501501",2244,33.99732,-118.045583,"Census Tract 5015.01, Los Angeles County, California",533800,842,40,6.3,2.68,2.24,0,1.1,2.3,4.4,23.4,22.4,24.9,7,14.5,0.5,2.4,24.5,47.5,22.8,2.4,90.8,9.2,90000,119023
"2642",6037501503,"06","037","501503",5016,33.985779,-118.037253,"Census Tract 5015.03, Los Angeles County, California",629900,2071,206,4,3.36,2.33,0,0,0,18.1,10.8,16.9,12.7,5,36.6,11.9,30.5,36.5,13.8,6.7,0.6,20.4,79.6,55398,63150
"2643",6037501504,"06","037","501504",3592,33.978406,-118.037285,"Census Tract 5015.04, Los Angeles County, California",458300,1618,114,3.1,3.34,2.24,0,0,4,12.3,23.9,5.9,11.3,6.7,35.8,11.6,52,28,6.5,1.1,0.9,10.4,89.6,33908,48067
"2644",6037501600,"06","037","501600",7190,33.975506,-118.021781,"Census Tract 5016, Los Angeles County, California",683000,2301,0,6.2,2.91,2.63,0.7,1,0.8,13,12.9,19.1,26.7,14.1,11.6,0.5,14,15.7,37.3,25.2,7.3,65,35,84825,123241
"2645",6037501700,"06","037","501700",3695,33.961991,-118.020695,"Census Tract 5017, Los Angeles County, California",561000,1292,26,5.6,3.12,2.64,0,0,2.3,0,4.3,14.6,71.4,5.1,2.3,2.9,8.4,22.1,48.5,15.7,2.5,70,30,74844,90282
"2646",6037501802,"06","037","501802",3326,33.968605,-118.029517,"Census Tract 5018.02, Los Angeles County, California",501600,1209,39,4.6,3.12,2.87,0,0,3.8,7.2,7.4,12.7,25.5,17.5,25.9,5.1,12.2,47,30.5,4.1,1.1,43.8,56.2,61833,73601
"2647",6037501803,"06","037","501803",4705,33.971883,-118.04018,"Census Tract 5018.03, Los Angeles County, California",353200,1545,49,3.4,5.34,2.88,0,0,2.8,8.9,15.8,20.9,19.5,13.6,18.4,8.5,47.8,31.7,7.4,3,1.6,12.2,87.8,34087,41075
"2648",6037501804,"06","037","501804",2131,33.970343,-118.035428,"Census Tract 5018.04, Los Angeles County, California",327900,816,85,4.5,2.79,2.41,0,0,0,14.1,22.2,5,19.1,0.6,39,15,13.4,41.8,24.9,5,0,28.3,71.7,43646,59701
"2649",6037501900,"06","037","501900",4213,33.955227,-118.026904,"Census Tract 5019, Los Angeles County, California",384400,1349,0,5.2,2.94,3.09,0,0.5,0.4,0.4,5,5,67.2,20.1,1.3,0,3.5,28.7,59.5,5,3.3,83.2,16.8,73935,83141
"2650",6037502003,"06","037","502003",2693,33.963298,-118.039455,"Census Tract 5020.03, Los Angeles County, California",392000,785,0,4.8,4.13,4.32,0,0,7.1,1,6,12.9,36.8,16.7,19.5,5.1,16.9,36.1,26,15.9,0,44.1,55.9,63071,64160
"2651",6037502004,"06","037","502004",4359,33.959366,-118.045336,"Census Tract 5020.04, Los Angeles County, California",373900,978,70,5.5,4.74,4.41,0.7,0,11.9,2.7,8.5,8.6,22.2,31,14.5,0.9,6.5,38.1,35.1,14.2,5.1,61.7,38.3,67924,70184
"2652",6037502005,"06","037","502005",4251,33.951876,-118.034974,"Census Tract 5020.05, Los Angeles County, California",386800,1311,54,5.4,3.4,3.96,0,1,0,6.2,6.6,2.1,73.3,8.4,2.4,0,9.4,21.7,60.1,5.3,3.5,69.6,30.4,70858,75205
"2653",6037502100,"06","037","502100",5110,33.972174,-118.053861,"Census Tract 5021, Los Angeles County, California",341900,1615,27,4.7,3.42,2.61,0,0,2.9,5.2,14.7,15.9,46.6,9.8,5,2.3,14.3,40.1,35.9,6.4,1,58.1,41.9,51967,63840
"2654",6037502200,"06","037","502200",6585,33.976785,-118.071592,"Census Tract 5022, Los Angeles County, California",370900,1860,131,5.1,3.5,3.89,0.6,0,0.7,9.2,7,10.5,43.9,28,0,1.2,9.2,35.3,44.1,9.4,0.7,73,27,63324,71175
"2655",6037502301,"06","037","502301",5461,33.967363,-118.077996,"Census Tract 5023.01, Los Angeles County, California",360900,1423,61,5.6,4.77,5,0,3.7,3.7,1.8,4.9,15.2,56.9,8.5,5.3,2,6.1,14.1,52.8,22.8,2.2,83.8,16.2,63633,73402
"2656",6037502302,"06","037","502302",3000,33.967892,-118.069572,"Census Tract 5023.02, Los Angeles County, California",291100,769,96,3.9,3.37,4.2,0,0,5.9,6,8.3,20.5,28.9,27.4,3,0.4,33.4,39.7,15.6,10.9,0,37.6,62.4,40888,49567
"2657",6037502401,"06","037","502401",4747,33.976699,-118.097429,"Census Tract 5024.01, Los Angeles County, California",381200,1300,0,5.3,3.62,2.55,0,10.5,14,1.5,2.3,5.2,45.8,16.4,4.2,4.1,7.3,21.8,53.3,13.5,0,75.5,24.5,61618,69066
"2658",6037502402,"06","037","502402",3755,33.973269,-118.090098,"Census Tract 5024.02, Los Angeles County, California",367100,1035,48,5.6,3.75,3.81,0,0,0,5.7,0.8,13.3,47.1,29.6,3.5,0.8,0,23.7,62.9,9.1,3.6,74.2,25.8,53819,68560
"2659",6037502500,"06","037","502500",4215,33.969584,-118.110064,"Census Tract 5025, Los Angeles County, California",330100,1134,8,4.6,3.57,2.86,0,0,2.8,2.2,11.6,8.4,60.3,7.6,7.1,4.8,15,37.2,35.4,6.3,1.3,59.9,40.1,44583,53129
"2660",6037502601,"06","037","502601",7145,33.959266,-118.094919,"Census Tract 5026.01, Los Angeles County, California",378900,1869,20,5.4,3.95,3.92,1.5,0,0,0.5,1.4,5.7,82.1,8.1,0.6,0,0.5,19.4,60,17.4,2.7,86.7,13.3,77958,75924
"2661",6037502602,"06","037","502602",4321,33.965024,-118.103578,"Census Tract 5026.02, Los Angeles County, California",427400,1360,78,4.6,4.4,3.07,0,0.4,7.6,3.8,19,15.8,27.4,14.4,11.5,6.9,24.6,26.2,27.1,9.3,5.9,60.1,39.9,51667,64518
"2662",6037502700,"06","037","502700",6956,33.954978,-118.082822,"Census Tract 5027, Los Angeles County, California",360100,1859,65,5.1,3.66,3.31,0,0.2,2.2,11,15.8,8.8,53.8,6.5,1.7,8,6.5,25.5,39.1,20.4,0.6,63.4,36.6,50658,61155
"2663",6037502801,"06","037","502801",6186,33.940425,-118.089089,"Census Tract 5028.01, Los Angeles County, California",427400,1708,91,5.5,3.59,5.27,0,0.8,4.2,0.7,1.9,14.3,75,1.3,1.9,5.4,2.8,12.9,58.7,13.8,6.4,79,21,72432,81407
"2664",6037502802,"06","037","502802",1380,33.933542,-118.077439,"Census Tract 5028.02, Los Angeles County, California",29600,854,79,2.8,2.12,1.95,2.6,12.3,7.5,24.9,26.9,10.2,15.6,0,0,26.8,43.2,25.9,4.1,0,0,5.5,94.5,25659,32156
"2665",6037502901,"06","037","502901",5413,33.94642,-118.040759,"Census Tract 5029.01, Los Angeles County, California",371000,1460,84,5.6,4.18,3.37,0,0,0.5,0,6.1,16.7,74.2,2.1,0.4,0,0,12.9,71.7,9.9,5.5,80,20,89188,87207
"2666",6037502902,"06","037","502902",4043,33.939736,-118.047216,"Census Tract 5029.02, Los Angeles County, California",361800,945,26,5,4.17,4.88,3.7,3.4,6.7,4.2,17.7,16.8,36,7.9,3.6,2.3,12.2,29.1,39.5,16.9,0,41.1,58.9,44297,66712
"2667",6037503000,"06","037","503000",6057,33.923752,-118.051011,"Census Tract 5030, Los Angeles County, California",298200,1237,61,4.7,4.86,4.71,0,1.6,3.7,7.1,3.6,11.6,16.2,22.4,33.6,3.6,2.4,43.2,40.7,7.8,2.3,41.1,58.9,57756,56276
"2668",6037503103,"06","037","503103",5004,33.927851,-118.041293,"Census Tract 5031.03, Los Angeles County, California",393400,1138,107,5.2,4.81,3.94,0,3.8,0,5.2,3.8,7.4,67.8,7.6,4.4,0.8,5,24.6,58.3,11.2,0,80.6,19.4,74799,82266
"2669",6037503104,"06","037","503104",2719,33.920516,-118.042967,"Census Tract 5031.04, Los Angeles County, California",337800,634,15,5.1,3.85,4.82,5.5,0,0.8,8.8,6.6,5.7,65.3,3.6,3.6,0,0,36.1,53.8,10.1,0,47.5,52.5,55523,56764
"2670",6037503105,"06","037","503105",3634,33.922563,-118.033415,"Census Tract 5031.05, Los Angeles County, California",332300,1068,61,4.8,3.44,4.26,0,0,6.5,15.7,7.5,27.9,26.7,5.9,9.8,3.6,6.8,37.5,42.7,9.5,0,47.3,52.7,59035,63123
"2671",6037503106,"06","037","503106",3795,33.921175,-118.024458,"Census Tract 5031.06, Los Angeles County, California",353100,1125,15,5,3.72,3.01,0,5,10.4,13.6,7.6,16.5,39.1,6.8,1,14,1.2,19.9,57.9,5.9,1.2,56.9,43.1,61377,68063
"2672",6037503201,"06","037","503201",3912,33.932946,-118.026434,"Census Tract 5032.01, Los Angeles County, California",453900,1169,0,5.9,3.42,3.32,0,0,1.9,3.9,1.5,10.3,72.3,5.9,4.3,1.5,3.1,3.2,65.5,22.2,4.6,92.6,7.4,80223,88254
"2673",6037503202,"06","037","503202",4462,33.939643,-118.034332,"Census Tract 5032.02, Los Angeles County, California",398200,1322,0,5.1,3.69,3.38,0,10.3,5,3.8,7.9,14.8,46.2,11.3,0.8,3.8,12.5,21.5,45.3,14.7,2.3,65.9,34.1,68581,68749
"2674",6037503301,"06","037","503301",3394,33.948067,-118.015089,"Census Tract 5033.01, Los Angeles County, California",390400,1075,39,5.4,3.07,3.87,2,1,3.6,4.6,3,6.9,68.7,9.8,0.6,0,0,13.8,78,6.5,1.8,82,18,80722,87856
"2675",6037503302,"06","037","503302",6271,33.940935,-118.022115,"Census Tract 5033.02, Los Angeles County, California",411700,1963,23,5.1,3.57,3.26,0,1.4,2.8,11.1,10,23.2,42.9,5.1,3.4,11.7,8.5,21.2,40.7,17.5,0.4,59.6,40.4,51335,72070
"2676",6037503401,"06","037","503401",6529,33.936255,-117.985489,"Census Tract 5034.01, Los Angeles County, California",439800,2365,129,5.3,2.64,2.57,0.5,2,0,7.9,10.5,24.2,52.1,1.1,1.7,11.7,6.3,19.8,43.5,18.3,0.4,68.2,31.8,78418,84187
"2677",6037503402,"06","037","503402",4273,33.941954,-118.002124,"Census Tract 5034.02, Los Angeles County, California",449800,1386,19,5.8,2.98,4.26,3.5,1.2,3,0,2,8.2,77.8,2.7,1.7,0,0.8,10.6,64.6,23.4,0.6,88.7,11.3,75820,86090
"2678",6037503501,"06","037","503501",6481,33.932048,-118.015338,"Census Tract 5035.01, Los Angeles County, California",389900,2046,47,4.8,3,3.48,0.6,0,3,11.4,18.1,14.3,45.3,5.6,1.8,11.3,6.4,30.3,39.4,8.9,3.7,58.7,41.3,69867,75009
"2679",6037503502,"06","037","503502",4130,33.931677,-118.003584,"Census Tract 5035.02, Los Angeles County, California",407400,1282,39,5.3,3.03,3.55,0,0,3.3,9.8,0,8,78.1,0,0.9,1.2,0.6,12.5,77.4,7,1.3,83.9,16.1,82043,77839
"2680",6037503601,"06","037","503601",4168,33.92285,-118.011144,"Census Tract 5036.01, Los Angeles County, California",436600,1223,37,5.8,3.5,3.2,0,0,0.7,1.4,8.4,17.2,65.7,2.9,3.8,2.4,4.3,1.8,68.2,21.8,1.5,80.9,19.1,81250,89396
"2681",6037503602,"06","037","503602",3793,33.915801,-118.002043,"Census Tract 5036.02, Los Angeles County, California",589100,1233,18,6.5,2.98,2.69,0,0,0.2,8.2,30.8,43.5,16,0,1.3,0,0.4,8.3,46.6,39,5.8,94.2,5.8,108640,113484
"2682",6037503701,"06","037","503701",4717,33.927791,-117.994454,"Census Tract 5037.01, Los Angeles County, California",467400,1697,0,4.8,3.31,2.58,0,0.7,4.7,2.3,25.2,30.8,33.8,2.6,0,7.7,23.5,12.7,41.4,13.1,1.6,54.6,45.4,57792,67932
"2683",6037503702,"06","037","503702",5040,33.921862,-117.985658,"Census Tract 5037.02, Los Angeles County, California",449600,1735,152,5.5,3.47,2.71,0,0,1.7,0.2,15.5,67.3,15.1,0.2,0,10.8,7.6,18.4,32.7,29.4,1,67.6,32.4,82361,91987
"2684",6037503703,"06","037","503703",7876,33.910253,-117.984855,"Census Tract 5037.03, Los Angeles County, California",516400,3044,43,5.7,2.71,2.15,0,8.1,39.9,14.8,10.9,16.8,6.7,0.9,1.9,7.6,14.6,14.5,24.2,35,4.1,75.6,24.4,81164,94355
"2685",6037503801,"06","037","503801",4080,33.895721,-117.993822,"Census Tract 5038.01, Los Angeles County, California",462800,1240,47,5.7,3.45,3.82,0,0,1.1,0,14,12.1,70.4,0,2.4,6.9,2.3,7.4,54.8,23.1,5.5,80.1,19.9,80058,100626
"2686",6037503802,"06","037","503802",5054,33.897681,-118.002981,"Census Tract 5038.02, Los Angeles County, California",456300,1629,129,5.7,3.13,3.55,0,0,17.9,2.3,17.8,5.9,55.5,0.6,0,9.1,6.8,6.7,46.5,28.5,2.3,83.1,16.9,90000,102069
"2687",6037503901,"06","037","503901",2702,33.890384,-118.006978,"Census Tract 5039.01, Los Angeles County, California",446300,818,0,5.8,3.2,5,0,0,0,0,2.2,10.8,82.8,4.3,0,0,0.6,6.5,69.2,19.3,4.4,89.9,10.1,87339,97884
"2688",6037503902,"06","037","503902",4636,33.89627,-118.019138,"Census Tract 5039.02, Los Angeles County, California",456600,1406,26,5.7,3.34,3.45,0,1.4,2.3,0.4,5.7,5.6,81.2,3.3,0,0,0,12.7,53.1,29.6,4.6,84.2,15.8,84861,93847
"2689",6037504001,"06","037","504001",5709,33.90868,-118.014833,"Census Tract 5040.01, Los Angeles County, California",480000,1173,150,5.4,3.22,3.36,0.8,0,4.6,1.6,5.1,18.7,65.6,2.3,1.3,7,4.9,6.8,57,19.4,4.9,74.8,25.2,88558,93504
"2690",6037504002,"06","037","504002",5383,33.908876,-118.023884,"Census Tract 5040.02, Los Angeles County, California",439800,1637,9,5.4,3.17,4.26,0,1.2,1,0.4,4.8,10.3,79,2.6,0.6,4.3,5.6,4.3,72.8,11.5,1.5,75.6,24.4,69875,76582
"2691",6037504101,"06","037","504101",5126,33.910535,-118.033801,"Census Tract 5041.01, Los Angeles County, California",388000,1417,0,5.5,4.28,3.2,0,0,6.3,6.7,8.5,16.8,55.1,6.6,0,8.8,12.6,7.5,24.3,39.9,6.9,61.2,38.8,51313,67088
"2692",6037504102,"06","037","504102",22,33.902177,-118.044504,"Census Tract 5041.02, Los Angeles County, California",NA,0,0,NA,NA,NA,NA,NA,NA,NA,NA,NA,NA,NA,NA,NA,NA,NA,NA,NA,NA,NA,NA,NA,NA
"2693",6037530003,"06","037","530003",2983,34.023618,-118.094785,"Census Tract 5300.03, Los Angeles County, California",556300,995,69,6.5,3.04,4.04,0.5,0,0,0,11.9,55.8,27.1,2.6,2.1,0.9,0,7.2,59.6,27.8,4.4,91.7,8.3,71833,93021
"2694",6037530004,"06","037","530004",3695,34.018073,-118.096106,"Census Tract 5300.04, Los Angeles County, California",457700,1289,118,5.3,3.2,2.6,0,0.5,9.3,10.6,8.1,24.1,27.6,18.9,0.9,0.9,21.1,17.4,36.4,21,3.3,68.4,31.6,59176,77374
"2695",6037530005,"06","037","530005",4346,34.027368,-118.111519,"Census Tract 5300.05, Los Angeles County, California",566500,1514,74,6.6,3.19,2.38,0,4.1,1.7,3.4,56.1,31.6,0.7,0.6,1.8,0.5,7.3,1.3,44.4,35.9,10.7,88.1,11.9,76346,94608
"2696",6037530006,"06","037","530006",3963,34.020997,-118.113404,"Census Tract 5300.06, Los Angeles County, California",504700,1542,81,4.1,3.79,2.82,0,0,2.2,11.9,35.3,31.1,9.5,3.7,6.3,1,22.1,49.6,16.7,9.1,1.4,16,84,63741,73652
"2697",6037530101,"06","037","530101",5400,34.012112,-118.100834,"Census Tract 5301.01, Los Angeles County, California",404600,1719,41,4.2,3.36,3.2,0,0,2.3,13.7,19.4,12.7,10.5,25.7,15.6,1.9,23.8,46,25.9,2.5,0,29.5,70.5,43167,53962
"2698",6037530102,"06","037","530102",5116,34.015235,-118.114414,"Census Tract 5301.02, Los Angeles County, California",406800,1725,49,4.5,3.21,2.27,2.3,0,0.5,6.3,12.1,7.3,27.1,26.3,18.3,10.1,18.7,30.9,29.9,9.3,1.1,48.6,51.4,38517,53770
"2699",6037530202,"06","037","530202",4063,34.026711,-118.138704,"Census Tract 5302.02, Los Angeles County, California",436500,1279,37,5.3,3.68,3.03,0,0.5,5.2,0,0.5,5.8,28.4,54.6,5,0.9,8.1,47,35,7.9,1,62.5,37.5,56739,68087
"2700",6037530203,"06","037","530203",3238,34.026273,-118.127593,"Census Tract 5302.03, Los Angeles County, California",407100,1108,32,3.7,2.59,3.32,0,0,4.6,0,5,28.5,33.5,24,4.4,0.5,35.3,49.2,11.5,2.3,1.2,25.9,74.1,45769,61112
"2701",6037530204,"06","037","530204",3682,34.01852,-118.128117,"Census Tract 5302.04, Los Angeles County, California",433100,1152,111,4.6,4.1,3.1,0,0,0,4.1,5.3,12,27.7,46.4,4.5,3.9,19.1,36.6,33.2,7.2,0,44.3,55.7,55281,70347
"2702",6037530301,"06","037","530301",2168,34.029376,-118.154904,"Census Tract 5303.01, Los Angeles County, California",376300,649,36,4.5,5.32,2.77,2,0,1.7,0,0.9,11.7,22.2,43.3,18.2,1.1,35.9,22.5,34.4,6.2,0,44,56,54110,66038
"2703",6037530302,"06","037","530302",6556,34.026861,-118.148328,"Census Tract 5303.02, Los Angeles County, California",367400,1874,86,4.2,3.89,3.35,0.5,0,3.4,1.5,4.3,15.5,26.5,26.7,21.6,10.2,21.5,39.6,25.2,3.1,0.4,34.2,65.8,40691,45818
"2704",6037530400,"06","037","530400",3683,34.040229,-118.156098,"Census Tract 5304, Los Angeles County, California",414700,1264,87,4.5,3.05,2.82,0,0,6.1,0.6,30.9,9.6,24.3,27.1,1.5,1.6,19.7,26,42.3,8.8,1.6,40.6,59.4,19353,41830
"2705",6037530500,"06","037","530500",4567,34.039392,-118.164868,"Census Tract 5305, Los Angeles County, California",318800,1191,0,4.6,4.15,3.59,0,2.9,6.7,18.1,13.9,4.5,23.8,11.7,18.3,2.3,22.4,33.6,34.8,6.5,0.5,40.4,59.6,34712,46046
"2706",6037530601,"06","037","530601",3431,34.054826,-118.175412,"Census Tract 5306.01, Los Angeles County, California",366700,895,93,4.6,4.87,4.29,0.7,1.8,4.5,4.2,11.1,12.7,14.2,17,33.9,4.4,13,41.7,29.3,11.7,0,45.9,54.1,51694,64137
"2707",6037530602,"06","037","530602",1590,34.05649,-118.171194,"Census Tract 5306.02, Los Angeles County, California",298500,407,35,4.6,3.3,3.07,0,0,0,5.7,5.4,1.2,27.5,11.5,48.6,6.1,13.5,52.1,23.6,1.2,3.4,56.5,43.5,26563,37960
"2708",6037530700,"06","037","530700",2213,34.057938,-118.185769,"Census Tract 5307, Los Angeles County, California",364400,523,76,4.8,3.57,4.53,0,0,1.9,4.6,3.3,20.1,18,31.7,20.5,1.3,13.6,23.1,51.8,7.6,2.5,40.5,59.5,44766,50249
"2709",6037530801,"06","037","530801",6325,34.050103,-118.188648,"Census Tract 5308.01, Los Angeles County, California",296700,1579,146,4.4,4.86,4.49,0,0,1.4,2.2,9.6,10.8,22.5,25.1,28.4,1.7,24.1,45.3,18.4,5.6,4.9,38.5,61.5,37017,46216
"2710",6037530802,"06","037","530802",3668,34.051957,-118.181433,"Census Tract 5308.02, Los Angeles County, California",354400,971,114,4.9,3.49,4.1,1,1,3.5,10.6,2.5,4.3,23.2,14.9,38.9,6.7,11.7,36.3,28.1,11.8,5.4,50.6,49.4,45843,53682
"2711",6037530901,"06","037","530901",4080,34.043407,-118.188568,"Census Tract 5309.01, Los Angeles County, California",351700,956,47,4.5,4.91,4.34,3.5,2.6,5.5,0.8,7.8,9.2,14.2,13.7,42.6,2.4,19.2,32.9,33.6,11.4,0.4,41.4,58.6,42422,75048
"2712",6037530902,"06","037","530902",4160,34.044453,-118.181268,"Census Tract 5309.02, Los Angeles County, California",262700,1167,53,4.4,4.03,3.21,3.3,0.9,2.3,0.7,23.6,19.2,11.6,2.9,35.6,8.4,19.6,33.3,36.9,1.3,0.4,30.2,69.8,23785,37321
"2713",6037531000,"06","037","531000",5629,34.041763,-118.174494,"Census Tract 5310, Los Angeles County, California",275000,1362,70,4.5,4.8,3.49,1.4,0.9,4.3,8.1,1.9,8.8,18.3,15.1,41.3,0,16.6,47.9,30.5,2.8,2.2,41.6,58.4,43073,51079
"2714",6037531101,"06","037","531101",5091,34.036669,-118.188701,"Census Tract 5311.01, Los Angeles County, California",340900,1289,15,4.5,3.84,3.91,0,0,0.4,0,3.8,19.7,13.7,10.2,52.2,6.7,20.9,32.9,32.4,6.1,1,39,61,37669,43836
"2715",6037531102,"06","037","531102",3548,34.037174,-118.181596,"Census Tract 5311.02, Los Angeles County, California",351300,901,25,3.7,4.37,3.03,0.2,1.4,3.4,8.4,14.7,8.9,9.8,13.3,39.8,11.7,33.3,27.4,20.1,6.7,0.9,29.9,70.1,35904,46116
"2716",6037531201,"06","037","531201",5335,34.029461,-118.186243,"Census Tract 5312.01, Los Angeles County, California",331200,1325,73,4.2,4.47,4.18,0,4.5,2.2,6.4,11.2,16.2,11.2,18.2,30.1,11.7,20.8,35.9,25.8,3.7,2.1,31.2,68.8,40767,45932
"2717",6037531202,"06","037","531202",4747,34.025867,-118.185891,"Census Tract 5312.02, Los Angeles County, California",403800,1224,83,4,4.26,3.75,0,0.9,3.9,2.9,18.5,15.6,14.5,11,32.6,18.3,15.5,37.8,21.4,6,0.9,23.8,76.2,34980,41667
"2718",6037531301,"06","037","531301",5601,34.022019,-118.183828,"Census Tract 5313.01, Los Angeles County, California",315900,1301,19,3.8,4.87,4.18,2.4,0,5.2,6.9,16.6,22.5,13.9,9.8,22.7,14.8,19.4,39.1,24.2,0,2.5,23.4,76.6,31231,41426
"2719",6037531302,"06","037","531302",6709,34.016762,-118.182812,"Census Tract 5313.02, Los Angeles County, California",321100,1526,136,4,4.11,4.48,1.7,0,0.4,5.3,4.2,28.6,28.2,16.6,14.9,14.9,15.4,45.2,20.1,4.4,0,31.2,68.8,36919,39342
"2720",6037531502,"06","037","531502",3273,34.019814,-118.170134,"Census Tract 5315.02, Los Angeles County, California",278100,844,10,4.4,5.06,3.76,0,0,8.8,4.4,22.3,14.8,10.5,19.1,20.1,6.5,19,38.5,33.3,1.1,1.7,23,77,40508,50192
"2721",6037531503,"06","037","531503",3116,34.028392,-118.172357,"Census Tract 5315.03, Los Angeles County, California",260500,798,45,4.3,4.74,4.91,8,0,2.1,7.4,6.8,9.6,9.5,22.4,34.1,6.9,19.4,32.6,32.6,7.4,1.1,35.6,64.4,33422,40784
"2722",6037531504,"06","037","531504",4414,34.027942,-118.167573,"Census Tract 5315.04, Los Angeles County, California",391100,1145,79,4.1,5.68,3.68,0,0,3.7,3.9,11.2,22.4,11.7,23,24.1,4.1,27.3,36.2,24.1,4,4.3,33.1,66.9,40111,44658
"2723",6037531602,"06","037","531602",4494,34.018674,-118.164761,"Census Tract 5316.02, Los Angeles County, California",344700,1190,41,4.1,3.76,3.89,2.7,0,2.7,3.9,12,20.3,17.1,9,32.4,1.4,42.9,24.3,21.3,6.8,3.4,17.8,82.2,34003,39921
"2724",6037531603,"06","037","531603",3568,34.029139,-118.161544,"Census Tract 5316.03, Los Angeles County, California",288700,863,28,4.4,3.66,4.79,1.4,0,3.2,11.9,11.5,3.7,13.1,22.7,32.4,2.8,16.7,42.4,31.5,5.6,1,40.5,59.5,37868,46244
"2725",6037531604,"06","037","531604",3580,34.024063,-118.162269,"Census Tract 5316.04, Los Angeles County, California",390200,955,67,3.8,3.89,4.03,0,2.2,10.2,4.4,20.8,6.7,18.2,4.8,32.7,8.8,30.9,40.6,18.4,0.7,0.5,19.6,80.4,31471,42422
"2726",6037531701,"06","037","531701",5718,34.02175,-118.151364,"Census Tract 5317.01, Los Angeles County, California",346500,1404,29,4.6,4.24,4.09,2.1,2.4,3.6,7.9,3,14.7,13.5,15.2,37.5,1.4,15,38.2,36.6,8,0.9,48.1,51.9,40815,58655
"2727",6037531702,"06","037","531702",4754,34.01562,-118.160272,"Census Tract 5317.02, Los Angeles County, California",409800,1353,149,3.8,4.43,3.3,0,0,0,0.7,1.7,25.1,17.7,22.3,32.4,12.5,22.8,48.6,12.3,1.9,1.8,27.1,72.9,39722,46329
"2728",6037531800,"06","037","531800",5066,34.019099,-118.140194,"Census Tract 5318, Los Angeles County, California",395300,1281,109,4.1,4.58,3.6,1.3,0,1.6,2.3,2.5,11,23.6,28.6,29,5.3,31.6,37.5,19,6.6,0,42.2,57.8,39688,43897
"2729",6037531901,"06","037","531901",6529,34.013449,-118.142312,"Census Tract 5319.01, Los Angeles County, California",366700,1796,111,4,3.79,3.78,1.1,0,7.3,0.6,2.9,6.9,28.1,34.7,18.4,13.5,30.7,28.2,22,4.5,1.1,41.1,58.9,37589,43986
"2730",6037531902,"06","037","531902",4077,34.011413,-118.131919,"Census Tract 5319.02, Los Angeles County, California",290700,1179,0,4.2,3.91,3.31,0,0,0.7,0,5.7,20.4,18.5,32.1,22.6,5.9,29.1,32.8,23,5.8,3.5,41.2,58.8,32254,45931
"2731",6037532001,"06","037","532001",3415,34.010077,-118.122586,"Census Tract 5320.01, Los Angeles County, California",353400,1105,23,4,3.38,2.97,0.6,9.6,4.3,4.2,0.7,14.1,21.4,35.5,9.7,5.9,38,34.3,19.2,2.6,0,31.1,68.9,38068,50453
"2732",6037532002,"06","037","532002",3151,34.001938,-118.118296,"Census Tract 5320.02, Los Angeles County, California",300000,961,145,4.2,4.36,3.81,0.9,3.9,5.5,7.9,12.8,18.7,35.3,7.5,7.5,6.6,15.6,44.7,23.4,7.5,2.2,50.5,49.5,48393,55338
"2733",6037532101,"06","037","532101",6663,34.005364,-118.107613,"Census Tract 5321.01, Los Angeles County, California",337500,1811,84,4.2,4.37,3.39,2.9,1.3,2.8,9.1,11.7,20.2,22.5,8.9,20.8,2.5,21.3,47.5,22,4.7,1.9,24.3,75.7,38666,55648
"2734",6037532102,"06","037","532102",3574,33.997584,-118.112752,"Census Tract 5321.02, Los Angeles County, California",389600,1041,48,5.3,3.71,2.8,0.7,0,2.3,4.2,12.8,14.4,25.9,35,4.7,3.3,9,22.4,59.3,5,1.1,67.6,32.4,51463,64824
"2735",6037532200,"06","037","532200",6836,33.989151,-118.120816,"Census Tract 5322, Los Angeles County, California",414300,1866,55,4.5,3.63,4.09,0,0,1.5,7.8,24,11.3,25.6,21.1,8.7,3.3,8.7,49.3,29.3,7.2,2.2,36.6,63.4,46412,52693
"2736",6037532302,"06","037","532302",4707,34.009394,-118.169994,"Census Tract 5323.02, Los Angeles County, California",343400,1106,76,4.5,4.47,3.93,0,0,6.5,9.3,4.2,18.1,22.9,20.9,18.1,2.2,14.6,47.1,33.3,2.9,0,55.7,44.3,51607,58720
"2737",6037532303,"06","037","532303",4464,34.003403,-118.151851,"Census Tract 5323.03, Los Angeles County, California",366500,1265,37,4.4,4.1,3.13,0,2.8,3.4,16.4,6.3,6.7,31.8,27.4,5.1,7.5,18.3,36.1,30.8,5.4,2,46.1,53.9,46800,71952
"2738",6037532304,"06","037","532304",3987,33.975974,-118.135585,"Census Tract 5323.04, Los Angeles County, California",385600,1017,29,4.4,4.39,3.47,0.8,6.5,10.3,17.9,16.3,11.3,18,14.9,3.9,3.7,21.1,27.9,34.2,10.6,2.4,46.8,53.2,49750,54272
"2739",6037532400,"06","037","532400",112,34.002229,-118.220869,"Census Tract 5324, Los Angeles County, California",241700,29,4,4.6,2.4,2.6,17.2,13.8,0,0,3.4,0,20.7,20.7,24.1,6.9,20.7,27.6,31,13.8,0,20,80,32292,58236
"2740",6037532500,"06","037","532500",4078,33.988706,-118.219639,"Census Tract 5325, Los Angeles County, California",300000,1132,38,3.4,4.68,3.6,0,0.8,3,28.7,11.8,17,3,10,25.7,18,26.1,19.8,33.2,2.9,0,37.8,62.2,41849,57993
"2741",6037532603,"06","037","532603",3319,33.982543,-118.232424,"Census Tract 5326.03, Los Angeles County, California",389600,787,31,3.5,5.27,3.94,0,3.3,2.9,8.4,11.4,8.4,20.5,15.4,29.7,9.9,34.8,32.4,15.8,3.3,3.8,21,79,32381,43137
"2742",6037532604,"06","037","532604",2806,33.984519,-118.228842,"Census Tract 5326.04, Los Angeles County, California",290000,673,10,3.8,4.71,4.36,0,0,4.2,32.2,6.8,18.9,9.8,9.5,18.6,12.6,26.6,28.8,24.8,5.5,1.6,22.6,77.4,34526,42137
"2743",6037532605,"06","037","532605",3715,33.983243,-118.225419,"Census Tract 5326.05, Los Angeles County, California",351800,1146,72,3,3.79,3.29,0.8,10.1,21.4,15,20.2,11.2,7.2,4.2,9.9,22.8,40.8,19.9,14.4,1.6,0.6,20.4,79.6,27009,42246
"2744",6037532606,"06","037","532606",4284,33.983028,-118.220914,"Census Tract 5326.06, Los Angeles County, California",428200,1263,72,2.9,4.82,3.19,0,2.2,6.6,16.5,12.4,12,9.5,15.4,25.5,27.1,37.3,21,10.4,1.3,3,13.3,86.7,32533,35919
"2745",6037532700,"06","037","532700",2990,33.984845,-118.243298,"Census Tract 5327, Los Angeles County, California",316700,638,17,4.7,5.22,4.55,0.9,7.2,0,8.6,3.8,15.4,14.6,13,36.5,26.2,10.5,33.7,24.9,4.7,0,25.1,74.9,45046,52993
"2746",6037532800,"06","037","532800",4409,33.985989,-118.251985,"Census Tract 5328, Los Angeles County, California",309500,1027,101,3.9,5.27,4.25,3.4,4.7,1.7,10.8,6.5,8.4,8.4,20.4,35.7,29.3,11.9,37.5,12.2,9.2,0,24.8,75.2,29917,44720
"2747",6037532900,"06","037","532900",6681,33.978498,-118.252591,"Census Tract 5329, Los Angeles County, California",332400,1592,63,4.3,4.55,4.13,0,2.9,5.8,20.3,5,14.9,12.7,13.6,24.7,18.5,21,36.2,21.9,2.4,0,28.6,71.4,33578,38083
"2748",6037533001,"06","037","533001",4527,33.980336,-118.2455,"Census Tract 5330.01, Los Angeles County, California",346700,1072,107,4.3,5.33,3.42,2.1,0,0.7,9.3,4.1,8.4,26.1,14.3,35,17.9,12,41.8,23.1,5.1,0,36.9,63.1,36917,44505
"2749",6037533002,"06","037","533002",2822,33.977345,-118.240796,"Census Tract 5330.02, Los Angeles County, California",312900,650,56,4.6,4.83,4.24,2.6,2.5,0,6.2,15.2,8.2,11.2,11.7,42.5,4.3,17.1,44.3,17.1,9.4,7.8,45.5,54.5,44000,57145
"2750",6037533103,"06","037","533103",3577,33.977321,-118.230509,"Census Tract 5331.03, Los Angeles County, California",468300,904,62,3,4.2,3.83,0.4,0.9,11.7,5.9,4.2,12.1,21.3,17.4,26.1,19.2,42.8,29.6,5.1,3.2,0,10.3,89.7,28587,34520
"2751",6037533104,"06","037","533104",4356,33.976559,-118.224264,"Census Tract 5331.04, Los Angeles County, California",321300,1279,46,2.8,4.44,3.35,1.7,1,4.5,4.8,20.3,7.7,8.1,16.3,35.5,26.2,40.3,25.1,8.2,0.2,0,10.3,89.7,24493,33230
"2752",6037533105,"06","037","533105",2580,33.982809,-118.216397,"Census Tract 5331.05, Los Angeles County, California",572900,639,35,3.4,2.65,4.81,3.3,0,16.4,9.4,9.4,2.5,12.1,10.6,36.3,15.2,30.8,28.2,20.3,5.5,0,25.3,74.7,36250,43534
"2753",6037533106,"06","037","533106",1743,33.978185,-118.218094,"Census Tract 5331.06, Los Angeles County, California",335000,422,31,4.8,3.2,4.86,0,0,13.5,3.1,1.9,7.6,9.5,14.2,50.2,12.1,17.8,27.3,27.3,4.3,11.4,58.8,41.2,31875,40810
"2754",6037533107,"06","037","533107",3645,33.975021,-118.217773,"Census Tract 5331.07, Los Angeles County, California",537500,1019,49,3.1,4.67,3.29,0,0,8.4,5.6,11.6,9.6,3.8,19.1,41.8,24.8,35.6,18.4,11.6,6.6,2.9,24.5,75.5,35601,41655
"2755",6037533201,"06","037","533201",2805,33.982198,-118.209661,"Census Tract 5332.01, Los Angeles County, California",294400,711,60,3.8,4.43,4.09,0.7,0,3,9.3,12.7,14.3,9.7,25.9,24.5,8.4,32.5,43.2,14.8,1.1,0,13.8,86.2,41466,47387
"2756",6037533202,"06","037","533202",2762,33.978364,-118.209684,"Census Tract 5332.02, Los Angeles County, California",365000,675,47,4.1,5.29,4.17,0,0,0,0.9,0,14.5,13.6,23.1,47.9,9.2,11.1,58.4,14.8,6.5,0,41.2,58.8,44734,56642
"2757",6037533203,"06","037","533203",1827,33.974462,-118.209962,"Census Tract 5332.03, Los Angeles County, California",397200,459,23,3.7,5.09,4.1,0,0,5,6.5,9.6,2.8,18.3,22.9,34.9,14.8,31.4,39.9,3.1,10.9,0,27.1,72.9,39286,45322
"2758",6037533300,"06","037","533300",3558,33.993176,-118.202294,"Census Tract 5333, Los Angeles County, California",312800,860,73,3.8,4.42,4.69,0,0,4.2,8.5,12.1,4.8,19.8,18,32.7,3.5,31.2,42.8,20,2.6,0,23.8,76.2,40959,51291
"2759",6037533401,"06","037","533401",5004,33.993528,-118.193568,"Census Tract 5334.01, Los Angeles County, California",361300,1184,44,4.2,5.44,4.27,1.1,0,2,3,2.7,18.1,21.7,28.5,23,3.8,28.5,30.3,37.3,0,0,38.1,61.9,52283,57199
"2760",6037533402,"06","037","533402",4105,33.990223,-118.195339,"Census Tract 5334.02, Los Angeles County, California",326500,1047,30,3.7,5.42,3.49,0,0,4.1,6.3,8.3,15,20.1,14.6,31.6,10.2,35.5,33.3,16.2,4.7,0,21.5,78.5,36641,44019
"2761",6037533403,"06","037","533403",2973,33.98868,-118.187274,"Census Tract 5334.03, Los Angeles County, California",281600,756,81,4.5,4.04,4.18,5.2,7.3,0,4.4,9.5,17.9,7.5,29.8,18.5,9.4,17.5,32.3,33.6,7.3,0,41.9,58.1,41250,46816
"2762",6037533501,"06","037","533501",3090,33.985635,-118.199916,"Census Tract 5335.01, Los Angeles County, California",245800,726,19,3.9,4.58,4.45,0,0,3.9,13.1,4,11.2,11.6,36.2,20.1,8.5,31.1,32.4,22.9,3,2.1,16.1,83.9,41694,54620
"2763",6037533502,"06","037","533502",2143,33.985281,-118.194708,"Census Tract 5335.02, Los Angeles County, California",394400,530,9,4.6,5.98,4.42,2.1,0,0,7,24.7,10.4,13.8,15.5,26.6,6.4,27.5,31.5,22.6,11.9,0,51.4,48.6,43672,51962
"2764",6037533503,"06","037","533503",1920,33.984894,-118.191102,"Census Tract 5335.03, Los Angeles County, California",319200,439,0,4.5,6.07,3.69,0,0,0,4.8,8,17.1,20.3,18.5,31.4,7.1,31,21.6,29.8,10.5,0,30.8,69.2,40313,53703
"2765",6037533601,"06","037","533601",4484,33.980666,-118.195285,"Census Tract 5336.01, Los Angeles County, California",328000,1168,0,3.8,4.9,4.1,0,0,0.4,6.6,0.7,14.4,31,12.9,34,8,31.7,38.9,17.8,1.5,2.1,17.8,82.2,38500,48307
"2766",6037533602,"06","037","533602",5420,33.977049,-118.196227,"Census Tract 5336.02, Los Angeles County, California",366900,1510,119,3.9,4.19,3.72,0.5,0,0,4.7,11,18.1,20.5,23.3,21.9,5.6,32.4,36.8,19.6,4.2,1.4,22.6,77.4,39364,47094
"2767",6037533603,"06","037","533603",6617,33.972946,-118.19631,"Census Tract 5336.03, Los Angeles County, California",334100,1827,232,3.8,4.63,3.33,0,3.7,7.9,2.2,12.5,17,10.8,29.6,16.4,4.3,39.5,35.8,16.2,0.5,3.7,22.3,77.7,36442,43641
"2768",6037533701,"06","037","533701",3934,33.989001,-118.181809,"Census Tract 5337.01, Los Angeles County, California",302900,1023,36,3.9,4.76,3.36,0,13.2,7.1,0,4.9,4.2,13.6,39,18,8.7,31.1,37.6,17.1,4.1,1.4,19.5,80.5,37575,42055
"2769",6037533702,"06","037","533702",3585,33.983502,-118.182458,"Census Tract 5337.02, Los Angeles County, California",363900,877,69,4.1,4.67,4.41,0,0,3,7.9,1.9,3.4,40.9,10.1,32.7,2.4,26.2,43.2,24.1,4.1,0,24.1,75.9,37208,46608
"2770",6037533703,"06","037","533703",4236,33.98311,-118.175937,"Census Tract 5337.03, Los Angeles County, California",251000,1016,0,3.8,5.35,4.06,0.9,2.3,3.3,5.7,2.5,10.6,33.2,23.6,17.9,10.8,30.6,34.4,15.6,8.5,0,19,81,35040,46707
"2771",6037533803,"06","037","533803",6309,33.974525,-118.183484,"Census Tract 5338.03, Los Angeles County, California",334900,1710,134,4.2,4.77,3.49,1.1,0,3.1,1.2,13.3,9.2,23.1,18.1,31,6.7,22.7,40.4,20.9,8,1.3,32.4,67.6,39569,45853
"2772",6037533804,"06","037","533804",4543,33.975229,-118.179192,"Census Tract 5338.04, Los Angeles County, California",275600,1213,26,3.9,3.14,3.93,0,0.7,11.5,1.6,9.5,7.3,13.7,20.1,35.7,5.5,30.1,45,17.5,1.9,0,39.6,60.4,38750,43979
"2773",6037533805,"06","037","533805",3604,33.974453,-118.175014,"Census Tract 5338.05, Los Angeles County, California",294200,992,52,4.2,4.53,3.92,0.7,0,4.4,6.9,12.7,10.2,15,24.4,25.7,0,25.6,48.9,20.8,4.7,0,28.9,71.1,46176,53201
"2774",6037533806,"06","037","533806",4165,33.973396,-118.171929,"Census Tract 5338.06, Los Angeles County, California",180000,1068,34,3.9,4.8,3.87,0,0,8.6,13.4,9.6,11.3,20,6.9,30.1,7.1,27.3,46.5,17.3,1.7,0,28.8,71.2,28942,39151
"2775",6037533901,"06","037","533901",6065,33.973239,-118.155725,"Census Tract 5339.01, Los Angeles County, California",347000,1534,85,4.4,3.98,4,2,0,9.1,6.1,13.6,24,24.3,17.2,3.8,7,15.2,39.5,32.1,6.1,0,19.2,80.8,41753,49299
"2776",6037533902,"06","037","533902",4051,33.967272,-118.15469,"Census Tract 5339.02, Los Angeles County, California",335700,1034,56,4.4,3.58,4.51,0,0,30.9,6.7,14.3,4.1,20.4,6.4,17.2,4.6,18.6,42.8,33.9,0,0,32.3,67.7,37813,45733
"2777",6037534001,"06","037","534001",5613,33.96893,-118.146105,"Census Tract 5340.01, Los Angeles County, California",392300,1342,37,4.1,4.58,4.57,0,0,9.5,3.3,5.2,17.7,30.8,30.4,3.1,9.5,14.3,53.7,21.8,0.7,0,31.1,68.9,34776,44112
"2778",6037534002,"06","037","534002",4352,33.968889,-118.139149,"Census Tract 5340.02, Los Angeles County, California",298800,1057,79,4.5,3.81,4.45,1.9,21.8,11.3,10,7.3,19.1,6.5,12.7,9.5,1.1,18.5,36.5,33.3,9.2,1.3,39.9,60.1,43780,57964
"2779",6037534101,"06","037","534101",2295,33.974431,-118.16577,"Census Tract 5341.01, Los Angeles County, California",400000,538,0,4.6,4.38,4.4,2,0,16.2,1.5,0.4,24.7,20.1,28.4,6.7,0,15.2,40.9,42.8,1.1,0,43.1,56.9,40000,64514
"2780",6037534102,"06","037","534102",6263,33.970778,-118.16139,"Census Tract 5341.02, Los Angeles County, California",357300,1491,18,4,4.8,4.45,6.3,0,3.3,10.3,19.3,7.8,28.5,19,5.5,3.8,25.2,50.4,14.5,6.2,0,18.1,81.9,37987,44371
"2781",6037534201,"06","037","534201",4439,33.957898,-118.167718,"Census Tract 5342.01, Los Angeles County, California",342200,1096,0,4,2.86,3.79,0,8.8,3,4.9,28.3,24.2,10.3,20.5,0,8.2,31.2,30.9,21.2,8.5,0,24.9,75.1,30959,39009
"2782",6037534202,"06","037","534202",5790,33.959563,-118.161246,"Census Tract 5342.02, Los Angeles County, California",231900,1276,16,4.1,4.74,4.45,2.2,11.5,3.3,19.1,17,14.7,21,5.2,6,2.9,19.7,49.1,21.6,6.7,0,16.6,83.4,41743,47703
"2783",6037534203,"06","037","534203",3204,33.958338,-118.1547,"Census Tract 5342.03, Los Angeles County, California",264200,910,47,4,4.46,3.69,13.2,2.2,12.1,5.8,13.3,9.9,27.3,13.7,2.5,6.3,22.3,54.5,11.5,5.4,0,23.5,76.5,37306,42694
"2784",6037534301,"06","037","534301",4636,33.961372,-118.185949,"Census Tract 5343.01, Los Angeles County, California",47800,1230,95,3.9,3.93,4,0.7,8.1,3.1,13.2,10.7,26.3,22.6,12.2,3.1,9.8,20.6,49.1,15.9,4.6,0.2,19.5,80.5,35024,44572
"2785",6037534302,"06","037","534302",3673,33.959731,-118.175736,"Census Tract 5343.02, Los Angeles County, California",295000,865,0,4.2,5.51,4.48,2.2,0,13.4,5.3,9.1,26.8,32.1,8.9,2.1,1,12.7,59.2,25.3,1.7,0,13.8,86.2,42665,56799
"2786",6037534403,"06","037","534403",2948,33.968513,-118.197281,"Census Tract 5344.03, Los Angeles County, California",426100,752,17,4.2,4.25,3.83,0.7,1.6,0.9,37.1,0,27.3,21.5,0,10.9,4.7,20.7,45.5,23.5,3.5,2.1,23.3,76.7,42375,48857
"2787",6037534404,"06","037","534404",3647,33.966002,-118.190465,"Census Tract 5344.04, Los Angeles County, California",176000,995,0,4,4.27,4,1.9,1.1,8.7,13.3,12.8,15.5,24.9,11.1,10.8,1.3,25.7,48.1,20.5,3.9,0.4,25,75,39094,48661
"2788",6037534405,"06","037","534405",4292,33.966441,-118.183052,"Census Tract 5344.05, Los Angeles County, California",24200,957,52,4.1,4.5,4.35,10.4,1.4,3,25.7,12.5,11.1,16.2,11.8,7.8,1.3,13.3,62.7,21.4,0,1.4,11.6,88.4,34450,39746
"2789",6037534406,"06","037","534406",4609,33.964519,-118.175074,"Census Tract 5344.06, Los Angeles County, California",483300,1080,66,4.1,3.57,4.41,6.5,8,12,14.2,16.4,14.4,11.5,13,4.2,2.8,12.7,61.6,18.6,4.4,0,5,95,45365,45230
"2790",6037534501,"06","037","534501",5201,33.967254,-118.207454,"Census Tract 5345.01, Los Angeles County, California",377200,1318,64,4.6,5.35,3.67,0,0,0,4.4,3.4,15.3,20.3,22.7,33.9,7.5,21,30.6,23,17.2,0.7,53.7,46.3,50075,64004
"2791",6037534502,"06","037","534502",4257,33.965395,-118.200558,"Census Tract 5345.02, Los Angeles County, California",311400,1030,30,4.4,4.38,3.35,0,1.4,2.1,1.7,3.4,11.2,31.8,25.5,22.8,3.4,21.3,30.1,33.7,10.2,1.4,50.9,49.1,47832,54114
"2792",6037534700,"06","037","534700",4283,33.968307,-118.214791,"Census Tract 5347, Los Angeles County, California",349600,954,112,5.1,5.02,3.99,0,0,2.1,0,3.4,7.1,15.2,32.5,39.7,3.9,8.4,31.7,44.5,11.5,0,73.9,26.1,48163,57725
"2793",6037534802,"06","037","534802",2875,33.971214,-118.22163,"Census Tract 5348.02, Los Angeles County, California",422100,696,0,4.3,4.87,4.25,0,0,2.9,0,2.7,1.6,14.4,42.8,35.6,9.9,14.5,34.2,24.4,15.9,1,42.8,57.2,45800,55687
"2794",6037534803,"06","037","534803",4930,33.969172,-118.22545,"Census Tract 5348.03, Los Angeles County, California",313000,1220,41,4.3,4.82,4.19,0,0,0.7,4.3,9.3,3.9,21.1,28,32.6,5.1,20,35.7,35.3,2.2,1.6,45.4,54.6,34407,45604
"2795",6037534804,"06","037","534804",3878,33.963365,-118.227373,"Census Tract 5348.04, Los Angeles County, California",307400,931,27,4.1,4.16,4.34,0,0,1.6,4.4,9.8,3.3,16.2,27.9,36.7,12.9,23,26.4,34.6,1.9,1.2,42.8,57.2,28056,37899
"2796",6037534900,"06","037","534900",6569,33.970589,-118.237013,"Census Tract 5349, Los Angeles County, California",299700,1534,0,4.4,4.83,4.19,2.1,18.3,6.3,9.1,4,5.1,17.9,14.7,22.4,12.9,16.9,35.7,23.5,11,0,34.5,65.5,42250,49563
"2797",6037535001,"06","037","535001",4325,33.971199,-118.253143,"Census Tract 5350.01, Los Angeles County, California",296300,1099,137,4.2,5.93,4.02,0.5,3.8,1.4,7.4,17.4,14.7,10.5,27.9,16.5,17.8,17.7,33.8,26.5,4.2,0,45.5,54.5,41000,48806
"2798",6037535002,"06","037","535002",3681,33.970966,-118.247236,"Census Tract 5350.02, Los Angeles County, California",238500,830,75,4.7,4.72,4.28,0,6.4,3.4,14.6,6.9,12.8,16.6,20.4,19,13.5,4.8,41.1,28,12.7,0,36.2,63.8,44196,53569
"2799",6037535101,"06","037","535101",7306,33.964704,-118.248804,"Census Tract 5351.01, Los Angeles County, California",302200,1761,68,4.5,4.25,4.1,0,3.6,4.6,4.5,8.3,11.6,18,27.3,22.1,7.3,10.4,45,31,4.8,1.5,42.7,57.3,36841,47826
"2800",6037535102,"06","037","535102",4517,33.958583,-118.248771,"Census Tract 5351.02, Los Angeles County, California",317000,960,40,4.5,4.28,3.87,0,0,2.7,1.3,9.3,12.2,14.2,17.7,42.7,2.4,23,42.7,25.8,3.8,2.3,44.8,55.2,45069,50637
"2801",6037535200,"06","037","535200",5820,33.952248,-118.251335,"Census Tract 5352, Los Angeles County, California",266800,1359,169,5.2,4.98,4.57,2.6,2.6,4.2,1,6.5,11.3,16.3,18,37.5,1,7.2,40.7,38.7,12.4,0,51.5,48.5,50333,53609
"2802",6037535300,"06","037","535300",6251,33.961128,-118.237481,"Census Tract 5353, Los Angeles County, California",281600,1480,56,4.5,4.6,4.11,1.3,2,3.8,1.1,4.1,5.9,13,18,50.8,10.7,17.2,32.5,34.9,4.5,0.1,40.8,59.2,38184,45328
"2803",6037535400,"06","037","535400",3495,33.952982,-118.236049,"Census Tract 5354, Los Angeles County, California",294100,741,64,5,5.6,5.06,0,9.2,4.6,28.5,11.6,2,19.4,7.7,17,6.1,11.2,36.4,32.8,12,1.5,52.4,47.6,36042,45214
"2804",6037535501,"06","037","535501",3866,33.960986,-118.221714,"Census Tract 5355.01, Los Angeles County, California",321900,1068,70,3.4,4.79,3.39,0,1.2,0,9.2,8.1,27,26.4,7.5,20.7,0,56.1,32.7,5.6,4.3,1.3,14.2,85.8,37829,39161
"2805",6037535502,"06","037","535502",4958,33.961507,-118.215576,"Census Tract 5355.02, Los Angeles County, California",271300,1289,40,4,5.27,3.79,0.3,3.1,0,10.9,3.4,13.9,12.6,26.4,29.4,1,33.7,42.6,21.3,1.3,0,29.8,70.2,41105,52832
"2806",6037535503,"06","037","535503",2497,33.955179,-118.214581,"Census Tract 5355.03, Los Angeles County, California",217300,621,35,3.6,3.28,3.86,3.1,0,0,21.6,4.7,7.2,22.4,29.5,11.6,11.1,37.8,23.3,26.4,0,1.3,13.3,86.7,28909,41684
"2807",6037535603,"06","037","535603",3493,33.955202,-118.221878,"Census Tract 5356.03, Los Angeles County, California",435700,909,41,4,4.26,3.93,1,1,3.6,3.7,1,16.3,28.3,40.4,4.7,7.3,29.4,34.8,17.1,11.6,0,36.8,63.2,26758,42998
"2808",6037535604,"06","037","535604",4435,33.950813,-118.224293,"Census Tract 5356.04, Los Angeles County, California",312500,1069,31,4.2,4.59,3.59,0,1.6,0,7.8,1.5,3.2,20.5,24.6,40.9,1.7,29.6,36.1,30.5,1,1.1,47.5,52.5,40319,48333
"2809",6037535605,"06","037","535605",4153,33.94888,-118.216437,"Census Tract 5356.05, Los Angeles County, California",264400,1146,16,3.8,4.07,3.53,1,2,0,12.1,9.2,14.7,14.6,18.4,28,4.1,40,41.3,11.3,2.4,1,22.9,77.1,31397,39240
"2810",6037535606,"06","037","535606",1860,33.947661,-118.225076,"Census Tract 5356.06, Los Angeles County, California",411300,502,0,3.9,4.45,4.09,0,5.8,9.4,3.4,6,21.1,5.2,16.1,33.1,3.2,30.5,44.4,17.9,4,0,29.7,70.3,30227,40944
"2811",6037535607,"06","037","535607",4775,33.940873,-118.218321,"Census Tract 5356.07, Los Angeles County, California",324200,1122,136,4.3,4.21,3.8,0,0,2.3,0.5,6.5,12.7,9.9,57,11.1,0,27.7,40.4,29.9,0.9,1.1,58.4,41.6,44688,53545
"2812",6037535701,"06","037","535701",6050,33.960216,-118.203977,"Census Tract 5357.01, Los Angeles County, California",342200,1542,26,4.6,4.42,4.06,2.5,0.6,0,4.7,7.6,12.7,11.3,35.1,25.5,4.2,22.8,35.6,26.4,11.1,0,37.3,62.7,43608,52750
"2813",6037535702,"06","037","535702",5522,33.953734,-118.20494,"Census Tract 5357.02, Los Angeles County, California",364800,1440,74,4.2,4.04,3.72,0,12.2,4.2,10,6.8,16,21.7,18.3,10.9,0,27.1,45,19.4,7.6,1,29.3,70.7,34732,42611
"2814",6037535802,"06","037","535802",6814,33.940833,-118.207898,"Census Tract 5358.02, Los Angeles County, California",312100,1756,29,4.5,4.17,4.04,0,3.4,3.5,0.5,8.9,7.7,16.3,33.5,26.1,0,19.3,42.2,28.4,6.4,3.7,52.9,47.1,42775,49461
"2815",6037535803,"06","037","535803",4458,33.948278,-118.210172,"Census Tract 5358.03, Los Angeles County, California",422800,1130,43,4.2,4.45,3.94,0.4,5,1.9,3.6,4.6,20.4,11.7,23.3,29.1,1.2,23.3,47.1,25.2,3.2,0,33.8,66.2,38457,46680
"2816",6037535804,"06","037","535804",5498,33.947841,-118.203361,"Census Tract 5358.04, Los Angeles County, California",331400,1437,115,4.2,5.04,3.61,0.5,1.1,0.6,9.1,14.1,7.9,34.7,11.2,20.7,10.1,21.1,40.9,25.5,2.2,0.3,23.5,76.5,42412,51049
"2817",6037535901,"06","037","535901",5757,33.946593,-118.194305,"Census Tract 5359.01, Los Angeles County, California",334800,1475,48,4.7,4.11,3.77,0,4.3,3,0.3,0,6.6,22.8,55.3,7.7,2.7,16.7,37,34.2,5.2,4.1,54.7,45.3,46194,55908
"2818",6037535902,"06","037","535902",6519,33.939267,-118.195723,"Census Tract 5359.02, Los Angeles County, California",368200,1588,26,5.4,4.96,4.41,0,0,0,1.4,9.4,8.4,14.5,42.8,23.3,1.4,3.9,34.3,49.7,8.6,2.1,81.2,18.8,61852,67996
"2819",6037536000,"06","037","536000",3720,33.95359,-118.193365,"Census Tract 5360, Los Angeles County, California",353500,1024,11,3.9,4.2,3.72,0,0,10.2,0,5.5,21.6,39.7,18.7,4.4,2.4,35.9,45.1,10.8,4.1,1.6,23.4,76.6,41031,46130
"2820",6037536102,"06","037","536102",3164,33.937318,-118.166602,"Census Tract 5361.02, Los Angeles County, California",315200,1098,68,5,2.82,2.85,2.3,4.6,12.5,1.6,35,10.4,3.7,27.7,2.3,2,4.9,50.2,31.1,11.8,0,66.8,33.2,64661,71025
"2821",6037536103,"06","037","536103",5516,33.941557,-118.184961,"Census Tract 5361.03, Los Angeles County, California",340200,1507,38,4.4,4.33,3.32,0,0,3.8,1,8.3,17.5,26.5,25.2,17.7,3.7,10.8,49.3,33.3,0.5,2.3,63.8,36.2,49322,59069
"2822",6037536104,"06","037","536104",4052,33.938059,-118.179082,"Census Tract 5361.04, Los Angeles County, California",395800,1003,47,4.7,4.25,3.51,0,0,0,0,19.3,12,34.6,23.7,10.4,4.3,27.1,18.7,43.5,6.4,0,43.7,56.3,46176,53632
"2823",6037536200,"06","037","536200",7289,33.918854,-118.16607,"Census Tract 5362, Los Angeles County, California",343300,1966,80,5.1,4.13,3.84,0.3,2.8,0.8,2.5,3.8,13.3,31.1,38.9,6.4,2.6,11,37.4,38.9,10.1,0,65.1,34.9,52581,66276
"2824",6037540000,"06","037","540000",6973,33.923404,-118.183252,"Census Tract 5400, Los Angeles County, California",406000,1636,110,4.6,4.16,4.4,2.4,3.9,8.4,5.7,13.3,7.6,16.4,22.1,20.2,2.5,17.7,40.4,23.2,14.2,2,45.4,54.6,41321,51181
"2825",6037540101,"06","037","540101",6483,33.9312,-118.190298,"Census Tract 5401.01, Los Angeles County, California",357800,1554,101,4.8,4.38,3.1,0,4.2,5.6,0,3.3,12.5,23.1,42.7,8.6,2,21.6,29.3,27.8,16,3.3,58.9,41.1,46274,54696
"2826",6037540102,"06","037","540102",6972,33.923016,-118.193946,"Census Tract 5401.02, Los Angeles County, California",342800,1593,127,5,4.7,4.11,2.8,1.8,0,0.9,0,11.6,16.7,49.7,16.6,2.6,13.9,25.7,37,17.3,3.6,76.6,23.4,54773,64988
"2827",6037540201,"06","037","540201",2370,33.940642,-118.21349,"Census Tract 5402.01, Los Angeles County, California",377800,624,20,4.2,4.17,4.13,0,5.9,1.6,0,5.3,28,20.2,30,9,6.3,23.7,38.3,31.7,0,0,11.6,88.4,29420,38510
"2828",6037540202,"06","037","540202",6845,33.933758,-118.207495,"Census Tract 5402.02, Los Angeles County, California",339000,1753,90,3.8,5.01,3.87,0,1.3,6.5,3,4.9,29.7,25.6,18.1,10.8,7.2,32.5,48.5,7.8,3.4,0.6,15.5,84.5,31319,40445
"2829",6037540203,"06","037","540203",5594,33.927696,-118.20491,"Census Tract 5402.03, Los Angeles County, California",321200,1335,84,4,5.2,3.78,0,0,3.2,8.2,7.8,14.3,19.9,18.4,28.2,4,31,42,17.8,4.5,0.6,20.7,79.3,40559,45880
"2830",6037540300,"06","037","540300",5267,33.93366,-118.218349,"Census Tract 5403, Los Angeles County, California",348600,1270,43,4.7,4.32,5.19,0,0,7,4.3,2.4,6.9,24.3,23.8,31.3,0,12.4,55.7,26,5.3,0.6,66.7,33.3,47969,57377
"2831",6037540400,"06","037","540400",2384,33.933059,-118.228732,"Census Tract 5404, Los Angeles County, California",286300,488,49,5.3,6.42,4.86,1.2,0,12.9,20.7,15.4,11.1,3.9,9.2,25.6,0,14.1,28.1,40.8,17,0,49.9,50.1,42798,45210
"2832",6037540501,"06","037","540501",6943,33.924718,-118.218483,"Census Tract 5405.01, Los Angeles County, California",280000,1163,71,4.9,4.67,4.87,5.2,0.8,11.2,0,3.7,22.7,8.8,25.3,22.4,0,15.9,34.2,45.4,4.5,0,63.6,36.4,41037,50197
"2833",6037540502,"06","037","540502",6552,33.915775,-118.213923,"Census Tract 5405.02, Los Angeles County, California",358900,1605,187,4,5.85,3.65,0,0,4,3.4,15.8,25.7,21.2,22.1,7.9,3.8,29.2,47.3,19.8,0,0,23.9,76.1,32930,41645
"2834",6037540600,"06","037","540600",4271,33.923712,-118.233885,"Census Tract 5406, Los Angeles County, California",312200,1130,165,4.5,4.63,3,3.1,0,8.2,17.4,16.3,12.9,25.7,13.4,3,5.7,32.2,23.6,29.5,6.9,2.1,35.5,64.5,33381,42116
"2835",6037540700,"06","037","540700",3014,33.925121,-118.246933,"Census Tract 5407, Los Angeles County, California",334700,822,78,4.8,3.81,3.18,0.1,5.5,4.1,1.2,1.2,4.7,19.6,40.5,23,10.3,11.7,33.7,38.8,5.5,0,50.1,49.9,37068,46095
"2836",6037540800,"06","037","540800",5042,33.918428,-118.253214,"Census Tract 5408, Los Angeles County, California",255400,1877,202,5.2,3.49,2.68,0,3.6,5.1,2.3,4.7,9.9,17.2,56.4,0.7,4.4,5.5,33.5,36.7,18.5,1.4,56.1,43.9,37740,55380
"2837",6037540901,"06","037","540901",4994,33.919971,-118.272551,"Census Tract 5409.01, Los Angeles County, California",310900,1255,73,5.4,3.94,3.48,2.3,0.4,7.6,9.1,10.4,9.2,19.5,30.8,10.8,4.1,4.3,33.9,44.9,10.3,2.4,56,44,43056,49375
"2838",6037540902,"06","037","540902",4506,33.910233,-118.269433,"Census Tract 5409.02, Los Angeles County, California",307800,1462,0,5.3,3.2,3.58,0,0,3.1,5.5,17.6,21.9,24.1,25.8,2,6.8,5.3,30.8,36.9,15.6,4.6,51.9,48.1,36483,51093
"2839",6037541001,"06","037","541001",1164,33.889034,-118.271616,"Census Tract 5410.01, Los Angeles County, California",344700,365,0,4.8,2.8,NA,0,6.8,1.1,5.8,7.4,32.3,43.3,1.1,2.2,2.2,3,36.7,47.7,10.4,0,94,6,46544,69351
"2840",6037541002,"06","037","541002",3209,33.874133,-118.270313,"Census Tract 5410.02, Los Angeles County, California",181900,1038,30,5.9,3.15,3.94,0,0,1.4,11.7,39.9,37.3,9.7,0,0,0,1.3,25,41.4,29.7,2.5,93.2,6.8,54655,59976
"2841",6037541100,"06","037","541100",3321,33.898618,-118.258119,"Census Tract 5411, Los Angeles County, California",261000,949,49,4.9,4.45,3.17,1.8,0,4.6,10.7,7.9,6.7,30.8,37.4,0,0,7.3,42.5,38.4,11.5,0.4,52.1,47.9,45227,55457
"2842",6037541200,"06","037","541200",5662,33.908242,-118.254042,"Census Tract 5412, Los Angeles County, California",298800,1974,131,5.4,2.86,3.3,1.3,3.9,5.1,3.9,2.5,2.6,53.5,17.5,9.7,2.1,8.4,18,63.3,8.2,0,67.3,32.7,64799,63534
"2843",6037541300,"06","037","541300",6044,33.911496,-118.241725,"Census Tract 5413, Los Angeles County, California",312100,1522,69,5.2,3.85,3.87,0,1.3,2.1,1.1,2,8,31.8,37.5,16.3,0.4,4.5,32,52.8,7.6,2.8,69,31,49814,58764
"2844",6037541400,"06","037","541400",7312,33.911817,-118.233475,"Census Tract 5414, Los Angeles County, California",255600,1678,89,4.7,4.48,4.69,3.8,2.5,6.1,8.3,13.5,23.9,16.7,15.8,9.4,8.3,11.3,35.2,32.8,12.2,0.2,47.1,52.9,31225,41700
"2845",6037541500,"06","037","541500",5836,33.914644,-118.226996,"Census Tract 5415, Los Angeles County, California",249400,1284,28,4.8,4.96,4.02,0,5.1,6.4,9.3,10.7,13.6,21.3,12.5,21.2,2.8,15.1,36,36.4,9.7,0,35.7,64.3,40956,47981
"2846",6037541603,"06","037","541603",2983,33.910388,-118.218904,"Census Tract 5416.03, Los Angeles County, California",323100,691,98,4.3,4.39,4.84,1,0,1.7,4.8,14.3,6.7,23.3,29.2,19,7.1,29.5,25.3,30.4,7.7,0,35.1,64.9,33494,40302
"2847",6037541604,"06","037","541604",6207,33.90867,-118.212876,"Census Tract 5416.04, Los Angeles County, California",270700,1501,76,4.2,4.34,4.47,3.3,1.5,1,5.6,7.5,11.1,20.9,21.1,28,3.7,23.2,42.7,23.7,5.7,1,35.3,64.7,38580,43163
"2848",6037541605,"06","037","541605",5323,33.89973,-118.21061,"Census Tract 5416.05, Los Angeles County, California",235300,1381,138,4.7,4.59,3.76,0,0,2.3,7.6,15.3,9.5,26.1,17.5,21.8,0.7,20.9,31.7,39.8,7,0,50.8,49.2,41901,47745
"2849",6037541606,"06","037","541606",2506,33.900232,-118.218084,"Census Tract 5416.06, Los Angeles County, California",283600,604,57,4.2,4.3,4.82,2.5,0,0,5.6,3.6,19.7,21.2,22,25.3,5.5,22.2,48,18.9,5.5,0,21.4,78.6,32260,45878
"2850",6037541700,"06","037","541700",6366,33.91715,-118.203684,"Census Tract 5417, Los Angeles County, California",347400,1489,54,4.9,4.26,4.01,0.1,2.7,1.1,3.3,5.7,6.6,26.3,28.8,25.3,1.3,9.6,34,39.7,13.2,2.2,76.5,23.5,56528,59519
"2851",6037541801,"06","037","541801",4903,33.911308,-118.194968,"Census Tract 5418.01, Los Angeles County, California",302200,1233,111,4.7,4.42,4.21,0,3.1,17.4,11.4,12,15.7,19.2,14.7,6.7,2,9.9,37.1,39.3,8.9,2.7,45.6,54.4,48357,50487
"2852",6037541802,"06","037","541802",5431,33.909905,-118.187208,"Census Tract 5418.02, Los Angeles County, California",360700,1194,68,4.8,4.49,4.71,3.8,2.8,1.7,0.8,0,19.3,21.9,43.2,6.6,8.5,3.9,35.6,39.3,10.7,2.1,64.3,35.7,49291,57638
"2853",6037542000,"06","037","542000",5732,33.905778,-118.20347,"Census Tract 5420, Los Angeles County, California",280200,1201,94,5.1,4.29,4.41,6.8,0,5.6,7,1.5,14.4,31.4,25.6,7.7,0,12.5,24.9,52.9,8.6,1.2,60.2,39.8,44032,52352
"2854",6037542103,"06","037","542103",4114,33.901136,-118.196491,"Census Tract 5421.03, Los Angeles County, California",297800,894,100,4.3,4.79,3.59,0,0,7,4.4,3.1,4,32.9,35.8,12.8,8.5,14.3,43.8,27.6,1.9,3.8,49.7,50.3,39688,48130
"2855",6037542104,"06","037","542104",3524,33.900531,-118.190745,"Census Tract 5421.04, Los Angeles County, California",267900,733,48,4.8,5.76,4.59,0,0,5,12.4,3.4,17.6,19,21.1,21.4,5,11.6,36.3,31.5,11.6,4,58.5,41.5,50560,68090
"2856",6037542105,"06","037","542105",5200,33.893183,-118.198906,"Census Tract 5421.05, Los Angeles County, California",296400,1105,65,4.7,5.07,4.58,1.6,1.7,3.7,3.6,9.2,9,36.8,17.1,17.1,5.5,14.1,43.1,31,6.2,0,42.2,57.8,47028,49297
"2857",6037542106,"06","037","542106",3373,33.892601,-118.192131,"Census Tract 5421.06, Los Angeles County, California",303200,673,49,4.9,5.08,5.17,1.5,7.7,0,5.6,6.2,14.3,24.1,29.3,11.3,0,11.6,39.4,29.7,17.4,1.9,60.3,39.7,50759,53189
"2858",6037542200,"06","037","542200",6962,33.885508,-118.198156,"Census Tract 5422, Los Angeles County, California",247200,1636,67,5.1,5.02,4.21,0.7,2.2,2.8,2.3,11.4,16.9,25.7,27.9,10.1,0.8,11.6,34.6,43.1,7.6,2.3,63.8,36.2,47331,55899
"2859",6037542401,"06","037","542401",4912,33.892286,-118.209473,"Census Tract 5424.01, Los Angeles County, California",293000,1264,58,5.2,3.91,3.9,0,0,2.7,0,4.8,12.2,14.2,33.5,32.6,3.4,15.4,30.4,40.9,5.7,4.2,61.4,38.6,43795,55232
"2860",6037542402,"06","037","542402",3152,33.883705,-118.210303,"Census Tract 5424.02, Los Angeles County, California",244700,819,94,5.7,3.92,4.62,4,7.4,0,2.7,5.6,13.7,24.2,33.1,9.3,0,12,29.1,37.9,19.7,1.5,72.1,27.9,49760,63481
"2861",6037542501,"06","037","542501",4307,33.892086,-118.236506,"Census Tract 5425.01, Los Angeles County, California",284700,1222,50,5.2,3.81,3.97,0,0,5.6,48.8,8.5,11,18,8.1,0,1.7,8,21.3,46.9,20.9,1.2,53.8,46.2,45833,58571
"2862",6037542502,"06","037","542502",4284,33.892474,-118.226777,"Census Tract 5425.02, Los Angeles County, California",272400,1360,156,4,3.89,3.2,1.5,3.5,8.5,24.2,9.9,12.7,11.3,21.8,6.7,5,22.2,47.6,21.5,3.7,0,25.9,74.1,24963,36144
"2863",6037542601,"06","037","542601",3016,33.905514,-118.22801,"Census Tract 5426.01, Los Angeles County, California",271500,661,19,4.3,5.29,4.15,2,0.6,4.7,21.3,3.3,9.2,32.1,11.8,15,10,8,45.2,23.8,7.4,5.6,29.4,70.6,45385,47341
"2864",6037542602,"06","037","542602",5496,33.899861,-118.227448,"Census Tract 5426.02, Los Angeles County, California",283100,1478,72,4.6,4.55,3.61,3.8,1.4,2.9,6,9.1,7,14.1,23.6,32.1,2.5,20.2,40.8,31.1,5.5,0,43.7,56.3,34464,47130
"2865",6037542700,"06","037","542700",5720,33.900861,-118.236954,"Census Tract 5427, Los Angeles County, California",309000,1410,147,4.7,4.6,3.77,0.9,1.6,7.4,1.8,8.3,6.8,27.7,24.5,20.9,1.6,11.6,48.7,26.5,11,0.5,56.1,43.9,45970,51096
"2866",6037542800,"06","037","542800",3123,33.899639,-118.246615,"Census Tract 5428, Los Angeles County, California",262400,957,0,5.1,3.77,3.31,0,0,4.3,2.1,0.7,12.7,55.4,21.4,3.3,0,8.9,33.8,46.2,5.4,5.7,81.7,18.3,51418,58251
"2867",6037542900,"06","037","542900",3285,33.893205,-118.247073,"Census Tract 5429, Los Angeles County, California",274600,755,20,4.8,4.22,5.12,0,0,2,0.7,13.1,1.9,50.1,18,14.3,1.9,12.5,36.3,35.1,13.8,0.5,65.4,34.6,39129,47583
"2868",6037543000,"06","037","543000",4345,33.890701,-118.256848,"Census Tract 5430, Los Angeles County, California",340700,1293,58,5.2,3.74,3.48,0,0,0.4,3.7,5.2,16.5,50.6,21,2.6,0,7,24.5,53.4,12.2,2.9,66.6,33.4,43183,52663
"2869",6037543100,"06","037","543100",6759,33.88414,-118.250294,"Census Tract 5431, Los Angeles County, California",344000,1873,145,5.4,3.82,4.09,0,0.5,2.2,4.6,7.4,13.9,42.6,20.9,7.7,0,4,29.8,38.3,25.6,2.3,78.2,21.8,52730,61171
"2870",6037543201,"06","037","543201",3607,33.884605,-118.235023,"Census Tract 5432.01, Los Angeles County, California",364300,943,6,4.9,3.74,4.71,2.1,2.9,0,1.6,5.6,12.5,18.9,42.4,14,1.7,2,47.8,31.6,9.3,7.5,58.5,41.5,41989,54048
"2871",6037543202,"06","037","543202",4867,33.884925,-118.223373,"Census Tract 5432.02, Los Angeles County, California",244400,1203,73,4.7,4.32,4.49,0,0,4.9,2.3,15.7,12.7,30.5,20.2,13.6,2.9,12.7,43.7,30.6,8.1,2,41.2,58.8,41667,49225
"2872",6037543304,"06","037","543304",6061,33.852489,-118.241386,"Census Tract 5433.04, Los Angeles County, California",468000,2025,93,6.5,2.96,4.86,0,1.2,0,1.8,18,73.5,5.1,0.4,0,0,0,8.6,41.9,39.7,9.8,88.1,11.9,84494,92554
"2873",6037543305,"06","037","543305",2666,33.860459,-118.222702,"Census Tract 5433.05, Los Angeles County, California",94800,1064,75,5.6,2.78,2.41,4.3,2,0,47.4,36.4,2.8,5.5,0,1.7,1.4,0,71.1,24.4,3.1,0,94.8,5.2,44928,65191
"2874",6037543306,"06","037","543306",7214,33.833114,-118.247089,"Census Tract 5433.06, Los Angeles County, California",380200,2027,83,5.4,3.8,3.07,3.6,3.7,9.5,2.4,25.9,40.7,9.6,2.7,1.8,0.4,7.3,28.7,28.1,31.1,4.3,67.1,32.9,74024,86162
"2875",6037543321,"06","037","543321",5418,33.868928,-118.256475,"Census Tract 5433.21, Los Angeles County, California",384200,1785,49,5.9,2.73,2.51,1.2,29.4,6.8,14.8,20.8,25.3,1.7,0.1,0,1,3.5,26.2,37.1,28.3,3.9,93.7,6.3,74107,95270
"2876",6037543322,"06","037","543322",6611,33.852649,-118.257047,"Census Tract 5433.22, Los Angeles County, California",448500,2137,95,6.5,3.38,3.93,0,0,0,0,22.7,69.2,6.6,1.5,0,0,0,3.6,42.6,44.8,9,88.6,11.4,83882,99372
"2877",6037543400,"06","037","543400",4090,33.862455,-118.270387,"Census Tract 5434, Los Angeles County, California",361700,983,0,5.4,4.1,4.58,0,0,0,0,0.8,31.4,60.8,3.4,3.6,0.7,3.7,0,71.4,20.4,3.8,77.8,22.2,71705,83265
"2878",6037543501,"06","037","543501",6805,33.830503,-118.282205,"Census Tract 5435.01, Los Angeles County, California",375900,2158,102,4.9,3.16,2.97,0.5,3,7.9,27.7,16.4,19.6,18.9,3.8,2.4,6.3,21,21.4,36.5,12.9,1.9,52.7,47.3,60890,80757
"2879",6037543502,"06","037","543502",4560,33.841713,-118.294655,"Census Tract 5435.02, Los Angeles County, California",373300,1500,159,4.6,2.96,3.54,3.4,4.5,2.1,19.9,12.3,15.7,23.3,16.3,2.6,6.7,13.7,29.8,41.7,7.3,0.7,71.4,28.6,70162,86719
"2880",6037543503,"06","037","543503",5687,33.83186,-118.292125,"Census Tract 5435.03, Los Angeles County, California",394600,1918,194,4.8,2.87,2.22,0,2,9.7,16.3,19.7,21.1,30.6,0,0.7,3.3,15.2,29.9,37.3,13.1,1.3,70.3,29.7,61056,74233
"2881",6037543601,"06","037","543601",3910,33.821655,-118.282036,"Census Tract 5436.01, Los Angeles County, California",356900,1086,51,5.3,3.69,4.08,0.6,3,1.4,9.4,21.1,29,32,2.6,0.9,0,3.7,33.8,42.3,16,4.2,71.1,28.9,78693,86375
"2882",6037543602,"06","037","543602",7762,33.817755,-118.292223,"Census Tract 5436.02, Los Angeles County, California",369600,2685,181,4.6,2.83,2.8,2.5,0.5,6.1,14.7,34.6,13.5,18.7,7.5,1.9,0,16.1,28.3,44.1,8.5,3.1,60.4,39.6,63214,78415
"2883",6037543603,"06","037","543603",3690,33.804932,-118.295081,"Census Tract 5436.03, Los Angeles County, California",469400,1520,39,6.4,2.67,2.91,3.3,1.3,7.1,6,25.8,51.8,2.2,1.1,1.4,0,1.1,32.6,19.2,37.6,9.5,94.3,5.7,59160,77240
"2884",6037543604,"06","037","543604",5620,33.814151,-118.2807,"Census Tract 5436.04, Los Angeles County, California",477500,1397,0,6.3,4.19,3.35,0,5.9,9.4,0.5,8,30.1,44.5,0.6,1,0,0,2.1,48.9,40.4,8.6,88.9,11.1,81250,96431
"2885",6037543701,"06","037","543701",2994,33.821566,-118.268217,"Census Tract 5437.01, Los Angeles County, California",378100,679,6,5.4,4.59,4.58,0,0,0,3.2,1.3,10.9,68.3,14.7,1.5,1,0,5.6,68.5,16.9,8,79.3,20.7,71856,81612
"2886",6037543702,"06","037","543702",7083,33.813693,-118.269365,"Census Tract 5437.02, Los Angeles County, California",356200,1867,132,4.7,3.77,4.89,0.4,5.6,5,3.7,4.6,9.7,42.2,27.5,1.2,0,2.4,49.5,39.1,7.1,1.9,70,30,72825,76341
"2887",6037543703,"06","037","543703",3472,33.803832,-118.267817,"Census Tract 5437.03, Los Angeles County, California",384100,966,21,5.9,4.07,3.84,2,0,16.5,4.2,10.5,35.4,26.4,4.5,0.6,0,10.2,4.9,47.4,31,6.5,81.2,18.8,80146,89059
"2888",6037543801,"06","037","543801",5263,33.837742,-118.273995,"Census Tract 5438.01, Los Angeles County, California",229500,1501,29,5.3,3.76,4.76,0.3,0.4,1.2,5.5,30.2,34.2,11.3,10.7,6.3,1.7,3.1,34.9,29.2,27.2,3.9,82.6,17.4,71163,82612
"2889",6037543802,"06","037","543802",7126,33.829044,-118.269574,"Census Tract 5438.02, Los Angeles County, California",405000,2013,138,4.9,4.34,3.22,4.7,8.1,11,17.7,6.2,24.5,23.6,3.6,0.6,0.6,15.6,20.8,40.5,20.1,2.4,52.5,47.5,63656,72727
"2890",6037543903,"06","037","543903",3804,33.827501,-118.257504,"Census Tract 5439.03, Los Angeles County, California",371000,985,45,5.5,3.58,5.07,0.2,5.4,3.5,8.4,24.1,24,33,0.5,1,0,1.1,15,54.3,28.1,1.4,82.9,17.1,70000,80728
"2891",6037543905,"06","037","543905",4510,33.81024,-118.261332,"Census Tract 5439.05, Los Angeles County, California",319400,995,41,5.2,4.02,5.01,0,1.1,3.3,9.2,11.8,45.4,15.4,12.4,1.4,1.1,1.5,13.2,56.2,26.9,1.1,58.7,41.3,55750,62081
"2892",6037544001,"06","037","544001",4791,33.835964,-118.219195,"Census Tract 5440.01, Los Angeles County, California",350400,1254,20,4.9,3.23,3.44,0,0,0,2.3,3,5.3,21.8,48.5,19.1,0,7.2,40.7,43.9,6.3,1.9,64.7,35.3,54148,56395
"2893",6037544002,"06","037","544002",3142,33.829099,-118.22169,"Census Tract 5440.02, Los Angeles County, California",393700,831,32,5.7,3.6,3.02,0,0,0,1.4,3.9,3.5,31.5,53.4,6.3,0,4.9,27.8,56.1,8.5,2.6,81.7,18.3,64493,90638
"2894",6037550000,"06","037","550000",1146,33.921898,-118.0665,"Census Tract 5500, Los Angeles County, California",279500,182,7,4.8,3.19,2,0,0,0,52.2,0,0,42.9,4.9,0,3.8,11.5,21.4,58.2,4.9,0,88,12,89861,85029
"2895",6037550100,"06","037","550100",7518,33.924851,-118.076255,"Census Tract 5501, Los Angeles County, California",370400,1916,49,5.1,4,3.88,0,0,2.1,4.6,6.3,6.5,43,36.1,1.4,3.7,2,33.8,44.2,12.5,3.9,78.6,21.4,56250,69148
"2896",6037550201,"06","037","550201",2941,33.927957,-118.083816,"Census Tract 5502.01, Los Angeles County, California",318500,827,88,4.9,3.61,3.82,0,5,0,15,5.1,20.6,32.6,21.8,0,0,13.1,26.8,48.7,11.4,0,42.5,57.5,52446,60155
"2897",6037550202,"06","037","550202",5496,33.92115,-118.089588,"Census Tract 5502.02, Los Angeles County, California",344300,1509,57,5.6,3.93,3.88,0,1.7,3,4.8,7.4,12.3,66.1,0,4.6,1.8,3.2,24,61.2,9.8,0,88.2,11.8,81250,86915
"2898",6037550300,"06","037","550300",7727,33.924843,-118.100427,"Census Tract 5503, Los Angeles County, California",393600,2142,75,5.2,3.74,2.84,0.7,1.1,5.6,6.2,9.5,10.5,56.5,7.7,2.1,6.1,10.4,8.9,57.6,13.7,3.3,77.3,22.7,59479,65738
"2899",6037550400,"06","037","550400",1534,33.933452,-118.097322,"Census Tract 5504, Los Angeles County, California",359100,418,25,5.8,3.84,6.06,0.7,5,1.2,0,0,7.2,67.7,12.4,5.7,0,0,11.7,70.1,13.9,4.3,86.5,13.5,97625,100079
"2900",6037550500,"06","037","550500",7809,33.950234,-118.105231,"Census Tract 5505, Los Angeles County, California",520400,2422,107,5.7,3.21,3.53,0,0,5.1,6.1,11.4,20.1,46.1,9.5,1.6,2.8,6.3,19.7,42.5,19,9.7,67.1,32.9,61285,94531
"2901",6037550601,"06","037","550601",5639,33.962654,-118.116589,"Census Tract 5506.01, Los Angeles County, California",430600,1732,64,4.7,3.42,2.54,7.7,0,4,0.8,12.8,25.2,33.1,15.4,1.2,0,30.5,17.7,39.5,9.4,2.8,53.5,46.5,61875,71738
"2902",6037550602,"06","037","550602",4211,33.955441,-118.122416,"Census Tract 5506.02, Los Angeles County, California",589900,1262,0,5.9,3.45,2.34,0.8,2.1,0.8,4,6.9,6,62.4,14,3,0,4.4,13.4,42.9,35.4,4,90.6,9.4,89792,100203
"2903",6037550700,"06","037","550700",6921,33.963547,-118.131902,"Census Tract 5507, Los Angeles County, California",489500,2045,48,5.8,3.85,3.28,0,0,1.8,0,9.4,11.5,58.1,14.6,4.6,3.6,5.9,10.5,55.8,20.1,4.1,78.6,21.4,81022,87942
"2904",6037550800,"06","037","550800",7170,33.951819,-118.142899,"Census Tract 5508, Los Angeles County, California",624600,2255,0,5.6,3.28,3.45,0,3.5,8.3,0.5,6.7,15.4,42.1,17.7,5.8,2.7,14.8,21.8,39.9,12,8.9,62.2,37.8,67369,87698
"2905",6037550901,"06","037","550901",3762,33.943537,-118.129449,"Census Tract 5509.01, Los Angeles County, California",505400,1349,53,4.2,3.05,2.68,2.5,1.7,0,13.2,22.4,8.7,29.4,12.8,9.4,1.9,34.8,29.1,24.4,9.8,0,26.8,73.2,53584,58031
"2906",6037550902,"06","037","550902",5572,33.948233,-118.128226,"Census Tract 5509.02, Los Angeles County, California",429300,1955,150,3.9,3.05,3.04,1.1,0,1.8,3.1,28.1,23,32.8,4.7,5.4,1.1,31.1,49.8,9.5,7.3,1.2,24.1,75.9,47688,57634
"2907",6037551000,"06","037","551000",7200,33.937787,-118.112876,"Census Tract 5510, Los Angeles County, California",578200,2281,97,5.5,3.23,2.82,0,0.7,0.6,3.4,8.6,21.8,55.7,7.1,2.1,0.9,10.2,18,49,18.1,3.9,66.8,33.2,88056,105016
"2908",6037551101,"06","037","551101",3926,33.921089,-118.124769,"Census Tract 5511.01, Los Angeles County, California",375900,1195,0,4.3,3.67,3.78,0,0,0,18.6,16.4,13.4,32.3,18.4,0.9,2.2,18.4,47.3,26.1,6,0,31.5,68.5,48987,67885
"2909",6037551102,"06","037","551102",5503,33.927351,-118.121059,"Census Tract 5511.02, Los Angeles County, California",468600,1778,103,3.8,3.91,3.16,1.7,0,0.5,19.6,14.7,15.2,28.3,20,0,3,33.1,54.3,7,2.5,0,9.5,90.5,40103,47568
"2910",6037551201,"06","037","551201",3588,33.928247,-118.145397,"Census Tract 5512.01, Los Angeles County, California",435800,1152,37,4.9,3.73,2.52,4.5,0,3,12.5,12.7,12.2,37.4,17,0.7,0,18.2,34.2,36.5,5.4,5.6,50.8,49.2,61806,70785
"2911",6037551202,"06","037","551202",7666,33.924555,-118.138225,"Census Tract 5512.02, Los Angeles County, California",453800,2178,99,4.8,3.53,2.81,4.9,1.8,2.6,8.3,12.2,13.5,30.2,21.3,5.1,1.6,17.7,36.5,29.4,9.5,5.4,44.2,55.8,61672,68796
"2912",6037551300,"06","037","551300",5422,33.933775,-118.134798,"Census Tract 5513, Los Angeles County, California",337800,1871,94,3.8,2.9,3.08,0,0,12.3,23.1,9.5,11.7,30.2,13.3,0,4.9,35.3,45.3,14.5,0.1,0,27.3,72.7,49302,55926
"2913",6037551401,"06","037","551401",4290,33.944027,-118.155932,"Census Tract 5514.01, Los Angeles County, California",413400,1462,0,3.8,2.77,2.99,0,0,0,9.8,14.2,21.2,42.7,9.3,2.8,12.6,27,28.1,26.1,6.2,0,29.5,70.5,49682,58793
"2914",6037551402,"06","037","551402",4468,33.940665,-118.146342,"Census Tract 5514.02, Los Angeles County, California",436200,1375,179,5.2,3.37,2.93,0,5.5,6.3,4,1.2,6.1,51.3,14.3,11.3,0,7.1,29,49.5,14.5,0,72,28,66296,71111
"2915",6037551501,"06","037","551501",4869,33.934301,-118.155793,"Census Tract 5515.01, Los Angeles County, California",451300,1508,95,4.4,3.23,3.06,0,0,8,20.2,21.5,11.8,24.9,10.9,2.8,6.2,11.5,47.5,24.3,9.3,1.3,55.6,44.4,63364,72671
"2916",6037551502,"06","037","551502",4250,33.928323,-118.151706,"Census Tract 5515.02, Los Angeles County, California",451000,1268,0,5,3.58,3.77,2.2,0,0,5.1,11,6.5,52.3,4.6,18.4,5.1,15.1,22.3,41,10.5,5.9,59.1,40.9,61719,74049
"2917",6037551600,"06","037","551600",31,33.92895,-118.157619,"Census Tract 5516, Los Angeles County, California",NA,0,0,NA,NA,NA,NA,NA,NA,NA,NA,NA,NA,NA,NA,NA,NA,NA,NA,NA,NA,NA,NA,NA,NA
"2918",6037551700,"06","037","551700",6547,33.917371,-118.148241,"Census Tract 5517, Los Angeles County, California",426900,1777,59,4.7,4,3.96,0,1.2,1.5,6.1,4.3,19.2,34.2,26.7,6.8,1.2,9.1,40.6,37.6,8.3,3.3,55.6,44.4,52637,60630
"2919",6037551800,"06","037","551800",7533,33.913447,-118.124074,"Census Tract 5518, Los Angeles County, California",444300,2403,102,4.7,3.76,2.6,0,0,2.8,13.9,15.6,12,51.6,3.1,0.9,0.4,30.2,20.3,34.7,13.9,0.6,54.1,45.9,66574,75900
"2920",6037551900,"06","037","551900",5344,33.909765,-118.104641,"Census Tract 5519, Los Angeles County, California",348700,1516,0,4.8,3.37,3.51,0,0,2,8.9,12.4,13.6,55.7,6.8,0.7,2,18.1,24.8,46,6.7,2.3,68.7,31.3,61273,63570
"2921",6037552001,"06","037","552001",4105,33.912532,-118.095025,"Census Tract 5520.01, Los Angeles County, California",339600,1050,42,5.2,3.75,3.24,0,0,0,10,11.9,2.4,61,14,0.8,5.3,2.6,25,49.9,14.6,2.6,80,20,76085,87093
"2922",6037552002,"06","037","552002",3721,33.913174,-118.086938,"Census Tract 5520.02, Los Angeles County, California",333700,1003,19,4.2,4.82,2.75,0,0,10.4,18.4,7.1,20.3,30.3,9.5,4,10.8,18.7,32.2,32.6,5.7,0,42.5,57.5,57500,64786
"2923",6037552100,"06","037","552100",5891,33.905398,-118.087368,"Census Tract 5521, Los Angeles County, California",365600,1911,34,4.8,4.11,2.66,0,15.9,9.2,3.7,7.6,8.5,49.2,4.3,1.6,9.3,19.9,17.8,40.4,9.4,3.2,54.9,45.1,41067,56378
"2924",6037552200,"06","037","552200",6835,33.909758,-118.074973,"Census Tract 5522, Los Angeles County, California",338000,1952,118,4,4.14,3.46,0,1.3,9.2,18.1,12.1,12.6,33.9,6.1,6.7,8.9,25.3,35,28.4,2.4,0,33.3,66.7,47835,54329
"2925",6037552301,"06","037","552301",4900,33.912424,-118.063878,"Census Tract 5523.01, Los Angeles County, California",346900,1314,31,4.8,3.97,3.49,0,1.5,6.5,10.7,11.3,17,51.2,1.8,0,9.9,4.9,30.7,29.5,19.1,5.9,67.5,32.5,78380,95785
"2926",6037552302,"06","037","552302",3648,33.906144,-118.059171,"Census Tract 5523.02, Los Angeles County, California",392400,1293,135,4.7,3.5,2.86,0,0,0,11.5,20.8,18.7,41.5,6.3,1.2,4.9,22.2,16.7,51.8,4.3,0,48,52,59949,66462
"2927",6037552400,"06","037","552400",2794,33.900356,-118.051921,"Census Tract 5524, Los Angeles County, California",366300,606,20,5.6,4.77,3.33,0.5,0,3.3,4.8,1.7,8.9,59.6,19,2.3,1.7,4,17.5,54.5,22.4,0,72.7,27.3,50938,61238
"2928",6037552601,"06","037","552601",5720,33.890914,-118.077472,"Census Tract 5526.01, Los Angeles County, California",340300,1195,54,5,4.91,5.51,0,0,0.9,3.3,2.8,21.4,52.7,13,5.9,0,2.6,33.6,52.7,10.3,0.8,74.7,25.3,62337,69433
"2929",6037552602,"06","037","552602",4191,33.890677,-118.066179,"Census Tract 5526.02, Los Angeles County, California",414200,1130,0,5.4,3.25,4.4,0,0,5.8,0.9,30.4,17.2,40,5.8,0,0,3.1,16.8,54.3,21.5,4.2,69.3,30.7,65441,74669
"2930",6037552700,"06","037","552700",6985,33.898549,-118.073486,"Census Tract 5527, Los Angeles County, California",351000,1795,61,4.8,3.57,4.88,0,1.7,1.7,5.4,5.8,7.8,35.5,27.7,14.5,3.9,7,27.4,53.1,6.9,1.7,74.2,25.8,62254,69667
"2931",6037552800,"06","037","552800",6401,33.898758,-118.09065,"Census Tract 5528, Los Angeles County, California",364600,1709,75,4.8,3.95,4.09,0,1.9,3.2,4,12.2,12.6,28.1,37,1,7.5,7.5,31.4,46.2,7.4,0,61,39,62923,72393
"2932",6037552900,"06","037","552900",6881,33.891852,-118.09288,"Census Tract 5529, Los Angeles County, California",356300,2011,90,4.8,3.46,3.58,0.6,0,1.5,7.6,11.9,13.7,43.7,17.2,3.8,6.7,10.4,28.9,41.7,9.3,3,55.5,44.5,54266,66994
"2933",6037553000,"06","037","553000",4825,33.894885,-118.103859,"Census Tract 5530, Los Angeles County, California",383700,1283,28,5.4,4.08,4,0,0,5.2,0.8,5.5,14,67.9,5.8,0.9,2.4,0.8,24.9,59,6.7,6.2,82.5,17.5,68661,73031
"2934",6037553100,"06","037","553100",6298,33.891685,-118.112532,"Census Tract 5531, Los Angeles County, California",360100,2097,125,5.2,3.21,3.71,0.5,1.7,3.6,13.4,21,22.9,29.3,3.8,3.8,10.3,5,32.5,35.6,10.9,5.7,45.9,54.1,60036,66967
"2935",6037553200,"06","037","553200",7055,33.906067,-118.120867,"Census Tract 5532, Los Angeles County, California",397200,2100,47,5.8,3.43,3.91,0,0.6,0.4,0.4,3.6,11.2,60.8,15.5,7.6,4.9,3.9,18.3,50.9,21.7,0.3,71.2,28.8,67625,79774
"2936",6037553300,"06","037","553300",3390,33.904926,-118.139709,"Census Tract 5533, Los Angeles County, California",329500,1054,74,4.8,3.38,2.82,0,3.1,2.6,13.6,17.4,26,34.8,1,1.5,2.6,16,32.2,38,11.2,0,82.1,17.9,52672,71560
"2937",6037553400,"06","037","553400",3861,33.908306,-118.147578,"Census Tract 5534, Los Angeles County, California",347800,1027,27,4.7,3.97,3.91,0,1.9,1.2,2.4,13.6,27.9,38.3,11.4,3.2,3.1,17,33.9,35.2,9.9,0.9,62.3,37.7,52273,59023
"2938",6037553502,"06","037","553502",4183,33.899113,-118.152487,"Census Tract 5535.02, Los Angeles County, California",163100,1364,80,3.4,2.68,2.91,2.5,0,27.9,20.2,11.7,11.2,18.9,3.6,4,8.8,45.6,30.4,12.4,2.8,0,31.7,68.3,43864,47514
"2939",6037553503,"06","037","553503",2768,33.913412,-118.15392,"Census Tract 5535.03, Los Angeles County, California",363300,831,0,4.1,4.28,3.06,3.7,0,14.3,9.7,7.3,10,30.1,14.4,10.3,10.8,7.2,62.1,12.2,6.1,1.6,40.7,59.3,43830,46661
"2940",6037553504,"06","037","553504",5368,33.906309,-118.155691,"Census Tract 5535.04, Los Angeles County, California",316500,1420,86,4.4,4.36,4.05,0,0,16.6,7.7,20.4,11.6,29.2,13.8,0.7,6.6,5.4,37.4,46,4.6,0,54.4,45.6,44545,55573
"2941",6037553601,"06","037","553601",4750,33.903953,-118.171727,"Census Tract 5536.01, Los Angeles County, California",328800,1329,87,4.4,4.28,4.27,1.3,0,14.9,28.1,13.2,10.5,19.7,8.7,3.6,3.4,10.4,52.7,19,12.6,1.9,47.6,52.4,48056,59466
"2942",6037553602,"06","037","553602",4730,33.908503,-118.163262,"Census Tract 5536.02, Los Angeles County, California",333300,1409,247,4.2,3.61,3.23,0.5,0,22.6,25,9.9,15.8,14.4,11.5,0.4,6,12.4,56.6,20.4,4.6,0,43.5,56.5,46875,52156
"2943",6037553701,"06","037","553701",4176,33.901023,-118.177019,"Census Tract 5537.01, Los Angeles County, California",233500,982,44,4.4,4.65,4.63,3.2,0.5,13.7,10.1,9.9,20.6,17,15.6,9.5,3.9,14.8,37.7,38.4,5.3,0,45.4,54.6,48625,55136
"2944",6037553702,"06","037","553702",4902,33.897146,-118.180972,"Census Tract 5537.02, Los Angeles County, California",296500,1175,82,4.6,4.46,4.55,0,1.8,8.3,12.9,11.5,14.1,20,27.4,4,0.9,12.9,43.5,33.4,9.4,0,56.5,43.5,35260,45682
"2945",6037553801,"06","037","553801",4174,33.892874,-118.173215,"Census Tract 5538.01, Los Angeles County, California",271900,1099,30,4.1,3.45,4,0,1.1,9.2,22.4,13.6,19.4,23.8,8.6,1.9,6.4,5.8,76.1,7.8,3.2,0.7,30.5,69.5,42114,47909
"2946",6037553802,"06","037","553802",6342,33.885812,-118.173778,"Census Tract 5538.02, Los Angeles County, California",172500,2050,80,4.2,3.28,3.69,2,4.1,6.4,17.7,19.6,18,12.1,14.7,5.4,6.4,17.4,51.7,20.6,2.8,1.1,42.8,57.2,35065,47161
"2947",6037553901,"06","037","553901",6896,33.892954,-118.150793,"Census Tract 5539.01, Los Angeles County, California",359000,1795,53,4.9,4.01,3.41,1.2,0.8,5.5,7.1,8.9,24,39.2,5.3,8,1.8,7.6,34.9,41.9,11.8,2,61.6,38.4,48532,56692
"2948",6037553902,"06","037","553902",5809,33.884107,-118.153005,"Census Tract 5539.02, Los Angeles County, California",269900,1720,145,4.2,3.13,3.77,0.5,2.6,0.5,29.6,6.8,20.3,19.9,6.5,13.3,6.6,19,50.4,23.5,0.3,0.1,36.5,63.5,40844,49664
"2949",6037554001,"06","037","554001",4171,33.898668,-118.132301,"Census Tract 5540.01, Los Angeles County, California",409800,1290,70,5.3,3.68,3.23,6,0,1.2,8.6,2.3,3.2,46.5,20.5,11.6,1.6,1.6,34,51.6,10.8,0.5,76.4,23.6,57270,70765
"2950",6037554002,"06","037","554002",5659,33.892435,-118.133287,"Census Tract 5540.02, Los Angeles County, California",403800,1876,117,4.3,2.92,3.05,0,2.7,5.9,19.3,14.9,15.1,25.3,11,5.8,10.1,21.3,38.9,16.8,8.5,4.4,43.8,56.2,48290,60643
"2951",6037554101,"06","037","554101",3799,33.890836,-118.12344,"Census Tract 5541.01, Los Angeles County, California",382800,1168,109,4.1,4.15,3.14,0,0,5.4,6.4,19.3,23.1,25.3,16.2,4.2,11.6,20.7,41.2,25.3,0,1.2,32,68,52665,60101
"2952",6037554103,"06","037","554103",1572,33.899725,-118.120159,"Census Tract 5541.03, Los Angeles County, California",387600,483,38,5.5,3.46,4.24,0,0.6,5,6.6,20.1,18,48.4,1.2,0,0,10.4,41.2,37.7,7.7,3.1,60.4,39.6,63324,82824
"2953",6037554104,"06","037","554104",2600,33.892863,-118.119188,"Census Tract 5541.04, Los Angeles County, California",410200,803,12,4.6,3.12,2.84,0,2,5.5,9.2,11.6,16.2,37,5.9,12.7,8.2,9.6,50.9,26.2,5.1,0,23,77,42604,50610
"2954",6037554105,"06","037","554105",4569,33.886121,-118.119612,"Census Tract 5541.05, Los Angeles County, California",333000,1671,0,3.4,4.85,2.72,0,15.8,8.2,17.4,21.2,13.8,10.2,4,9.5,22.5,28.3,39.6,9.6,0,0,6.6,93.4,41231,51590
"2955",6037554201,"06","037","554201",4108,33.88308,-118.138223,"Census Tract 5542.01, Los Angeles County, California",421900,1254,104,4.7,3.39,3.29,0,7.7,2.9,11,16,6.4,25,21.5,9.5,5.3,7.7,41.4,36.8,8.7,0,58.8,41.2,65948,72876
"2956",6037554203,"06","037","554203",3689,33.880278,-118.124939,"Census Tract 5542.03, Los Angeles County, California",459200,1291,183,4.3,4.31,2.45,0,0,4,6.5,24.7,6.7,13.7,27.6,16.9,7,27.9,33.2,20.5,11.3,0,31,69,52108,66756
"2957",6037554204,"06","037","554204",4391,33.885096,-118.129867,"Census Tract 5542.04, Los Angeles County, California",370000,1770,177,3.4,3.58,2.51,0,2.6,2.4,16.2,24.3,10.9,10,18.9,14.7,14.4,41.1,34,7.6,1.9,0.9,7,93,31013,37778
"2958",6037554301,"06","037","554301",3554,33.882925,-118.145682,"Census Tract 5543.01, Los Angeles County, California",388700,1102,106,4.3,3.82,3.07,0,1.1,2.5,4.6,15.5,18,42.1,16.2,0,7.1,12.7,47.2,28.7,1,3.4,42.6,57.4,51200,53596
"2959",6037554302,"06","037","554302",3916,33.872034,-118.147376,"Census Tract 5543.02, Los Angeles County, California",103400,1287,166,4.3,2.71,3.71,3.7,6.3,8.3,12.5,12.2,18.3,24.2,5.9,8.6,9.2,16.2,57.7,12,4.9,0,23.2,76.8,50851,51529
"2960",6037554403,"06","037","554403",5483,33.873245,-118.137746,"Census Tract 5544.03, Los Angeles County, California",232100,1861,91,4.1,2.47,2.86,2,2,12.5,18.2,19.7,15.4,17.1,6.9,6.2,12.3,21.5,45.6,18.9,1.8,0,23.6,76.4,37522,48994
"2961",6037554404,"06","037","554404",4447,33.873502,-118.129572,"Census Tract 5544.04, Los Angeles County, California",403000,1482,83,4.2,2.26,3.27,0.7,0.1,9.6,32.5,9.9,18.8,10.7,14.7,3,23.4,15.3,32.9,27.4,0,1,16.3,83.7,49475,60927
"2962",6037554405,"06","037","554405",3040,33.873156,-118.121813,"Census Tract 5544.05, Los Angeles County, California",456400,1319,0,3.5,3.65,2.59,0,0,8.2,26.1,21.6,7,15.5,7.7,13.9,22.4,34.2,25.6,15.2,2.6,0,16.5,83.5,48720,53930
"2963",6037554406,"06","037","554406",4875,33.872366,-118.112566,"Census Tract 5544.06, Los Angeles County, California",464300,1755,29,5.2,2.98,2.4,2.4,1.9,5,22.7,12.7,19.5,26.8,4,5,7.4,12,26,42.3,9.9,2.5,51.4,48.6,69091,80365
"2964",6037554511,"06","037","554511",4029,33.879196,-118.042123,"Census Tract 5545.11, Los Angeles County, California",622400,1191,0,6,3.34,3.8,0,0,0,5.2,70.8,21.9,2.1,0,0,0,0,12.8,38,43.3,5.9,78.9,21.1,91467,110428
"2965",6037554512,"06","037","554512",6108,33.874224,-118.053836,"Census Tract 5545.12, Los Angeles County, California",655700,1864,43,6.7,3.04,4.53,0,0,5.9,3,64.4,25.2,0.5,0.6,0.5,0.2,0,3.9,36.3,45.2,14.4,92.8,7.2,99176,116932
"2966",6037554513,"06","037","554513",2507,33.88369,-118.068419,"Census Tract 5545.13, Los Angeles County, California",565600,797,0,6.6,3.75,4.12,0,0,0.5,8.5,77.7,10.2,1.3,1,0.9,0,0,8.3,36.4,52.9,2.4,73,27,89714,99490
"2967",6037554514,"06","037","554514",4322,33.87396,-118.068986,"Census Tract 5545.14, Los Angeles County, California",576300,1390,0,5.5,2.92,3.34,0,0.6,1.7,4.3,74.3,16.3,1,1.1,0.6,1.1,0.8,25.7,36.3,28.8,7.4,71.6,28.4,66383,82027
"2968",6037554515,"06","037","554515",3703,33.851788,-118.077178,"Census Tract 5545.15, Los Angeles County, California",586600,1116,53,6,3.39,3.06,0.1,6.8,0,2.4,63.1,24.7,1.5,1.3,0,0,2.9,5,38.5,46.7,6.9,85.5,14.5,88295,111421
"2969",6037554516,"06","037","554516",3902,33.854867,-118.067139,"Census Tract 5545.16, Los Angeles County, California",649400,1156,0,6.5,3.55,3.98,2,0,0.5,6.1,63.1,19.6,4,2.7,2.1,0,0,2.6,29.1,57,11.3,86.2,13.8,98625,108448
"2970",6037554517,"06","037","554517",4883,33.862204,-118.054777,"Census Tract 5545.17, Los Angeles County, California",643400,1516,11,6,3.52,2.9,0,1.2,2.8,16.9,55.3,19.7,4.2,0,0,8.4,4,8.5,33.9,38.3,6.9,71.2,28.8,92298,103383
"2971",6037554518,"06","037","554518",5435,33.867851,-118.040553,"Census Tract 5545.18, Los Angeles County, California",619500,1614,8,6.1,3.25,3.72,1.2,0,0,4.3,58.1,34,0.4,2,0,0.7,0,4.3,47.1,43.8,4,80.5,19.5,89639,96727
"2972",6037554519,"06","037","554519",3613,33.854618,-118.054786,"Census Tract 5545.19, Los Angeles County, California",688400,1199,54,6.3,2.98,3.27,0,7.3,6.7,5.3,70.8,7.6,1.3,0.9,0,0,3.8,12,31.4,41.1,11.7,93.1,6.9,100288,123143
"2973",6037554521,"06","037","554521",5752,33.871351,-118.0999,"Census Tract 5545.21, Los Angeles County, California",587300,1915,22,5.9,3.06,2.61,1.2,5.2,0.6,13,48.1,30.3,0.4,0,1.3,8,2.2,16.8,29.3,29,14.7,70.9,29.1,71417,87099
"2974",6037554522,"06","037","554522",4787,33.852689,-118.091209,"Census Tract 5545.22, Los Angeles County, California",605000,1461,35,6.4,3.43,3.61,0,0,2.1,6.2,53.5,37,1,0,0.3,0.5,0.3,1.1,37.4,49.7,11,88.5,11.5,99038,105865
"2975",6037554600,"06","037","554600",4374,33.883174,-118.089156,"Census Tract 5546, Los Angeles County, California",359700,1343,69,4.9,3.28,3.47,1,5.1,1,2,14.6,21.6,48.2,3,3.6,2.3,20.9,18,39.5,17.3,2,59.9,40.1,52214,67029
"2976",6037554700,"06","037","554700",4874,33.884014,-118.076665,"Census Tract 5547, Los Angeles County, California",355300,1003,31,5.2,4.94,5.12,0.3,0.4,5.2,6.7,12.7,25.2,31.6,13.3,4.7,0.4,1,19.7,49.1,23,6.8,84.2,15.8,68169,76341
"2977",6037554801,"06","037","554801",3366,33.877989,-118.080586,"Census Tract 5548.01, Los Angeles County, California",424200,794,62,5.4,4.84,5.54,0,0,1.9,11.5,6.9,23,40.2,11.8,4.7,3.4,1.1,24.9,41.9,28.6,0,71.3,28.7,66944,76905
"2978",6037554802,"06","037","554802",6165,33.869213,-118.079833,"Census Tract 5548.02, Los Angeles County, California",452500,1820,49,4.9,3.3,3.34,6.5,5.3,6.3,13.2,10.3,27.7,20.1,8.3,2.3,7.1,10.3,27.5,39.1,13.6,2.3,57.4,42.6,52005,72102
"2979",6037554900,"06","037","554900",6991,33.861378,-118.079221,"Census Tract 5549, Los Angeles County, California",464000,2043,29,5.2,3.5,2.67,4.5,7.9,10.2,6.8,6.2,13.7,28.9,17.6,4.3,0,7.2,36.2,36.1,16.9,3.6,58,42,57823,71022
"2980",6037555001,"06","037","555001",5411,33.842867,-118.087229,"Census Tract 5550.01, Los Angeles County, California",418600,1596,95,5.4,3.37,3.65,1.1,0.9,4.6,7.6,14.4,38.1,25.6,5.6,2.1,2.3,3.4,22.6,50.1,21.6,0,69.9,30.1,67820,85229
"2981",6037555002,"06","037","555002",3475,33.835832,-118.088112,"Census Tract 5550.02, Los Angeles County, California",429500,1146,52,5.1,2.86,3.37,0.3,0,5.2,7.5,10.6,29.3,40.1,6.5,0.4,3.5,12.7,28.3,43.3,11.6,0.6,49.1,50.9,66567,73076
"2982",6037555102,"06","037","555102",6526,33.839391,-118.076868,"Census Tract 5551.02, Los Angeles County, California",339200,1998,30,4.5,3.74,3.17,1.8,2,7.7,20.9,19.2,16.7,26.1,3.2,2.5,9.9,8.5,43.1,35.3,2.6,0.7,37.1,62.9,56852,64765
"2983",6037555103,"06","037","555103",4727,33.842425,-118.066344,"Census Tract 5551.03, Los Angeles County, California",454300,1455,121,5.2,3.84,3.6,0,0,2.3,2.4,36.4,33.5,20.3,3,2.1,17.3,7.8,13.7,46.9,11.2,3,52.5,47.5,73750,85020
"2984",6037555104,"06","037","555104",4239,33.835391,-118.066379,"Census Tract 5551.04, Los Angeles County, California",363200,1382,57,4.9,3.41,2.5,0,2.7,5.4,9,33.5,13.8,28.5,5.4,1.7,0.7,11.7,41.5,38.3,6.1,1.8,58.6,41.4,69250,77391
"2985",6037555202,"06","037","555202",3399,33.820861,-118.073271,"Census Tract 5552.02, Los Angeles County, California",584200,1183,0,6.4,2.77,3.92,0,0,2.5,0.3,2.3,72.8,20.5,1.6,0,0,0,5.8,46.8,32.8,14.5,87.1,12.9,94219,120821
"2986",6037555211,"06","037","555211",5818,33.82701,-118.076817,"Census Tract 5552.11, Los Angeles County, California",294200,1402,75,4.6,4.46,4.34,6.6,0.1,7.5,9.8,6.3,14.9,37.2,12.6,5.1,3.5,8.4,44.6,35.4,8.1,0,51.2,48.8,41663,50878
"2987",6037555212,"06","037","555212",4561,33.827643,-118.067937,"Census Tract 5552.12, Los Angeles County, California",289900,1310,95,4.3,3.8,4.33,0.9,3.3,6.3,15.6,21.8,14,29.8,3.8,4.4,0,7.3,65.5,23.8,2,1.4,53.9,46.1,44309,50221
"2988",6037570001,"06","037","570001",4463,33.863435,-118.117478,"Census Tract 5700.01, Los Angeles County, California",462400,1487,48,5.2,2.97,2.56,0,0,0,4,3.2,16.2,54.1,21.9,0.6,7,4.2,37.3,39.5,7.4,4.6,63.4,36.6,84085,93254
"2989",6037570002,"06","037","570002",2699,33.864307,-118.12936,"Census Tract 5700.02, Los Angeles County, California",492100,903,81,5.5,3.28,3.65,0,0,0,0,2.1,11.5,18.5,64.6,3.3,0,10.2,20.2,55.9,12,1.8,83.3,16.7,76724,85566
"2990",6037570003,"06","037","570003",4447,33.864412,-118.14031,"Census Tract 5700.03, Los Angeles County, California",445800,1407,32,5.8,3.55,2.75,0,0,1.1,3.6,1.8,1.8,35.6,55.4,0.6,0,0,13.8,71.1,10.2,5,84.3,15.7,71929,88300
"2991",6037570100,"06","037","570100",2837,33.864992,-118.151868,"Census Tract 5701, Los Angeles County, California",453300,791,21,5.3,3.11,4.34,0,0,0.9,0,16.1,6.3,67.9,1.9,7,1.5,0,34.9,33.8,29.8,0,76.9,23.1,76161,92074
"2992",6037570202,"06","037","570202",6415,33.879685,-118.178915,"Census Tract 5702.02, Los Angeles County, California",315500,1680,107,5,3.77,4.14,0.8,0.6,2.7,2.4,1.5,20.7,25.9,24.8,20.5,2,4.6,47.2,40.7,4.9,0.6,67.1,32.9,54978,59951
"2993",6037570203,"06","037","570203",3973,33.877559,-118.156893,"Census Tract 5702.03, Los Angeles County, California",366000,1232,52,4,3.21,3.41,0,0,8.2,0.9,16.6,29.1,21,20.8,3.4,10.3,23.2,42.9,19.2,4.3,0.2,14.9,85.1,43056,47179
"2994",6037570204,"06","037","570204",4130,33.871845,-118.156354,"Census Tract 5702.04, Los Angeles County, California",359400,1092,68,4.8,3.77,3.29,0,1.7,0,5.4,21,12.3,35.8,14.9,8.9,4.8,22.3,30.9,33.2,6,2.9,35.4,64.6,40556,46634
"2995",6037570301,"06","037","570301",7330,33.868147,-118.188806,"Census Tract 5703.01, Los Angeles County, California",275600,2307,267,4,4.11,3.04,0,0.9,3.6,10.1,12.4,34.9,16.2,19.2,2.8,6.7,28.2,36.2,22.8,5.3,0.8,37.5,62.5,41758,50630
"2996",6037570303,"06","037","570303",4247,33.859545,-118.190783,"Census Tract 5703.03, Los Angeles County, California",246300,1238,77,4.2,3.79,3.29,0,0,4.8,8.6,13.6,20.9,13.2,21.5,17.5,2.4,31.2,43.5,19.7,3.2,0,40.5,59.5,51563,50724
"2997",6037570304,"06","037","570304",5171,33.855949,-118.192369,"Census Tract 5703.04, Los Angeles County, California",186000,1509,92,3.8,4.45,2.96,0,0,1.8,20.9,18.5,18.8,9.2,17.7,13.2,2.7,36.2,44.7,13.5,2.1,0.9,22.3,77.7,39890,55696
"2998",6037570402,"06","037","570402",3496,33.86944,-118.20006,"Census Tract 5704.02, Los Angeles County, California",322100,1013,89,5.1,3.96,3.37,0,0,0.4,2.1,9.3,7.7,35.5,36.2,8.8,5.6,0.6,33.4,55.6,4.8,0,82.8,17.2,56250,66548
"2999",6037570403,"06","037","570403",4587,33.877912,-118.204323,"Census Tract 5704.03, Los Angeles County, California",276500,1272,212,4.1,5.53,4.12,0,0.5,3.5,11.2,12.5,11.6,19,30.3,11.4,2.5,18.2,54.4,20.8,2.1,2,34.3,65.7,32750,43097
"3000",6037570404,"06","037","570404",3501,33.87742,-118.197591,"Census Tract 5704.04, Los Angeles County, California",340300,904,37,4.5,3.76,4.04,1,0,2.3,18.7,1.4,7.1,35.6,25.1,8.7,0,11.9,45.8,40.5,1.8,0,56.3,43.7,52083,78564
"3001",6037570501,"06","037","570501",7419,33.86784,-118.178895,"Census Tract 5705.01, Los Angeles County, California",349100,2239,30,4.7,4.13,3.42,0,0,0,1.3,8.1,6.7,27.6,27.8,28.6,3.3,12.5,42.2,33.6,6.2,2.3,62.6,37.4,61506,78346
"3002",6037570502,"06","037","570502",6616,33.868413,-118.169902,"Census Tract 5705.02, Los Angeles County, California",368600,1905,189,4.7,3.91,3.67,2,0,1.9,2.8,13.4,9.8,21.7,23.5,24.8,2.4,11.6,46.6,33,5.6,0.8,57.6,42.4,53316,61661
"3003",6037570601,"06","037","570601",5421,33.857206,-118.180867,"Census Tract 5706.01, Los Angeles County, California",334500,1663,90,4.2,3.25,3.34,0,0,3.5,0,7.4,16.7,15.9,22,34.5,2.4,25,48.2,21.5,2,0.9,50.3,49.7,48147,58104
"3004",6037570602,"06","037","570602",6356,33.8564,-118.173058,"Census Tract 5706.02, Los Angeles County, California",356100,1924,134,4.4,3.75,3.18,0,3.8,1.9,1.6,3.2,20,30.9,25.1,13.6,4.2,19.4,43.1,24.9,3.7,4.5,43.1,56.9,44010,60889
"3005",6037570603,"06","037","570603",4435,33.857545,-118.161532,"Census Tract 5706.03, Los Angeles County, California",118800,1784,278,4,2.42,2.8,0.6,2.2,2.7,3.1,27,37.2,14.5,10.7,2,9.8,18.8,58.7,11.4,1.3,0,17.2,82.8,32431,36716
"3006",6037570701,"06","037","570701",6569,33.853033,-118.148717,"Census Tract 5707.01, Los Angeles County, California",471900,2525,40,5,2.88,2.33,0,0,11.5,6.5,13.4,11.3,49.4,5.4,2.5,1.1,18.9,28.6,42.5,8.1,0.8,57.6,42.4,61508,72338
"3007",6037570702,"06","037","570702",2433,33.850521,-118.15935,"Census Tract 5707.02, Los Angeles County, California",442800,817,6,6,3.02,1.77,1.2,1.6,0,0,2.9,1.1,87.4,2.7,3.1,1.6,0,22.2,62.4,8.1,5.8,90.3,9.7,90160,94068
"3008",6037570800,"06","037","570800",5540,33.854828,-118.132009,"Census Tract 5708, Los Angeles County, California",446300,1868,50,5.2,3.06,2.97,0,0,0.8,0.5,3.9,5.4,82.5,5.6,1.2,0.5,1.7,37.6,51.9,8.2,0,74.8,25.2,83000,83341
"3009",6037570901,"06","037","570901",5647,33.852337,-118.108825,"Census Tract 5709.01, Los Angeles County, California",466500,1874,78,5.9,2.92,3.18,0,0.9,0,1.1,1.2,11.9,80.5,3.5,1,1.3,0,10.2,69.8,15.7,3,80.4,19.6,91029,93055
"3010",6037570902,"06","037","570902",3616,33.85326,-118.120988,"Census Tract 5709.02, Los Angeles County, California",446300,1246,0,5.9,2.85,3.45,0,0,0,5.2,4.3,1.1,82.9,3.9,2.6,1.2,2.8,20.9,65.1,7.1,3,73.6,26.4,79619,99519
"3011",6037571000,"06","037","571000",5747,33.838281,-118.102004,"Census Tract 5710, Los Angeles County, California",474700,1954,23,6,2.94,3.39,0,0.6,0,2.3,2,2.4,86.4,6.3,0,0,0,20,66.6,8.3,5.1,88,12,82596,92432
"3012",6037571101,"06","037","571101",4574,33.843386,-118.116518,"Census Tract 5711.01, Los Angeles County, California",476700,1538,0,5.9,2.85,3.88,0.7,0,0,3.4,1.2,3.1,85.2,5.7,0.7,0,0,23.6,59.6,15.4,1.4,81.9,18.1,90024,96522
"3013",6037571102,"06","037","571102",3877,33.835966,-118.115218,"Census Tract 5711.02, Los Angeles County, California",494600,1318,0,6,2.74,3.38,0,0,1,2,2.5,6.4,65.5,22.5,0,0,1.4,18.8,73.1,6.7,0,86.7,13.3,84318,90769
"3014",6037571200,"06","037","571200",7828,33.839984,-118.133618,"Census Tract 5712, Los Angeles County, California",627100,3175,164,5.6,2.85,2.3,2.5,1.5,1.3,4.9,5.8,9.1,29.8,33.4,11.7,3.7,25.1,16.3,36.5,14.7,3.7,53.9,46.1,76979,98529
"3015",6037571300,"06","037","571300",4414,33.8414,-118.149432,"Census Tract 5713, Los Angeles County, California",548500,1508,68,6.3,2.98,3.26,0,0,0,0,4.1,21.1,66,8.2,0.6,0,0.7,15.3,59.9,14.9,9.2,86.4,13.6,101813,116268
"3016",6037571400,"06","037","571400",4770,33.839614,-118.160424,"Census Tract 5714, Los Angeles County, California",459500,1723,90,5.5,3.19,1.81,0,0,0.9,2,2.1,9.7,74.8,6.4,4.1,1.9,13.5,17.4,55.7,9.8,1.7,75.6,24.4,94329,90739
"3017",6037571502,"06","037","571502",4661,33.841926,-118.185107,"Census Tract 5715.02, Los Angeles County, California",389100,1867,119,4.8,2.9,2.61,2.3,0,2.6,5.5,14.4,9.1,17.2,40.2,8.7,1,18.8,42.4,26,11.9,0,55.5,44.5,50723,67257
"3018",6037571503,"06","037","571503",3700,33.847879,-118.170808,"Census Tract 5715.03, Los Angeles County, California",451700,1299,122,4.5,2.76,2.72,3.1,1.2,3.7,0.7,17.3,23.1,11.5,31.7,7.7,2.5,15.4,43.8,26.9,6.7,4.8,57.9,42.1,66217,79291
"3019",6037571504,"06","037","571504",4699,33.83837,-118.171189,"Census Tract 5715.04, Los Angeles County, California",432600,1920,168,4.8,2.9,2.37,0,0,1.3,14.5,16.5,12.8,13.3,36.2,5.5,11.4,24.6,17.4,41.8,2.7,2.1,38.5,61.5,54500,68720
"3020",6037571600,"06","037","571600",2039,33.850264,-118.181449,"Census Tract 5716, Los Angeles County, California",437500,799,37,4.1,1.55,2.79,2.1,3.5,4.4,24.5,7.4,18.9,14.3,15.6,9.3,2.6,31.4,48.7,12.3,5,0,7.2,92.8,15392,20390
"3021",6037571701,"06","037","571701",6352,33.848466,-118.197438,"Census Tract 5717.01, Los Angeles County, California",364300,1839,156,4.4,3.58,4,0.8,5.7,0.2,8.3,8.6,5.2,25.7,19.5,26,0.5,19.2,39.4,34.4,6.5,0,36.1,63.9,47585,63254
"3022",6037571703,"06","037","571703",3667,33.849735,-118.191784,"Census Tract 5717.03, Los Angeles County, California",358300,1185,122,3.8,4.24,2.74,1.4,0,4.2,8.2,19.6,14,13.5,16.8,22.3,9.8,35.4,32.5,21,1.4,0,38,62,32297,40140
"3023",6037571704,"06","037","571704",4107,33.849648,-118.187246,"Census Tract 5717.04, Los Angeles County, California",285800,1189,89,4.5,4.38,3.08,0,0,5.9,3.7,5,38,9.5,9,28.9,0,24.7,48.9,14.6,8.4,3.4,55.4,44.6,40686,51786
"3024",6037571800,"06","037","571800",3190,33.831452,-118.194349,"Census Tract 5718, Los Angeles County, California",825100,1390,11,6.3,2.57,1.84,0,0,1.5,6.5,19.6,12.8,14.4,15.7,29.5,0.7,10.6,34,23.3,23,8.3,77.2,22.8,98697,188118
"3025",6037571900,"06","037","571900",5509,33.832522,-118.178867,"Census Tract 5719, Los Angeles County, California",671100,2451,67,5.5,2.78,2.34,0,0,0,3.5,3.9,22.6,28.7,25.3,16,1.4,26.2,29,31.9,9.9,1.6,48.3,51.7,72768,103335
"3026",6037572001,"06","037","572001",5278,33.822701,-118.175985,"Census Tract 5720.01, Los Angeles County, California",590500,2268,173,5.3,2.46,2.62,0,1.1,1.4,0.3,5,1.4,14.4,15.7,60.7,0,22,37.4,30.9,9.7,0,63.5,36.5,78950,91415
"3027",6037572002,"06","037","572002",4409,33.822428,-118.191099,"Census Tract 5720.02, Los Angeles County, California",383300,2017,366,4.1,2.43,2.01,0,2.7,1.1,4.5,39,30.2,14.5,5.9,2.2,3.4,37.8,38.3,11.1,7.5,1.9,47.2,52.8,58112,74595
"3028",6037572100,"06","037","572100",1045,33.82098,-118.200567,"Census Tract 5721, Los Angeles County, California",378800,340,7,5.4,3.52,2.9,0,0,0,19.4,14.4,8.5,11.5,35,11.2,0,5,29.7,38.8,20.6,5.9,81.1,18.9,95982,104960
"3029",6037572201,"06","037","572201",6197,33.815195,-118.195754,"Census Tract 5722.01, Los Angeles County, California",448400,2210,131,4.8,3.48,2.7,1.8,1.8,12,14.9,9.9,15,10.6,29,5,13.3,10.9,29.1,34.4,8.5,3.8,68.5,31.5,72917,85802
"3030",6037572202,"06","037","572202",3609,33.808066,-118.197004,"Census Tract 5722.02, Los Angeles County, California",462600,1155,142,5.2,3.64,2.98,1.1,0,0,3,2.9,14.1,9.9,37.1,31.8,3.2,10.8,34.3,36,15.7,0,63.9,36.1,76808,85284
"3031",6037572301,"06","037","572301",3833,33.822203,-118.217373,"Census Tract 5723.01, Los Angeles County, California",386700,1004,27,4.2,4.18,3.51,0.5,1.7,3.2,10.8,7.9,17.4,32.6,9.4,16.6,3.7,18.8,37.8,28.7,7.4,3.6,43.4,56.6,44115,56410
"3032",6037572302,"06","037","572302",3483,33.815451,-118.211611,"Census Tract 5723.02, Los Angeles County, California",315500,906,74,4.6,4.34,4.49,0,3.8,1.2,0.8,6.4,7.5,28.8,40,11.6,4.7,5.4,41.1,42.6,6.2,0,40.4,59.6,69423,74119
"3033",6037572400,"06","037","572400",1152,33.82211,-118.209203,"Census Tract 5724, Los Angeles County, California",412800,379,11,5.4,3.17,3.39,0,0,0,1.1,2.9,18.2,8.7,60.4,8.7,1.1,0,10.6,67.3,19.8,1.3,86.7,13.3,86645,105670
"3034",6037572500,"06","037","572500",3365,33.815997,-118.218302,"Census Tract 5725, Los Angeles County, California",134600,1276,96,4.2,3,2.55,0,0,2,0,51.2,18.3,13.2,13.9,1.4,5,27.9,38.1,24.1,4.9,0,26.5,73.5,21250,33312
"3035",6037572600,"06","037","572600",5370,33.80809,-118.214223,"Census Tract 5726, Los Angeles County, California",338300,1316,8,5.5,4.07,4.58,0,0,0.5,1,3.3,8,40.2,41,6.1,0,7.3,21,53,18,0.7,72.5,27.5,58641,73263
"3036",6037572700,"06","037","572700",5499,33.800609,-118.213851,"Census Tract 5727, Los Angeles County, California",356700,1392,67,5.2,4.36,4.62,0,0,2.9,6.4,15.4,7.7,11.7,23.1,32.8,0.9,11.9,27.3,40.7,16.4,2.8,70.9,29.1,54029,67554
"3037",6037572800,"06","037","572800",839,33.793759,-118.221067,"Census Tract 5728, Los Angeles County, California",NA,327,9,1.5,NA,1.49,9.5,32.7,10.4,8.6,18.3,0,15.9,4.6,0,50.5,19.3,20.8,5.2,0,4.3,0,100,13804,23510
"3038",6037572900,"06","037","572900",5250,33.793029,-118.211578,"Census Tract 5729, Los Angeles County, California",367000,1378,39,4.3,3.83,4.96,0.2,1.3,0,6.2,9.4,9.9,36.1,27.6,9.2,4.9,16.4,42.5,24.8,10.5,0.8,32.7,67.3,45863,54139
"3039",6037573002,"06","037","573002",3990,33.793279,-118.19167,"Census Tract 5730.02, Los Angeles County, California",268800,1175,102,3.7,3.71,3.8,0,0,4.4,5.3,6.5,33.9,23,14,12.9,7.6,51.8,29.6,10,0.9,0,8.9,91.1,25511,32860
"3040",6037573003,"06","037","573003",1802,33.793165,-118.201861,"Census Tract 5730.03, Los Angeles County, California",431500,667,18,5.1,3.2,2.79,0,0,0,8.2,5.8,3.9,0,27.6,54.4,12.3,20.4,33.1,29.2,4.9,0,50.8,49.2,48897,69736
"3041",6037573004,"06","037","573004",5153,33.79328,-118.196282,"Census Tract 5730.04, Los Angeles County, California",329300,1604,178,4,2.65,3.76,1.2,0,0,11.7,11.2,9.7,6.9,19.8,39.5,8.1,32,50.2,9.5,0.1,0,8.8,91.2,33644,46781
"3042",6037573100,"06","037","573100",7165,33.800194,-118.195361,"Census Tract 5731, Los Angeles County, California",432300,2529,88,4.4,3.33,3.06,0,0,3.2,7.7,9.5,6.3,14.7,19.8,38.8,6.6,27.7,43,19.6,2.6,0.5,25.9,74.1,51634,61045
"3043",6037573201,"06","037","573201",4930,33.800461,-118.18516,"Census Tract 5732.01, Los Angeles County, California",377700,1433,126,3.8,3.85,3.68,0.5,0,3.1,1,13.7,15,25.3,7.3,34.1,2.8,43.3,29.4,17.5,4.6,2.4,20.1,79.9,31850,43028
"3044",6037573202,"06","037","573202",6230,33.79354,-118.184963,"Census Tract 5732.02, Los Angeles County, California",348500,1686,269,4.2,4.07,3.86,0.9,3.1,1.1,5.4,2.5,13.8,16.2,20.9,36.1,4.5,23.1,44,22.9,4.7,0.8,36.5,63.5,36134,45861
"3045",6037573300,"06","037","573300",4323,33.794341,-118.17731,"Census Tract 5733, Los Angeles County, California",446600,1073,78,4.2,3.94,4.06,0,0,9.7,12.2,15.9,13.1,12.5,6,30.6,1,20.1,48.6,17.5,10.3,2.4,22.1,77.9,29193,38122
"3046",6037573401,"06","037","573401",1439,33.816188,-118.178125,"Census Tract 5734.01, Los Angeles County, California",476100,531,8,4.6,1.98,2.89,2.6,1.5,4.7,5.5,16,12.8,17.3,18.6,20.9,1.9,12.8,62.5,21.8,0,0.9,30.4,69.6,62733,68718
"3047",6037573402,"06","037","573402",6430,33.795602,-118.168153,"Census Tract 5734.02, Los Angeles County, California",383300,2457,175,4.2,2.3,2.95,0,6.6,15.8,16.7,10.7,13.9,16.5,9.3,10.5,1.2,24.7,49.4,18.4,6.4,0,41.2,58.8,63645,75240
"3048",6037573403,"06","037","573403",3208,33.798541,-118.161391,"Census Tract 5734.03, Los Angeles County, California",506500,1359,0,4.8,2.37,2.85,10.2,19.1,6.5,40.8,15.1,5.7,1.8,0,0.7,0,8.5,47.7,30.8,11.3,1.6,78.3,21.7,94335,113022
"3049",6037573601,"06","037","573601",6114,33.825058,-118.125161,"Census Tract 5736.01, Los Angeles County, California",490300,2352,58,5.6,2.59,3.18,0.6,0,0.6,1.1,0,0.4,32,62,3.3,0,0.5,28.8,62.2,7.9,0.6,79.6,20.4,87770,102394
"3050",6037573700,"06","037","573700",4554,33.825267,-118.110254,"Census Tract 5737, Los Angeles County, California",494000,1785,13,5.9,2.71,3.48,2.9,0,0,0.7,1.6,1.2,82.9,8.2,2.6,0.6,0,21.9,63.9,10.9,2.7,81.4,18.6,110703,116176
"3051",6037573800,"06","037","573800",4284,33.823489,-118.098965,"Census Tract 5738, Los Angeles County, California",502700,1575,27,6.1,2.76,3.49,0,0,0.4,0.8,1,6.7,85.9,4.8,0.5,0.4,0.8,11.8,72.4,8.8,5.7,86.8,13.2,100607,106960
"3052",6037573902,"06","037","573902",2091,33.813394,-118.077647,"Census Tract 5739.02, Los Angeles County, California",634900,926,19,6.6,2.62,2.02,0,1,5.8,1.4,52.7,35.4,1.7,0,1.9,2.5,17.4,12,26.5,36.1,5.6,85.6,14.4,103028,123690
"3053",6037574000,"06","037","574000",5277,33.814617,-118.101834,"Census Tract 5740, Los Angeles County, California",603900,2008,36,5.9,2.75,3.36,0,0,1.5,0,1.1,4.1,90.5,2.8,0,0,0.6,5.9,73.6,12.5,7.5,88.7,11.3,102000,114119
"3054",6037574100,"06","037","574100",5098,33.814946,-118.123512,"Census Tract 5741, Los Angeles County, California",547000,1980,58,5.8,2.81,2.56,0,0,0,2,0,4.6,85.4,7,1,0,0.5,29.1,56.3,8.5,5.6,85.8,14.2,88105,96763
"3055",6037574201,"06","037","574201",3117,33.804106,-118.129605,"Census Tract 5742.01, Los Angeles County, California",527900,1146,60,5.8,2.77,3.13,0,0,0.8,1,0.2,8.9,78.6,9.7,0.9,0.9,1.3,13.1,71.6,9.9,3.2,81.8,18.2,93796,112106
"3056",6037574202,"06","037","574202",2161,33.801139,-118.141085,"Census Tract 5742.02, Los Angeles County, California",528300,766,47,4.9,3.05,2.86,1.7,1.2,0.9,3.3,2.1,6.4,34.3,48.2,2,0.9,4.2,58.1,33,2.2,1.6,37,63,60341,75237
"3057",6037574300,"06","037","574300",5795,33.798672,-118.116407,"Census Tract 5743, Los Angeles County, California",588700,2201,105,5.9,2.79,2.07,1.1,0,0.7,2.3,0.4,7,78.9,8.3,1.3,0.4,6.4,13.3,58.6,19.3,2.1,85.3,14.7,96700,116891
"3058",6037574400,"06","037","574400",5141,33.803284,-118.105047,"Census Tract 5744, Los Angeles County, California",554100,1979,85,5.8,2.74,3.42,0.3,0.7,0,0.9,3.7,2.1,88,3.7,0.6,0,0,15.3,65.5,13.8,5.3,86.8,13.2,94474,129687
"3059",6037574500,"06","037","574500",6357,33.787906,-118.099999,"Census Tract 5745, Los Angeles County, California",580500,2363,83,6.4,2.67,3.77,0.2,0,0.8,0,1.5,9.1,85.8,2.6,0,0,2.4,3.5,58.9,29.5,5.8,88.4,11.6,93571,104671
"3060",6037574601,"06","037","574601",1863,33.785322,-118.119524,"Census Tract 5746.01, Los Angeles County, California",NA,0,0,NA,NA,NA,NA,NA,NA,NA,NA,NA,NA,NA,NA,NA,NA,NA,NA,NA,NA,NA,NA,NA,NA
"3061",6037574602,"06","037","574602",1277,33.777953,-118.108062,"Census Tract 5746.02, Los Angeles County, California",639200,578,0,6.9,2.14,2.63,0,5.9,0,21.3,49.7,15.7,7.4,0,0,0,3.1,28.4,31.5,22.5,14.5,91,9,108750,131738
"3062",6037574700,"06","037","574700",117,33.779399,-118.11681,"Census Tract 5747, Los Angeles County, California",NA,0,0,NA,NA,NA,NA,NA,NA,NA,NA,NA,NA,NA,NA,NA,NA,NA,NA,NA,NA,NA,NA,NA,NA
"3063",6037574800,"06","037","574800",3000,33.782271,-118.127271,"Census Tract 5748, Los Angeles County, California",836600,1588,153,4.6,2.36,1.83,0,0.4,0.7,6.1,14.3,24,52.5,1.4,0.7,9.9,26.9,26.1,20.8,12.3,4,56,44,79620,134514
"3064",6037574901,"06","037","574901",3725,33.792302,-118.125725,"Census Tract 5749.01, Los Angeles County, California",614500,1460,7,5.7,2.69,2.54,0,0,0,2.5,4.6,6.9,18.8,63.1,4,0,7,30.9,49.3,10.8,2.1,80.7,19.3,102853,107901
"3065",6037574902,"06","037","574902",4783,33.790394,-118.136576,"Census Tract 5749.02, Los Angeles County, California",456800,1973,136,4.3,2.21,2.51,2.9,1.3,3.4,9.9,34.8,21.3,11.6,13.5,1.3,6.2,20.1,53.2,16.4,3.6,0.4,27.2,72.8,55039,65659
"3066",6037575001,"06","037","575001",3608,33.794391,-118.146519,"Census Tract 5750.01, Los Angeles County, California",463700,1758,97,4,2.66,2.42,0,10.5,13,23.9,1.6,14.5,11.3,24.5,0.7,3.8,33,49.1,12.3,0.7,1.1,28.2,71.8,69861,78112
"3067",6037575002,"06","037","575002",4627,33.785431,-118.144184,"Census Tract 5750.02, Los Angeles County, California",512600,2032,108,4.3,2.16,2.36,4.1,1.9,12.1,7.7,16.5,15.3,12.7,14.4,15.5,6.5,15.4,54.4,19,4.7,0,39.7,60.3,60435,75725
"3068",6037575101,"06","037","575101",4754,33.787831,-118.16308,"Census Tract 5751.01, Los Angeles County, California",311500,1571,154,4,3.27,3.47,0,0,15.3,31.1,10.2,8,5.7,10.4,19.2,0.6,23.1,61.3,11,3.9,0,31.8,68.2,43102,50373
"3069",6037575102,"06","037","575102",4510,33.784615,-118.162891,"Census Tract 5751.02, Los Angeles County, California",375900,1304,85,3.8,4.32,3.57,2.5,2.1,1.5,13.8,11.1,20.2,20.9,3.5,24.4,6.7,28.1,44.3,18.8,0,2.1,21,79,34315,42791
"3070",6037575103,"06","037","575103",5119,33.786936,-118.153485,"Census Tract 5751.03, Los Angeles County, California",365400,2130,128,3.9,2.7,2.48,1,0.4,4.6,27.5,9.1,17.8,15.7,13.8,10.2,3.8,30.7,55.7,8.9,0.7,0.3,18.6,81.4,33052,43912
"3071",6037575201,"06","037","575201",4667,33.786499,-118.176947,"Census Tract 5752.01, Los Angeles County, California",328000,1471,160,4.2,3.68,3.8,2.3,0,2.2,17.5,7.2,16.4,7.7,12.6,34.1,3.7,22.2,49.2,22.2,2.4,0.3,21.1,78.9,30394,42412
"3072",6037575202,"06","037","575202",4916,33.78601,-118.170742,"Census Tract 5752.02, Los Angeles County, California",431600,1262,87,3.9,4.19,4.19,0,0,9.9,12,3.4,21.7,3.2,21.4,28.4,4.8,33.4,34.6,25.1,0.7,1.3,22,78,44013,50976
"3073",6037575300,"06","037","575300",4947,33.785999,-118.185844,"Census Tract 5753, Los Angeles County, California",381000,1354,164,3.7,4.73,3.86,0.4,0,2.7,4.4,20.7,10.4,13.9,7.3,40.1,11.2,36.2,24.9,19.4,5.6,2.8,18.6,81.4,26250,37770
"3074",6037575401,"06","037","575401",5155,33.786393,-118.195996,"Census Tract 5754.01, Los Angeles County, California",275000,1255,125,3.3,4.15,3.99,6,1.4,0,14.8,18.1,17.8,11.1,12.1,18.8,6.9,47.4,33.4,10.5,1.3,0.6,5.3,94.7,35270,40079
"3075",6037575402,"06","037","575402",4065,33.786623,-118.19189,"Census Tract 5754.02, Los Angeles County, California",311800,1054,46,3.6,3.17,3.32,3.5,0,8.3,10.2,13.8,31.8,12.7,12.2,7.5,4.9,43.5,36.1,14.6,0.9,0,11.3,88.7,30900,36259
"3076",6037575500,"06","037","575500",76,33.786896,-118.216625,"Census Tract 5755, Los Angeles County, California",NA,11,0,NA,NA,NA,0,0,0,0,0,100,0,0,0,0,0,100,0,0,0,0,100,NA,NA
"3077",6037575801,"06","037","575801",2446,33.77864,-118.200618,"Census Tract 5758.01, Los Angeles County, California",351400,732,58,3.6,4.5,3.89,1.5,0,1,9.4,10.8,10.9,4.9,10,51.5,6.3,58.1,23.5,6.3,2.9,3,13.6,86.4,32344,44189
"3078",6037575802,"06","037","575802",5167,33.779009,-118.197085,"Census Tract 5758.02, Los Angeles County, California",341200,1750,257,3.6,2.79,3.49,0,0,3.4,4.1,7.7,21.8,10.5,13,39.7,13.9,36.8,33.3,9.6,5.7,0.7,17.3,82.7,32109,43110
"3079",6037575803,"06","037","575803",2837,33.778925,-118.193666,"Census Tract 5758.03, Los Angeles County, California",223400,1219,141,3.3,1.99,2.31,2,1.1,6.9,10.1,24.8,10.4,8.8,0.7,35.2,22.5,47.5,18.6,10.6,0,0.8,8.8,91.2,24250,38689
"3080",6037575901,"06","037","575901",3454,33.772443,-118.200031,"Census Tract 5759.01, Los Angeles County, California",276000,1447,268,3.4,2.12,3,3,3.9,31,32,6.4,0.9,8,7.6,7.1,12,41.2,41.5,3.2,2.1,0,29.8,70.2,45063,58946
"3081",6037575902,"06","037","575902",4762,33.772724,-118.195525,"Census Tract 5759.02, Los Angeles County, California",228300,2973,478,3,1.83,1.92,2.9,3.7,7.2,19.5,12.8,9.2,6.4,2.2,36.2,26.1,50.4,23,0,0.5,0,18.2,81.8,33469,44954
"3082",6037576001,"06","037","576001",4969,33.766869,-118.189476,"Census Tract 5760.01, Los Angeles County, California",341700,3526,738,3.3,1.67,1.69,17.7,15.6,9.8,3.4,5.2,12.1,5.9,0.9,29.3,14.9,42.3,37.1,4.7,0.6,0.4,37.7,62.3,67018,90658
"3083",6037576200,"06","037","576200",6158,33.772386,-118.185528,"Census Tract 5762, Los Angeles County, California",271100,2965,238,3.1,2.43,2.18,6.3,3.6,3.6,8.8,11.2,21.1,11.9,6.1,27.4,21.1,44.9,27.6,4.9,1.5,0,15,85,37001,51451
"3084",6037576301,"06","037","576301",4176,33.778804,-118.188951,"Census Tract 5763.01, Los Angeles County, California",296200,1719,193,3.6,2.39,2.86,4.7,1.6,9.9,24,10.5,7.6,12.7,2.8,26.2,14.5,38.3,38.5,4.9,3.1,0.7,20.6,79.4,33261,51040
"3085",6037576302,"06","037","576302",4101,33.778685,-118.182654,"Census Tract 5763.02, Los Angeles County, California",431800,1412,165,3.6,4.73,2.64,0,0,3.7,11.5,4.7,8.1,15.1,5,52,10.7,36.5,35.4,15.9,1.1,0.4,14.7,85.3,26611,34074
"3086",6037576401,"06","037","576401",4779,33.778389,-118.178697,"Census Tract 5764.01, Los Angeles County, California",361100,1333,185,3.9,4.54,3.88,0,0,12.6,14.4,8.6,16.1,12.1,11.1,25.1,7.7,26.6,52,10.8,2.9,0,15.9,84.1,30615,41900
"3087",6037576402,"06","037","576402",5181,33.779302,-118.174113,"Census Tract 5764.02, Los Angeles County, California",353600,1424,70,3.8,3.24,3.53,0,2.9,5.7,12.2,4.6,14.5,6.1,12.6,41.4,7.3,31,49.7,9.3,2.7,0,19.1,80.9,26827,35999
"3088",6037576403,"06","037","576403",5033,33.778817,-118.169845,"Census Tract 5764.03, Los Angeles County, California",320000,1557,102,3.9,3.97,3.9,0,0.8,7.8,27.1,14,14.1,3,12,21.2,4.1,17.9,69.4,6.9,0.8,0.9,18,82,33661,45498
"3089",6037576501,"06","037","576501",3369,33.771988,-118.178647,"Census Tract 5765.01, Los Angeles County, California",291900,1618,206,3.4,1.66,2.17,0,0,0.7,8.4,14.2,23.3,18,8.7,26.7,10.6,56.4,29.5,3.6,0,0,12,88,42192,45986
"3090",6037576502,"06","037","576502",4543,33.772117,-118.174186,"Census Tract 5765.02, Los Angeles County, California",315200,2184,91,3.5,2.2,2.35,0,0.5,5,18.6,15.7,11.8,16.7,6.7,25,7.1,48.1,34.7,9.6,0.5,0,21.7,78.3,40408,51868
"3091",6037576503,"06","037","576503",4454,33.772075,-118.169703,"Census Tract 5765.03, Los Angeles County, California",277800,1895,121,3.3,2.04,2.2,0,0,3,7.5,13,12.6,17.7,8.9,37.2,12.9,48.5,33.2,5.3,0,0,14.4,85.6,34097,41834
"3092",6037576601,"06","037","576601",4399,33.766798,-118.17914,"Census Tract 5766.01, Los Angeles County, California",517800,3108,282,3.3,1.51,1.66,0.4,2.4,4.2,3.7,12.5,9.9,14.5,3.8,48.6,15.7,48.1,29.2,5.4,1.5,0,24.5,75.5,46159,64428
"3093",6037576602,"06","037","576602",3995,33.765791,-118.171352,"Census Tract 5766.02, Los Angeles County, California",383400,2974,418,3.6,1.37,1.54,0,4.8,0.5,6.5,18,18.1,13.4,7.9,30.7,10.9,48.7,31.9,7,1.5,0,19.1,80.9,53783,68267
"3094",6037576700,"06","037","576700",4047,33.765775,-118.160486,"Census Tract 5767, Los Angeles County, California",508200,2367,169,4.1,1.99,1.65,0,0,0.5,2.5,14.4,23.6,12.8,8.7,37.5,2.8,39.5,38.2,10.8,6.5,2.2,46,54,70192,83323
"3095",6037576801,"06","037","576801",4325,33.771695,-118.164589,"Census Tract 5768.01, Los Angeles County, California",402000,2199,362,3.6,1.75,1.87,0,0,0,17.8,16.4,18,8.2,7.7,31.9,9,40.9,38.6,8.4,3.1,0,14.6,85.4,39801,47862
"3096",6037576802,"06","037","576802",3992,33.771818,-118.157681,"Census Tract 5768.02, Los Angeles County, California",411500,2045,138,4,1.59,2.11,0,0.4,2.6,6.8,26.7,14.5,13,5.6,30.3,5.6,31.8,46,15.6,0,1.1,20.2,79.8,53150,86241
"3097",6037576901,"06","037","576901",6092,33.779639,-118.164732,"Census Tract 5769.01, Los Angeles County, California",391500,1973,255,3.9,3.08,3.09,0,0.8,5.3,20,15.3,16.7,4.5,2.3,35.1,9.1,23.6,51.4,12.5,3,0.4,13.3,86.7,35915,44464
"3098",6037576903,"06","037","576903",3802,33.78063,-118.157562,"Census Tract 5769.03, Los Angeles County, California",234600,1439,105,3.6,2.05,3.26,0,0.8,11,20.8,16.2,9.4,15.1,10.5,16.3,12.1,25.1,49.3,13.6,0,0,9.4,90.6,36830,41615
"3099",6037576904,"06","037","576904",3288,33.777144,-118.157002,"Census Tract 5769.04, Los Angeles County, California",531700,1339,80,3.7,3.01,2.17,0,0,2,13.4,13.3,9.8,16.8,8.8,35.9,10.7,37.6,34.4,13.7,3.6,0,17.5,82.5,33454,44727
"3100",6037577000,"06","037","577000",6995,33.779293,-118.14579,"Census Tract 5770, Los Angeles County, California",437400,3374,320,3.7,2.05,2.3,0,2.3,6.1,15.4,14,14.8,11.1,12.2,24.2,6.1,36,48,8.6,0.9,0.4,16.6,83.4,54878,66287
"3101",6037577100,"06","037","577100",6700,33.771059,-118.148443,"Census Tract 5771, Los Angeles County, California",681100,3540,343,4.1,1.97,1.9,0.9,0.4,0.8,9.2,12.8,16.3,5.9,7.6,46.2,3.9,37.4,43.5,11.6,2.8,0.8,29.4,70.6,57977,80428
"3102",6037577200,"06","037","577200",5414,33.763154,-118.148645,"Census Tract 5772, Los Angeles County, California",653200,3457,234,3.6,1.8,1.55,0.9,0,0.3,4,17.2,15.9,10.5,8.9,42.2,11.6,38.4,38,9,1.9,1,20.4,79.6,60977,82647
"3103",6037577300,"06","037","577300",5547,33.758248,-118.137936,"Census Tract 5773, Los Angeles County, California",771500,3486,444,3.7,2.37,1.47,0.4,1.5,1.9,5.6,9.1,14.5,17.6,18.7,30.7,15.3,38.2,31.8,11.1,3,0.6,25.6,74.4,51010,80975
"3104",6037577400,"06","037","577400",3253,33.762708,-118.134542,"Census Tract 5774, Los Angeles County, California",895800,1837,210,4.2,2.04,1.55,0,0.7,0.5,2.8,12.8,9.1,11.2,15.7,47.1,5.9,36,33.9,15.5,5.9,2.8,35.6,64.4,72755,97964
"3105",6037577501,"06","037","577501",3435,33.755358,-118.122869,"Census Tract 5775.01, Los Angeles County, California",NA,1842,161,5.8,2.34,1.41,0.6,4.4,4.2,3.5,7.3,13.7,16.8,21.1,28.6,2.8,17.6,20.8,40.4,16.1,2.4,72,28,106063,168769
"3106",6037577504,"06","037","577504",1448,33.748669,-118.122853,"Census Tract 5775.04, Los Angeles County, California",NA,921,121,4.7,2.25,1.52,0,3.4,2.1,2.9,11.6,16.4,24.5,13.5,25.6,11.2,24.9,16.1,31.7,13.1,3,41.5,58.5,105682,177880
"3107",6037577602,"06","037","577602",3441,33.771124,-118.112659,"Census Tract 5776.02, Los Angeles County, California",593500,1831,173,5,2.06,1.87,2.6,4,4.2,39.7,22.9,23.5,0.5,1.7,1,2.6,26.9,32.6,23,12,2.9,61.7,38.3,74306,120258
"3108",6037577603,"06","037","577603",8255,33.768913,-118.129047,"Census Tract 5776.03, Los Angeles County, California",835900,3962,207,5.7,2.25,2.2,2.9,5,7.8,15.1,18.2,6,9.1,14.3,21.6,1.4,16,26.9,40.1,12.9,2.8,67.7,32.3,90637,124991
"3109",6037577604,"06","037","577604",1388,33.758357,-118.108131,"Census Tract 5776.04, Los Angeles County, California",508000,761,75,4.4,1.71,1.69,0,0,1.7,4.1,86.2,3.4,3,1.6,0,8.8,36.8,20.5,22.9,11,0,88.3,11.7,90000,117253
"3110",6037599000,"06","037","599000",3569,33.341935,-118.328713,"Census Tract 5990, Los Angeles County, California",819500,2158,858,3.9,2.52,2.93,0,3.8,5.9,19.3,21.1,5.3,3.8,3.3,37.4,10.8,32.6,27.3,24.3,4.1,0.8,35.5,64.5,49653,66419
"3111",6037599100,"06","037","599100",527,33.370356,-118.382737,"Census Tract 5991, Los Angeles County, California",NA,134,13,4.8,NA,1.68,0,0,11.2,31.3,17.9,3,22.4,14.2,0,8.2,28.4,9.7,44,9.7,0,0,100,47917,57988
"3112",6037600100,"06","037","600100",6657,33.955188,-118.295837,"Census Tract 6001, Los Angeles County, California",358500,2163,235,4.1,3.91,3.35,0,2.7,8,3.1,7.1,18.5,19.6,16.4,24.6,8.7,22.9,48.1,15.1,5.1,0,20.5,79.5,30090,39023
"3113",6037600201,"06","037","600201",4600,33.948457,-118.297598,"Census Tract 6002.01, Los Angeles County, California",342700,1308,177,4.1,4.86,3.21,1.4,0,7.3,7.2,1.2,19.7,23.6,21.9,17.7,8.6,24.5,31.5,29.8,4.7,0.8,30.8,69.2,32533,50660
"3114",6037600202,"06","037","600202",6205,33.94251,-118.299297,"Census Tract 6002.02, Los Angeles County, California",335600,2232,126,4.4,3.57,2.99,0.9,5.2,4.1,1.3,7.6,18.3,15.2,19.5,27.8,7.3,25,43.2,17.8,5.8,0.9,23.8,76.2,26234,35864
"3115",6037600302,"06","037","600302",3317,33.935582,-118.304736,"Census Tract 6003.02, Los Angeles County, California",336300,1148,82,5.2,2.78,2.68,0,0,0,9.1,3.1,11.7,15.8,35.8,24.5,0,14,20.7,59.6,4.9,0.8,62.2,37.8,53167,58614
"3116",6037600303,"06","037","600303",3664,33.935739,-118.298317,"Census Tract 6003.03, Los Angeles County, California",415500,1242,25,3.9,2.97,3.02,0,0,5.4,1.7,11.4,23.9,32,18.9,6.7,0,31.6,57.4,7.5,3.5,0,12.7,87.3,20381,30658
"3117",6037600304,"06","037","600304",3424,33.935262,-118.294212,"Census Tract 6003.04, Los Angeles County, California",413400,1028,98,4,4.76,2.1,0,3.8,1.6,0,16.5,25.6,10.6,23.8,18.1,8.6,32.7,30,22.9,3.8,2.1,24.9,75.1,32692,37652
"3118",6037600400,"06","037","600400",3986,33.938045,-118.314467,"Census Tract 6004, Los Angeles County, California",375300,1555,68,5.6,2.79,2.79,0,0,2.6,3.7,6.1,8.7,20.1,48.5,10.3,0.7,8,38.6,42.1,9.9,0.7,52.9,47.1,46317,55816
"3119",6037600501,"06","037","600501",2478,33.934462,-118.322256,"Census Tract 6005.01, Los Angeles County, California",420000,965,45,5.2,2.78,2.56,0,0,0,2.4,5.4,6.6,62.9,11.5,11.2,0,12.8,29.4,51.5,6.2,0,60,40,58478,66556
"3120",6037600502,"06","037","600502",2355,33.928373,-118.331767,"Census Tract 6005.02, Los Angeles County, California",342100,699,37,5.7,3.9,2.6,1.1,2.1,3.3,11.2,0,5,18.6,49.8,8.9,1,14.4,38.1,31.5,3.4,11.6,60.4,39.6,62045,65849
"3121",6037600601,"06","037","600601",2461,33.94171,-118.322258,"Census Tract 6006.01, Los Angeles County, California",424300,1034,192,5.5,2.83,2.28,0,5.7,0.8,1.8,6.4,12.4,45.3,26,1.6,0,12.8,23.3,49.5,9.3,5.1,71.9,28.1,65083,76543
"3122",6037600602,"06","037","600602",2551,33.94254,-118.329449,"Census Tract 6006.02, Los Angeles County, California",483300,823,96,3.7,2.59,3.37,0,6.3,0,8.6,29.8,27.8,16.5,5.8,5.1,0,42.5,42.8,14.2,0.5,0,4,96,26625,34462
"3123",6037600702,"06","037","600702",4191,33.95004,-118.327133,"Census Tract 6007.02, Los Angeles County, California",459600,1382,77,5.9,2.97,2.28,21.1,4,0.9,0,3,6,27.8,32.9,4.3,0.8,4.8,31.2,41.1,19.1,3,68,32,75446,85146
"3124",6037600703,"06","037","600703",1914,33.957726,-118.33442,"Census Tract 6007.03, Los Angeles County, California",375600,1029,122,5.2,1.82,1.58,0.7,0,1.1,41.3,7.5,42.4,7.1,0,0,0,0,40,53.4,5.9,0.7,97.4,2.6,65677,81793
"3125",6037600704,"06","037","600704",2971,33.955915,-118.324172,"Census Tract 6007.04, Los Angeles County, California",440900,1318,136,5.1,3.02,2.16,0,0,1.5,1.1,7.8,8,21.7,31.8,28.1,1.7,25.8,32.2,30.3,8.9,1.1,44.4,55.6,65038,73471
"3126",6037600801,"06","037","600801",3245,33.965528,-118.321981,"Census Tract 6008.01, Los Angeles County, California",377100,1324,52,5.6,2.35,2.28,0,0,0,1.3,0.5,4.8,5.9,32.9,54.7,2.5,9.7,37.2,40.6,8.7,1.4,77.7,22.3,57292,78801
"3127",6037600802,"06","037","600802",2597,33.96412,-118.33119,"Census Tract 6008.02, Los Angeles County, California",424400,1250,54,5.5,2.61,2.01,0,5.6,0,0,5.4,12.3,17.3,40.5,18.9,5.8,27,29.5,27.1,9.2,1.4,52.4,47.6,55278,73889
"3128",6037600902,"06","037","600902",6613,33.972367,-118.352209,"Census Tract 6009.02, Los Angeles County, California",355800,2759,265,3.9,3.18,2.79,1.7,1.4,7.2,14.9,9.4,23.9,21.1,6.6,13.8,6.6,30.9,48.8,11.9,1.3,0.5,17.4,82.6,40185,54601
"3129",6037600911,"06","037","600911",3349,33.978248,-118.351961,"Census Tract 6009.11, Los Angeles County, California",412500,1187,117,4.2,3.09,3.04,0,0,8.4,7.5,6.3,15,7.2,28.1,27.4,6.4,22.7,38.3,23.9,7.8,0.8,46.1,53.9,38529,54133
"3130",6037600912,"06","037","600912",5517,33.978139,-118.341252,"Census Tract 6009.12, Los Angeles County, California",335200,1584,95,4.7,3.85,3.39,0,1.7,4.2,3.5,2.8,6,35.4,14.9,31.5,3,25.2,34.5,33.2,3.6,0.6,53,47,46681,58072
"3131",6037601001,"06","037","601001",2154,33.964352,-118.347546,"Census Tract 6010.01, Los Angeles County, California",483300,1202,151,3.4,2.42,1.74,0,0,3.1,4.2,18.4,23.5,34.8,12.1,3.8,2.2,53.7,31.7,8.5,3.9,0,16.7,83.3,30571,41860
"3132",6037601002,"06","037","601002",5311,33.95612,-118.347792,"Census Tract 6010.02, Los Angeles County, California",320200,2208,56,3.9,2.68,2.75,0.4,0,5.3,19.1,10.4,33.1,12.8,13,6,5.5,31.9,49.1,10,3.4,0,25.2,74.8,40500,49128
"3133",6037601100,"06","037","601100",6533,33.949165,-118.347904,"Census Tract 6011, Los Angeles County, California",433300,2250,99,3.5,4.34,2.61,0,6.8,2.8,6.4,13.7,29.7,13.8,11.2,15.6,13.6,37,45.4,4,0,0,6,94,26816,38148
"3134",6037601202,"06","037","601202",4115,33.949416,-118.357352,"Census Tract 6012.02, Los Angeles County, California",301300,1093,37,4.5,3.88,3.38,1,0,3,1.5,16,13.7,8.3,16.3,40.2,6.8,26.8,33.9,22.1,10.3,0,44,56,44487,55225
"3135",6037601211,"06","037","601211",2823,33.962373,-118.359017,"Census Tract 6012.11, Los Angeles County, California",267700,1192,59,4,2.09,2.75,0,0.8,4.4,13.3,11.2,33,10.4,8.2,18.8,5.9,34.6,47.7,5.9,2.5,3.4,11.7,88.3,40487,44948
"3136",6037601212,"06","037","601212",6511,33.955856,-118.357204,"Census Tract 6012.12, Los Angeles County, California",373100,2133,58,4,3.34,3.21,0,1.5,3.6,15.7,19.9,17.6,21.2,14.8,5.6,8.9,27.8,40.3,19.1,1.5,2.5,18.3,81.7,40859,50867
"3137",6037601301,"06","037","601301",1915,33.979124,-118.363197,"Census Tract 6013.01, Los Angeles County, California",464400,803,73,5.3,3.05,2.17,0,0,1.6,8.7,11.3,13.2,17.6,25.3,22.3,4.7,11.2,34.1,46.8,2.7,0.4,68.6,31.4,70515,88513
"3138",6037601302,"06","037","601302",6856,33.971475,-118.366759,"Census Tract 6013.02, Los Angeles County, California",311100,3168,174,4.1,1.72,2.48,0,1.2,3.4,17.3,23.4,23.5,22.9,6.4,1.9,2.9,23.5,58.4,12.2,2.1,0.9,24.1,75.9,39823,49788
"3139",6037601303,"06","037","601303",4879,33.974202,-118.362056,"Census Tract 6013.03, Los Angeles County, California",315800,2237,150,3.6,2.67,2.42,2.1,0,1.7,13.1,33.6,20.4,12.1,11.1,5.9,8,38.6,46,7,0.4,0,11.6,88.4,40051,49300
"3140",6037601401,"06","037","601401",4683,33.960933,-118.365522,"Census Tract 6014.01, Los Angeles County, California",290800,1567,78,4.2,2.75,3.21,1.2,1.2,7.7,5.9,18.1,22.9,18.6,8.8,15.7,2.2,31.4,38.7,22.9,2.7,2.1,36.3,63.7,38892,54892
"3141",6037601402,"06","037","601402",5059,33.951338,-118.364796,"Census Tract 6014.02, Los Angeles County, California",368100,1400,52,4.7,3.59,3.01,0,0,0,5.5,4.7,10.8,29.6,26.7,22.6,6.2,14.1,48.1,25.5,5.3,0.8,52.8,47.2,50219,57309
"3142",6037601501,"06","037","601501",3890,33.943318,-118.363127,"Census Tract 6015.01, Los Angeles County, California",339500,1096,49,3.4,4.62,3.51,0,0,1,6.6,6.1,41.1,27.2,5.7,12.3,14.1,32.2,43.2,7.9,2.6,0,23.9,76.1,32220,41774
"3143",6037601502,"06","037","601502",3963,33.940025,-118.361668,"Census Tract 6015.02, Los Angeles County, California",371700,857,0,4.1,5.57,3.46,4.4,4.3,3.9,11.9,9.2,20.2,30,16.1,0,7.1,24.2,34.7,23.5,9.2,1.4,36.3,63.7,38271,48516
"3144",6037601600,"06","037","601600",4375,33.935203,-118.361717,"Census Tract 6016, Los Angeles County, California",295200,1050,11,4.3,4.5,4.53,1.9,0.6,5.6,5,15.2,18,19.9,18.9,14.9,2.2,27.5,40.3,27.4,2.6,0,38.9,61.1,33371,41676
"3145",6037601700,"06","037","601700",5646,33.935794,-118.349964,"Census Tract 6017, Los Angeles County, California",381800,1416,98,4,4.12,3.98,0.9,0,9.1,5.2,13.8,22.8,27.2,7.7,13.2,5.3,27.3,36.9,23,5.2,2.3,33.1,66.9,32301,38673
"3146",6037601801,"06","037","601801",3789,33.943353,-118.350397,"Census Tract 6018.01, Los Angeles County, California",360300,876,18,3.9,4.71,4.33,0,0,2.5,3.7,1.7,14.3,38.2,9.7,29.9,4.3,19.9,49.3,19.7,6.7,0,30.8,69.2,35417,50434
"3147",6037601802,"06","037","601802",4658,33.939962,-118.350819,"Census Tract 6018.02, Los Angeles County, California",365000,1029,28,4.2,5.5,3.63,1.6,0,5.2,4.6,3.9,28.8,10.7,28.2,17.2,3.4,24.8,34.5,31.7,1.9,3.7,38.1,61.9,43622,48246
"3148",6037601900,"06","037","601900",5685,33.94089,-118.339176,"Census Tract 6019, Los Angeles County, California",308700,1445,120,4.1,4.28,4.3,1.7,2.6,5.1,9.1,14.9,19.4,30.4,11.1,5.6,5.9,19.2,45.7,23,6.1,0,25.1,74.9,39792,46499
"3149",6037602002,"06","037","602002",3195,33.927364,-118.34032,"Census Tract 6020.02, Los Angeles County, California",417300,890,61,4.6,3.8,3.45,0,5.2,12.4,1.5,10.3,28.7,25.6,12.4,4,4.5,14.4,36.9,37.1,6.6,0.6,43.4,56.6,47625,61008
"3150",6037602003,"06","037","602003",5124,33.934402,-118.339478,"Census Tract 6020.03, Los Angeles County, California",319000,1339,67,4.3,4.38,3.97,0,0,3.2,2.8,18.3,19.7,26.8,23.6,5.6,2.7,20.2,50.9,17.8,8.4,0,37.4,62.6,39243,51959
"3151",6037602004,"06","037","602004",4126,33.934492,-118.330888,"Census Tract 6020.04, Los Angeles County, California",349400,1091,121,4.9,4.22,4.37,0,0,1.8,3.5,11.8,9.8,33.6,27.1,12.3,3,12.9,40.8,30.9,9.3,3.1,60.6,39.4,48194,58326
"3152",6037602103,"06","037","602103",6992,33.927748,-118.35737,"Census Tract 6021.03, Los Angeles County, California",477000,2263,221,3.9,4.66,3.22,1.3,0,7.1,12,10.6,30.6,19.3,15.5,3.6,0.9,40.7,37,14.7,6.7,0,15.6,84.4,43014,55524
"3153",6037602104,"06","037","602104",5416,33.927593,-118.34813,"Census Tract 6021.04, Los Angeles County, California",342700,1804,28,4,4.74,3.06,0,0,8.6,20,19.6,15.4,14.7,10,11.6,5.7,33.6,37.3,17.9,5.1,0.5,20.3,79.7,40039,49477
"3154",6037602105,"06","037","602105",4273,33.919877,-118.347221,"Census Tract 6021.05, Los Angeles County, California",322100,1399,117,3.9,3.59,3.05,0.5,0,0,10.6,13.2,29.2,26.7,16.4,3.4,6.1,35.7,29.5,26.6,2.1,0,18.5,81.5,45833,51536
"3155",6037602106,"06","037","602106",5702,33.9205,-118.358451,"Census Tract 6021.06, Los Angeles County, California",429200,2237,139,3.3,3.64,2.35,0,0,2.7,11.9,24.8,16.8,27.1,12.3,4.5,18.5,37.7,27.3,14.3,2.2,0,15.3,84.7,44763,53604
"3156",6037602200,"06","037","602200",7314,33.924733,-118.3686,"Census Tract 6022, Los Angeles County, California",547200,2459,142,4.7,3.23,2.88,9.6,0,3.7,8.2,8.4,7.6,20.4,32.7,9.5,7.7,17.8,21,44.4,6.1,2.9,51.3,48.7,66661,76470
"3157",6037602301,"06","037","602301",6265,33.909384,-118.365287,"Census Tract 6023.01, Los Angeles County, California",476200,1950,61,5.3,3.6,2.23,0.5,3,3.7,7.1,2.9,6.5,35.7,35.4,5.2,3.5,6.3,28.4,42.3,15.6,3.8,75,25,83849,90659
"3158",6037602302,"06","037","602302",3477,33.9057,-118.374773,"Census Tract 6023.02, Los Angeles County, California",628500,1273,0,5.4,2.31,3.69,8.5,0.7,3.1,1.9,1.7,5.2,74.4,0.7,3.8,0,1.9,14,67.6,14.8,1.7,90.7,9.3,104886,115334
"3159",6037602402,"06","037","602402",6769,33.90943,-118.356977,"Census Tract 6024.02, Los Angeles County, California",509200,2207,101,4.8,3.23,2.72,1.5,1.9,7.7,6.5,14.1,13.5,31.7,14.4,8.7,0.8,17.2,40.3,30.5,7.4,3.8,43.4,56.6,50813,60099
"3160",6037602403,"06","037","602403",5230,33.912968,-118.34756,"Census Tract 6024.03, Los Angeles County, California",488300,1821,33,3.8,3.93,2.86,2.7,1.4,1.9,14.1,16.6,17.8,23.3,12.7,9.4,5.1,33.7,41.3,15.4,2.9,1.6,19.7,80.3,40400,48912
"3161",6037602404,"06","037","602404",5863,33.905937,-118.347872,"Census Tract 6024.04, Los Angeles County, California",504000,1994,64,3.8,3.52,2.77,0,0,2.7,6.8,28.2,30,27.2,4.7,0.4,8.8,30.8,38,21.4,1,0,13.7,86.3,43149,48841
"3162",6037602504,"06","037","602504",4407,33.906034,-118.337168,"Census Tract 6025.04, Los Angeles County, California",442700,1800,102,3.4,4.34,2.5,0,0,8.8,10.2,30.4,28.4,13.2,7.1,1.8,2.3,61.9,21.9,13.1,0.8,0,8.4,91.6,40976,48319
"3163",6037602505,"06","037","602505",4072,33.905974,-118.341003,"Census Tract 6025.05, Los Angeles County, California",409100,1725,162,3.1,2.02,2.68,0,0,6.6,30.4,23.4,20.8,13.1,3.8,1.9,14.6,63.2,20.3,1.9,0,0,3.1,96.9,44071,47139
"3164",6037602506,"06","037","602506",4329,33.907364,-118.330589,"Census Tract 6025.06, Los Angeles County, California",272000,1737,117,3.4,7.2,2.24,0,0,2.6,32.3,29,15.1,18.7,2.3,0,11.8,48.9,23.8,12.4,1.7,1.4,7.9,92.1,45676,47754
"3165",6037602507,"06","037","602507",4156,33.903756,-118.33114,"Census Tract 6025.07, Los Angeles County, California",271000,1784,230,3.4,3.23,2.23,1.2,0,18.7,18.8,28.9,27.1,4.2,0.4,0.6,13.3,42.3,31.3,11.3,1.7,0,16.5,83.5,40967,45577
"3166",6037602508,"06","037","602508",7022,33.912774,-118.339741,"Census Tract 6025.08, Los Angeles County, California",429600,2522,149,3.5,4.49,2.7,1.1,1.3,5,13.1,29.1,32.4,10,6.4,1.6,9.6,43.3,31.8,12.6,2.7,0,15.7,84.3,38272,44720
"3167",6037602509,"06","037","602509",4118,33.913734,-118.333274,"Census Tract 6025.09, Los Angeles County, California",392800,1168,91,4.4,4.38,3.12,0,2.1,3.2,13.5,11.7,10.7,25.3,33.6,0,5.7,17.9,43.1,27.9,5.4,0,24.2,75.8,38273,47804
"3168",6037602600,"06","037","602600",7910,33.910199,-118.319233,"Census Tract 6026, Los Angeles County, California",436200,2975,169,4.9,3.23,2.49,0,2.4,6,2.1,4.4,15.2,64.2,2.5,3.2,1.5,19.2,18.7,49.3,9.8,1.3,58.4,41.6,57639,65249
"3169",6037602700,"06","037","602700",3045,33.92669,-118.317262,"Census Tract 6027, Los Angeles County, California",402900,1127,52,6,2.98,2.75,0,7.5,14.8,2.8,0,10.1,47.7,15.5,1.4,1.6,5.4,9.1,58.3,24.7,0.9,86.1,13.9,77964,93677
"3170",6037602801,"06","037","602801",3819,33.926735,-118.296344,"Census Tract 6028.01, Los Angeles County, California",442900,1173,22,4,3.23,3.13,0,0,8.2,22.3,5,15.3,16.2,18.9,14.2,23,10.1,37.8,25.7,2.1,1.3,19.3,80.7,34250,46629
"3171",6037602802,"06","037","602802",4304,33.920343,-118.300016,"Census Tract 6028.02, Los Angeles County, California",401000,1309,132,5.7,3.39,3.74,0,1.3,4,3,6.9,18.6,48.7,5.1,12.5,0,4.7,23.2,49.8,19.5,2.8,68.6,31.4,51454,67802
"3172",6037602900,"06","037","602900",4427,33.911364,-118.297167,"Census Tract 6029, Los Angeles County, California",295000,1348,67,3.7,3.29,3.24,0,0,2.4,9.6,8.5,22.1,38.9,12.2,6.2,8.6,34.4,17.9,35.2,3.9,0,58.8,41.2,31844,44498
"3173",6037603001,"06","037","603001",7139,33.900861,-118.295594,"Census Tract 6030.01, Los Angeles County, California",357100,2537,81,3.6,2.77,2.91,7.1,1.1,4.5,9.9,17.9,22,18.6,16.7,2.1,6.9,29.5,37.7,19,5,2,34.2,65.8,34630,46539
"3174",6037603004,"06","037","603004",1512,33.893365,-118.297063,"Census Tract 6030.04, Los Angeles County, California",242800,693,0,3.4,2.22,2.41,0,0,0,26.3,30.7,7.1,19.5,11,5.5,5.3,29.3,54.3,8.7,2.5,0,27.3,72.7,51210,51846
"3175",6037603005,"06","037","603005",5591,33.898264,-118.304305,"Census Tract 6030.05, Los Angeles County, California",243100,2071,262,4,2.84,2.98,0,0,10,34.9,14.7,17.4,5.7,10.7,6.6,2.8,18.3,49.9,21.8,5.4,1.8,34.9,65.1,31774,47804
"3176",6037603006,"06","037","603006",2035,33.890632,-118.303972,"Census Tract 6030.06, Los Angeles County, California",439900,967,0,4.5,2.92,1.96,0,5.3,9.1,7.8,11.7,7.1,21.6,30.6,6.8,5.4,24.4,35.1,25.4,8.7,1,36.7,63.3,33015,48743
"3177",6037603101,"06","037","603101",4244,33.886503,-118.295477,"Census Tract 6031.01, Los Angeles County, California",393700,1706,107,4.1,2.87,2.63,1,1.5,6.2,15.4,9.9,20,16.1,16,14,3.8,16.2,50,27.6,2.2,0.2,36.6,63.4,55469,65486
"3178",6037603102,"06","037","603102",4084,33.878259,-118.295035,"Census Tract 6031.02, Los Angeles County, California",371300,1500,43,4,2.96,2.63,1.6,0,14.7,21.9,28.7,8.9,14.7,9,0.5,4.7,21.7,37.4,30.1,6.1,0,25.4,74.6,42610,54185
"3179",6037603200,"06","037","603200",2777,33.868162,-118.299385,"Census Tract 6032, Los Angeles County, California",429900,1218,56,4.9,2.94,2.05,0,15.9,2.8,4.4,11.2,30.2,20.9,9.1,5.5,0,10.3,36.9,37.8,11.6,3.3,71.9,28.1,63532,78028
"3180",6037603301,"06","037","603301",3828,33.884151,-118.306238,"Census Tract 6033.01, Los Angeles County, California",409700,1684,33,4.2,2.55,2.08,4.9,0,5.2,5.4,12.3,21.1,30.5,11,9.6,4,12.2,44.2,30.8,7,1.8,30.7,69.3,48397,56845
"3181",6037603302,"06","037","603302",3804,33.877389,-118.305907,"Census Tract 6033.02, Los Angeles County, California",340200,1661,117,4.1,2.21,2.22,1,0.7,10.3,10.4,17.5,16.7,23.5,12.2,7.6,2.6,16.4,47,28.8,3.7,1.4,47.4,52.6,41368,53525
"3182",6037603400,"06","037","603400",4367,33.894485,-118.313055,"Census Tract 6034, Los Angeles County, California",395200,1610,171,4.8,2.88,2.34,0,0,0,3.6,6.4,17.1,50.4,19.9,2.5,5.6,10.1,37.6,41.5,3.8,1.5,59.1,40.9,58606,69182
"3183",6037603500,"06","037","603500",3074,33.898393,-118.320878,"Census Tract 6035, Los Angeles County, California",409100,969,4,4.9,3.4,2.92,0.7,1.2,1.4,0.6,0,7.2,64.7,22.9,1.1,2.9,4.5,33,49.8,7.9,1.8,79,21,64097,73594
"3184",6037603600,"06","037","603600",4037,33.889472,-118.321993,"Census Tract 6036, Los Angeles County, California",413800,1465,52,5,2.83,2.74,0,3.7,4.4,0.9,7.5,1.2,29.4,45.9,7,0,13.4,30.2,45.1,11.3,0,75.2,24.8,78262,99673
"3185",6037603702,"06","037","603702",5087,33.891168,-118.334942,"Census Tract 6037.02, Los Angeles County, California",453300,1690,23,5.4,2.88,3.11,1.8,0,0,1,5.3,7.3,52.2,32.4,0,1.3,3.1,11.4,67.1,16.3,0.8,81.9,18.1,77288,89193
"3186",6037603703,"06","037","603703",2703,33.898384,-118.339208,"Census Tract 6037.03, Los Angeles County, California",442800,867,5,5.2,3.61,4.59,9.5,0,1,0,1.7,5.1,79.7,0.9,2.1,0,0.6,12,76,11.4,0,85.2,14.8,84524,90744
"3187",6037603704,"06","037","603704",6348,33.898191,-118.330519,"Census Tract 6037.04, Los Angeles County, California",367600,2170,120,3.9,2.91,3.27,0,2.9,3.9,39.1,7.1,24.4,10,6.3,6.4,7.2,27.7,41.6,22.3,0.5,0.8,21,79,39063,48670
"3188",6037603801,"06","037","603801",4483,33.898729,-118.347991,"Census Tract 6038.01, Los Angeles County, California",340800,1514,138,4.1,2.96,3.33,0,0,5.4,23.5,24.5,25.8,11.3,9,0.5,4.8,11.9,61.6,12.1,9.7,0,20.8,79.2,48962,59473
"3189",6037603802,"06","037","603802",4153,33.891486,-118.348272,"Census Tract 6038.02, Los Angeles County, California",452400,1246,64,4.5,2.66,3.34,2.6,0,9.7,23.8,9.4,25.2,14.8,12.8,1.7,2.7,10.4,47.9,34.8,3.2,1,26.2,73.8,33718,52552
"3190",6037603900,"06","037","603900",7527,33.89529,-118.35735,"Census Tract 6039, Los Angeles County, California",366600,2578,67,4.4,3.42,2.97,2,3.3,7.4,14.8,28.2,14,24,6.3,0,4.4,17.9,31.8,36,7.4,2.5,45,55,55446,63957
"3191",6037604001,"06","037","604001",4470,33.883509,-118.357169,"Census Tract 6040.01, Los Angeles County, California",412200,1380,53,4.4,3.62,3.07,7.1,0,2.2,9.9,9.1,17,35.8,14,4.9,0.9,7.2,50.9,36,5,0,24.7,75.3,35729,46789
"3192",6037604002,"06","037","604002",5078,33.876367,-118.3571,"Census Tract 6040.02, Los Angeles County, California",476900,1710,161,4.5,3.2,3.22,6,0.9,8.5,17.2,17.7,28.9,16.8,1.2,2.7,2.2,12.2,37.2,33.5,11.9,3.1,22.3,77.7,58555,63684
"3193",6037604100,"06","037","604100",7058,33.88257,-118.3479,"Census Tract 6041, Los Angeles County, California",424600,2161,151,4.3,3.36,3.64,2,2.2,5.7,12.9,9,15.2,33.7,11.2,8.1,4,9.3,45.5,35.5,5.3,0.5,35.9,64.1,50610,58503
"3194",6037609900,"06","037","609900",2034,33.740232,-118.301203,"Census Tract 6099, Los Angeles County, California",469900,687,0,4.9,2.73,2.95,0,0,19.5,21.1,6.4,8.4,7.6,13.7,23.3,0,11.6,46,25.3,13.8,3.2,56.2,43.8,69375,82316
"3195",6037620001,"06","037","620001",3943,33.927136,-118.40397,"Census Tract 6200.01, Los Angeles County, California",863400,1610,30,5.2,2.9,1.97,0,0,1.9,4.7,6.5,6,46.1,28.2,6.6,1.3,18,22.7,39.6,12,6.5,52.6,47.4,98177,115558
"3196",6037620002,"06","037","620002",3609,33.921041,-118.405493,"Census Tract 6200.02, Los Angeles County, California",751400,1593,68,4.2,2.92,1.84,2.4,1.8,1.2,23.7,18.7,21.5,21.2,7.7,1.8,1.6,24,38.4,28.6,4.6,2.7,34.1,65.9,71116,93949
"3197",6037620101,"06","037","620101",5426,33.928054,-118.41958,"Census Tract 6201.01, Los Angeles County, California",719300,2312,36,5.1,2.48,2.33,1.4,3.2,7.4,10.9,21.2,12.3,23.4,11.2,9,0.6,11.5,42.3,27.8,16.3,1.6,55.4,44.6,93333,110537
"3198",6037620102,"06","037","620102",3617,33.920107,-118.41858,"Census Tract 6201.02, Los Angeles County, California",848200,1790,77,4.3,2.66,2.1,0.7,2.5,6.9,11.1,13.1,22.1,15.9,8.7,19.1,5.1,17.8,47.2,20.2,7.7,2.1,24.1,75.9,86685,102423
"3199",6037620201,"06","037","620201",1530,33.903341,-118.419724,"Census Tract 6202.01, Los Angeles County, California",NA,1041,255,3.9,2.43,1.67,1.2,3,0.8,7.6,14.4,12.4,20.3,22.8,17.7,12.7,21.7,37.6,12.6,12.4,3.1,23.5,76.5,106800,131821
"3200",6037620301,"06","037","620301",4657,33.898421,-118.405223,"Census Tract 6203.01, Los Angeles County, California",NA,1721,63,6.9,2.89,2.44,5.3,6.3,7.7,9.8,9,8.7,34.9,13,5.3,0,6.5,16.9,34,30.2,12.4,82.9,17.1,152273,243602
"3201",6037620303,"06","037","620303",4547,33.891467,-118.401841,"Census Tract 6203.03, Los Angeles County, California",NA,1779,67,6.6,2.93,2.4,7.2,5.9,12.6,5.4,12.5,7.5,27.9,17.7,3.4,0,4.6,17.6,35.2,23.7,18.9,80.3,19.7,157381,250212
"3202",6037620305,"06","037","620305",6227,33.894303,-118.414002,"Census Tract 6203.05, Los Angeles County, California",NA,3259,526,4.8,2.28,1.86,2.2,7.6,9,8.4,11.7,13.7,23.6,8.5,15.3,1,20.2,33.5,29.9,10.8,4.6,53,47,125179,167350
"3203",6037620400,"06","037","620400",5090,33.892387,-118.386927,"Census Tract 6204, Los Angeles County, California",NA,2155,130,5.9,2.64,2.3,0.3,2.8,12.7,24.5,6.5,10.1,27.6,13.3,2.2,0,6.8,26.5,45.2,14,7.6,73.2,26.8,125341,163411
"3204",6037620501,"06","037","620501",5390,33.883885,-118.371761,"Census Tract 6205.01, Los Angeles County, California",731500,2098,70,5.8,2.95,2.62,3.1,4.6,11.3,11.6,12.1,14.3,15.5,23.7,3.8,2.4,5,31,34.7,22.9,4,69.3,30.7,117333,137271
"3205",6037620521,"06","037","620521",4097,33.87652,-118.365201,"Census Tract 6205.21, Los Angeles County, California",612300,1726,7,4.8,2.65,2.27,3,5.4,6.6,22.6,17.8,22.8,16.9,2.8,2.1,0.3,9.8,43.9,30.8,14.1,0.9,46.7,53.3,86050,104855
"3206",6037620522,"06","037","620522",4632,33.876453,-118.374926,"Census Tract 6205.22, Los Angeles County, California",775800,1956,211,5.1,2.51,2.31,2.9,7.3,13.4,18.8,14.3,15.7,18.8,4.8,4.1,0,11,33.3,26.2,28.5,1,59.2,40.8,110324,122511
"3207",6037620601,"06","037","620601",5523,33.869998,-118.366035,"Census Tract 6206.01, Los Angeles County, California",652000,2436,141,4.3,2.27,2.75,9,12.9,7.5,18.8,19.6,15.1,11.9,3.4,1.8,1,14.7,42.3,28.6,13.5,0,46,54,84495,110593
"3208",6037620602,"06","037","620602",5376,33.862318,-118.365745,"Census Tract 6206.02, Los Angeles County, California",665900,2070,41,5.5,2.74,2.3,0.5,4.7,6.7,16.5,11,8.1,47.4,2.2,2.8,0.8,4.3,20.3,55.4,15.3,4,73.7,26.3,110033,126350
"3209",6037620701,"06","037","620701",6704,33.869924,-118.381082,"Census Tract 6207.01, Los Angeles County, California",772400,2946,170,5.1,2.66,2.43,1.2,4.4,6.1,25.3,18.1,25.4,10,2.9,6.5,1.4,16,28.8,41,12.8,0,55.5,44.5,110474,141926
"3210",6037620702,"06","037","620702",7059,33.86262,-118.37969,"Census Tract 6207.02, Los Angeles County, California",763300,2674,103,5.7,2.66,2.77,3.9,2.9,9.8,26.3,14.4,20.5,16.8,4.1,1.3,0,4.3,18.1,55.7,19,2.8,69.8,30.2,106365,131197
"3211",6037620800,"06","037","620800",7575,33.880843,-118.386968,"Census Tract 6208, Los Angeles County, California",NA,2848,88,6.2,3,2.54,4.1,6.4,9.7,11.1,14.5,13.1,30.9,7.9,2.4,0,7.3,17.3,39.4,19.1,16.9,75.5,24.5,144457,186730
"3212",6037620901,"06","037","620901",2621,33.88294,-118.400494,"Census Tract 6209.01, Los Angeles County, California",NA,1064,61,6.5,3.02,1.96,3.1,8.6,10.1,7.9,6.4,7.4,40,8,8.5,3.6,4.5,19.5,34.7,16.2,21.5,83,17,182813,365740
"3213",6037620904,"06","037","620904",2888,33.881156,-118.406841,"Census Tract 6209.04, Los Angeles County, California",NA,1392,242,5.4,2.5,1.44,1.9,5.8,15.2,3.4,8.2,16.5,17.4,11.7,19.9,1.9,16.4,26.9,29,21.8,4.1,57.2,42.8,108819,180024
"3214",6037621001,"06","037","621001",4119,33.869459,-118.393663,"Census Tract 6210.01, Los Angeles County, California",935300,2045,60,4.8,2.34,1.87,1.4,0.5,5.1,9.4,26.7,16.1,22.2,7.7,10.8,2.9,15.5,33,35.8,10.2,2.6,59.4,40.6,108561,140737
"3215",6037621002,"06","037","621002",1093,33.86879,-118.403337,"Census Tract 6210.02, Los Angeles County, California",NA,625,127,4.6,1.89,2.42,3.7,0.5,6.2,11.5,25.6,14.1,15.4,10.6,12.5,0,19.5,31.7,31.5,16.8,0.5,33.3,66.7,114808,168502
"3216",6037621004,"06","037","621004",4762,33.870867,-118.401798,"Census Tract 6210.04, Los Angeles County, California",NA,2607,287,4.2,2.49,1.62,2.4,7.5,3.1,6.7,11.7,14.3,22,8,24.2,6.9,29.3,26.4,22.9,9.3,5.2,46.2,53.8,85938,146109
"3217",6037621102,"06","037","621102",2883,33.859875,-118.388228,"Census Tract 6211.02, Los Angeles County, California",881000,1336,101,5,2.34,2.01,1.6,4,4.4,12.6,17.1,21.2,19.7,11.8,7.8,0,17.7,29.5,41.2,10,1.6,55.5,44.5,110116,142275
"3218",6037621104,"06","037","621104",6649,33.858024,-118.395998,"Census Tract 6211.04, Los Angeles County, California",NA,3880,529,3.9,2.28,1.79,1.8,5.5,9.6,10.5,28,18.7,12.2,4,9.8,8.8,25.9,35.1,23.9,3.9,2.3,33.4,66.6,98295,131557
"3219",6037621201,"06","037","621201",6452,33.850105,-118.382969,"Census Tract 6212.01, Los Angeles County, California",832500,2677,94,5.3,2.52,2.17,4.9,5,8.1,11.5,20.6,16.9,16.7,6.5,9.7,0.5,9.9,33.5,36.3,14.5,5.3,59.6,40.4,102150,129301
"3220",6037621204,"06","037","621204",3230,33.844318,-118.39105,"Census Tract 6212.04, Los Angeles County, California",556400,2278,266,3.2,1.47,1.41,0.2,7.2,4.6,18,44.6,11.6,5.5,1.4,6.8,4.9,57,29.1,5.8,3.2,0,28.5,71.5,61967,83342
"3221",6037621301,"06","037","621301",6769,33.835844,-118.379366,"Census Tract 6213.01, Los Angeles County, California",788300,3149,141,4.8,2.55,1.98,2.3,2.6,10.8,15.7,17,22.7,8.4,7.2,13.2,1,11.4,47.7,20.7,13.8,5.4,51.2,48.8,81667,108628
"3222",6037621324,"06","037","621324",3842,33.834423,-118.387996,"Census Tract 6213.24, Los Angeles County, California",743900,2354,333,3.7,2.09,1.67,1.1,1.4,2.5,10.8,43.1,19.8,6.2,6.1,9,3.7,45.8,34.2,13.7,1.1,1.4,32.5,67.5,84618,112517
"3223",6037621326,"06","037","621326",3260,33.821994,-118.388205,"Census Tract 6213.26, Los Angeles County, California",NA,2014,256,3.7,1.95,1.65,0.6,3.8,4.2,4.6,28.3,21.7,24.6,7,5.3,4.4,35.6,41.5,13.4,2.5,2.7,22.7,77.3,69671,94953
"3224",6037621400,"06","037","621400",4414,33.822734,-118.37987,"Census Tract 6214, Los Angeles County, California",950100,1963,52,5,2.59,1.98,1,5,4.3,4.5,14,23.7,28.9,15.2,3.3,0.6,12.1,34.9,30.9,16.3,5.2,52.5,47.5,103422,117496
"3225",6037650001,"06","037","650001",5853,33.878864,-118.319307,"Census Tract 6500.01, Los Angeles County, California",567300,2296,142,5.5,3.04,2.21,0.6,0,4.2,7.9,5.7,19.9,48.4,12.6,0.6,4.8,18.9,12.6,41.4,16.2,6.1,65.2,34.8,71780,84336
"3226",6037650003,"06","037","650003",3158,33.87598,-118.33815,"Census Tract 6500.03, Los Angeles County, California",602600,1249,153,3.7,3.11,2.03,0.9,2.2,2.6,8.8,16.7,29.2,33.5,6.1,0,15.7,28.5,19.6,30.5,2.2,3.4,32.8,67.2,45287,65034
"3227",6037650004,"06","037","650004",4005,33.876633,-118.331546,"Census Tract 6500.04, Los Angeles County, California",528600,1656,54,4,3.03,2.39,0,2.2,1.3,11.9,15.8,21,35.5,11.7,0.7,0.7,26,39.6,29.8,3.9,0,39.5,60.5,65585,72055
"3228",6037650101,"06","037","650101",5831,33.867234,-118.31734,"Census Tract 6501.01, Los Angeles County, California",559900,2168,90,5.7,2.59,3.16,0.3,2.5,2,2.7,12.2,25.9,48.6,2.5,3.4,3.8,3.2,16.1,57.9,16.7,2.4,85,15,82768,87062
"3229",6037650102,"06","037","650102",2248,33.869826,-118.332469,"Census Tract 6501.02, Los Angeles County, California",515800,783,0,5.3,2.85,2.6,0,0,0.1,0.4,8.6,12.3,65.5,9.5,3.7,2,6.5,28.2,47.8,15.5,0,70.9,29.1,81850,92882
"3230",6037650200,"06","037","650200",5783,33.863116,-118.335556,"Census Tract 6502, Los Angeles County, California",554200,1986,149,5.3,2.84,3.26,1.1,0,0.5,1.4,10,11,72.8,2.1,1.2,0.7,2.9,16.8,63.1,14.4,2.2,74.3,25.7,80804,88283
"3231",6037650300,"06","037","650300",6704,33.86697,-118.349526,"Census Tract 6503, Los Angeles County, California",566100,2616,128,4.8,2.99,2.42,2.3,5.1,4.1,11.4,16.2,16.4,36,5,3.5,0.3,16.9,29.8,39.6,12,1.4,48.2,51.8,60404,80093
"3232",6037650401,"06","037","650401",4472,33.835278,-118.336071,"Census Tract 6504.01, Los Angeles County, California",646000,1562,120,5.5,3.25,3.13,4.6,0.2,2.2,2.4,6.2,9.7,57.3,14.4,2.9,0.6,0.4,12.4,59.2,21.6,5.6,81.3,18.7,93214,109403
"3233",6037650501,"06","037","650501",3063,33.85348,-118.358409,"Census Tract 6505.01, Los Angeles County, California",671900,1105,0,6,2.98,3.82,0,1.1,1.4,6.3,7.4,6.8,75,2,0,0,0,3.9,67.4,24.8,3.9,90,10,97656,109875
"3234",6037650502,"06","037","650502",4294,33.853264,-118.369904,"Census Tract 6505.02, Los Angeles County, California",712200,1664,66,5.6,3,2.37,0,4.1,1.6,0.6,20.1,22.2,41.2,10,0,0.5,8.7,16,45.7,27.9,1.1,71.7,28.3,100144,106592
"3235",6037650602,"06","037","650602",7161,33.841837,-118.360992,"Census Tract 6506.02, Los Angeles County, California",607800,3130,123,3.6,3.03,2.58,0.4,1.1,3.6,16.9,26.3,37.7,11.4,1.7,0.9,3.4,37.1,35.5,16.8,6.8,0.4,16.4,83.6,61406,77679
"3236",6037650603,"06","037","650603",3958,33.843847,-118.369188,"Census Tract 6506.03, Los Angeles County, California",793500,1626,33,5.8,2.93,2.27,0,3.3,7.5,7.4,16,31.5,30.7,3.5,0,5.6,11.7,15.3,33,31.7,2.8,60.6,39.4,71691,94018
"3237",6037650604,"06","037","650604",5412,33.840781,-118.348974,"Census Tract 6506.04, Los Angeles County, California",587300,2575,123,3.2,3.2,2.06,0,0,1.6,10.3,38.2,30.1,16.6,1.9,1.2,10.4,50,28.7,10.5,0.4,0,5.2,94.8,57857,64459
"3238",6037650605,"06","037","650605",2763,33.845435,-118.349787,"Census Tract 6506.05, Los Angeles County, California",757700,1177,43,4.1,2.98,2.52,0,0,1.3,1.9,37.8,45.2,13.8,0,0,0,27.2,36.1,19.1,14.2,3.4,30.6,69.4,83750,94555
"3239",6037650701,"06","037","650701",2521,33.832743,-118.356787,"Census Tract 6507.01, Los Angeles County, California",672900,1032,118,5.3,2.49,2.51,15.8,5.6,1,0,1.2,7.5,63.9,4.3,0.9,1.2,7.3,15.8,60.7,14.1,1,84.9,15.1,102321,106219
"3240",6037650702,"06","037","650702",4590,33.83188,-118.367337,"Census Tract 6507.02, Los Angeles County, California",660300,1644,49,5.7,3.05,3.07,0,2.9,0.9,4.9,2.8,4,78.8,5.2,0.6,0,1.3,13,60.9,19.7,5,87,13,103765,120674
"3241",6037650800,"06","037","650800",7074,33.827227,-118.335451,"Census Tract 6508, Los Angeles County, California",553700,3042,144,5,2.05,2.49,0,11.6,19.7,39.7,8.2,16.4,3.4,1,0,0,11.4,40.1,36,12.3,0.2,76.9,23.1,71879,87552
"3242",6037650901,"06","037","650901",5928,33.837101,-118.321385,"Census Tract 6509.01, Los Angeles County, California",560800,2614,136,4,2.17,2.31,2.1,3.1,6.7,7.3,5.5,18,12.5,11.2,33.6,6.2,25.9,44.2,21.7,2,0,41.6,58.4,55588,70460
"3243",6037650902,"06","037","650902",7103,33.824547,-118.316871,"Census Tract 6509.02, Los Angeles County, California",523000,2692,202,4.3,2.6,2.57,12.6,2.2,3.8,11.1,11.6,11.7,22.1,12.4,12.7,2.3,17.3,46.6,27.2,6.6,0,50.8,49.2,81089,94230
"3244",6037651001,"06","037","651001",5522,33.811865,-118.314005,"Census Tract 6510.01, Los Angeles County, California",616900,1994,135,5.4,3,2.97,4,2.9,6,7.1,23.4,29.3,12.4,11.4,3.6,0.6,6.1,22.5,46.6,17.4,6.9,81.2,18.8,76964,96761
"3245",6037651002,"06","037","651002",4606,33.813718,-118.323825,"Census Tract 6510.02, Los Angeles County, California",652600,1828,123,5.7,2.63,2.4,1.8,2.6,4.5,5.4,28.3,32,18.3,6,1.1,8.8,11.1,13.6,37.1,25.7,3.7,63.5,36.5,83281,105481
"3246",6037651101,"06","037","651101",5103,33.817242,-118.336629,"Census Tract 6511.01, Los Angeles County, California",802200,1903,16,5.9,2.75,3.04,0.7,1.5,3.6,2.3,19.9,58.2,13.6,0,0.2,0,2.9,28.3,28.3,31.7,8.8,59.4,40.6,81648,101077
"3247",6037651102,"06","037","651102",3639,33.820373,-118.346341,"Census Tract 6511.02, Los Angeles County, California",569000,1823,64,4,2.21,1.87,1.9,2.1,0.4,2.6,20,47.4,23.4,1,1,5,37.1,29.2,20.1,6.7,1.9,38.9,61.1,54654,67882
"3248",6037651201,"06","037","651201",5056,33.821185,-118.367261,"Census Tract 6512.01, Los Angeles County, California",727100,1776,46,5.6,2.76,2.8,0,1.1,0.3,0.7,2.6,6,72.6,15.8,0.8,0,1.3,13.2,60.1,20.6,4.8,84.9,15.1,102754,108989
"3249",6037651221,"06","037","651221",3291,33.822543,-118.355105,"Census Tract 6512.21, Los Angeles County, California",694100,1436,195,3.8,3.5,2.04,3.8,3.3,7,5.4,24.4,28.5,26.3,1.3,0,6.9,38.1,21.7,17.4,14.3,1.6,36.3,63.7,68750,84645
"3250",6037651222,"06","037","651222",6211,33.811983,-118.358106,"Census Tract 6512.22, Los Angeles County, California",678300,2476,120,4,2.44,2.68,0,2.2,1.5,6.1,30,48.4,10.4,0,1.3,1.5,25.1,41.8,12.2,18,1.4,31.2,68.8,75714,86845
"3251",6037651302,"06","037","651302",6311,33.80661,-118.370954,"Census Tract 6513.02, Los Angeles County, California",951000,2600,200,5.9,2.4,2.55,0.5,3.8,0,3,8.8,22.3,51.2,9.3,1.2,1,8.3,8.2,56.8,22.9,2.8,79.6,20.4,107667,140446
"3252",6037651304,"06","037","651304",5114,33.812953,-118.383422,"Census Tract 6513.04, Los Angeles County, California",855300,2572,242,4.6,2.23,2.04,0,3.3,2.5,1.8,17.5,26.2,36.5,8.4,3.8,1.2,11.2,49,28.7,8.7,1.1,50.6,49.4,99643,118205
"3253",6037651401,"06","037","651401",2614,33.786515,-118.334504,"Census Tract 6514.01, Los Angeles County, California",590300,1154,66,4.8,2.23,1.91,0,3.6,1.2,3.6,21.8,23.9,37.4,8.1,0.3,2.4,15.2,35.3,31.5,11.7,3.9,70.1,29.9,49426,68765
"3254",6037651402,"06","037","651402",6050,33.796898,-118.345183,"Census Tract 6514.02, Los Angeles County, California",695700,2378,44,5.3,2.92,2.22,1.8,1.9,2.3,8.7,24.7,18.5,33.3,6.9,1.9,0.6,14.5,22.3,39.4,16.4,6.8,63,37,86635,102933
"3255",6037670001,"06","037","670001",3311,33.803903,-118.316777,"Census Tract 6700.01, Los Angeles County, California",481200,1291,77,4.6,2.95,2.71,0,6.4,4.2,11.2,19.2,19.1,20.3,5.7,14,0,23.7,33.8,31.9,9.3,1.3,56.8,43.2,73036,83705
"3256",6037670002,"06","037","670002",4001,33.795105,-118.313342,"Census Tract 6700.02, Los Angeles County, California",550400,1435,26,4.4,2.72,2.78,0,0.6,1.5,7.9,8.9,34.8,30.3,8.4,7.5,0.8,18.1,45.6,28.4,6.1,1,39.4,60.6,66823,71132
"3257",6037670003,"06","037","670003",5788,33.796724,-118.322867,"Census Tract 6700.03, Los Angeles County, California",430800,2359,167,4.6,2.66,2.57,0,0.5,8.9,8.4,13.9,18.1,21.7,11.8,16.7,4.3,24.2,29.8,24.6,14.2,2.8,45.6,54.4,54608,68888
"3258",6037670100,"06","037","670100",6659,33.785688,-118.317278,"Census Tract 6701, Los Angeles County, California",526900,2701,29,4.4,2.52,2.33,0,0.4,0.8,7.1,25.7,25.7,18.3,13.1,9,5,24.5,36.7,21.1,11.8,0.9,43.5,56.5,63726,79947
"3259",6037670201,"06","037","670201",3852,33.778212,-118.342295,"Census Tract 6702.01, Los Angeles County, California",NA,1563,36,6.4,2.56,1.76,1.6,2.2,1.3,8.3,26.9,21,29.9,7.1,1.7,0.4,9.5,16.6,27.6,28.5,17.3,85.1,14.9,112083,182510
"3260",6037670202,"06","037","670202",2594,33.788607,-118.3619,"Census Tract 6702.02, Los Angeles County, California",NA,926,12,6.8,2.81,4.12,0,0,2.2,2.7,10.2,23.7,60.2,1.2,0,0,1.3,5.3,51.1,33.5,8.9,98.1,1.9,152813,185500
"3261",6037670324,"06","037","670324",5127,33.79955,-118.377329,"Census Tract 6703.24, Los Angeles County, California",NA,2087,86,6.7,2.58,2.29,0.8,4.6,4.4,3.7,10.2,21.8,33.7,9.2,11.6,0,1.7,13.8,40.9,25.9,17.8,86.1,13.9,160156,248919
"3262",6037670326,"06","037","670326",3807,33.7862,-118.40111,"Census Tract 6703.26, Los Angeles County, California",NA,1455,89,7.9,2.77,4.05,1.6,1.2,12.6,5.6,19.2,21.7,32.7,4.7,0.6,0,0.5,8.6,20.5,41.8,28.5,97.1,2.9,156750,252451
"3263",6037670328,"06","037","670328",4504,33.772055,-118.414192,"Census Tract 6703.28, Los Angeles County, California",NA,1736,119,7.4,2.75,2.95,3.3,0,2.1,6.2,24.3,26.7,32.8,3.9,0.6,0,2.1,10.4,27.4,40.5,19.6,88.5,11.5,158281,240468
"3264",6037670403,"06","037","670403",2407,33.776739,-118.367347,"Census Tract 6704.03, Los Angeles County, California",NA,918,14,7.1,2.84,3.57,4.8,0.9,0.5,0,5.6,67,20.4,0,0.9,0,1.2,5.7,15.6,61.4,16.1,92,8,108833,145192
"3265",6037670405,"06","037","670405",2646,33.767398,-118.376004,"Census Tract 6704.05, Los Angeles County, California",946200,1173,23,6.1,2.45,2.14,3.9,7.3,0.3,5.5,39.7,36.5,5.7,1,0,0,15.6,24,29.5,23.8,7.2,70.4,29.6,110682,163343
"3266",6037670406,"06","037","670406",1903,33.763178,-118.38511,"Census Tract 6704.06, Los Angeles County, California",NA,692,31,6.7,2.82,2.55,0,7.7,16.3,28.6,38.7,8.7,0,0,0,0,0,7.2,36.4,46.4,10,82.8,17.2,154583,232206
"3267",6037670407,"06","037","670407",5758,33.774953,-118.385894,"Census Tract 6704.07, Los Angeles County, California",921000,2295,112,5.3,2.7,2.96,0,0,4.8,7.8,47.4,30.5,8.9,0,0.6,3,6.4,31.2,33.3,20.1,6,58,42,92796,114554
"3268",6037670411,"06","037","670411",4427,33.785222,-118.379028,"Census Tract 6704.11, Los Angeles County, California",899000,1590,81,6.3,2.79,3.34,0,1,1.5,0,4.1,29.9,61,2.5,0,0,0,1.3,49.6,44.5,4.7,91.1,8.9,117289,156999
"3269",6037670413,"06","037","670413",4782,33.773013,-118.397612,"Census Tract 6704.13, Los Angeles County, California",992900,1837,51,6.8,2.71,2.98,0,0.4,3,2.7,30.6,58.1,4,0.5,0.6,0,3,10.3,28.3,38.4,20,81,19,119875,160858
"3270",6037670416,"06","037","670416",4139,33.75661,-118.403443,"Census Tract 6704.16, Los Angeles County, California",NA,1620,146,7.6,2.79,2.81,3,2.3,3.4,7.8,38,40.4,4.6,0,0.5,0,7.7,18.5,11.4,33.2,29.3,75.5,24.5,97270,142126
"3271",6037670500,"06","037","670500",1860,33.760103,-118.345513,"Census Tract 6705, Los Angeles County, California",NA,693,81,8.1,2.92,3.13,3.3,2.6,4.3,5.8,15.9,16.6,36.7,10.1,4.8,0,0.3,4.6,30.6,39.1,25.4,97.5,2.5,223750,369369
"3272",6037670602,"06","037","670602",7345,33.743336,-118.365547,"Census Tract 6706.02, Los Angeles County, California",NA,2985,123,6.7,2.55,2.6,0.8,0.4,7.6,12.7,20.1,38,15.3,2.9,2.2,0,1,18,29.8,39.2,12,82.7,17.3,145671,197523
"3273",6037670701,"06","037","670701",6882,33.759882,-118.312972,"Census Tract 6707.01, Los Angeles County, California",718800,2548,152,5.9,2.79,2.56,0,2.4,0,5.1,20.2,24.2,45.4,1.3,1.4,0.6,6.2,15.8,45.6,26.6,5.2,76.8,23.2,99519,114398
"3274",6037670702,"06","037","670702",5477,33.752778,-118.326024,"Census Tract 6707.02, Los Angeles County, California",NA,2013,64,7.2,2.63,2,0,0.7,1.9,6.9,15.4,35.1,33.5,3.9,2.6,0,0.9,3.4,53.5,33.7,8.4,97,3,151712,195875
"3275",6037700101,"06","037","700101",5232,34.092692,-118.353463,"Census Tract 7001.01, Los Angeles County, California",887500,3434,114,3.2,2.51,1.67,1.5,0,2.8,4.8,6.8,22.4,18.2,11.6,31.9,6.3,52.9,37.9,2.6,0,0.3,5.4,94.6,35912,50616
"3276",6037700102,"06","037","700102",4061,34.088816,-118.356453,"Census Tract 7001.02, Los Angeles County, California",509600,2492,41,3,2.78,1.62,4.9,0,3.8,2,7.3,29.3,39.4,5.8,7.4,8.4,61,24.7,4.9,0.6,0.5,6.9,93.1,26337,47938
"3277",6037700200,"06","037","700200",6321,34.092958,-118.365236,"Census Tract 7002, Los Angeles County, California",679800,4719,357,3.3,1.44,1.47,0.8,2,1.6,5.1,5.7,18.4,34.3,8.4,23.7,10.6,55.6,30.3,3.1,0.4,0,8.6,91.4,49909,79417
"3278",6037700300,"06","037","700300",5623,34.091388,-118.371775,"Census Tract 7003, Los Angeles County, California",557100,4108,278,3.7,1.34,1.39,1,2.3,2,3.2,21.9,27.6,17.7,9.7,14.6,5.9,49.1,42.1,2.4,0.4,0.1,37.4,62.6,70922,83939
"3279",6037700400,"06","037","700400",5237,34.082071,-118.378271,"Census Tract 7004, Los Angeles County, California",771400,3629,520,3.7,1.54,1.62,0.9,0.3,3.3,7.1,18.5,17,14.8,8,30,9.2,38.3,42.8,7.7,2,0,19.3,80.7,60433,102571
"3280",6037700501,"06","037","700501",3687,34.088221,-118.387616,"Census Tract 7005.01, Los Angeles County, California",715400,2876,318,3.4,1.41,1.46,0.6,2.4,9.3,0.6,26.1,19.5,14,6.6,20.9,4.6,49.9,36.7,4.8,3.6,0.4,49.3,50.7,55565,92996
"3281",6037700502,"06","037","700502",4246,34.089985,-118.381278,"Census Tract 7005.02, Los Angeles County, California",632700,3359,283,3.5,1.47,1.32,2.1,0.7,0.5,8.5,29.1,33.4,11.1,7.2,7.4,13.4,48.1,35.4,2.8,0,0.4,38.3,61.7,72500,94257
"3282",6037700600,"06","037","700600",5537,34.088296,-118.400012,"Census Tract 7006, Los Angeles County, California",NA,1939,219,8.4,2.92,1.69,4.6,0.5,4.4,2.7,5.6,13.9,23.7,7.3,37.3,0,0.4,7.6,15.5,36.3,40.2,91.2,8.8,205179,481692
"3283",6037700700,"06","037","700700",3479,34.078807,-118.41531,"Census Tract 7007, Los Angeles County, California",NA,1201,104,NA,3.31,3.18,3.1,0.7,5.2,9.8,2.1,7.2,9.7,13.2,49.2,0,0.3,5.7,18.8,36.7,38.4,96,4,166202,378092
"3284",6037700801,"06","037","700801",5220,34.073717,-118.393137,"Census Tract 7008.01, Los Angeles County, California",NA,2775,119,4.1,2.54,1.99,1.7,5.4,7.1,11.4,11.4,17.7,14.2,11.6,19.5,7,25.9,47.7,12.9,3.4,3.1,28.6,71.4,70536,95303
"3285",6037700802,"06","037","700802",4069,34.068777,-118.383121,"Census Tract 7008.02, Los Angeles County, California",NA,2002,223,4.3,2.21,2.06,0,0.7,0.6,16.1,4,23.2,13.3,7.9,34.1,9.7,20.2,44.9,23.9,0,1.2,27.9,72.1,66979,94787
"3286",6037700901,"06","037","700901",3856,34.062577,-118.382967,"Census Tract 7009.01, Los Angeles County, California",NA,1535,43,5.1,3.06,2.28,2.5,0,5.4,4.8,7.4,12.4,9.3,14.5,43.6,1.5,17.7,33.2,30.6,12.6,4.4,42.9,57.1,90328,114718
"3287",6037700902,"06","037","700902",6517,34.062149,-118.394123,"Census Tract 7009.02, Los Angeles County, California",NA,3368,400,4.1,2.36,2.11,0,2.9,2.9,2.7,9.8,13.3,16.1,14.7,37.6,5.1,39.6,35.7,15.1,1.8,2.7,20.8,79.2,65545,101589
"3288",6037701000,"06","037","701000",5431,34.061848,-118.406035,"Census Tract 7010, Los Angeles County, California",NA,2899,277,4.8,2.62,2.05,0,1.6,3.1,2.4,5,8.1,11.4,18.2,50.2,9.3,23.9,39.7,9.5,13,4.5,30.2,69.8,86331,149928
"3289",6037701100,"06","037","701100",746,34.056231,-118.458845,"Census Tract 7011, Los Angeles County, California",NA,74,55,5,2,3.5,0,32.4,45.9,21.6,0,0,0,0,0,0,0,48.6,51.4,0,0,15.8,84.2,26979,52163
"3290",6037701201,"06","037","701201",4433,34.040649,-118.493816,"Census Tract 7012.01, Los Angeles County, California",NA,1677,57,7.8,2.73,1.65,3.4,4.9,8.6,6.9,2.4,5.8,14.3,13.1,40.5,0.6,3.9,12.1,32.7,25.5,25.2,89.8,10.2,196056,300032
"3291",6037701202,"06","037","701202",3268,34.033871,-118.489817,"Census Tract 7012.02, Los Angeles County, California",887400,2007,153,4.1,1.76,1.66,0.9,2.8,1.2,7.1,24.4,16.7,18.7,14.4,13.6,2.6,35.5,41.7,18.5,1.1,0.5,26.6,73.4,85147,117146
"3292",6037701302,"06","037","701302",4684,34.02716,-118.497941,"Census Tract 7013.02, Los Angeles County, California",723700,3081,193,3.5,1.67,1.55,0,0.9,1.3,10.1,21.4,22.1,24.3,7.5,12.5,10,41.4,42.9,5.7,0,0,18.1,81.9,62723,89704
"3293",6037701304,"06","037","701304",6374,34.029627,-118.50656,"Census Tract 7013.04, Los Angeles County, California",NA,3706,347,4.9,2.4,1.68,1.6,3.4,5.9,5.8,25.6,14.7,12.1,12.3,18.7,2.7,24.9,36.8,15.7,9.6,10.5,51.3,48.7,102694,178154
"3294",6037701402,"06","037","701402",6696,34.021574,-118.501575,"Census Tract 7014.02, Los Angeles County, California",991500,4625,344,3.2,1.75,1.6,2.2,4.8,7.4,7.4,19.2,27.9,12.3,5.9,12.9,18.2,45.8,30.7,5.1,0,0.3,9.7,90.3,65086,102569
"3295",6037701501,"06","037","701501",4986,34.027715,-118.490983,"Census Tract 7015.01, Los Angeles County, California",760500,2999,328,3.9,1.89,1.77,0,1.9,2.6,8.3,28.6,24.1,17.6,7.7,9.2,0.6,37.6,46.3,15.4,0,0,21,79,80770,94428
"3296",6037701502,"06","037","701502",3841,34.025176,-118.487475,"Census Tract 7015.02, Los Angeles County, California",628200,2067,119,3.5,1.61,1.71,0,1.3,1.9,7.2,31.1,27,14.8,7.8,9,8.2,47.1,34.1,10.6,0,0,14.9,85.1,64716,93963
"3297",6037701601,"06","037","701601",4165,34.038329,-118.480326,"Census Tract 7016.01, Los Angeles County, California",NA,1936,76,5.3,2.68,1.84,1.6,1.9,7.2,6.6,14.5,9,17.1,15.3,26.8,3.8,14,34.6,27.1,15.5,4.9,57.2,42.8,94167,169295
"3298",6037701602,"06","037","701602",4037,34.035656,-118.474591,"Census Tract 7016.02, Los Angeles County, California",658200,2134,120,4.2,2.17,1.72,2.6,1.2,5,12.7,23.1,14.6,24.2,8.4,8.2,1.3,35.3,46.6,15.7,1.2,0,28.1,71.9,74716,92277
"3299",6037701701,"06","037","701701",3196,34.033816,-118.470449,"Census Tract 7017.01, Los Angeles County, California",610200,1904,73,3.8,1.76,1.85,0,0.2,1.1,13.1,31.6,23.6,13.8,9.8,6.9,1.1,36.3,45.9,16.8,0,0,21.2,78.8,61761,71806
"3300",6037701702,"06","037","701702",3106,34.022568,-118.48431,"Census Tract 7017.02, Los Angeles County, California",611800,1751,158,3.4,1.61,1.79,5.3,1.9,10.3,12.9,13.6,23.9,14.2,4.9,13,9.6,43.5,33.8,12.6,0,0.5,7.5,92.5,56531,62751
"3301",6037701801,"06","037","701801",5867,34.025873,-118.466338,"Census Tract 7018.01, Los Angeles County, California",601300,2851,369,3.5,2.56,2.16,4.7,5.3,2.2,3.1,14.9,22.8,26.9,16.2,4,5.7,48.3,29.9,13,3.1,0,21.2,78.8,47843,66527
"3302",6037701802,"06","037","701802",4463,34.017897,-118.477335,"Census Tract 7018.02, Los Angeles County, California",599400,1981,84,3.8,2.47,1.81,0,2.3,7.8,11.3,16.2,14.1,30.3,9.4,8.5,4.1,30.5,56,7,2,0.5,13.4,86.6,50313,59157
"3303",6037701902,"06","037","701902",4016,34.015358,-118.492892,"Census Tract 7019.02, Los Angeles County, California",804700,2922,418,2.4,2,1.33,4.9,18.7,14.8,10.8,6,21.1,6.4,3.4,13.8,38.3,43.4,16.4,1.4,0,0.5,1,99,36467,72981
"3304",6037702002,"06","037","702002",5700,34.006943,-118.484591,"Census Tract 7020.02, Los Angeles County, California",845700,3822,569,3.2,1.86,1.56,1.8,0.4,7.5,5.5,22.4,23.8,17.6,3.7,17.3,6.8,57.4,24.5,8.1,2.4,0.8,23.5,76.5,70910,99306
"3305",6037702102,"06","037","702102",6306,34.001559,-118.478577,"Census Tract 7021.02, Los Angeles County, California",NA,4160,307,3.6,2.23,1.58,1.9,0,4.8,14.4,20.3,29,11,3.8,14.7,4.4,44.7,40.6,8.4,1.5,0.4,23.8,76.2,85563,106200
"3306",6037702201,"06","037","702201",4483,34.012992,-118.473553,"Census Tract 7022.01, Los Angeles County, California",956400,2356,81,4.2,2.46,1.91,1.1,0.8,3.1,4.9,12.1,17.2,28,14.8,17.9,3.5,28.7,42.4,20.5,3.4,1.6,27.3,72.7,77829,98111
"3307",6037702202,"06","037","702202",3751,34.007914,-118.468118,"Census Tract 7022.02, Los Angeles County, California",NA,1832,105,5.1,2.39,1.86,1.6,1.1,6.1,9.3,9.9,12.3,21.3,30.8,7.5,3.2,16.2,35.6,26.8,13.8,4.5,53.9,46.1,93594,146697
"3308",6037702300,"06","037","702300",6364,34.019942,-118.458257,"Census Tract 7023, Los Angeles County, California",NA,3062,35,4.5,2.61,1.64,0,0,3.6,7.5,10.7,9.8,21.9,26.3,20.1,2.7,25.7,35.1,28.5,5.6,2.4,48.5,51.5,65446,102182
"3309",6037702400,"06","037","702400",4541,34.024713,-118.385654,"Census Tract 7024, Los Angeles County, California",799300,1981,128,4.3,2.63,1.95,1.5,2.2,3.5,7,8.4,12.6,12.7,17.8,34.4,0.9,30.1,38.6,22.2,7.1,1.2,39.7,60.3,78514,95980
"3310",6037702501,"06","037","702501",4625,34.014668,-118.395211,"Census Tract 7025.01, Los Angeles County, California",796200,2103,55,4.7,2.7,2.06,0.9,0,1.8,2.8,14.8,13,23.4,13.6,29.8,3.3,22.4,30.8,33.4,9.7,0.3,49.6,50.4,91367,116998
"3311",6037702502,"06","037","702502",4048,34.008132,-118.388627,"Census Tract 7025.02, Los Angeles County, California",436900,2180,68,4.5,1.98,2.33,0,0,1.3,4.5,70.8,11.3,11.1,0,1,0.6,20.6,41.6,34.8,2.3,0,76,24,78966,97185
"3312",6037702600,"06","037","702600",6069,33.996101,-118.395457,"Census Tract 7026, Los Angeles County, California",705400,2408,44,6,2.57,2.26,0,0.6,4.4,3.2,8.4,9,58,13.5,2.9,0.7,5.5,22.1,54.9,16.5,0.2,78.1,21.9,89375,108530
"3313",6037702700,"06","037","702700",3440,34.005341,-118.402355,"Census Tract 7027, Los Angeles County, California",761800,1325,57,5.8,2.86,2.32,1.4,1.2,2.3,3.6,1.4,3.9,23,53.1,10,0.8,3.5,23.5,53.7,15.2,3.3,84.9,15.1,118264,134356
"3314",6037702801,"06","037","702801",5205,34.01225,-118.410278,"Census Tract 7028.01, Los Angeles County, California",748100,2146,117,4,2.93,2.28,3,1.2,2.2,12.5,9.3,8.9,26.7,25.1,11,10.7,26.9,33.1,20.9,7.4,1,33.3,66.7,62064,81738
"3315",6037702802,"06","037","702802",2282,34.005766,-118.417216,"Census Tract 7028.02, Los Angeles County, California",656300,926,74,4.6,2.76,2.65,0,0,0.4,0,9.9,16.8,40.2,29.6,3,2.3,21.3,40.6,32.4,1.8,1.6,48.5,51.5,75313,94586
"3316",6037702803,"06","037","702803",2963,33.996422,-118.430491,"Census Tract 7028.03, Los Angeles County, California",724700,1190,11,4.1,2.55,2.4,5.4,0,2.7,7.4,11.2,19.7,20.8,19.1,13.8,2.5,31.2,37.8,24.6,3.9,0,40.5,59.5,49095,67689
"3317",6037702901,"06","037","702901",8866,33.976877,-118.454776,"Census Tract 7029.01, Los Angeles County, California",445700,6964,1284,3.2,1.63,1.55,6.6,4.1,4.5,3.6,36.8,39,3.6,1.5,0.4,10.3,56.7,28.9,3.7,0.4,0,7.3,92.7,91218,108706
"3318",6037703001,"06","037","703001",5889,33.983511,-118.385229,"Census Tract 7030.01, Los Angeles County, California",393900,3346,237,4,1.58,2.11,1,0,5.6,11.6,40.9,27.9,8.6,2.4,2,2.3,35.7,49.6,9.8,2.6,0,56,44,71636,81338
"3319",6037703002,"06","037","703002",6605,33.985772,-118.373786,"Census Tract 7030.02, Los Angeles County, California",830600,3020,61,6.8,2.36,2.51,0.5,0.6,3.3,6.7,10.1,25.9,44.2,4.7,3.8,0,1.3,25.4,38.4,24.7,10.2,70.5,29.5,102675,130940
"3320",6037703100,"06","037","703100",5446,33.992007,-118.353397,"Census Tract 7031, Los Angeles County, California",634800,2495,83,6.2,2.48,1.82,0,1.2,0,2.7,2.1,15.5,28.2,29.3,21,0,17.2,26.5,37.2,15.8,3.3,67.3,32.7,78083,97448
"3321",6037703200,"06","037","703200",5629,33.998459,-118.33966,"Census Tract 7032, Los Angeles County, California",624400,2463,264,6.5,2.46,2.19,0.9,2.3,2.5,6.9,2.4,5.6,13.4,29.2,36.9,1.1,3.5,33.4,35.6,14.9,11.4,78.3,21.7,85494,112971
"3322",6037800101,"06","037","800101",5485,34.139471,-118.622097,"Census Tract 8001.01, Los Angeles County, California",896700,2015,103,7.5,2.8,2.45,2.5,3.5,8.6,18,27.2,33.7,2.2,1.2,3,0,0.5,11.5,25.7,42.4,19.9,95.1,4.9,147143,193330
"3323",6037800102,"06","037","800102",7078,34.107074,-118.608183,"Census Tract 8001.02, Los Angeles County, California",NA,3050,174,6.1,2.68,2.25,4.2,8.9,13.3,12.1,18.6,11.8,7.3,7.6,16.2,2.9,9.4,22.5,36.2,22.3,6.7,81.5,18.5,129155,175631
"3324",6037800202,"06","037","800202",6319,34.128852,-118.669568,"Census Tract 8002.02, Los Angeles County, California",NA,2161,33,7.7,3.19,2.79,19.4,4.6,30.3,22.1,15.7,2.5,2.5,1.2,1.6,0,2.5,7.8,27.4,34.7,27.6,87.6,12.4,156591,230881
"3325",6037800203,"06","037","800203",5643,34.16256,-118.681706,"Census Tract 8002.03, Los Angeles County, California",NA,2006,89,7.8,3.1,2.1,1.5,1.9,26.4,24.6,7.7,26,11.5,0.3,0,0,5.6,9.6,17.4,27.9,39.5,77.8,22.2,143456,272343
"3326",6037800204,"06","037","800204",6740,34.153555,-118.64579,"Census Tract 8002.04, Los Angeles County, California",934000,2539,117,7.3,2.69,2.42,0,3,12.7,14.8,33.6,31.3,4.6,0,0,0,1.1,14,23.9,34.7,26.3,87.3,12.7,127426,217895
"3327",6037800324,"06","037","800324",6664,34.151152,-118.778102,"Census Tract 8003.24, Los Angeles County, California",650000,2437,24,6.9,2.88,3.43,0,2.4,9.8,43,27.6,13.3,4,0,0,0,0,8.7,35.3,48.7,7.3,86.7,13.3,121479,147716
"3328",6037800325,"06","037","800325",3407,34.143201,-118.817785,"Census Tract 8003.25, Los Angeles County, California",824700,1454,99,6.6,2.41,2.8,0.6,0.8,1,3,30.7,59.8,0.8,1.7,1.6,0,6,26.8,17.7,36.7,12.7,80.9,19.1,89007,146325
"3329",6037800326,"06","037","800326",4972,34.130107,-118.820542,"Census Tract 8003.26, Los Angeles County, California",929500,2058,42,7,2.44,2.68,2.7,3.6,16.1,31.8,39,4.5,0.8,0.2,1.2,0,4.2,28,26.5,26.6,14.6,78.6,21.4,113333,170848
"3330",6037800327,"06","037","800327",5305,34.152291,-118.748506,"Census Tract 8003.27, Los Angeles County, California",658600,2215,214,4.9,2.79,2.1,2.1,20.6,4.8,14.7,41.9,9.3,3.3,2.2,1.1,1.9,16.6,35.3,17,16.4,12.8,61.1,38.9,86536,125399
"3331",6037800328,"06","037","800328",2640,34.15516,-118.706448,"Census Tract 8003.28, Los Angeles County, California",661200,1031,111,5,3.23,2.38,0,12.6,24.1,38,14.3,11.1,0,0,0,0,11.7,45.9,15,17.9,9.4,51.5,48.5,106304,122761
"3332",6037800329,"06","037","800329",6421,34.131944,-118.722351,"Census Tract 8003.29, Los Angeles County, California",686600,2660,118,5.8,2.79,2.25,0,2.9,18.9,52.6,19.8,0.6,0.8,4.4,0,0,12.1,27.6,23.8,24.6,12,63.5,36.5,94048,132739
"3333",6037800330,"06","037","800330",942,34.095078,-118.764795,"Census Tract 8003.30, Los Angeles County, California",730400,353,23,6.2,2.71,1.91,5.7,6.5,18.7,4,8.5,6.5,12.7,9.3,28,0,19.3,28,27.2,19,6.5,85.8,14.2,110769,127095
"3334",6037800331,"06","037","800331",766,34.158796,-118.795919,"Census Tract 8003.31, Los Angeles County, California",646400,235,0,6.5,2.98,2,0,0,0,33.6,50.2,5.5,0,10.6,0,0,0,5.5,26.8,51.9,15.7,88.9,11.1,132266,171934
"3335",6037800332,"06","037","800332",6665,34.161712,-118.769967,"Census Tract 8003.32, Los Angeles County, California",842800,2237,60,7.8,3.08,1.94,0,0,2,57.1,27.8,8,5,0,0,0,3.3,0.9,20,47.4,28.5,94.2,5.8,136801,186223
"3336",6037800406,"06","037","800406",2644,34.05404,-118.848199,"Census Tract 8004.06, Los Angeles County, California",NA,1116,291,6.6,2.53,2.75,1.3,21.8,9.5,18.3,23.5,18.2,2.5,2.2,2.8,1.3,5.3,14.6,34.9,22,22,75,25,132623,223623
"3337",6037800408,"06","037","800408",7122,34.023075,-118.805918,"Census Tract 8004.08, Los Angeles County, California",NA,3420,613,6.2,2.66,2.29,3,1.2,11.1,20.1,27.7,14.8,16.5,5.1,0.4,0,5.5,25,38.6,18.6,12.3,81.4,18.6,136006,261181
"3338",6037800410,"06","037","800410",3627,34.045147,-118.718079,"Census Tract 8004.10, Los Angeles County, California",NA,770,133,6.5,2.67,2.64,0,8.1,19.2,20.1,38.1,6.5,6.2,0,1.8,1,5.7,22.5,33.8,20.8,16.2,71.4,28.6,153813,253843
"3339",6037800504,"06","037","800504",2497,34.042324,-118.669131,"Census Tract 8005.04, Los Angeles County, California",NA,1602,527,5.7,2.11,1.9,3.2,4.8,9.7,11,21.7,19.5,14.8,9.2,6.1,2,17.9,16.7,37.3,21.2,4.9,61.1,38.9,111442,188643
"3340",6037800506,"06","037","800506",3074,34.046198,-118.605064,"Census Tract 8005.06, Los Angeles County, California",NA,1610,244,5.9,2.33,1.86,0,3.4,5.5,10.6,7.3,44.4,11.7,7.8,9.4,1.4,8.8,20.8,36.6,27.8,4.7,75.1,24.9,131500,199012
"3341",6037900102,"06","037","900102",1029,34.664026,-117.786805,"Census Tract 9001.02, Los Angeles County, California",185800,549,290,4.8,3.59,2.28,8.4,0,8.9,4.2,16.2,33,24.6,4.7,0,0,29.1,25.5,39.5,5.8,0,59.1,40.9,58875,57854
"3342",6037900103,"06","037","900103",6170,34.625578,-117.835139,"Census Tract 9001.03, Los Angeles County, California",170600,1814,264,6,3.73,4.29,0,3.3,10.3,69.7,15.3,0.6,0,0.8,0,0,0.6,2.2,80.7,16.6,0,74.3,25.7,46711,56228
"3343",6037900104,"06","037","900104",6242,34.601075,-117.832397,"Census Tract 9001.04, Los Angeles County, California",148000,1899,203,5.9,2.96,5.63,1.6,0,11,64.5,18.5,1.3,1.3,1.4,0.6,0,0.4,4.7,65.3,24.2,5.4,76,24,43911,59166
"3344",6037900201,"06","037","900201",1261,34.714084,-117.970358,"Census Tract 9002.01, Los Angeles County, California",207400,518,141,5.8,3.17,2.56,1,0,1.7,7.3,27.8,27.4,23.2,7.5,4.1,0,14.1,20.7,51.4,13.9,0,53.3,46.7,36445,46903
"3345",6037900300,"06","037","900300",4514,34.708793,-118.070957,"Census Tract 9003, Los Angeles County, California",134100,1245,71,5.7,2.81,2.57,21.5,1.6,8.8,21.7,24,8.5,9.6,4.3,0,1.3,8.8,29.1,35.5,22.8,2.5,79.6,20.4,41250,58486
"3346",6037900501,"06","037","900501",6764,34.682484,-118.121932,"Census Tract 9005.01, Los Angeles County, California",171100,2077,310,6.5,2.99,4.31,0,2,12.8,30.6,33.6,6,13.8,1.2,0,0.7,0.9,6.5,56.1,33.3,2.6,64.9,35.1,44063,63721
"3347",6037900504,"06","037","900504",5816,34.66976,-118.110318,"Census Tract 9005.04, Los Angeles County, California",239200,1888,344,7,3.52,3.42,20.7,9.9,16.4,27.9,17.7,0.5,3.6,0.8,2.6,0,1.1,21.2,29.4,36.1,12.2,61.1,38.9,59839,65650
"3348",6037900505,"06","037","900505",4002,34.681311,-118.108285,"Census Tract 9005.05, Los Angeles County, California",192900,1384,155,6.2,3.27,3.13,0.1,2.2,16.6,55.2,10.9,1.5,9.7,2.6,1.2,0.7,5.5,19.7,38.6,30.6,4.9,57.2,42.8,50231,58727
"3349",6037900506,"06","037","900506",4352,34.682203,-118.099289,"Census Tract 9005.06, Los Angeles County, California",210800,1389,64,6.3,3.17,4.09,5.5,0,11.2,71.9,3.6,0.7,1.8,0,5.3,0,2.9,22.8,38.7,31.8,3.9,72.2,27.8,54886,66650
"3350",6037900507,"06","037","900507",7669,34.680874,-118.086345,"Census Tract 9005.07, Los Angeles County, California",134200,2310,194,6.2,3.56,3.27,4.1,6.7,20.1,45.7,14.1,3.7,1.5,4.2,0,1.9,0.9,27.6,43.2,23,3.4,67.6,32.4,43074,52399
"3351",6037900508,"06","037","900508",3334,34.674844,-118.071301,"Census Tract 9005.08, Los Angeles County, California",262400,974,98,7.7,3.37,4.94,21.9,23.9,34.8,14.8,1.3,1.2,2.1,0,0,0,1.3,0,35.5,47.5,15.6,81.2,18.8,62661,81463
"3352",6037900602,"06","037","900602",5214,34.709138,-118.1139,"Census Tract 9006.02, Los Angeles County, California",35700,1787,146,5.3,3.59,3.31,5.2,0,6.8,14.6,47.4,7.2,15.7,2.7,0.5,3,5.7,43.7,36.4,11,0.3,69.7,30.3,31250,37683
"3353",6037900605,"06","037","900605",7100,34.700853,-118.086679,"Census Tract 9006.05, Los Angeles County, California",70400,2292,199,6.4,2.99,3.73,6.5,7.3,23.4,38,18.2,4.6,0.4,0,1.5,0,6.2,21.6,40.4,25.8,6,77.7,22.3,43306,47251
"3354",6037900606,"06","037","900606",3721,34.700037,-118.122722,"Census Tract 9006.06, Los Angeles County, California",140400,1236,125,5.1,3.36,3.68,0,0,2,32.3,27.4,10,22.7,1.9,3.7,2,19,21.9,37.8,18.4,0.8,55.4,44.6,35516,46580
"3355",6037900607,"06","037","900607",3904,34.693377,-118.122924,"Census Tract 9006.07, Los Angeles County, California",180000,1279,100,5.8,3.36,3.75,0.6,0,0.6,27.7,25.5,13.8,26,5.7,0,0.8,9.6,26.3,46.1,15.6,1.6,43.4,56.6,34129,41488
"3356",6037900608,"06","037","900608",3536,34.695056,-118.108269,"Census Tract 9006.08, Los Angeles County, California",204300,1094,70,6.6,3.07,3.57,0,0,6.9,41.2,41.7,3.6,3,3.7,0,0,0,7.6,48.4,34.9,9.1,64.6,35.4,57155,60216
"3357",6037900609,"06","037","900609",5243,34.70041,-118.10003,"Census Tract 9006.09, Los Angeles County, California",145600,1653,147,6.2,3.45,3.76,5.8,3.8,27.7,48.7,7.8,1.6,1,2.1,1.4,0,2.2,18.6,57.6,21.6,0,65.8,34.2,48913,48655
"3358",6037900701,"06","037","900701",5289,34.682333,-118.140649,"Census Tract 9007.01, Los Angeles County, California",167400,1779,189,5.2,2.7,3.25,0,0,7.1,21.8,20.6,11.9,36.8,1.2,0.6,2.3,12.4,19.9,46.7,18.1,0.6,52,48,30885,44957
"3359",6037900703,"06","037","900703",4375,34.681405,-118.155411,"Census Tract 9007.03, Los Angeles County, California",157900,2024,367,4,2.55,2.23,5.7,9.3,10.7,19.8,19.6,11.3,20.4,3.3,0,0.5,33.9,35.9,15.5,13.4,0.7,23.1,76.9,33346,46100
"3360",6037900704,"06","037","900704",3050,34.669358,-118.142453,"Census Tract 9007.04, Los Angeles County, California",215000,1484,221,3.9,1.61,2.28,0.6,2.2,12.2,58.2,14.6,4.5,6.9,0,0.7,8.1,25.9,64.7,1.3,0,0,4.3,95.7,34593,40012
"3361",6037900705,"06","037","900705",4285,34.666091,-118.160082,"Census Tract 9007.05, Los Angeles County, California",315700,2454,315,4.8,2.08,2.36,1.5,7.3,11.1,42,17.3,6.6,12,2.1,0,2.6,17.5,42.3,27.6,8.8,1.2,35.9,64.1,34943,61118
"3362",6037900803,"06","037","900803",8284,34.71094,-118.157132,"Census Tract 9008.03, Los Angeles County, California",189300,2714,275,6,3.43,4.31,2.1,24.9,12.8,15,6.4,9.6,27,1.8,0.4,0.5,0.5,9.7,47.8,33.8,7.7,64.7,35.3,58568,62881
"3363",6037900804,"06","037","900804",3489,34.710234,-118.144109,"Census Tract 9008.04, Los Angeles County, California",161400,1105,159,5,3.13,3.05,4.3,1.1,4.5,30,9.6,13,37,0.5,0,3.3,12.9,24.2,35.7,21.7,2.3,59,41,37917,46709
"3364",6037900805,"06","037","900805",5089,34.696644,-118.156717,"Census Tract 9008.05, Los Angeles County, California",172600,1558,174,6,3.03,3.79,5.1,0.8,1.2,11.2,14.1,4.7,58.2,2.2,2.6,4.7,4.7,8.2,53.9,28,0.5,77,23,56643,64760
"3365",6037900806,"06","037","900806",3620,34.69759,-118.142005,"Census Tract 9008.06, Los Angeles County, California",209300,1857,241,3.4,2.01,1.76,16.6,5.7,3.8,19.8,10.3,7.6,11.8,10.6,13.9,4.7,50.3,28,13.4,3.1,0.5,7.2,92.8,16216,24463
"3366",6037900900,"06","037","900900",3813,34.752224,-118.240237,"Census Tract 9009, Los Angeles County, California",258900,1413,250,6.4,2.97,2.78,15.1,18,12.5,23.6,18.8,1.8,8.4,1.8,0,1.4,6,10.8,47.8,28.5,5.4,86.4,13.6,76094,75557
"3367",6037901003,"06","037","901003",6188,34.700169,-118.225544,"Census Tract 9010.03, Los Angeles County, California",NA,0,0,NA,NA,NA,NA,NA,NA,NA,NA,NA,NA,NA,NA,NA,NA,NA,NA,NA,NA,NA,NA,NA,NA
"3368",6037901004,"06","037","901004",12544,34.685088,-118.20404,"Census Tract 9010.04, Los Angeles County, California",281800,3658,259,7.4,3.69,3.56,31.9,19.4,20.6,21.7,3.4,1.3,0.7,0.5,0.5,0.4,1.1,6.6,20.9,46.3,24.7,78.5,21.5,82148,97882
"3369",6037901007,"06","037","901007",2258,34.655564,-118.182375,"Census Tract 9010.07, Los Angeles County, California",274300,740,57,7.5,2.72,7.63,5.9,10.5,8.2,32.3,12.8,6.9,19.5,1.6,2.2,0,2.7,9.3,39.7,28.9,19.3,91.7,8.3,104858,123427
"3370",6037901008,"06","037","901008",2874,34.694266,-118.175913,"Census Tract 9010.08, Los Angeles County, California",217300,997,0,5.9,2.74,3.05,0,0,70.3,17.3,0,0.9,7.5,0,4,0,0,23.1,45.5,31.4,0,62.1,37.9,73438,87656
"3371",6037901009,"06","037","901009",5318,34.682609,-118.175191,"Census Tract 9010.09, Los Angeles County, California",279600,1944,136,6.6,2.87,3.6,1,8.5,12.2,25.4,29.1,9.6,11.2,0,3.1,0,2.8,13.4,32.5,46.8,4.6,69.4,30.6,68065,82409
"3372",6037901010,"06","037","901010",5913,34.666948,-118.191169,"Census Tract 9010.10, Los Angeles County, California",253400,1976,109,6.5,3.08,3.51,3.2,0.7,9.7,65.5,17,2.7,0,0.6,0.6,0,1.2,9.9,67.1,18.8,3,62.1,37.9,51592,66790
"3373",6037901011,"06","037","901011",5069,34.666866,-118.174588,"Census Tract 9010.11, Los Angeles County, California",268300,2030,52,5.7,2.82,2.04,1.9,7.4,21.9,38.3,15.5,5,1.3,4,4.6,0,19.9,17.8,30.6,22.4,9.3,56.2,43.8,65646,99215
"3374",6037901101,"06","037","901101",5496,34.654521,-118.227421,"Census Tract 9011.01, Los Angeles County, California",229900,1876,154,6.2,3.2,3.3,8.2,9.2,21.6,18.7,17.9,7.3,14.3,2.5,0.5,0,2,19.5,42.6,25.8,10.1,68.6,31.4,43550,57459
"3375",6037901102,"06","037","901102",5557,34.657588,-118.210685,"Census Tract 9011.02, Los Angeles County, California",277800,1950,143,6.2,2.85,3.54,5.8,11.7,15.4,16.1,28.7,2.3,12,7.9,0,1.2,3.3,23.2,36.5,31.4,4.4,72.6,27.4,59375,70913
"3376",6037901205,"06","037","901205",10466,34.663625,-118.248131,"Census Tract 9012.05, Los Angeles County, California",262300,3645,399,7.3,3.23,1.88,20.9,7.5,34.6,16.4,1.5,12,6.1,1,0,2.5,13.1,5.3,23.1,41.1,14.9,76.6,23.4,78442,89309
"3377",6037901209,"06","037","901209",1633,34.767588,-118.564072,"Census Tract 9012.09, Los Angeles County, California",267700,683,181,5.4,2.89,2.41,11.6,5.4,18.3,32.9,1,12.6,6.3,6,5.9,6.1,14.1,25.5,42.5,10,1.9,81.3,18.7,67292,64341
"3378",6037901210,"06","037","901210",1591,34.66164,-118.386142,"Census Tract 9012.10, Los Angeles County, California",299000,671,125,5.5,2.68,2.53,0.7,0,17,31.9,31.1,4.2,11,2.4,1.6,0,2.4,29.4,61.5,6.7,0,93,7,95313,97197
"3379",6037901213,"06","037","901213",3553,34.630781,-118.270325,"Census Tract 9012.13, Los Angeles County, California",395000,1230,0,7.4,3.19,2.79,19.8,6.5,32.6,15.9,6.2,7.2,3.2,5.7,3.1,0,2.9,7.8,29.7,41.5,18,91,9,106667,113040
"3380",6037910001,"06","037","910001",5742,34.569373,-117.94759,"Census Tract 9100.01, Los Angeles County, California",169900,1569,203,5.4,4.26,3.56,3.6,2.6,5,67.8,6.6,1.6,10.9,0.7,1.2,3,4,11.2,55.5,24.2,2.2,88.8,11.2,60385,65651
"3381",6037910002,"06","037","910002",7217,34.540529,-117.96445,"Census Tract 9100.02, Los Angeles County, California",174600,2265,232,5.2,3.2,3.63,3.8,0,17.1,30.4,9.9,5.5,23.8,5.6,3.9,3.9,3.7,20.7,49.4,17.2,5.2,71.7,28.3,50907,60183
"3382",6037910101,"06","037","910101",1684,34.588125,-118.075873,"Census Tract 9101.01, Los Angeles County, California",166500,485,95,4.6,4.05,2.69,10.5,2.3,6,8.2,9.3,4.1,52.8,6.8,0,7,21.4,30.3,30.1,8.7,2.5,47.7,52.3,16707,32817
"3383",6037910201,"06","037","910201",3549,34.603434,-118.130848,"Census Tract 9102.01, Los Angeles County, California",228400,1241,141,5.5,2.92,4.99,5.5,5.9,16.5,26.3,15.4,6.2,24.3,0,0,0,4.1,24.3,42.7,25.8,3.1,69.4,30.6,51071,68062
"3384",6037910202,"06","037","910202",5223,34.629139,-118.181139,"Census Tract 9102.02, Los Angeles County, California",427500,1726,89,7.2,3.39,4.04,19.4,15.3,6.8,21.4,12.9,4.2,17.2,1.9,1,3.1,0.9,7.8,28.6,41.4,18.1,89.8,10.2,94969,119472
"3385",6037910205,"06","037","910205",1371,34.54203,-118.128434,"Census Tract 9102.05, Los Angeles County, California",530900,407,27,6.4,2.52,3.69,13,2.2,8.8,23.6,18.9,24.1,5.7,0,3.7,0,4.7,7.6,58.7,25.8,3.2,95.8,4.2,88857,81837
"3386",6037910206,"06","037","910206",3246,34.569495,-118.176847,"Census Tract 9102.06, Los Angeles County, California",348100,1129,142,7.4,3.6,3.92,55.7,24.6,4.1,0,7.4,1.4,5.8,1.1,0,0,3.2,3.3,26,48.4,19.2,80.5,19.5,81162,95052
"3387",6037910207,"06","037","910207",6023,34.595471,-118.17456,"Census Tract 9102.07, Los Angeles County, California",281700,1755,155,6.9,3.54,4.18,10.4,20.5,32.2,36.1,0,0,0,0.9,0,0,0.5,2.6,41.3,38.6,16.9,84.3,15.7,82870,85589
"3388",6037910208,"06","037","910208",6340,34.594507,-118.156961,"Census Tract 9102.08, Los Angeles County, California",254800,1945,157,6.5,3.95,3.69,4.7,13.7,23.9,30.2,3.9,2.4,21.2,0,0,2.7,4.4,5.5,38.5,37.9,11,70.7,29.3,63217,77884
"3389",6037910209,"06","037","910209",4397,34.604428,-118.191564,"Census Tract 9102.09, Los Angeles County, California",302400,1395,85,7.4,3.24,3.95,1.8,23.7,42.4,30.5,1.4,0,0.3,0,0,0,0,1,28.2,53.1,17.6,91.1,8.9,82188,100271
"3390",6037910210,"06","037","910210",7103,34.616898,-118.194862,"Census Tract 9102.10, Los Angeles County, California",291300,2197,126,7.1,3.23,4.04,4.3,43.7,42,5.1,0.7,1.3,1.5,1.4,0,0,0,3.4,34.7,40.5,21.4,88.1,11.9,81031,98192
"3391",6037910301,"06","037","910301",4219,34.637607,-118.224184,"Census Tract 9103.01, Los Angeles County, California",334400,1496,112,7,3.11,2.6,1.2,10.2,22.4,32.5,15.2,2,10.2,3.6,2.7,2.2,2.5,4.1,45.1,38.4,7.7,88.7,11.3,84138,109276
"3392",6037910302,"06","037","910302",6387,34.622848,-118.221747,"Census Tract 9103.02, Los Angeles County, California",318300,2062,142,7,2.85,2.28,10.3,19.4,31.5,37,1.3,0.5,0,0,0,0,0,1.8,38.3,42.4,17.5,92.1,7.9,81250,97632
"3393",6037910401,"06","037","910401",6608,34.577641,-118.148845,"Census Tract 9104.01, Los Angeles County, California",229600,2108,78,6.3,3.21,2.6,9.7,3.5,37.8,39.8,2.8,1.7,4.8,0,0,4.9,8.9,7.7,44.4,29.3,4.7,66.1,33.9,71917,75799
"3394",6037910402,"06","037","910402",3751,34.583723,-118.124065,"Census Tract 9104.02, Los Angeles County, California",134500,1090,285,4.4,3.97,3.93,4.4,0,0,24.4,19.3,15.1,35.4,0,1.4,1.4,16,43.4,29.4,9,0.9,36.5,63.5,32827,39746
"3395",6037910403,"06","037","910403",2235,34.576,-118.121861,"Census Tract 9104.03, Los Angeles County, California",194300,684,55,4.1,3.87,4.02,0,0,4.4,38.6,23.5,4.2,26.8,0,2.5,0,15.8,62,16.8,5.4,0,16.7,83.3,31932,34533
"3396",6037910404,"06","037","910404",4130,34.5662,-118.124646,"Census Tract 9104.04, Los Angeles County, California",169000,1170,218,5.4,3.66,3.92,0,0.8,4.7,62,2,0,27.4,0.6,2.6,0,7.1,10.4,56.8,24.2,1.5,58.4,41.6,44678,55310
"3397",6037910501,"06","037","910501",5339,34.580611,-118.110582,"Census Tract 9105.01, Los Angeles County, California",250000,2135,307,3.9,4.94,3.06,9.3,1.5,7,29.9,19.4,8,16.7,5.9,2.3,2.1,31.2,55.7,10.1,0.5,0.5,2,98,20775,25011
"3398",6037910502,"06","037","910502",4086,34.578816,-118.100147,"Census Tract 9105.02, Los Angeles County, California",133400,1216,130,4.8,3.9,3.25,5.3,0,2.5,12.8,13.2,11.8,47.8,1.5,5.1,0,15.5,24.8,53.7,6,0,37.3,62.7,31326,37583
"3399",6037910504,"06","037","910504",4797,34.568981,-118.10251,"Census Tract 9105.04, Los Angeles County, California",151900,1224,93,5.4,4.27,4.07,0,0,3.3,44.8,0,4.3,45.8,0.9,0.8,0,4.5,6.8,66.5,21.3,0.9,63.2,36.8,40571,49630
"3400",6037910505,"06","037","910505",3064,34.562392,-118.101148,"Census Tract 9105.05, Los Angeles County, California",170300,861,148,5.6,4.15,4.75,2.2,2.9,17,75.4,0,0,0,2.6,0,0,0,13.5,58.4,25,3.1,56.7,43.3,49799,57033
"3401",6037910601,"06","037","910601",6460,34.584169,-118.07459,"Census Tract 9106.01, Los Angeles County, California",160600,1723,163,5.6,3.56,4.64,0.8,5.9,6.9,8.8,1.3,4.2,69.9,0.6,1.5,0,2.4,9.4,54.5,29.7,4,56.8,43.2,37569,48662
"3402",6037910602,"06","037","910602",3995,34.576354,-118.076513,"Census Tract 9106.02, Los Angeles County, California",86100,1310,109,4.6,3.17,2.89,12.4,2.4,35.3,24.1,22.1,3.7,0,0,0,0,10.2,44.7,31.8,12.4,0.8,45.6,54.4,36743,44168
"3403",6037910603,"06","037","910603",7075,34.566041,-118.085315,"Census Tract 9106.03, Los Angeles County, California",167300,2024,147,5.6,3.82,3.83,2.5,7.6,12.8,41.1,20.4,12.2,2.2,0,1.2,0.5,6.3,14.5,46.1,31.2,1.4,64.6,35.4,53091,64347
"3404",6037910605,"06","037","910605",4535,34.56929,-118.068122,"Census Tract 9106.05, Los Angeles County, California",127600,1325,212,6,3.4,3.69,4,2.1,27.5,57.1,6.7,1.8,0.8,0,0,2.3,0.7,13.1,51.2,29.5,3.2,70.9,29.1,46208,52024
"3405",6037910606,"06","037","910606",2970,34.561994,-118.064383,"Census Tract 9106.06, Los Angeles County, California",156400,800,126,5.6,4.3,6.26,0,0,10.6,70.3,2.9,2,12.8,1.5,0,0,2.5,16.6,47,32,1.9,85.5,14.5,51957,65740
"3406",6037910705,"06","037","910705",11415,34.56844,-118.020209,"Census Tract 9107.05, Los Angeles County, California",245000,2717,247,7.1,4.39,5.09,31.4,18.4,44.7,2.4,0,1,1.4,0.8,0,0,0.7,0.5,27.4,49.5,21.9,82.3,17.7,66907,76329
"3407",6037910706,"06","037","910706",6022,34.551315,-118.031553,"Census Tract 9107.06, Los Angeles County, California",206200,1507,213,6.4,4.34,4.84,20.9,13.7,42.3,15.7,1.1,5,1.3,0,0.1,0.8,2.4,6.8,40.5,31.2,18.4,79.3,20.7,56327,69267
"3408",6037910707,"06","037","910707",4329,34.55363,-118.098934,"Census Tract 9107.07, Los Angeles County, California",168500,1527,145,5.4,3.55,2.76,1.8,5.8,37.6,47.9,5,0.6,1.2,0,0,0,5.7,26.6,45.3,21.7,0.7,62.9,37.1,50966,57243
"3409",6037910709,"06","037","910709",1650,34.535963,-118.047063,"Census Tract 9107.09, Los Angeles County, California",300000,486,51,7.3,3.41,5.63,2.9,0,28.4,37.4,25.7,2.7,2.9,0,0,0,0,12.1,25.1,52.5,10.3,86.4,13.6,100859,112769
"3410",6037910711,"06","037","910711",7585,34.568752,-118.053451,"Census Tract 9107.11, Los Angeles County, California",148300,2365,229,5.7,3.29,3.71,1.1,5.2,32.7,46,10.7,2.4,0.7,0.6,0.6,1.9,4.8,18.9,58.3,14.7,1.3,65.8,34.2,50371,57302
"3411",6037910712,"06","037","910712",2772,34.549835,-118.052061,"Census Tract 9107.12, Los Angeles County, California",225100,733,83,6.7,4.82,4.63,0,1.4,95.5,1.4,0,0,1.8,0,0,0,0,1.8,35.3,47.1,15.8,89.1,10.9,83250,91418
"3412",6037910713,"06","037","910713",5324,34.571103,-118.037833,"Census Tract 9107.13, Los Angeles County, California",188700,1407,171,6.4,4.03,4.85,5.8,4.5,32.3,50.5,4.4,1.2,1.4,0,0,1,0,5.8,38.2,46.4,8.6,78.9,21.1,54457,61419
"3413",6037910714,"06","037","910714",3596,34.56178,-118.038272,"Census Tract 9107.14, Los Angeles County, California",152900,917,51,5.8,4.54,4.94,0,1.1,14.8,59.8,18.3,1.4,4.6,0,0,2.5,0,0,73.6,19.6,4.3,77.3,22.7,45946,58075
"3414",6037910715,"06","037","910715",6702,34.554187,-118.071063,"Census Tract 9107.15, Los Angeles County, California",180400,1978,216,5.4,3.91,3.7,1.3,11.3,8.1,69.8,8.3,0,0,0,1.1,0,4.2,29.6,38.2,26.7,1.3,64.9,35.1,42963,50527
"3415",6037910716,"06","037","910716",6117,34.547185,-118.074908,"Census Tract 9107.16, Los Angeles County, California",226600,1701,137,6.5,3.42,3.48,9.2,7.9,47.3,28.3,3.8,1.9,0,1.6,0,0.5,0,5.3,51.4,33.9,8.9,75.4,24.6,57500,74808
"3416",6037910804,"06","037","910804",3295,34.509002,-118.183971,"Census Tract 9108.04, Los Angeles County, California",514200,1056,86,6.4,2.98,3.93,2.3,14.8,11.4,50.8,8.7,5,2.7,2.7,1.7,1,0,12.9,43.2,37.6,5.3,87.4,12.6,92826,99344
"3417",6037910805,"06","037","910805",4839,34.471067,-118.197143,"Census Tract 9108.05, Los Angeles County, California",484800,1664,186,6.5,2.92,2.07,1,2.9,29.8,34,19.6,0.8,3.7,4.8,3.2,1.9,3,13,47.1,28.2,6.9,89.5,10.5,79904,100070
"3418",6037910807,"06","037","910807",5489,34.435393,-118.40992,"Census Tract 9108.07, Los Angeles County, California",393800,1918,141,6.2,3.3,3.24,5.5,5.5,5,52.2,12.8,17.7,1.3,0,0,0,0,10.9,49.1,34.2,5.8,78.6,21.4,100461,111388
"3419",6037910808,"06","037","910808",3537,34.448526,-118.393842,"Census Tract 9108.08, Los Angeles County, California",382100,1177,47,6,3.04,2.98,0,5.7,9.4,11.2,40.5,27.7,4,0.8,0.7,0,2.1,4.2,56.4,36.4,0.9,92.6,7.4,90500,94835
"3420",6037910809,"06","037","910809",2235,34.402964,-118.409217,"Census Tract 9108.09, Los Angeles County, California",904900,740,91,NA,3.39,3.55,2.6,25,8.2,21.6,16.8,23.1,2.7,0,0,0,1.5,2.3,19.9,34.5,41.9,90,10,118405,162494
"3421",6037910810,"06","037","910810",2765,34.443476,-118.382115,"Census Tract 9108.10, Los Angeles County, California",519800,870,37,6.8,3.33,1.53,0,28.9,35.6,10.6,10.1,9.7,3.2,2,0,2,2,7,25.3,47.2,16.6,93.9,6.1,100694,110465
"3422",6037910811,"06","037","910811",305,34.412311,-118.199463,"Census Tract 9108.11, Los Angeles County, California",617600,120,22,6.4,2.34,2.7,0,0,20,42.5,10,0,9.2,9.2,9.2,9.2,4.2,9.2,39.2,23.3,15,69.4,30.6,136591,168747
"3423",6037910812,"06","037","910812",464,34.50119,-118.088868,"Census Tract 9108.12, Los Angeles County, California",391900,148,0,6,3.08,3,14.9,0,12.8,21.6,22.3,7.4,18.2,0,2.7,0,0,0,93.9,0,6.1,96.6,3.4,100909,97997
"3424",6037910813,"06","037","910813",3535,34.508049,-118.31606,"Census Tract 9108.13, Los Angeles County, California",634500,1319,168,6.5,2.84,2.75,2.3,10.8,25.8,27.2,16.8,6.6,2.6,2.5,5.5,3,8,9.7,35.4,34.3,9.6,90.5,9.5,101250,126513
"3425",6037911001,"06","037","911001",4201,34.485324,-117.883581,"Census Tract 9110.01, Los Angeles County, California",246200,1909,307,5.1,2.45,2.31,5.7,3.4,12.6,30.2,10.5,9,17.9,4.2,6.3,4.1,14.8,27.6,38.9,13.1,1.5,78.5,21.5,52813,74427
"3426",6037920011,"06","037","920011",286,34.531353,-118.470212,"Census Tract 9200.11, Los Angeles County, California",460000,91,46,3.7,2.5,NA,0,4.4,0,9.9,22,9.9,11,0,42.9,26.4,34.1,3.3,22,14.3,0,80,20,43375,84564
"3427",6037920012,"06","037","920012",1072,34.615968,-118.398903,"Census Tract 9200.12, Los Angeles County, California",264300,538,99,4.9,2.7,1.99,0,1.7,8.9,50,5.4,5,9.9,4.1,15.1,0,9.7,37.7,47.6,3,2,79.3,20.7,97542,92913
"3428",6037920013,"06","037","920013",4306,34.433587,-118.512338,"Census Tract 9200.13, Los Angeles County, California",394700,1301,36,6.4,3.29,2.57,6.9,0.8,4.5,29.4,34.2,22.1,1.5,0.6,0,0.6,0,16.6,34.4,45.1,3.3,91.4,8.6,89269,107576
"3429",6037920015,"06","037","920015",6353,34.472752,-118.52826,"Census Tract 9200.15, Los Angeles County, California",536700,1926,37,6.9,3.33,3.29,5.2,30.6,16.6,38.8,2,2.2,3,1,0.5,0,0.5,1.7,42.2,41.7,13.8,89.6,10.4,130947,136807
"3430",6037920016,"06","037","920016",4904,34.463408,-118.521764,"Census Tract 9200.16, Los Angeles County, California",556200,1530,0,6.9,3.14,3.73,1,49.5,19.5,26.3,1.2,2.5,0,0,0,0,0,13.4,31.1,40.7,14.8,94.7,5.3,120000,126945
"3431",6037920017,"06","037","920017",4342,34.441237,-118.527578,"Census Tract 9200.17, Los Angeles County, California",409300,1443,46,5.8,3.08,2.53,0,0,2.5,7.5,36.3,30.8,19.4,3.5,0,0,7.6,7.4,53.2,30.6,1.2,83.8,16.2,84988,91537
"3432",6037920018,"06","037","920018",2277,34.455543,-118.529937,"Census Tract 9200.18, Los Angeles County, California",403000,797,0,5.9,2.64,3.2,0,6,4.3,68.3,10.9,7.4,3.1,0,0,0,0,8.8,71,18.6,1.6,82.2,17.8,82207,89018
"3433",6037920020,"06","037","920020",6954,34.457751,-118.497437,"Census Tract 9200.20, Los Angeles County, California",447000,2219,74,6.3,3.28,3.04,0,12.2,12.6,11.7,31.3,30.7,1.5,0,0,0.4,0.9,16.2,38.2,37.8,6.5,86.3,13.7,96409,120734
"3434",6037920023,"06","037","920023",2598,34.423161,-118.489535,"Census Tract 9200.23, Los Angeles County, California",119400,760,36,5.5,3.64,3.87,9.7,7.5,20.4,15.5,10.8,32,3,0,1.1,0,0,21.4,53.3,23.6,1.7,88.4,11.6,74559,76160
"3435",6037920026,"06","037","920026",419,34.475482,-118.436243,"Census Tract 9200.26, Los Angeles County, California",758100,102,31,6.9,2.52,1.91,0,30.4,0,2.9,35.3,20.6,0,10.8,0,0,0,26.5,63.7,9.8,0,84.5,15.5,145524,137554
"3436",6037920028,"06","037","920028",5684,34.441584,-118.483028,"Census Tract 9200.28, Los Angeles County, California",398000,1678,30,5.8,3.38,2.89,33.6,27.2,3.7,18.5,4.7,11.6,0.7,0,0,0,0,12.5,56.3,24.4,6.9,86.3,13.7,101250,116332
"3437",6037920029,"06","037","920029",3574,34.431084,-118.482006,"Census Tract 9200.29, Los Angeles County, California",274100,1277,52,5,3.02,2.92,0,12.3,22.6,9.4,25.3,27.6,0.9,0.9,0.9,0,9.9,23,44.2,18.6,4.3,78.4,21.6,79957,82089
"3438",6037920030,"06","037","920030",5818,34.415739,-118.488626,"Census Tract 9200.30, Los Angeles County, California",382600,1976,45,5.3,2.91,3.22,0,5.5,20.3,69.7,3.8,0.7,0,0,0,0,1,32.1,40.1,26.3,0.6,73.8,26.2,84375,94819
"3439",6037920031,"06","037","920031",5301,34.404634,-118.478868,"Census Tract 9200.31, Los Angeles County, California",297200,2603,100,4.8,2,1.31,7.7,6.2,15.6,17.9,18.2,27,4.9,1.2,1.4,0,7.4,55.4,23.9,12.6,0.7,88,12,40179,61001
"3440",6037920032,"06","037","920032",2897,34.451948,-118.482258,"Census Tract 9200.32, Los Angeles County, California",531000,808,12,7.2,3.69,4.1,6.8,22.9,42.8,20.5,0.5,0,0,0,6.4,0,0,4.8,26.7,47.6,20.8,91.6,8.4,130481,160920
"3441",6037920033,"06","037","920033",515,34.455142,-118.425369,"Census Tract 9200.33, Los Angeles County, California",87700,202,0,4.9,2.4,2.45,1.5,0,10.9,37.1,29.7,0,0,15.3,5.4,0,12.9,25.7,61.4,0,0,67.8,32.2,34817,49862
"3442",6037920034,"06","037","920034",3628,34.433735,-118.459445,"Census Tract 9200.34, Los Angeles County, California",393600,1177,41,5.9,3.03,2.52,6.7,18,7.4,22.6,4.6,30.2,5.3,3,2.2,0,4.3,25.7,35.3,22.9,11.9,73,27,80545,92613
"3443",6037920035,"06","037","920035",7720,34.419559,-118.46485,"Census Tract 9200.35, Los Angeles County, California",350500,2268,74,5.2,3.54,3.37,0,13.8,6,23.9,8.8,42.3,5.2,0,0,1.5,1.9,22.3,48.3,26,0,77.7,22.3,62028,79757
"3444",6037920036,"06","037","920036",3419,34.422552,-118.475921,"Census Tract 9200.36, Los Angeles County, California",368600,1010,60,5.3,3.64,3.61,0,0,0.9,25.4,20.6,40.3,6.7,5.4,0.6,4.3,16.3,11.9,37.2,24.5,5.8,63.8,36.2,79758,87099
"3445",6037920037,"06","037","920037",7131,34.412319,-118.452329,"Census Tract 9200.37, Los Angeles County, California",242500,2433,262,3.7,1.86,3.43,1.3,6.7,34.5,54.9,2.1,0.5,0,0,0,1.6,18.9,56.8,22.7,0,0,7.7,92.3,52242,64515
"3446",6037920038,"06","037","920038",4430,34.421591,-118.449461,"Census Tract 9200.38, Los Angeles County, California",198600,1701,148,3.9,2.32,2.29,1.8,5.7,6.7,62.7,12.8,4.8,4.8,0.8,0,0,23.8,55.6,19.5,0.5,0.6,43.8,56.2,48505,54474
"3447",6037920039,"06","037","920039",1896,34.422292,-118.439814,"Census Tract 9200.39, Los Angeles County, California",468800,598,0,6.8,3.07,4.4,2.5,0,29.3,34.6,9.2,23.4,1,0,0,0,0,1.7,36.3,41.8,20.2,98.3,1.7,101048,128548
"3448",6037920040,"06","037","920040",3352,34.432581,-118.428219,"Census Tract 9200.40, Los Angeles County, California",422900,980,39,6.1,3.18,3.22,9.3,9.3,10.5,29.1,17.9,23.3,0,0.7,0,0,2,18.4,46.7,25.2,7.7,65.2,34.8,91495,99106
"3449",6037920041,"06","037","920041",2871,34.416973,-118.436705,"Census Tract 9200.41, Los Angeles County, California",335000,994,85,5,3.18,3.18,4.8,44,8.4,15.9,21,1.5,1,0,3.4,1,0,45,33.2,18.3,2.5,38.7,61.3,86979,92634
"3450",6037920042,"06","037","920042",6769,34.401641,-118.464229,"Census Tract 9200.42, Los Angeles County, California",348600,2899,0,4.3,2.81,2.39,5.3,30.9,36.4,4,4.1,18.4,0.9,0,0,0.3,17.9,35.5,31.6,11.9,2.7,59,41,76490,86764
"3451",6037920043,"06","037","920043",5711,34.402328,-118.441935,"Census Tract 9200.43, Los Angeles County, California",520500,1680,101,6.9,3.35,2.84,21.7,53.9,11.4,7.9,2.2,0,0.5,1.8,0.7,0.5,1.5,12.1,20.3,40.7,24.9,89.5,10.5,133724,147022
"3452",6037920044,"06","037","920044",2686,34.444852,-118.515555,"Census Tract 9200.44, Los Angeles County, California",429500,927,7,6.6,3.37,2.89,0,8.8,4.7,38.5,42.2,3.1,2.6,0,0,0,2.9,19.6,21.9,54.2,1.4,81,19,106923,129971
"3453",6037920045,"06","037","920045",4622,34.45341,-118.516704,"Census Tract 9200.45, Los Angeles County, California",457200,1472,71,6.4,3.27,3.24,0,10.6,17.1,64.6,5.4,1.4,0,0.9,0,0,0,7.1,48.4,37.8,6.7,95.9,4.1,114159,122399
"3454",6037920102,"06","037","920102",5668,34.535137,-118.581212,"Census Tract 9201.02, Los Angeles County, California",392300,2031,175,4.9,3.05,2.61,13.6,16.9,16.2,26.7,11,4.8,3.9,1.2,5.7,1.5,13.2,29.7,34.9,16.5,4.1,51.6,48.4,68571,86412
"3455",6037920104,"06","037","920104",2798,34.501607,-118.643306,"Census Tract 9201.04, Los Angeles County, California",472000,878,0,6.6,3.27,3.67,0,22.6,6.2,57.6,11.3,1.5,0.9,0,0,0,1.5,9.2,49.4,33.9,5.9,94.4,5.6,97885,125303
"3456",6037920106,"06","037","920106",3110,34.450601,-118.662927,"Census Tract 9201.06, Los Angeles County, California",352700,926,97,5.5,3.59,3.71,7.5,13.8,14.6,22.7,10.3,1.5,14,8.3,7.3,0.4,7,25.4,49.5,12.2,5.5,69,31,71336,79983
"3457",6037920107,"06","037","920107",3954,34.46711,-118.561481,"Census Tract 9201.07, Los Angeles County, California",668100,1088,63,7.9,3.48,2,21.3,74.5,4,0.1,0,0,0,0,0,0,0,2.8,23.7,38.8,34.7,92.6,7.4,135580,151058
"3458",6037920108,"06","037","920108",3439,34.448143,-118.564688,"Census Tract 9201.08, Los Angeles County, California",502400,1217,35,5.8,3.1,2.57,29.9,64.3,4.1,0,0,0,0,0.8,0.8,0,10.4,24.2,34.7,26.7,4,70.1,29.9,103636,129821
"3459",6037920109,"06","037","920109",4493,34.458494,-118.547597,"Census Tract 9201.09, Los Angeles County, California",554100,1650,192,5.1,2.79,2.54,22.2,45.6,27.7,0,2.2,1,0.8,0,0.5,0,15.6,41.3,25.5,16,1.6,63.4,36.6,93724,113334
"3460",6037920110,"06","037","920110",5010,34.445272,-118.542759,"Census Tract 9201.10, Los Angeles County, California",602800,1593,13,6,3.55,2.51,1,10.2,79.5,6.1,2.9,0.3,0,0,0,0,10.2,21.7,24.5,28.6,15.1,70.3,29.7,106657,127464
"3461",6037920111,"06","037","920111",3246,34.452513,-118.538355,"Census Tract 9201.11, Los Angeles County, California",416000,1059,19,6,3.38,3.14,0,0,0.6,34.5,60.3,2.8,0,0,1.8,0.8,0,5.9,50.2,41.5,1.5,81.9,18.1,89167,104678
"3462",6037920112,"06","037","920112",4287,34.435732,-118.538189,"Census Tract 9201.12, Los Angeles County, California",475800,1697,31,6.2,2.77,2.06,0,4.9,33.4,11.1,37.5,12.1,0.4,0,0.6,0.6,14.6,11.5,34.9,24.7,13.6,66,34,89432,93831
"3463",6037920114,"06","037","920114",6490,34.432565,-118.560159,"Census Tract 9201.14, Los Angeles County, California",466500,2425,59,4,2.96,2.51,13.2,53.8,21.3,9.6,0,0.6,1,0,0.6,3.3,13.2,37.9,30.3,14.9,0.4,47,53,89541,99741
"3464",6037920115,"06","037","920115",4149,34.429822,-118.549329,"Census Tract 9201.15, Los Angeles County, California",489500,1279,63,5.6,2.83,2.14,0,21.5,48.1,21,3.5,1.7,0.7,0,3.4,0,13.3,22.4,42.9,15.1,6.3,77.2,22.8,100205,113704
"3465",6037920116,"06","037","920116",5181,34.482382,-118.630099,"Census Tract 9201.16, Los Angeles County, California",452700,1645,61,6.3,3.01,3.83,0.5,17.4,28.5,34.9,3.8,13.1,1.7,0,0,0.7,0,9.8,39.2,39.8,10.4,91.6,8.4,103944,120422
"3466",6037920118,"06","037","920118",6117,34.459458,-118.622246,"Census Tract 9201.18, Los Angeles County, California",459200,1869,49,6.5,3.21,3.94,0,42.6,21.9,33.2,1.6,0,0.7,0,0,0,0,6.5,52,35.6,6,89.9,10.1,110513,124872
"3467",6037920119,"06","037","920119",1896,34.466153,-118.638737,"Census Tract 9201.19, Los Angeles County, California",576700,512,26,7.7,4.03,4.27,0,59.2,30.7,6.8,1,0,0,2.3,0,1,1.4,0,26.6,43.4,27.7,88.7,11.3,128207,134272
"3468",6037920200,"06","037","920200",6920,34.464898,-118.591815,"Census Tract 9202, Los Angeles County, California",NA,0,0,NA,NA,NA,NA,NA,NA,NA,NA,NA,NA,NA,NA,NA,NA,NA,NA,NA,NA,NA,NA,NA,NA
"3469",6037920303,"06","037","920303",1446,34.290561,-118.620134,"Census Tract 9203.03, Los Angeles County, California",702500,578,73,4.6,3.18,1.91,11.8,11.4,17.1,40.8,3.3,2.1,3.5,0,10,2.6,11.4,39.6,18.7,5.9,21.8,49.7,50.3,110636,146314
"3470",6037920312,"06","037","920312",5268,34.368943,-118.532036,"Census Tract 9203.12, Los Angeles County, California",615800,1868,0,4.9,2.99,2.57,0,4.2,7.3,37.8,19.4,17.1,8.1,4.9,1.1,2,28.1,16.4,25.3,16.1,12.2,51.7,48.3,68958,95865
"3471",6037920313,"06","037","920313",6010,34.372441,-118.552073,"Census Tract 9203.13, Los Angeles County, California",431300,1883,41,5.7,3.07,2.99,1.5,2.2,0.4,17.7,31.3,31.4,11.3,4.2,0,0,2.5,19.9,46.7,22.7,8.2,87.1,12.9,73577,96732
"3472",6037920314,"06","037","920314",2909,34.399398,-118.529902,"Census Tract 9203.14, Los Angeles County, California",506700,994,44,6.4,2.8,3.41,0,11.7,17.8,61.7,4.1,0,2.5,0,2.2,0,3.1,4.2,61,21.1,10.6,87.9,12.1,117000,142606
"3473",6037920322,"06","037","920322",2895,34.382494,-118.54938,"Census Tract 9203.22, Los Angeles County, California",487800,1123,19,6,2.57,2.66,0,0.6,1.6,8.8,14.6,69.3,0,2.4,2.7,0,14.6,18.7,23.7,32.9,10.1,71.2,28.8,68750,87788
"3474",6037920326,"06","037","920326",6840,34.379881,-118.577788,"Census Tract 9203.26, Los Angeles County, California",532900,2508,283,4.2,3.21,2.23,21,22.8,33.3,19.4,2.4,0.9,0.4,0,0,0.7,19.8,33.9,21.7,11.8,12.1,54.8,45.2,87298,105126
"3475",6037920328,"06","037","920328",1990,34.416596,-118.568284,"Census Tract 9203.28, Los Angeles County, California",748300,914,172,4.3,2.79,2.23,8.1,55.9,31.6,0.7,0,0,2.2,0,1.5,3.5,24.5,27.1,26.8,13.3,4.7,40.8,59.2,102000,128534
"3476",6037920329,"06","037","920329",5460,34.409463,-118.548437,"Census Tract 9203.29, Los Angeles County, California",428400,2262,44,5.1,2.74,2.14,0,0,9.9,83.5,5.1,0.7,0,0,0.8,0,13.3,40.4,35.8,9.2,1.4,62.2,37.8,86548,98933
"3477",6037920330,"06","037","920330",5349,34.405118,-118.560834,"Census Tract 9203.30, Los Angeles County, California",452600,2357,15,5,2.23,2.42,0,5.9,16.7,62.1,12.5,1.7,0.3,0,0.7,2,13.1,42.1,28.3,10.8,3.7,71.5,28.5,85938,104052
"3478",6037920331,"06","037","920331",4075,34.397423,-118.54659,"Census Tract 9203.31, Los Angeles County, California",452100,1549,29,5.7,2.94,2.42,0,0.8,2.6,32.7,52.2,8.5,1.4,1.4,0.4,0,10.5,14.6,40.7,30.1,4.1,76.3,23.8,91038,94051
"3479",6037920332,"06","037","920332",2337,34.381697,-118.513917,"Census Tract 9203.32, Los Angeles County, California",249600,674,14,4.8,2.72,2.5,0,0,42.3,27.7,7.7,9.6,9.6,0,3,0,3.4,48.8,25.8,16,5.9,87.3,12.7,80100,93947
"3480",6037920334,"06","037","920334",6598,34.389609,-118.559044,"Census Tract 9203.34, Los Angeles County, California",482000,2275,34,5.9,2.6,2.51,0.7,2.4,1.1,8.4,66.7,19.6,0.4,0,0.6,1.8,7,21.3,36.6,22.2,11.1,75,25,79111,94116
"3481",6037920336,"06","037","920336",7027,34.386073,-118.536287,"Census Tract 9203.36, Los Angeles County, California",360400,1778,215,4.1,4.12,3.78,0,0.7,2.9,13,35.4,19.6,13.6,8.6,6.1,3.5,24.1,37.8,21.9,12.7,0,33.9,66.1,42566,53369
"3482",6037920337,"06","037","920337",7257,34.373735,-118.514454,"Census Tract 9203.37, Los Angeles County, California",276700,2066,183,4,3.45,4.75,0.7,7.9,24.5,30.9,13.6,13.1,5.2,2.7,1.4,0.9,7.6,57.1,27.3,2,5.2,24.6,75.4,57111,64745
"3483",6037920338,"06","037","920338",5721,34.38732,-118.593375,"Census Tract 9203.38, Los Angeles County, California",653800,1781,46,7.5,3.39,2.28,0,35.7,51,10.1,0,1.2,2,0,0,1,0,6.3,21.4,41.3,30,95.7,4.3,136897,165472
"3484",6037920339,"06","037","920339",7377,34.400851,-118.597785,"Census Tract 9203.39, Los Angeles County, California",650900,2213,62,6.2,3.25,2.46,4.8,47.9,38.4,7.4,0,0,0.7,0,0.8,1.4,11.9,4.2,34.6,27.6,20.3,77.8,22.2,128271,166786
"3485",6037930101,"06","037","930101",119,34.26582,-118.198884,"Census Tract 9301.01, Los Angeles County, California",853300,130,50,5.5,2.71,NA,0,0,0,10.8,16.9,14.6,0,0,57.7,0,35.4,15.4,33.1,8.5,7.7,86.3,13.8,116750,307624
"3486",6037930200,"06","037","930200",546,34.32357,-118.378251,"Census Tract 9302, Los Angeles County, California",226800,206,29,5.4,2.45,3.13,4.4,13.1,13.6,4.4,8.7,29.1,6.3,0,20.4,0,13.1,33.5,39.8,13.6,0,82.5,17.5,65972,79521
"3487",6037930301,"06","037","930301",886,34.302691,-117.784736,"Census Tract 9303.01, Los Angeles County, California",326800,350,75,4.3,2.17,2.06,2.3,18.9,0,25.7,15.4,13.1,9.1,2.3,13.1,11.4,14,40.9,27.7,6,0,80.7,19.3,85347,87944
"3488",6037930401,"06","037","930401",2471,34.168033,-118.629367,"Census Tract 9304.01, Los Angeles County, California",654500,958,46,6.4,2.96,1.88,1.9,0,1.4,8.9,9.8,22.3,43.7,7.7,4.3,3.4,0,10.1,50.7,22.2,13.5,83.4,16.6,89875,123803
"3489",6037980001,"06","037","980001",0,34.199715,-118.357536,"Census Tract 9800.01, Los Angeles County, California",NA,0,0,NA,NA,NA,NA,NA,NA,NA,NA,NA,NA,NA,NA,NA,NA,NA,NA,NA,NA,NA,NA,NA,NA
"3490",6037980002,"06","037","980002",0,33.810408,-118.23867,"Census Tract 9800.02, Los Angeles County, California",NA,0,0,NA,NA,NA,NA,NA,NA,NA,NA,NA,NA,NA,NA,NA,NA,NA,NA,NA,NA,NA,NA,NA,NA
"3491",6037980003,"06","037","980003",2,34.797977,-118.012092,"Census Tract 9800.03, Los Angeles County, California",NA,0,0,NA,NA,NA,NA,NA,NA,NA,NA,NA,NA,NA,NA,NA,NA,NA,NA,NA,NA,NA,NA,NA,NA
"3492",6037980004,"06","037","980004",169,34.653323,-118.067746,"Census Tract 9800.04, Los Angeles County, California",NA,12,0,NA,NA,NA,0,0,0,0,0,0,0,0,100,100,0,0,0,0,0,0,100,2500,NA
"3493",6037980005,"06","037","980005",0,33.853458,-118.327338,"Census Tract 9800.05, Los Angeles County, California",NA,0,0,NA,NA,NA,NA,NA,NA,NA,NA,NA,NA,NA,NA,NA,NA,NA,NA,NA,NA,NA,NA,NA,NA
"3494",6037980006,"06","037","980006",0,33.814394,-118.086379,"Census Tract 9800.06, Los Angeles County, California",NA,0,0,NA,NA,NA,NA,NA,NA,NA,NA,NA,NA,NA,NA,NA,NA,NA,NA,NA,NA,NA,NA,NA,NA
"3495",6037980007,"06","037","980007",0,33.766304,-118.10074,"Census Tract 9800.07, Los Angeles County, California",NA,0,0,NA,NA,NA,NA,NA,NA,NA,NA,NA,NA,NA,NA,NA,NA,NA,NA,NA,NA,NA,NA,NA,NA
"3496",6037980008,"06","037","980008",145,34.196498,-118.487267,"Census Tract 9800.08, Los Angeles County, California",NA,42,0,5.8,3.77,5.59,0,31,0,0,69,0,0,0,0,0,0,0,100,0,0,31,69,31810,NA
"3497",6037980009,"06","037","980009",14,34.128825,-118.299152,"Census Tract 9800.09, Los Angeles County, California",NA,0,0,NA,NA,NA,NA,NA,NA,NA,NA,NA,NA,NA,NA,NA,NA,NA,NA,NA,NA,NA,NA,NA,NA
"3498",6037980010,"06","037","980010",164,34.075424,-118.235775,"Census Tract 9800.10, Los Angeles County, California",NA,83,24,4.7,1.53,3.26,0,6,10.8,0,0,28.9,0,20.5,33.7,10.8,28.9,28.9,20.5,10.8,0,28.8,71.2,56625,64775
"3499",6037980013,"06","037","980013",59,33.906391,-118.388326,"Census Tract 9800.13, Los Angeles County, California",NA,0,0,NA,NA,NA,NA,NA,NA,NA,NA,NA,NA,NA,NA,NA,NA,NA,NA,NA,NA,NA,NA,NA,NA
"3500",6037980014,"06","037","980014",239,33.77332,-118.244594,"Census Tract 9800.14, Los Angeles County, California",NA,34,0,5.3,NA,3.88,0,0,44.1,29.4,0,0,0,0,26.5,0,0,55.9,0,44.1,0,29.4,70.6,31333,47776
"3501",6037980015,"06","037","980015",554,33.782862,-118.294129,"Census Tract 9800.15, Los Angeles County, California",NA,132,0,3.8,NA,2.7,0,0,0,53.8,23.5,22.7,0,0,0,25,46.2,0,28.8,0,0,0,100,21447,33407
"3502",6037980018,"06","037","980018",1,33.807114,-118.137941,"Census Tract 9800.18, Los Angeles County, California",NA,0,0,NA,NA,NA,NA,NA,NA,NA,NA,NA,NA,NA,NA,NA,NA,NA,NA,NA,NA,NA,NA,NA,NA
"3503",6037980019,"06","037","980019",173,34.077477,-118.563919,"Census Tract 9800.19, Los Angeles County, California",537500,37,0,5.4,2.51,NA,0,27,0,0,54.1,18.9,0,0,0,0,0,54.1,45.9,0,0,100,0,92125,104784
"3504",6037980020,"06","037","980020",0,34.226689,-118.303403,"Census Tract 9800.20, Los Angeles County, California",NA,0,0,NA,NA,NA,NA,NA,NA,NA,NA,NA,NA,NA,NA,NA,NA,NA,NA,NA,NA,NA,NA,NA,NA
"3505",6037980021,"06","037","980021",33,34.268645,-118.371924,"Census Tract 9800.21, Los Angeles County, California",NA,0,0,NA,NA,NA,NA,NA,NA,NA,NA,NA,NA,NA,NA,NA,NA,NA,NA,NA,NA,NA,NA,NA,NA
"3506",6037980022,"06","037","980022",4,34.289327,-118.475095,"Census Tract 9800.22, Los Angeles County, California",NA,0,0,NA,NA,NA,NA,NA,NA,NA,NA,NA,NA,NA,NA,NA,NA,NA,NA,NA,NA,NA,NA,NA,NA
"3507",6037980023,"06","037","980023",8,34.229464,-118.643259,"Census Tract 9800.23, Los Angeles County, California",NA,0,0,NA,NA,NA,NA,NA,NA,NA,NA,NA,NA,NA,NA,NA,NA,NA,NA,NA,NA,NA,NA,NA,NA
"3508",6037980024,"06","037","980024",186,34.174709,-118.502323,"Census Tract 9800.24, Los Angeles County, California",679700,46,0,6.1,1.91,NA,0,0,30.4,0,0,39.1,30.4,0,0,0,0,30.4,69.6,0,0,100,0,196250,185852
"3509",6037980025,"06","037","980025",0,33.843374,-118.240029,"Census Tract 9800.25, Los Angeles County, California",NA,0,0,NA,NA,NA,NA,NA,NA,NA,NA,NA,NA,NA,NA,NA,NA,NA,NA,NA,NA,NA,NA,NA,NA
"3510",6037980026,"06","037","980026",20,34.280854,-118.301372,"Census Tract 9800.26, Los Angeles County, California",172900,22,0,4.4,1.59,NA,0,0,0,54.5,0,0,45.5,0,0,0,0,54.5,0,45.5,0,100,0,84792,NA
"3511",6037980028,"06","037","980028",4,33.945498,-118.383981,"Census Tract 9800.28, Los Angeles County, California",NA,0,0,NA,NA,NA,NA,NA,NA,NA,NA,NA,NA,NA,NA,NA,NA,NA,NA,NA,NA,NA,NA,NA,NA
"3512",6037980030,"06","037","980030",0,33.909623,-118.409478,"Census Tract 9800.30, Los Angeles County, California",NA,0,0,NA,NA,NA,NA,NA,NA,NA,NA,NA,NA,NA,NA,NA,NA,NA,NA,NA,NA,NA,NA,NA,NA
"3513",6037980031,"06","037","980031",1262,33.725997,-118.268621,"Census Tract 9800.31, Los Angeles County, California",NA,45,0,2.6,NA,NA,0,0,0,0,0,44.4,55.6,0,0,0,44.4,55.6,0,0,0,44.4,55.6,80250,NA
"3514",6037980033,"06","037","980033",61,33.774001,-118.212058,"Census Tract 9800.33, Los Angeles County, California",NA,0,0,NA,NA,NA,NA,NA,NA,NA,NA,NA,NA,NA,NA,NA,NA,NA,NA,NA,NA,NA,NA,NA,NA
"3515",6037990100,"06","037","990100",0,33.99919,-118.792187,"Census Tract 9901, Los Angeles County, California",NA,0,0,NA,NA,NA,NA,NA,NA,NA,NA,NA,NA,NA,NA,NA,NA,NA,NA,NA,NA,NA,NA,NA,NA
"3516",6037990200,"06","037","990200",0,33.913586,-118.492869,"Census Tract 9902, Los Angeles County, California",NA,0,0,NA,NA,NA,NA,NA,NA,NA,NA,NA,NA,NA,NA,NA,NA,NA,NA,NA,NA,NA,NA,NA,NA
"3517",6037990300,"06","037","990300",0,33.697535,-118.346775,"Census Tract 9903, Los Angeles County, California",NA,0,0,NA,NA,NA,NA,NA,NA,NA,NA,NA,NA,NA,NA,NA,NA,NA,NA,NA,NA,NA,NA,NA,NA
"3518",6039000102,"06","039","000102",4163,37.225259,-119.536711,"Census Tract 1.02, Madera County, California",358200,3120,1310,5,2.19,2.52,1.5,10.9,13.9,9.6,25.6,14.9,7.2,11.1,5.2,8.1,8.4,22.4,50.4,8.1,2.6,64.6,35.4,51339,63240
"3519",6039000103,"06","039","000103",5033,37.368081,-119.671797,"Census Tract 1.03, Madera County, California",270800,2688,508,5.3,2.28,2.05,5.7,8,13.3,20.7,23.1,14.2,5.8,4.4,4.7,2.8,5.9,23.8,49.4,16.3,1.9,75.8,24.2,42391,62387
"3520",6039000104,"06","039","000104",4773,37.322556,-119.627028,"Census Tract 1.04, Madera County, California",326000,2296,464,5.5,2.45,2.7,3.3,9.4,17.3,32.2,19.7,13.2,3.2,0.4,1.4,2.4,5.1,22.2,51.5,15.3,3.5,72.4,27.6,48668,70640
"3521",6039000106,"06","039","000106",5021,37.187248,-119.770883,"Census Tract 1.06, Madera County, California",292500,2196,457,5.8,2.58,3.16,7.5,15.9,29.5,32.5,12.4,1.3,0.2,0,0.7,0,0,12.6,67.5,19,0.9,84.5,15.5,77214,89611
"3522",6039000108,"06","039","000108",7068,37.241265,-119.692463,"Census Tract 1.08, Madera County, California",236400,3054,491,5.3,2.71,2.53,16.8,14.7,30.9,14.9,13.6,3.9,2.7,1.6,1.1,0.4,15.5,21.8,43.8,14.7,3.8,79.6,20.4,44459,69542
"3523",6039000109,"06","039","000109",2392,37.226774,-119.835749,"Census Tract 1.09, Madera County, California",282900,990,203,5.2,2.46,2.26,4.7,24.4,27.3,11.7,7.6,2.2,0.7,9,12.3,0,2.2,28.6,56.8,11.6,0.8,75.5,24.5,54732,67713
"3524",6039000201,"06","039","000201",9049,37.095801,-120.160617,"Census Tract 2.01, Madera County, California",171500,497,122,5.1,4.77,3.19,20.1,14.3,5.8,3.8,15.5,14.1,17.9,1.8,6.6,0,1.6,29,51.3,18.1,0,48.8,51.2,51230,59761
"3525",6039000202,"06","039","000202",6109,37.095537,-120.268798,"Census Tract 2.02, Madera County, California",270900,2227,334,5.8,2.86,3.99,34.8,24.7,3.4,5.2,5.1,9.2,6.8,5.3,5.7,2.3,0.7,12.3,52.9,23.7,8.1,59.3,40.7,69033,79692
"3526",6039000300,"06","039","000300",8213,37.116559,-120.269047,"Census Tract 3, Madera County, California",186400,3082,366,5,3.31,3.05,4.7,8.2,12,14.4,10,12.7,18,15.2,4.7,2.1,10.2,32.3,46.2,7.4,1.8,39.7,60.3,33665,43961
"3527",6039000400,"06","039","000400",1288,36.955988,-120.394912,"Census Tract 4, Madera County, California",281600,420,96,5,2.35,4.06,6.9,6.4,8.1,10,10.7,17.4,27.4,9.3,3.8,0,4.8,27.4,49.5,15.7,2.6,53.4,46.6,32619,67758
"3528",6039000502,"06","039","000502",10473,36.941535,-120.054917,"Census Tract 5.02, Madera County, California",157400,2812,334,5.1,3.95,4.66,24.4,13.1,15.3,12.5,9,19.1,6.1,0,0.5,11.6,1.5,17.2,45.6,18.3,5.7,46.5,53.5,38560,45444
"3529",6039000503,"06","039","000503",8539,36.966596,-120.108064,"Census Tract 5.03, Madera County, California",272100,3077,249,5.9,3.19,3.99,14.4,27.4,19.3,15.1,10.2,4.4,1.2,4.4,3.6,1.9,2.7,14.2,50.9,28.3,1.9,67.5,32.5,66361,78424
"3530",6039000506,"06","039","000506",6438,37.007154,-120.08472,"Census Tract 5.06, Madera County, California",210700,1688,148,5.3,3.56,4.56,6.3,2.8,24.6,25.1,33.8,4.3,0.5,1.8,0.7,0.8,0,2.8,78.3,17.4,0.7,73.8,26.2,52760,64563
"3531",6039000507,"06","039","000507",10546,37.009261,-120.041349,"Census Tract 5.07, Madera County, California",230200,2797,370,5.4,3.79,4.58,10.4,21.7,17.5,26.9,7.9,6.1,3.8,3,2.8,1.4,5.4,5.7,62.2,22.1,3,72.5,27.5,51262,73056
"3532",6039000508,"06","039","000508",6878,36.952884,-119.982203,"Census Tract 5.08, Madera County, California",251100,1952,118,5.4,3.63,3.74,11.7,10.2,19.9,21,17.5,2.7,5.8,8.9,2.2,0,5.8,15.1,57.5,18.8,2.7,73.7,26.3,46950,66011
"3533",6039000509,"06","039","000509",5935,36.96039,-119.8744,"Census Tract 5.09, Madera County, California",311800,1935,56,6.3,3.04,3.5,2.3,15.9,26.9,27.7,20.5,4.4,2.3,0,0,0.7,1.9,3.2,65.6,25.1,3.6,90.6,9.4,74854,88080
"3534",6039000602,"06","039","000602",5161,36.972284,-120.06092,"Census Tract 6.02, Madera County, California",82700,1277,138,4.7,3.23,4.96,2.4,8.3,6.6,8.5,15.8,9.8,30.5,5.5,12.7,0,7.4,46,38.5,5.6,2.4,42.7,57.3,27598,35197
"3535",6039000603,"06","039","000603",5585,36.978932,-120.049949,"Census Tract 6.03, Madera County, California",123900,1439,81,4.8,3.27,3.94,7.6,16.3,12.3,18.4,19.7,4.4,18.4,2.9,0,3.8,7.6,22.2,55.7,10.2,0.6,35.8,64.2,29551,40515
"3536",6039000604,"06","039","000604",5467,36.978229,-120.064099,"Census Tract 6.04, Madera County, California",160200,1264,86,5,4.4,4.56,3.4,0.9,17.2,23.1,28,18.7,3.6,5.1,0,2.5,4.7,19,58.3,10.1,5.5,41.2,58.8,28182,40336
"3537",6039000700,"06","039","000700",10776,36.960539,-120.087724,"Census Tract 7, Madera County, California",239800,3983,381,5.8,2.84,3.06,9.8,22.6,16,10.2,15.8,9.6,10.9,3.2,2,1.9,2.3,17.8,59.7,17.4,0.9,72,28,54954,68138
"3538",6039000800,"06","039","000800",7027,36.96067,-120.061564,"Census Tract 8, Madera County, California",217800,2017,249,4.1,3.57,3.86,1.6,1.8,3.6,10.7,18,7.2,22.7,11.5,22.8,8.8,17.8,43.7,20,8.7,1,16,84,27600,39614
"3539",6039000900,"06","039","000900",9612,36.960564,-120.046103,"Census Tract 9, Madera County, California",149800,2174,147,4.9,4.72,4.51,19.7,10.9,10.6,9.2,13.8,11.6,5.9,5.2,13.2,4.6,9.2,25.5,32.7,23.6,4.5,48.1,51.9,32466,37373
"3540",6039001000,"06","039","001000",5319,36.888431,-119.977164,"Census Tract 10, Madera County, California",341600,2027,272,5.5,2.66,4.37,4.5,2.2,14.6,15.9,30.6,6.5,5.2,6.5,14,3,2.8,19.6,50.9,20.4,3.3,57.5,42.5,47128,72560
"3541",6041101100,"06","041","101100",2569,38.116433,-122.524981,"Census Tract 1011, Marin County, California",NA,1041,57,7.7,3,2.34,7.7,10,7.2,13.3,48,3,4.5,2.8,3.6,0,2.6,16.4,27.1,36.4,17.5,90.4,9.6,133750,185543
"3542",6041101200,"06","041","101200",2682,38.108421,-122.55249,"Census Tract 1012, Marin County, California",635800,1073,46,5.8,2.54,1.75,0,4.8,13.9,6.8,19.2,21.2,27.9,2.1,4.1,0,2.4,19.7,52,23.5,2.4,76.1,23.9,64479,104681
"3543",6041102100,"06","041","102100",2295,38.125884,-122.594873,"Census Tract 1021, Marin County, California",742000,945,28,7.2,2.56,2.81,0.7,5.6,16.9,24.1,42.3,9.8,0,0,0.4,0,1.2,10.1,29.5,49.9,9.3,84.2,15.8,99688,146911
"3544",6041102202,"06","041","102202",5885,38.11645,-122.591928,"Census Tract 1022.02, Marin County, California",636200,2279,20,6.3,2.72,2.13,1.1,2.5,5,4.7,27.6,38.1,19.5,1.5,0,0.5,4.5,14.2,40.7,36.9,3.2,76.3,23.7,76220,87630
"3545",6041102203,"06","041","102203",4753,38.110297,-122.571743,"Census Tract 1022.03, Marin County, California",572400,2078,132,4.7,2.49,2.11,1.7,5.2,0.9,16.7,26.9,10.1,17.5,13,8,3.7,18,30.3,32.6,12.6,2.8,39.1,60.9,53438,80758
"3546",6041103100,"06","041","103100",7168,38.105482,-122.610514,"Census Tract 1031, Marin County, California",716700,2762,159,6.7,2.6,3.65,0,1.2,2.2,13.5,29.8,34,16,0.5,2.9,0,3.7,3.5,47.9,34.9,10,83.6,16.4,94629,124045
"3547",6041103200,"06","041","103200",6504,38.101182,-122.582511,"Census Tract 1032, Marin County, California",695900,2634,96,5.3,2.51,2.07,2.8,1.5,12.9,10.1,31.6,12.9,20.3,5.5,2.4,5.7,12.3,20.5,38.6,19.6,3.5,60.9,39.1,67083,90630
"3548",6041104101,"06","041","104101",7819,38.077924,-122.560453,"Census Tract 1041.01, Marin County, California",703300,3204,97,6.3,2.49,2.3,6.9,10.3,6.2,21.1,15.3,21.1,14.6,2,2.6,0.3,7.2,11.8,42.3,29.4,9,78.4,21.6,99032,128244
"3549",6041104102,"06","041","104102",5135,38.085524,-122.557152,"Census Tract 1041.02, Marin County, California",392000,2126,76,4.6,2.32,2.68,0.8,0,10.8,14.5,46.3,10.8,16.3,0.5,0,1.3,9.8,43.5,38.1,6.7,0.6,50.5,49.5,73220,80385
"3550",6041104200,"06","041","104200",5722,38.059572,-122.550218,"Census Tract 1042, Marin County, California",682700,2482,0,5.9,2.24,2.42,1.3,0,14.2,16.2,35.1,18.3,13.8,0.6,0.5,2.1,5.7,32.6,34.9,17.8,6.8,66.7,33.3,76379,108458
"3551",6041104300,"06","041","104300",1530,38.076969,-122.512079,"Census Tract 1043, Marin County, California",834000,655,64,6.3,2.29,3.16,3.4,0,7,23.8,24.3,37.7,2.3,1.5,0,0,0,9.5,55,33.3,2.3,90.7,9.3,114583,148350
"3552",6041105000,"06","041","105000",6590,38.05394,-122.521372,"Census Tract 1050, Marin County, California",349600,2758,343,5.2,2.31,2.77,14.8,25.7,15.6,11.2,16,3.3,2.6,4,6.8,0.5,4.6,42.1,37.4,11.7,3.7,68.5,31.5,69139,87589
"3553",6041106001,"06","041","106001",4048,38.016394,-122.533311,"Census Tract 1060.01, Marin County, California",362000,2346,166,4,1.78,1.63,4.3,4.7,33.5,24,26.1,6.9,0,0.5,0,1.4,27.8,52.7,16.2,1.8,0,48.5,51.5,68545,78839
"3554",6041106002,"06","041","106002",5625,38.00605,-122.520712,"Census Tract 1060.02, Marin County, California",566400,2204,92,5.4,2.41,2.55,1.5,3.6,11.3,17.2,10.7,11.7,35.5,7.8,0.9,0,7.3,26,39.9,25.7,1.1,69.2,30.8,64830,89617
"3555",6041107000,"06","041","107000",6142,38.033708,-122.558847,"Census Tract 1070, Marin County, California",803700,2399,0,6.6,2.39,2.55,0,0,8.4,8.7,11.2,32.6,35.8,1.7,1.6,0,2.6,9.1,32.1,49.7,6.5,85.9,14.1,123239,151554
"3556",6041108100,"06","041","108100",6406,38.015397,-122.558157,"Census Tract 1081, Marin County, California",713100,2799,117,6.2,2.42,2.64,0.6,0,2.7,1.5,11.2,45.9,36,2,0,0,3.7,10.8,42.3,33.3,9.8,87.8,12.2,100833,118854
"3557",6041108200,"06","041","108200",6836,37.999533,-122.546271,"Census Tract 1082, Marin County, California",765300,3218,223,4.4,2.2,2.19,4,3.8,5.9,9.6,14.8,31.9,21.2,5.3,3.6,1.1,27.7,26.1,25.1,15.8,4.2,51.5,48.5,64647,94913
"3558",6041109001,"06","041","109001",3853,37.980688,-122.527099,"Census Tract 1090.01, Marin County, California",931600,1922,130,4.9,2.13,2.07,0,2,3.7,6.5,10.6,25.9,26.5,16.2,8.5,3,25.5,20.4,37.9,12.3,0.9,40.8,59.2,59234,80507
"3559",6041109002,"06","041","109002",3956,37.981077,-122.545883,"Census Tract 1090.02, Marin County, California",867800,1930,81,5.3,2.63,1.8,0.9,1.9,4.2,8.8,15.9,16.4,23.3,18.1,10.5,0.8,21.7,22.9,36.4,15.2,3.1,53.5,46.5,89652,120172
"3560",6041110100,"06","041","110100",5849,37.977618,-122.512979,"Census Tract 1101, Marin County, California",912200,2563,173,5,2.39,1.87,0.6,0,2.5,4.5,9.4,29.3,27.6,8.8,17.2,1.8,22.3,30.1,26.6,12.3,6.8,53.4,46.6,85260,133363
"3561",6041110200,"06","041","110200",5327,37.986017,-122.47799,"Census Tract 1102, Marin County, California",979900,2366,63,7.3,2.49,2.38,1.8,1.8,6.8,13.5,17.9,37.2,14.2,1.5,5.4,0,0.8,11.3,40,41.7,6.1,90.8,9.2,143750,179691
"3562",6041111000,"06","041","111000",5852,37.97033,-122.53563,"Census Tract 1110, Marin County, California",776700,3050,314,4,2.18,1.8,5.4,6,2.8,3.9,6.1,15.4,14.1,9.5,36.8,9.1,29.7,30.2,23.1,6.8,1,32.7,67.3,61037,85585
"3563",6041112100,"06","041","112100",4315,37.961478,-122.522235,"Census Tract 1121, Marin County, California",741000,2030,140,4.9,2.14,2.48,0,0,1.4,7.5,13.6,12.5,26.3,21.6,17.2,6.9,15.6,32.3,32.6,11.7,0.9,52.4,47.6,79403,105239
"3564",6041112201,"06","041","112201",7809,37.965714,-122.505525,"Census Tract 1122.01, Marin County, California",201700,2012,54,3.8,2.49,3.9,0.7,0,0,3.3,11.3,52.2,16.5,14.3,1.6,12.1,25,44.8,15.6,2.5,0,8.4,91.6,30983,42308
"3565",6041112202,"06","041","112202",4217,37.964353,-122.499943,"Census Tract 1122.02, Marin County, California",546000,1409,84,4.7,2.1,3.13,0,0.9,24.8,20.4,22.4,14.3,13.9,0.4,3,0,17.5,34.1,42.7,5.7,0,50.9,49.1,46479,80220
"3566",6041113000,"06","041","113000",3656,38.011639,-122.669568,"Census Tract 1130, Marin County, California",760500,1569,44,5.2,2.91,2.2,2.5,0,3.1,3.8,18.3,18.5,21.1,10.5,22.2,1.7,17.5,35.8,27.9,13.6,3.4,73.2,26.8,90028,104018
"3567",6041114100,"06","041","114100",5133,37.984095,-122.594462,"Census Tract 1141, Marin County, California",711400,2324,69,5.1,2.34,2.43,0,0,3.5,3,10.4,15.6,26.1,10.3,31.1,2.2,12.2,35.2,41.6,6.1,2.8,65,35,107396,126526
"3568",6041114200,"06","041","114200",3087,37.996992,-122.593207,"Census Tract 1142, Marin County, California",709000,1331,68,4.8,2.53,1.64,0.5,0.6,4.9,4.4,16.7,26.8,24.9,10,11.3,4.6,14.1,30.7,33.2,15.3,2,57.8,42.2,75848,99901
"3569",6041115000,"06","041","115000",7249,37.996426,-122.577366,"Census Tract 1150, Marin County, California",909000,2842,41,6.1,2.67,2.56,1.4,2.6,2.4,7.2,10.6,13.4,24,22.2,16.3,0.5,5,20.9,47,22.1,4.6,85.3,14.7,130280,164647
"3570",6041116000,"06","041","116000",3070,37.980528,-122.574514,"Census Tract 1160, Marin County, California",738200,1325,51,5.5,2.36,2.02,0.8,0.2,0.9,3.4,6.5,18.3,9.7,13.1,47.1,1.9,12.7,35.9,36.3,10.4,2.8,63.9,36.1,78542,107277
"3571",6041117000,"06","041","117000",4527,37.974596,-122.563704,"Census Tract 1170, Marin County, California",937100,2126,249,5.6,2.53,1.79,1.3,4.4,1.9,7.9,7.5,9.8,17.4,14.3,35.6,5.5,14.6,30.6,32.1,13,4.1,59,41,81875,120228
"3572",6041118100,"06","041","118100",2407,37.964244,-122.559862,"Census Tract 1181, Marin County, California",NA,806,103,7.4,2.77,3.29,0,2.4,3,3.1,7.1,9.9,7.4,7.8,59.3,2.4,3.6,9.1,43.4,24.6,17,89.6,10.4,145250,251176
"3573",6041119100,"06","041","119100",4609,37.952701,-122.549555,"Census Tract 1191, Marin County, California",NA,1915,92,6.6,2.77,1.84,1,1.6,7.3,7.4,7,12.8,35.5,8.2,19.1,1.7,11.6,17.4,36.7,23.7,9,69.2,30.8,155859,241240
"3574",6041119201,"06","041","119201",3288,37.946094,-122.5301,"Census Tract 1192.01, Marin County, California",557600,1962,84,4.1,1.55,1.85,0,0,4.1,12.8,29.1,39.2,13.7,1,0,2.1,27.4,51,16.7,1.5,1.4,27.8,72.2,70682,93445
"3575",6041119202,"06","041","119202",3361,37.951658,-122.524449,"Census Tract 1192.02, Marin County, California",NA,1278,0,6.5,2.59,3.04,0,2.3,2.3,2.2,4.9,23.2,39.3,24.3,1.6,0,1.2,2,56,31.3,9.5,86.3,13.7,129145,194979
"3576",6041120000,"06","041","120000",6027,37.937221,-122.5371,"Census Tract 1200, Marin County, California",NA,2962,116,5.4,2.35,1.67,0.4,2.7,2.4,3.2,26.8,13.4,13.6,10.2,27.3,1.7,24.1,25.5,27.1,18.9,2.8,62.3,37.7,98362,158361
"3577",6041121100,"06","041","121100",5175,37.924707,-122.523741,"Census Tract 1211, Marin County, California",919000,2365,61,5,2.39,2.12,0.7,2.9,3.1,9.9,10.1,16.1,29.5,13.3,14.4,0.6,8.8,42.8,38,9.2,0.6,57.6,42.4,105464,148845
"3578",6041121200,"06","041","121200",5601,37.92631,-122.504213,"Census Tract 1212, Marin County, California",741100,2703,202,5.1,2.31,2.11,2.3,1.3,13.1,17,9.9,28.6,20.3,3.3,4.2,4.4,12.3,23.1,43.7,15.1,1.6,68.9,31.1,84320,116424
"3579",6041122000,"06","041","122000",4854,37.940299,-122.490158,"Census Tract 1220, Marin County, California",NA,0,0,NA,NA,NA,NA,NA,NA,NA,NA,NA,NA,NA,NA,NA,NA,NA,NA,NA,NA,NA,NA,NA,NA
"3580",6041123000,"06","041","123000",2074,37.873685,-122.46615,"Census Tract 1230, Marin County, California",NA,1028,124,6.8,2.43,2.24,0,4.6,5.5,5.8,4.4,23.9,29.3,5.4,21.1,0.6,5,19.6,29.1,35.9,9.9,70.4,29.6,161136,277263
"3581",6041124100,"06","041","124100",5441,37.903399,-122.493724,"Census Tract 1241, Marin County, California",NA,2288,157,6.2,2.87,2,0,1.6,9.5,8,28.8,22.4,24.5,2.4,2.8,3.9,12.1,16.5,32.4,23.6,11.5,63.4,36.6,113229,227842
"3582",6041124200,"06","041","124200",5626,37.885664,-122.463692,"Census Tract 1242, Marin County, California",NA,2822,322,5.8,2.47,2.02,0.3,8.3,5.6,15,14,27.6,18.2,2.7,8.2,1.3,9.9,26.2,37.6,16.1,8.9,65.1,34.9,121250,215772
"3583",6041125000,"06","041","125000",4262,37.892239,-122.508415,"Census Tract 1250, Marin County, California",NA,2046,169,4.5,2.49,1.74,1.4,4.4,10.7,5.4,22.4,24.5,24.5,5.7,0.9,6.3,20.7,31.2,23.7,14.5,3.6,41.8,58.2,91845,154156
"3584",6041126100,"06","041","126100",5808,37.905528,-122.538445,"Census Tract 1261, Marin County, California",NA,2609,215,6,2.59,2.18,2.6,2.6,5.9,3.5,5.9,13.4,21.6,11.7,32.8,0.5,7.9,27.1,37.4,17.1,10.1,74.8,25.2,122317,177614
"3585",6041126200,"06","041","126200",4249,37.901455,-122.522216,"Census Tract 1262, Marin County, California",885200,2269,57,4.6,2.04,1.86,0,0,3.8,18.1,39.5,18,13.5,3.7,3.3,0,28.9,34.6,22.3,9.6,4.7,47.5,52.5,80089,124201
"3586",6041127000,"06","041","127000",4579,37.907535,-122.553361,"Census Tract 1270, Marin County, California",NA,2180,299,6,2.38,1.77,1.3,0.5,4.4,5.2,9.3,16.2,18.8,7.2,37.1,2.8,11.7,23,37.6,15.8,9.1,76.2,23.8,135852,213743
"3587",6041128100,"06","041","128100",6505,37.87914,-122.53466,"Census Tract 1281, Marin County, California",970700,2751,191,5.8,2.51,2.27,1.6,3.8,3.5,15,18.6,22.7,17.8,8.3,8.8,1.9,6.7,23,47.4,17,4,79.8,20.2,123083,160904
"3588",6041128200,"06","041","128200",4582,37.892791,-122.543338,"Census Tract 1282, Marin County, California",NA,2002,130,5.7,2.49,1.94,0,1.7,8.4,5.6,10.8,20.4,26.6,11.3,15.1,3.3,10.1,26.6,39.1,15.5,5.3,79.1,20.9,108500,155728
"3589",6041129000,"06","041","129000",2359,37.871009,-122.512633,"Census Tract 1290, Marin County, California",514900,1106,64,4.2,2.27,2.32,4.3,0.5,32.6,18.5,12.7,18.5,6.4,4.3,2.1,1.6,16.7,50.5,25.8,5.4,0,24,76,42353,59829
"3590",6041130201,"06","041","130201",3191,37.851137,-122.483636,"Census Tract 1302.01, Marin County, California",NA,2100,145,5.1,2.13,1.61,3.8,1,4,4.1,15.6,15.2,14,3.3,38.9,3.1,24.7,28.3,32.2,10,1.7,49.1,50.9,112163,163350
"3591",6041130202,"06","041","130202",4453,37.863708,-122.497145,"Census Tract 1302.02, Marin County, California",808700,2672,227,4.3,1.84,1.46,1.5,1.3,4.9,11.9,32.5,19.9,6.9,4.2,16.9,5.2,28,44.5,17.5,4.9,0,47.7,52.3,84173,125919
"3592",6041131100,"06","041","131100",1038,37.9009,-122.57631,"Census Tract 1311, Marin County, California",NA,498,90,5.6,2.24,1.84,0,0,3.6,1.4,29.7,22.9,12.9,2.6,26.9,9.8,12,21.1,45.8,10,1.2,56.9,43.1,117083,148043
"3593",6041132100,"06","041","132100",2311,37.906477,-122.685719,"Census Tract 1321, Marin County, California",NA,1601,871,4.7,2.19,2.09,0.9,0,5.6,13.6,16.1,15.8,12.6,7.8,27.6,3.2,18.9,41.3,27,8.6,1.1,64.4,35.6,70909,95237
"3594",6041132200,"06","041","132200",1774,38.081739,-122.850495,"Census Tract 1322, Marin County, California",921600,1308,489,4.8,1.87,3,7.2,4.5,14.9,5.8,15.1,15.5,15.6,9.4,12,7.5,7.2,38.9,26.6,18,1.8,65.6,34.4,54583,93121
"3595",6041133000,"06","041","133000",3226,38.145942,-122.808428,"Census Tract 1330, Marin County, California",889600,1864,620,5.3,2.16,3.19,2.4,3.4,11.1,17.4,13.3,5.6,7.3,4.7,34.8,6.7,9,29.5,43,10.8,1,60,40,79375,113630
"3596",6041990100,"06","041","990100",0,37.995613,-123.036139,"Census Tract 9901, Marin County, California",NA,0,0,NA,NA,NA,NA,NA,NA,NA,NA,NA,NA,NA,NA,NA,NA,NA,NA,NA,NA,NA,NA,NA,NA
"3597",6043000101,"06","043","000101",3929,37.51812,-119.996577,"Census Tract 1.01, Mariposa County, California",248600,1969,411,4.9,2.16,2.5,6.1,2.4,19.5,21.6,28.6,4.3,11.3,0.7,5.4,7.2,13.1,34.3,39.7,5.5,0.4,56.9,43.1,40500,54216
"3598",6043000102,"06","043","000102",2719,37.433341,-120.028323,"Census Tract 1.02, Mariposa County, California",277700,1418,186,5.7,2.3,2.42,0.6,5.1,18.3,21.5,29.7,2.8,6.3,9.6,6,0.4,12.8,24,46.4,9.7,6.6,72.3,27.7,49559,63748
"3599",6043000200,"06","043","000200",3352,37.702035,-120.244207,"Census Tract 2, Mariposa County, California",279900,2105,605,5.2,2.23,3.16,12.4,5.4,20.7,17.9,18,10.1,5.3,3.3,7,2.9,10.3,28.9,47.7,8.6,1.7,80.7,19.3,46399,66095
"3600",6043000301,"06","043","000301",3743,37.456944,-119.864283,"Census Tract 3.01, Mariposa County, California",234900,1983,370,5.2,2.22,2.26,3.3,8,23.5,20,23.8,6.4,8.4,1.6,5.1,0,8.5,32.5,53.6,5.4,0,67.4,32.6,55346,59979
"3601",6043000302,"06","043","000302",2706,37.507144,-119.807931,"Census Tract 3.02, Mariposa County, California",229900,1683,345,5.1,2.07,2.15,3.7,13.1,9.2,24.3,26,15.8,3.1,0,4.7,0.7,7.7,27.2,55.1,8.7,0.7,91.3,8.7,49202,61855
"3602",6043000400,"06","043","000400",1802,37.696915,-119.648141,"Census Tract 4, Mariposa County, California",228100,984,618,4.6,1.92,2.53,3.6,0,14.8,21.2,14.3,5.9,12.2,9.2,18.7,13,6.5,34.6,29.9,13.2,2.8,26.5,73.5,63229,74747
"3603",6045010100,"06","045","010100",2587,39.803383,-123.243562,"Census Tract 101, Mendocino County, California",278600,1135,151,5,2.33,3.1,1.9,5.1,9.6,13.3,27.7,11.6,16.6,3.8,10.5,2.5,15,30.8,40.4,10.7,0.7,69.9,30.1,27402,38054
"3604",6045010200,"06","045","010200",4155,39.734892,-123.576944,"Census Tract 102, Mendocino County, California",389700,2044,473,4.5,2.27,1.95,3.5,6,11.7,14,20.2,14.9,7.1,7.6,15,7.3,20,29.6,28.3,14.4,0.4,61.9,38.1,32147,44415
"3605",6045010300,"06","045","010300",4272,39.45136,-123.767874,"Census Tract 103, Mendocino County, California",439500,1989,384,5,2.25,2.46,2.1,7.5,12.2,15.6,20.5,7,12.5,6,16.6,0,18.7,36.8,37.2,6,1.3,74.3,25.7,45250,63241
"3606",6045010400,"06","045","010400",3467,39.446982,-123.7995,"Census Tract 104, Mendocino County, California",379500,1732,348,4.9,2.21,2.45,1.9,2.8,13.7,10.9,13.2,6.4,15.2,12.5,23.4,4.5,17.6,40.2,31.7,5.3,0.6,53.5,46.5,41786,52289
"3607",6045010500,"06","045","010500",4439,39.436065,-123.798,"Census Tract 105, Mendocino County, California",358200,1989,195,4.4,2.69,2.27,1,1.8,8.8,20.9,23.4,5.2,15.8,8.6,14.5,1.4,23.9,41.2,29.8,2.5,1.2,43.2,56.8,30722,43030
"3608",6045010600,"06","045","010600",6917,39.43024,-123.362525,"Census Tract 106, Mendocino County, California",361400,3283,461,5,2.35,2.48,5.2,5.3,17,27.2,21.6,8.6,6.8,2.1,6.1,2.3,12.4,37.7,40.3,7.3,0,78,22,46262,60725
"3609",6045010700,"06","045","010700",6203,39.4058,-123.355074,"Census Tract 107, Mendocino County, California",270200,2686,222,5,2.59,2.26,1.3,6,12.7,14.8,21.2,14.5,14.6,10.3,4.5,3.9,12,36.2,37.7,8.7,1.5,50.2,49.8,40846,49882
"3610",6045010801,"06","045","010801",5915,39.276366,-123.206653,"Census Tract 108.01, Mendocino County, California",433900,2215,240,5.4,2.97,2.72,2.8,6,10.6,16.4,23.2,15.1,9.5,5.6,10.8,1,13,22.8,50.1,12.4,0.7,74.8,25.2,58070,72982
"3611",6045010802,"06","045","010802",1785,39.317744,-123.104697,"Census Tract 108.02, Mendocino County, California",449300,838,145,5.3,2.78,3.66,1.8,1.8,10.5,16.7,24.1,11.5,13.8,8.5,11.3,0.5,9.7,42.5,30.5,10.4,6.4,56.4,43.6,57019,72685
"3612",6045010900,"06","045","010900",4332,39.211266,-123.212908,"Census Tract 109, Mendocino County, California",312100,1980,259,5.1,3.02,2.77,3.4,19,10.6,17.1,16.7,8.3,18,2.6,4.4,1.8,11.1,26.7,51.5,8,0.9,76.4,23.6,51597,65199
"3613",6045011001,"06","045","011001",1952,39.222135,-123.728505,"Census Tract 110.01, Mendocino County, California",534800,1284,325,4.4,2.07,1.6,5.1,8.6,11,15,23.2,6.7,7.6,7.5,15.5,2.7,17.1,52.2,21.5,6.5,0,73,27,35028,53604
"3614",6045011002,"06","045","011002",5364,39.355456,-123.785026,"Census Tract 110.02, Mendocino County, California",582200,3164,589,5.2,2.11,2.66,3.9,8.3,10.6,20.3,25.2,10.8,7.8,2.8,10.3,1.7,13.2,38.5,36.2,6.6,3.8,80.2,19.8,62264,73129
"3615",6045011102,"06","045","011102",3915,38.862625,-123.604055,"Census Tract 111.02, Mendocino County, California",492600,2730,1163,4.7,2.19,2.27,1.8,8,20.6,18.7,21,8,10.5,4.2,7.1,3,16.9,42.6,32.5,4.8,0.2,68.9,31.1,44040,60950
"3616",6045011200,"06","045","011200",3293,39.082747,-123.45235,"Census Tract 112, Mendocino County, California",507100,1474,352,4.7,2.25,3.15,0.5,6,10.2,21.3,19.3,6.5,8.3,5,22.9,5.6,17.4,41.2,23.1,11.7,1,64.4,35.6,40533,50212
"3617",6045011300,"06","045","011300",5972,39.129741,-123.208865,"Census Tract 113, Mendocino County, California",353800,2346,156,5,2.88,2.83,3.4,2.1,6.7,17.6,26.7,16.2,12.7,8.9,5.6,7.2,9.8,29.6,46.3,6.6,0.5,51.1,48.9,38951,49534
"3618",6045011400,"06","045","011400",4469,39.145066,-123.216681,"Census Tract 114, Mendocino County, California",358900,1730,57,5.5,2.54,1.85,1.8,1.7,3.9,2.5,13.7,16.3,26.8,23.3,10.1,0.6,14.5,28.3,40.3,14.6,1.7,69.2,30.8,56815,68520
"3619",6045011500,"06","045","011500",6739,39.157348,-123.206836,"Census Tract 115, Mendocino County, California",304700,2658,111,5,2.63,2.62,0.5,2.6,7.2,13.9,24.2,14.3,20.9,7.9,8.5,0.9,6.7,45.1,36.6,10.3,0.5,41.7,58.3,45308,53920
"3620",6045011600,"06","045","011600",5802,39.138206,-123.204066,"Census Tract 116, Mendocino County, California",271200,2389,158,3.9,2.74,2.49,2,3,13,18.1,19.3,16.1,13.5,6.5,8.5,6.7,35.5,37.3,15.4,3.8,1.2,27.6,72.4,35543,44416
"3621",6045011700,"06","045","011700",4181,39.144484,-123.169093,"Census Tract 117, Mendocino County, California",446900,1582,100,5.6,2.36,2.96,0.6,4,16.2,13.1,29.1,8.5,14,4,10.3,0,8.5,27.4,48,14.7,1.5,71.5,28.5,73594,84985
"3622",6045011800,"06","045","011800",2082,38.972875,-123.12641,"Census Tract 118, Mendocino County, California",605300,937,194,5.1,3,2.8,6.6,12.7,23.3,16.9,5.9,7.4,10.1,4.8,12.4,2.7,21.9,25,38.2,11.4,0.9,60.6,39.4,43582,59587
"3623",6045990100,"06","045","990100",0,39.380294,-123.837729,"Census Tract 9901, Mendocino County, California",NA,0,0,NA,NA,NA,NA,NA,NA,NA,NA,NA,NA,NA,NA,NA,NA,NA,NA,NA,NA,NA,NA,NA,NA
"3624",6047000201,"06","047","000201",3626,37.443232,-120.741553,"Census Tract 2.01, Merced County, California",330700,1135,108,5.2,3.72,3.66,6.3,0.8,8.5,14.4,20.4,15.9,12.4,12.9,8.5,0,4.5,31.9,47.9,14.6,1.1,62,38,50684,71189
"3625",6047000202,"06","047","000202",1841,37.411505,-120.778049,"Census Tract 2.02, Merced County, California",121300,507,20,6,2.55,4.18,8.1,7.1,21.3,23.5,8.1,5.9,0,3.6,22.5,0,2.6,40.8,24.1,32.5,0,56.1,43.9,49375,59583
"3626",6047000203,"06","047","000203",9272,37.427355,-120.784864,"Census Tract 2.03, Merced County, California",174700,2473,186,5.1,3.93,3.19,4.8,24.9,37.6,11.2,8.1,4.5,5.9,1.7,1.2,0.7,4.1,13.6,57.3,21.1,3.2,81.2,18.8,51078,58303
"3627",6047000301,"06","047","000301",4790,37.391463,-120.7075,"Census Tract 3.01, Merced County, California",206100,1359,18,5.6,3.42,4.21,4.6,15.3,24.2,14.1,15.5,11.6,5.7,2.7,6.3,0,2.9,17.3,47.9,24.1,7.8,63.5,36.5,45354,53997
"3628",6047000303,"06","047","000303",2158,37.348228,-120.732949,"Census Tract 3.03, Merced County, California",388300,740,37,5.1,2.75,3.23,7.3,4.7,8.2,15.4,19.7,20.7,14.5,3.2,6.2,0,1.5,28,61.2,9.3,0,41.1,58.9,34013,52218
"3629",6047000304,"06","047","000304",9116,37.379983,-120.723736,"Census Tract 3.04, Merced County, California",225400,2355,280,5.5,4.35,4.24,19.8,15.5,18,8.9,15,4.2,12.2,3.1,3.1,1.2,1.8,14.6,45.9,25.4,11.2,57.9,42.1,47756,60568
"3630",6047000401,"06","047","000401",1834,37.328714,-120.876576,"Census Tract 4.01, Merced County, California",323900,599,48,5.2,2.36,4.49,8.2,5.7,5.8,5.2,19.7,12.7,16.2,18,8.5,1,0,36.9,49.1,13,0,69.3,30.7,51814,58490
"3631",6047000402,"06","047","000402",8071,37.409309,-120.856316,"Census Tract 4.02, Merced County, California",276200,2743,306,5.4,3.04,2.78,3.1,3.3,18.8,24,19.4,11.7,12.5,3.8,3.5,0.4,1.7,26,55,15.3,1.5,74.4,25.6,53996,77000
"3632",6047000503,"06","047","000503",3292,37.401592,-120.580903,"Census Tract 5.03, Merced County, California",386400,681,97,5.4,3.51,4.16,8.8,1.9,14.5,14.7,8.2,16.2,6.8,11.5,17.5,0,14.1,25.3,44.9,15.3,0.4,62.3,37.7,51136,81543
"3633",6047000504,"06","047","000504",6129,37.391397,-120.611251,"Census Tract 5.04, Merced County, California",176600,1963,208,4.9,3.5,3.75,5.7,15.3,6.7,13.8,14.4,15.3,12.2,7,9.6,3.8,8.8,30.5,42.9,8.2,5.8,41.7,58.3,29002,40120
"3634",6047000505,"06","047","000505",6156,37.378708,-120.628417,"Census Tract 5.05, Merced County, California",154200,2022,160,5.3,3.63,4.08,14.1,16,15.5,14.5,10.4,12.8,7.6,4.4,4.7,2.3,2.1,16.9,59.1,16.9,2.7,66.3,33.7,42097,55771
"3635",6047000601,"06","047","000601",5438,37.358092,-120.619007,"Census Tract 6.01, Merced County, California",126300,1771,212,5.2,3.16,3.45,0.6,0.5,3.4,24.2,42.2,9.8,9.2,7.4,2.8,0,12,25.2,48.2,14,0.6,52.3,47.7,39488,52645
"3636",6047000602,"06","047","000602",3550,37.356563,-120.604284,"Census Tract 6.02, Merced County, California",171300,1184,81,5.5,3.27,3.14,0,2.1,5.7,3.4,20.6,25.3,29.6,5.7,7.6,1.5,8,24,45.9,18.9,1.6,59.7,40.3,36536,56783
"3637",6047000603,"06","047","000603",6143,37.36494,-120.591846,"Census Tract 6.03, Merced County, California",214500,2082,225,5.2,3.07,3.4,2,2.5,23.6,33.2,23.7,9,3.3,2.6,0,1.4,8.8,20.7,57.8,10.3,0.9,51.5,48.5,35596,62217
"3638",6047000701,"06","047","000701",3191,37.348255,-120.604292,"Census Tract 7.01, Merced County, California",153300,1135,153,4.5,2.79,3.47,0,0,3.7,9.6,12.7,15.3,27.2,22.7,8.7,0,16.2,44.1,34.8,4.9,0,34.2,65.8,32990,41494
"3639",6047000702,"06","047","000702",4903,37.323647,-120.59829,"Census Tract 7.02, Merced County, California",385800,1586,152,6.6,3.07,3.54,11,18,15.1,18.1,13.6,4,10.4,2.6,7.1,2.5,0,11.5,43.4,39,3.7,88.6,11.4,88611,97032
"3640",6047000801,"06","047","000801",4444,37.354977,-120.585425,"Census Tract 8.01, Merced County, California",142900,1799,379,5.1,3.98,2.84,3.1,4.9,14.5,5.8,10.3,16.6,30.9,11.3,2.7,0,1.5,30.1,51.1,16.9,0.3,31.2,68.8,42225,47462
"3641",6047000802,"06","047","000802",4296,37.344166,-120.586789,"Census Tract 8.02, Merced County, California",148400,1448,47,5.4,2.78,4.03,2.2,33.6,23.1,13.9,12.4,7.9,7,0,0,0,2.1,14,58.8,24,1,69.7,30.3,53116,60820
"3642",6047000901,"06","047","000901",3970,37.21407,-120.521969,"Census Tract 9.01, Merced County, California",366000,1232,92,5.2,3.83,3.31,8.8,0.2,19.2,13,17.3,11.6,9.4,12.8,7.7,0.4,12.8,23.5,48.8,11.4,3.1,41.4,58.6,49182,72489
"3643",6047000902,"06","047","000902",8419,37.327811,-120.540549,"Census Tract 9.02, Merced County, California",205000,2587,382,6,3.41,4.3,21.1,12.3,11.6,14.7,18.9,6.1,6.8,5.5,3,2,4.7,13.4,46.3,20.2,13.3,77.7,22.3,59107,84716
"3644",6047001002,"06","047","001002",13467,37.335755,-120.486327,"Census Tract 10.02, Merced County, California",194400,4650,742,5.9,3.36,3.25,30.1,23.5,11.3,21.2,6.4,3.5,1.3,0.4,2.3,1.8,4.7,17.1,37.6,27.4,11.4,52.6,47.4,66734,69697
"3645",6047001003,"06","047","001003",4061,37.321199,-120.494236,"Census Tract 10.03, Merced County, California",134600,1478,255,4.3,3.56,2.94,0.7,2.1,3.5,30,50.5,7.6,4.2,1.3,0,3.5,18.3,40.4,32.1,5.1,0.7,18.4,81.6,20511,31817
"3646",6047001004,"06","047","001004",3968,37.318653,-120.477881,"Census Tract 10.04, Merced County, California",187500,1863,129,4.1,2.37,2.22,1.2,2.1,2.4,29.7,34.8,19.7,9.3,0,0.8,2,23.3,58.7,12.8,2.8,0.4,10.7,89.3,24529,42002
"3647",6047001005,"06","047","001005",2406,37.312697,-120.502217,"Census Tract 10.05, Merced County, California",101600,934,51,4.5,2.62,2.42,20.8,8.2,16.9,20.7,21.2,8.8,0.2,0,3.2,0,10.7,52.9,31.8,4.4,0.2,42.4,57.6,27223,44076
"3648",6047001101,"06","047","001101",5880,37.3246,-120.46088,"Census Tract 11.01, Merced County, California",201400,2154,212,5.8,2.65,3.07,1.1,2.4,27.5,13.3,29.6,21.5,4.6,0,0,0,5.6,13.7,45,34.3,1.4,50.8,49.2,53438,62983
"3649",6047001200,"06","047","001200",5023,37.314277,-120.455198,"Census Tract 12, Merced County, California",233800,1896,95,5.9,2.73,2.59,0,2.1,5.7,11.9,25.6,32.2,17.4,2.1,3.1,2.2,10,12.8,52.1,22,0.9,68.5,31.5,54821,71092
"3650",6047001301,"06","047","001301",3213,37.308708,-120.489924,"Census Tract 13.01, Merced County, California",142900,1362,187,4.6,2.37,2.25,0,0.7,6.5,16.6,6.9,7.7,28.9,14.1,18.6,1,24.2,39.1,34.3,1.5,0,31.4,68.6,28679,38139
"3651",6047001302,"06","047","001302",3264,37.30448,-120.477138,"Census Tract 13.02, Merced County, California",187500,1285,147,3.8,2.41,2.68,0,0,4.4,5.2,21.9,12.8,14.8,7.8,33.2,12.1,39.6,23.7,14,5.8,4.7,17.6,82.4,26292,35398
"3652",6047001401,"06","047","001401",3953,37.298642,-120.462843,"Census Tract 14.01, Merced County, California",124000,1534,214,4.8,3.31,2.7,3.6,1,3.3,5.1,7.6,20.5,21.6,26.8,10.4,8,15.5,35.3,35.6,5.5,0,39.8,60.2,37214,46285
"3653",6047001402,"06","047","001402",4277,37.304297,-120.453701,"Census Tract 14.02, Merced County, California",198200,1545,152,5.5,2.76,3.07,0,2.7,5.6,21.4,19.3,17.9,20,10.6,2.4,4.5,7.5,22.4,51.6,12.5,1.6,60.7,39.3,38828,66771
"3654",6047001501,"06","047","001501",2693,37.300825,-120.51077,"Census Tract 15.01, Merced County, California",154900,788,23,5.7,4.11,3.82,0.5,23.6,22.1,24.2,7.6,11.3,7.6,0,3,0,4.3,7,53.3,34.9,0.5,62.9,37.1,41840,62230
"3655",6047001502,"06","047","001502",2822,37.298663,-120.496892,"Census Tract 15.02, Merced County, California",91400,777,46,4.4,4,4.24,0,1.7,7.7,3.9,21.8,11.6,31.8,15.3,6.3,0,12.5,43.4,32.2,10.4,1.5,31.9,68.1,28536,34370
"3656",6047001503,"06","047","001503",4438,37.292083,-120.499354,"Census Tract 15.03, Merced County, California",112700,1277,100,5,3.78,4.08,0.9,1.9,11.1,14.9,16.9,16.6,25.4,7,5.4,0.9,12,30.9,40.7,15.5,0,29.1,70.9,25065,31843
"3657",6047001601,"06","047","001601",4498,37.292242,-120.481644,"Census Tract 16.01, Merced County, California",81900,1121,125,4.1,3.66,3.71,6.9,10.8,5.3,26.8,19.6,1.4,21.3,7.2,0.7,6.9,17.4,43.7,24.8,7.2,0,8.3,91.7,24414,32281
"3658",6047001602,"06","047","001602",7243,37.282674,-120.486596,"Census Tract 16.02, Merced County, California",143200,1883,199,5.2,4.25,4.98,10.6,37.3,13,13.4,1.2,7.1,7.2,8.8,1.5,2.4,1.1,14,55.7,25.2,1.7,47,53,33056,40420
"3659",6047001700,"06","047","001700",6335,37.286374,-120.447368,"Census Tract 17, Merced County, California",89300,2347,366,4.9,3.04,3.95,9,16.1,12.3,17.5,19.9,5.2,11.6,4.6,3.9,1.6,5.6,38.4,44.7,7.7,2.1,53.1,46.9,30625,44056
"3660",6047001801,"06","047","001801",4288,37.340808,-120.446812,"Census Tract 18.01, Merced County, California",312900,1119,44,6.3,3.03,2.42,5.8,49.5,29,3.7,10.5,0,0.6,1,0,0,3.8,5.1,48.8,38.1,4.2,79.1,20.9,90865,119751
"3661",6047001901,"06","047","001901",5739,37.290931,-120.321233,"Census Tract 19.01, Merced County, California",186800,1548,167,5,3.98,3.79,9.9,5.3,17,14.4,22.2,7.5,8.9,11,3.8,6.8,6.4,20.7,44.8,18.9,2.4,59.7,40.3,34063,48881
"3662",6047001902,"06","047","001902",2572,37.229276,-120.258995,"Census Tract 19.02, Merced County, California",168800,870,91,5.3,3.55,3.06,4.5,2.6,16.4,15.7,12.9,15.4,12.8,9.2,10.5,0,6,21.8,54.4,15.5,2.3,63.9,36.1,43194,69354
"3663",6047002000,"06","047","002000",7835,37.237195,-120.998895,"Census Tract 20, Merced County, California",181300,3205,320,5.2,3.12,3.57,0,13.4,12.1,14.2,16.8,10.2,8.3,9,16,1.7,8.3,24.7,44.6,19.7,1,58.1,41.9,45179,57230
"3664",6047002100,"06","047","002100",3862,37.063921,-120.922458,"Census Tract 21, Merced County, California",116400,1539,371,4.7,3.07,3.14,8.3,22.5,15.5,16.2,14,6.4,3.6,7.9,5.6,4.2,13.9,30.2,42.8,5.5,3.4,48,52,39268,55465
"3665",6047002201,"06","047","002201",6097,37.063042,-120.8536,"Census Tract 22.01, Merced County, California",115800,2115,226,4.4,3.33,3.26,2,5.6,5.8,19.2,24.6,17,7.9,7.4,10.4,2.5,14,42.1,35,5.5,0.9,33.7,66.3,27871,34462
"3666",6047002202,"06","047","002202",9923,37.075849,-120.845136,"Census Tract 22.02, Merced County, California",174100,3013,384,5.8,3.63,4.03,6.7,17.1,35.5,18.6,10.1,9.4,2.1,0,0.5,0.6,0.3,6.3,52.5,33.2,7.2,68.2,31.8,54436,59713
"3667",6047002301,"06","047","002301",6680,37.050669,-120.859019,"Census Tract 23.01, Merced County, California",249100,2296,348,6.5,3.21,3.17,9.1,20.6,24.3,11.9,8.2,12.8,4.4,5.1,3.7,0,1,4.5,51,39.6,4,76.6,23.4,64900,94530
"3668",6047002302,"06","047","002302",13709,37.065993,-120.824449,"Census Tract 23.02, Merced County, California",174500,4296,736,5.7,3.75,3.74,9.8,31.8,35.5,7.5,6.1,1.5,3.3,4.2,0.3,1.1,1.8,16,40.5,33.7,6.9,61.9,38.1,59798,62561
"3669",6047002401,"06","047","002401",1756,37.03558,-120.638866,"Census Tract 24.01, Merced County, California",196000,549,155,5,3.02,2.71,1.1,9.1,2.4,19.7,9.3,36.8,0,13.5,8.2,8.9,0,23,57.4,4.2,6.6,52.5,47.5,41250,56961
"3670",6047002402,"06","047","002402",7505,36.98151,-120.633074,"Census Tract 24.02, Merced County, California",152100,2501,285,5.2,3.22,4.15,10.5,10.6,11.2,12.8,8.8,10.7,17,9.5,9,0,6.1,25.5,54.4,13.3,0.7,65.2,34.8,34504,43590
"3671",6047002500,"06","047","002500",2328,37.430875,-120.482052,"Census Tract 25, Merced County, California",375500,814,67,5.5,3.1,3.49,5.7,7.4,20.3,7.6,19.3,6.8,9.6,5.8,17.7,0,3.4,20.8,50.9,23.8,1.1,69.7,30.3,62159,117650
"3672",6047002600,"06","047","002600",5319,37.306609,-120.43263,"Census Tract 26, Merced County, California",262100,1424,77,6.1,2.93,4.76,9.6,28.5,19.9,9.9,12.2,11.6,3.9,3.7,0.7,0.6,0.7,10.3,55.6,28.9,3.9,71.5,28.5,81674,108872
"3673",6049000100,"06","049","000100",3518,41.491927,-120.545067,"Census Tract 1, Modoc County, California",130400,1606,254,4.9,2.1,2.43,4.4,0.4,4.6,12.3,19.1,9.6,17.4,13.5,18.7,1.8,12.9,34.3,41,10,0,57.5,42.5,32368,46161
"3674",6049000200,"06","049","000200",1910,41.599153,-121.251503,"Census Tract 2, Modoc County, California",145000,1151,281,5.4,2.33,3.17,0,5.2,10.9,15.7,15.8,6.2,19.7,10.6,15.9,0.4,4.3,30.6,47.6,13.8,3.3,70.3,29.7,37500,55050
"3675",6049000300,"06","049","000300",2993,41.487913,-120.600281,"Census Tract 3, Modoc County, California",221800,1524,473,5.3,2.28,2.82,1.2,3.2,12,17.7,19,15.8,7.2,2.3,21.5,5.2,13.9,23.5,36.9,18.6,2,78.4,21.6,37167,54057
"3676",6049000400,"06","049","000400",1265,41.574261,-120.159132,"Census Tract 4, Modoc County, California",180200,893,219,5.2,1.76,1.97,0.3,6.5,11.4,9,26.9,5.6,6.7,3.4,30.2,1.1,5.6,38.3,45.9,6.4,2.7,72.6,27.4,29500,42245
"3677",6051000101,"06","051","000101",3463,37.613341,-118.679952,"Census Tract 1.01, Mono County, California",356100,2686,1137,4.7,2.16,1.88,6.3,6.4,12.5,21.1,18,11.9,7.6,2.3,14,4.8,15.5,29.3,39.8,9,1.5,70.6,29.4,77908,75097
"3678",6051000102,"06","051","000102",2502,38.373585,-119.357488,"Census Tract 1.02, Mono County, California",238800,1942,894,4.4,2.34,2.6,2.2,6.1,14.9,11.4,31.8,11.8,14.2,2.1,5.6,5.8,10.3,42.4,30.1,10.9,0.5,58.1,41.9,48000,53835
"3679",6051000200,"06","051","000200",8237,37.641009,-118.97648,"Census Tract 2, Mono County, California",663700,9248,6429,4.2,2.43,3.18,3.3,4.2,14.3,17.1,45.4,11.5,1,0.6,2.7,6.5,20.6,37.9,21.7,11,2.2,49.5,50.5,56616,72427
"3680",6053000101,"06","053","000101",2079,36.737795,-121.627816,"Census Tract 1.01, Monterey County, California",299000,542,0,5.6,3.28,4.47,5.7,0,0,2.4,18.6,37.8,24.9,10.5,0,0,5,9.4,63.8,15.7,6.1,88.9,11.1,59167,68183
"3681",6053000102,"06","053","000102",9054,36.71021,-121.633723,"Census Tract 1.02, Monterey County, California",431900,2310,50,6,3.9,4.47,0.4,26.5,22.4,6.5,19.7,16.7,4.5,2.9,0.5,0,0,8.8,49.7,31.6,9.8,67.8,32.2,79286,86595
"3682",6053000103,"06","053","000103",3894,36.713189,-121.649262,"Census Tract 1.03, Monterey County, California",296100,1473,109,4.3,2.76,2.69,6.5,6,60.4,16.3,3.9,1.2,5.8,0,0,7.3,24.3,28.5,27.9,11.9,0,22.1,77.9,55972,66038
"3683",6053000104,"06","053","000104",3478,36.707643,-121.624052,"Census Tract 1.04, Monterey County, California",354900,1001,0,6.1,3.85,3.43,0,6.7,18.9,9.9,27.3,32.4,2.3,0,2.6,0,0,4.2,63.4,17.9,14.5,84.9,15.1,72958,83952
"3684",6053000200,"06","053","000200",6884,36.702315,-121.642738,"Census Tract 2, Monterey County, California",224100,1873,130,5.1,3.88,3.59,0,0,2.2,3.6,19.2,35.6,30,7.8,1.7,0,10.5,23,47.7,17.5,1.3,51,49,55044,56621
"3685",6053000300,"06","053","000300",4177,36.703467,-121.659095,"Census Tract 3, Monterey County, California",299000,1385,61,5.1,3.31,3.71,0,0,0,4.1,20.4,42.1,17.8,8.1,7.5,2.7,3.3,33.3,47.9,12.1,0.6,51.6,48.4,55962,62587
"3686",6053000400,"06","053","000400",7161,36.693523,-121.651549,"Census Tract 4, Monterey County, California",346100,2491,321,4.3,2.75,3.22,2.6,2,0,22.6,19.6,25.9,24.3,2.3,0.6,3.6,30.1,27.9,32.8,4.6,1,27.6,72.4,33712,48604
"3687",6053000501,"06","053","000501",4842,36.676191,-121.633275,"Census Tract 5.01, Monterey County, California",155000,1126,130,4.2,3.89,4.32,2.6,0,8.6,16.4,25.5,28.7,15.6,2.6,0,7.7,18.3,36.8,26.4,10.8,0,9.4,90.6,23750,32579
"3688",6053000502,"06","053","000502",4161,36.681802,-121.630814,"Census Tract 5.02, Monterey County, California",272100,1103,56,4.9,3.62,4.45,0,0,22.4,18,40.9,10,6.2,2.6,0,0,12.8,31.4,46.1,9.8,0,53.2,46.8,43849,50598
"3689",6053000600,"06","053","000600",7143,36.680323,-121.617511,"Census Tract 6, Monterey County, California",265200,1543,68,4.1,5.09,4.32,0,0,1.1,12.3,19.6,22.4,19.1,16.4,9.1,2.3,25,40.9,24.7,6.2,1,29.4,70.6,33341,40374
"3690",6053000701,"06","053","000701",6439,36.688088,-121.609528,"Census Tract 7.01, Monterey County, California",272200,1293,24,4.4,4.89,4.62,0,0,3.2,16.2,20.3,25.1,13.8,20,1.5,3.3,5.6,43.5,40.9,6.6,0,27,73,27350,35974
"3691",6053000702,"06","053","000702",6371,36.685169,-121.611278,"Census Tract 7.02, Monterey County, California",180800,1348,42,4.1,5.13,4.83,7.4,0,4.2,14.5,46,10,10.1,6.8,1,3.8,19.7,45,19.7,10.4,1.5,17.3,82.7,34297,39898
"3692",6053000800,"06","053","000800",5628,36.675272,-121.612857,"Census Tract 8, Monterey County, California",194500,1311,34,4.5,3.96,3.93,0,2.5,3.6,10.8,18.9,14,21.9,18.2,10.2,0.5,23,37.9,29.6,7,2,46.4,53.6,45744,53395
"3693",6053000900,"06","053","000900",5746,36.669802,-121.628028,"Census Tract 9, Monterey County, California",228300,1303,186,4.3,4.58,4.96,0,0,1,4.1,33.5,19,32.8,7.6,2,0.9,26.8,31,32.8,6.7,1.8,37.6,62.4,37940,50943
"3694",6053001200,"06","053","001200",3178,36.664406,-121.649047,"Census Tract 12, Monterey County, California",586400,1242,93,5.2,2.57,2.64,2.1,1.2,2.7,6,13.1,8.8,19.6,15.5,31.2,1.7,14.5,32.2,35.3,11.5,4.8,52.7,47.3,58964,97556
"3695",6053001300,"06","053","001300",2548,36.674154,-121.652842,"Census Tract 13, Monterey County, California",404700,1036,89,3.2,3.4,2.57,0,7.4,6.3,12.2,18.2,13.2,16.9,4.8,20.9,14.5,41.3,34,4.2,2.9,3.1,14.9,85.1,22582,36693
"3696",6053001400,"06","053","001400",2680,36.670347,-121.662793,"Census Tract 14, Monterey County, California",393000,1123,86,4.8,2.6,2.34,0.6,0,0,5.7,8.9,14.9,32.3,15,22.5,2.1,25,33.5,26.4,13,0,46.8,53.2,51599,66382
"3697",6053001500,"06","053","001500",5741,36.661143,-121.667397,"Census Tract 15, Monterey County, California",420800,2620,176,4.6,2.24,2.14,0.5,0,1.9,22.4,30.8,25.3,10.5,8.1,0.5,3.6,21.3,31.9,34.4,7.1,1.6,43.6,56.4,59327,67739
"3698",6053001600,"06","053","001600",2642,36.670247,-121.677542,"Census Tract 16, Monterey County, California",414900,1011,6,5.8,2.16,3.17,0,0,2.5,25.9,11.9,40.8,18.2,0.8,0,1.2,7.2,16.5,55.9,17.5,1.7,59,41,65170,74063
"3699",6053001700,"06","053","001700",3780,36.677921,-121.668297,"Census Tract 17, Monterey County, California",339800,1385,98,4.4,2.24,2.99,0.6,0.9,7.4,4.8,18,17.4,15.8,8.4,26.7,1.1,12.3,53.7,22.2,10.8,0,44.1,55.9,44851,55024
"3700",6053001801,"06","053","001801",3957,36.690355,-121.667623,"Census Tract 18.01, Monterey County, California",336600,1171,37,5,3.65,3.61,0,1.9,12.1,48.3,27.7,2.3,3.7,4,0,1.5,1.8,20.5,67.5,8.8,0,56.2,43.8,72500,74389
"3701",6053001802,"06","053","001802",5078,36.686339,-121.656326,"Census Tract 18.02, Monterey County, California",233700,1650,61,4.2,3.57,3.28,0,0,17.4,41.8,25.9,7,5,1.6,1.3,0,23.3,41,28.5,5.3,1.9,26.6,73.4,47321,58529
"3702",6053010101,"06","053","010101",4518,36.887706,-121.75248,"Census Tract 101.01, Monterey County, California",336200,1056,40,4.6,3.81,4.5,10.9,0.8,16.2,12.6,18.6,14.5,8.9,6.1,11.6,0.8,10.3,38.3,43.8,6.3,0.6,27.5,72.5,45476,53738
"3703",6053010102,"06","053","010102",3279,36.885162,-121.674472,"Census Tract 101.02, Monterey County, California",548500,1091,116,6.1,3.15,3.95,0,4.7,14.4,23.4,29.4,5.5,8.7,8.5,5.4,0,6.5,12.1,62.7,15.9,2.7,75.1,24.9,71477,93603
"3704",6053010202,"06","053","010202",4386,36.843041,-121.684059,"Census Tract 102.02, Monterey County, California",491700,1344,44,5.8,3.64,2.65,2.2,2.2,8.7,17.2,32.9,10.7,15.4,5.7,5,1.6,6.1,21.6,51.9,17.2,1.6,72.4,27.6,76000,96176
"3705",6053010305,"06","053","010305",4371,36.815351,-121.667384,"Census Tract 103.05, Monterey County, California",478300,1610,87,5.8,2.88,2.62,2.9,2.5,12.2,26,27.9,16,7.3,2,3.2,0,5.2,18.3,54.3,20.8,1.4,76.2,23.8,78623,95270
"3706",6053010306,"06","053","010306",1250,36.765537,-121.69042,"Census Tract 103.06, Monterey County, California",280600,602,142,4.7,2.96,2.83,3.3,0,7.5,19.6,43.5,17.9,6.8,0,1.3,3.5,4.7,33.4,51,7.5,0,55.7,44.3,45833,65302
"3707",6053010400,"06","053","010400",6481,36.766994,-121.753808,"Census Tract 104, Monterey County, California",349600,1489,105,4.6,4.08,4.28,1.7,5.7,17.8,9.4,15.4,12.3,25.1,8.9,3.7,0.7,6.8,41.4,38.9,9.3,2.9,42.7,57.3,46795,50504
"3708",6053010501,"06","053","010501",6339,36.778788,-121.644709,"Census Tract 105.01, Monterey County, California",576900,2282,155,5.8,3.13,3.4,5.3,3.2,13.1,18.4,24.9,11.7,8.4,10.7,4.2,1.4,1.4,23.9,45.7,21.9,5.8,81.5,18.5,91392,98828
"3709",6053010504,"06","053","010504",4732,36.710924,-121.663385,"Census Tract 105.04, Monterey County, California",296900,1605,231,4.7,3.14,3.27,1.6,5.9,1.4,34.9,32.6,12,5.4,4.2,2,0.5,10.1,34.2,49.8,5.4,0,47.3,52.7,52469,63018
"3710",6053010505,"06","053","010505",4892,36.728359,-121.650088,"Census Tract 105.05, Monterey County, California",190300,1468,82,4.9,3.38,4.05,1.6,2.5,10.9,27.7,48.6,4.4,4.4,0,0,2.2,2.5,40.8,41.6,11.2,1.6,52.7,47.3,63846,68976
"3711",6053010506,"06","053","010506",4752,36.725424,-121.654393,"Census Tract 105.06, Monterey County, California",220700,1526,85,4.1,3.2,3.72,0.9,2.6,13.3,18.5,44.1,14.7,5,0.9,0,2,23.2,46.1,22.5,6.2,0,28.4,71.6,40186,46860
"3712",6053010603,"06","053","010603",7304,36.705885,-121.61351,"Census Tract 106.03, Monterey County, California",368100,2152,88,6.3,3.36,3.95,7.9,17.7,61.4,9.4,3.5,0,0,0,0,0,5.3,11.2,39.2,28.8,15.5,77.8,22.2,87738,100664
"3713",6053010604,"06","053","010604",5512,36.696158,-121.604659,"Census Tract 106.04, Monterey County, California",294800,1410,53,5.8,4.26,4.4,3,24.5,57.2,4.8,3.2,2.1,5.1,0,0,0.9,9.8,7.7,27.8,46.1,7.7,65.6,34.4,61055,77377
"3714",6053010605,"06","053","010605",4219,36.688971,-121.598622,"Census Tract 106.05, Monterey County, California",271100,932,35,5.9,4.66,4.71,3.8,55.6,37.9,2.8,0,0,0,0,0,0,0,9.8,27.5,62.1,0.6,63.8,36.2,52456,64294
"3715",6053010606,"06","053","010606",6299,36.671972,-121.604158,"Census Tract 106.06, Monterey County, California",425600,1589,48,5.5,3.78,4.1,19.8,4.7,12.8,20.4,23.3,5.9,5.6,1.8,5.8,0,2.3,16,48.8,25.3,7.6,57.6,42.4,54099,73117
"3716",6053010607,"06","053","010607",4430,36.690705,-121.616697,"Census Tract 106.07, Monterey County, California",304300,941,47,4.6,4.75,4.87,1.6,7.2,17.5,23.2,28.3,10.5,7,4.7,0,0,12.4,34,42.5,9.5,1.6,36.9,63.1,42194,46210
"3717",6053010608,"06","053","010608",3646,36.691428,-121.624228,"Census Tract 106.08, Monterey County, California",254800,559,0,5,4.72,5.55,1.3,20.4,4.7,38.5,23.6,10,1.6,0,0,0,0,26.5,59.6,8.8,5.2,38.5,61.5,53920,65025
"3718",6053010701,"06","053","010701",6769,36.601082,-121.671208,"Census Tract 107.01, Monterey County, California",654100,2507,59,6.2,2.79,2.77,0,14.3,25.8,20.8,17,13.1,8.1,0.5,0.4,0,1.3,7.4,52.6,28.4,10.3,93.8,6.2,120114,137292
"3719",6053010702,"06","053","010702",3911,36.55523,-121.707765,"Census Tract 107.02, Monterey County, California",919100,1642,97,6.7,2.52,3.16,4,0.6,21.6,23.4,20,8.9,12.1,5.9,3.5,0,1.3,16.1,54.3,25.5,2.8,89.6,10.4,149539,185084
"3720",6053010804,"06","053","010804",5029,36.508462,-121.445527,"Census Tract 108.04, Monterey County, California",328700,1339,100,4.9,3.19,4.22,4.9,1.9,7.2,16,14.7,13.9,15.6,6.9,18.7,0,4.4,34.7,44.6,12.5,3.8,46.5,53.5,44387,53781
"3721",6053010900,"06","053","010900",10109,36.474446,-121.380811,"Census Tract 109, Monterey County, California",NA,11,0,NA,NA,NA,0,0,0,100,0,0,0,0,0,0,100,0,0,0,0,0,100,NA,NA
"3722",6053011000,"06","053","011000",5933,36.473067,-121.723363,"Census Tract 110, Monterey County, California",846900,3028,518,5.3,2.6,2.25,0.3,5.1,9.6,16.2,20.5,12.3,15.9,13.2,6.9,4,10.8,28.4,40.1,13,3.7,67.3,32.7,82617,138867
"3723",6053011101,"06","053","011101",5188,36.412763,-121.331677,"Census Tract 111.01, Monterey County, California",248300,1427,137,5.1,3.39,4.48,4.1,5.6,12.1,14.7,26.7,8.8,10.5,2.1,15.4,2.8,5.2,30.3,36.8,23.8,1.2,49.8,50.2,38333,50227
"3724",6053011102,"06","053","011102",11454,36.435413,-121.324269,"Census Tract 111.02, Monterey County, California",280600,2908,331,5.8,4.44,3.26,4.9,33,29.9,7,11.2,5.7,5.7,1.8,0.9,0.6,3.7,17.9,27.3,43.8,6.7,62.2,37.8,60653,72878
"3725",6053011202,"06","053","011202",6868,36.327158,-121.239155,"Census Tract 112.02, Monterey County, California",229000,1499,66,5.3,3.92,5.65,27.7,5.2,13.9,13.9,12.6,13.6,3.3,4.3,5.5,2,8.5,19.9,33,35.3,1.4,49.6,50.4,54077,65630
"3726",6053011203,"06","053","011203",7173,36.319177,-121.24611,"Census Tract 112.03, Monterey County, California",266300,1523,62,5,4.5,4.55,23.6,4.3,24.1,23.6,11.8,3.7,3.7,1.6,3.6,0,9.5,16.7,45.2,23.1,5.5,43.9,56.1,56165,67093
"3727",6053011204,"06","053","011204",3190,36.320712,-121.255864,"Census Tract 112.04, Monterey County, California",264900,762,23,5.1,3.68,5.1,16.7,14.6,27.8,16,4.1,0,9.6,3.4,7.9,1.3,6.8,8.9,64.4,11.3,7.2,66,34,51861,62932
"3728",6053011302,"06","053","011302",5813,36.212248,-121.127403,"Census Tract 113.02, Monterey County, California",206400,1345,115,4,3.49,4.16,7.1,0,5.3,22.7,10.7,13.9,14.8,11,14.5,9.6,19.3,42.8,25,3.3,0,28.7,71.3,41563,49919
"3729",6053011303,"06","053","011303",3775,36.188474,-121.165942,"Census Tract 113.03, Monterey County, California",273300,1347,164,5.6,3.28,3.29,5.2,8.7,21.7,18.2,22.4,9.9,3.9,2.7,7.3,0,2.5,21.7,52.9,18.6,4.3,71.2,28.8,65781,86970
"3730",6053011304,"06","053","011304",6688,36.209905,-121.130117,"Census Tract 113.04, Monterey County, California",169600,1506,186,5.4,5.2,5.65,6.3,20.3,28.1,13.9,10.2,4,7,4.1,6.2,0,6.6,16.9,40.4,32.2,3.9,55.7,44.3,55168,67546
"3731",6053011400,"06","053","011400",3778,35.946491,-120.975045,"Census Tract 114, Monterey County, California",457300,1499,338,5.1,2.34,2.93,2.7,10.1,18,17.5,13.2,9.3,8.3,5.8,15,2.1,6.1,32.2,43.1,12.9,3.7,57.7,42.3,72426,82829
"3732",6053011502,"06","053","011502",1710,36.269906,-121.77495,"Census Tract 115.02, Monterey County, California",NA,804,360,4.1,2.22,2.77,0,5.8,12.3,13.7,9.1,20.6,10.4,9.3,18.7,7.8,23.3,23.3,34,11.6,0.1,59.2,40.8,68856,111866
"3733",6053011602,"06","053","011602",5266,36.540566,-121.84457,"Census Tract 116.02, Monterey County, California",NA,2796,232,6,2.52,1.89,0.5,2.5,8.3,13.9,33.3,26.1,11.7,2.6,1.1,0,12.9,28.5,31.7,21.6,5.2,67.2,32.8,105530,140890
"3734",6053011604,"06","053","011604",1913,36.514424,-121.896683,"Census Tract 116.04, Monterey County, California",769100,1134,123,5.7,1.96,1.7,0,9.6,13.4,11.8,34.6,23.8,6,0,0.8,0,11.7,43.3,18.2,17.4,9.4,78.6,21.4,93350,171448
"3735",6053011700,"06","053","011700",3810,36.551705,-121.915723,"Census Tract 117, Monterey County, California",NA,2274,558,5.8,2.21,1.74,2.5,1.3,4.5,7.4,8.1,11.8,27.1,24.6,12.6,1.8,8.3,28.6,41.3,17.6,2.4,80.5,19.5,90652,140031
"3736",6053011801,"06","053","011801",1885,36.559063,-121.919768,"Census Tract 118.01, Monterey County, California",NA,1739,809,4.9,1.74,2.28,1.6,6.3,3,5.2,9.8,12.1,22.5,21.6,17.9,3.9,14,56,23.1,1.7,1.3,54.7,45.3,72167,104471
"3737",6053011802,"06","053","011802",1830,36.54966,-121.921871,"Census Tract 118.02, Monterey County, California",NA,1947,937,5.1,1.92,1.66,0,4.7,6.9,16.9,2.8,5.9,14.8,9.9,38.1,2.2,11.5,44,32.8,7.8,1.7,61.4,38.6,82727,106300
"3738",6053011900,"06","053","011900",4449,36.590097,-121.942929,"Census Tract 119, Monterey County, California",NA,2699,809,6.4,2.01,3.84,1.8,8.6,8,16.8,19.9,18.9,16.3,5.7,4,0,1.8,15.7,53.6,24.2,4.8,90.3,9.7,117692,179711
"3739",6053012000,"06","053","012000",3563,36.603348,-121.927315,"Census Tract 120, Monterey County, California",644200,1537,194,4.8,2.34,2.6,0,1.6,0,10.3,19.1,23,31.1,11,4,1.4,19.5,36.8,29.9,10.7,1.6,49.5,50.5,68713,100067
"3740",6053012100,"06","053","012100",2263,36.613249,-121.924966,"Census Tract 121, Monterey County, California",773200,1096,108,4.8,2.23,1.79,0.8,0,2.3,3,25.1,22.1,23.3,12.8,10.7,1.9,13.7,44.2,30.3,7.3,2.6,61.1,38.9,80729,88728
"3741",6053012200,"06","053","012200",2683,36.617183,-121.920282,"Census Tract 122, Monterey County, California",694400,1430,221,4.8,2.3,2,0,4.5,5.5,3,5.3,11.1,18.7,8.4,43.5,2.9,14.5,45.2,28.2,7.6,1.6,54.8,45.2,59583,80094
"3742",6053012302,"06","053","012302",1872,36.619896,-121.917644,"Census Tract 123.02, Monterey County, California",712300,1147,196,4.5,1.89,1.83,0,0,1.7,8,6.6,8.6,15.3,7.4,52.2,3.9,21.6,48.3,17,9.2,0,40,60,78429,84669
"3743",6053012401,"06","053","012401",1682,36.622146,-121.914545,"Census Tract 124.01, Monterey County, California",774300,1289,272,4.1,1.85,1.82,1.7,3.1,5,1.3,10.9,5.6,11.7,4.3,56.4,3,31,47.6,16.7,0.9,0.9,32.6,67.4,49831,79497
"3744",6053012402,"06","053","012402",2987,36.627187,-121.929053,"Census Tract 124.02, Monterey County, California",871500,1764,222,4.5,2.14,2.01,1.4,1,6,2.4,21.3,14.2,25.4,16.4,11.8,3.3,18.7,40.5,26.9,5.2,5.4,43.6,56.4,78856,101332
"3745",6053012502,"06","053","012502",5082,36.610948,-121.908587,"Census Tract 125.02, Monterey County, California",663200,2825,199,4.1,2.07,1.84,1.1,1.6,6.4,7.4,23.2,14,24.8,9.4,12,4.7,21.6,47.2,23.1,3.5,0,33.2,66.8,61968,67587
"3746",6053012600,"06","053","012600",2254,36.601088,-121.917677,"Census Tract 126, Monterey County, California",784100,108,41,5.1,1.95,1.81,0,2.8,7.4,19.4,0,31.5,8.3,10.2,20.4,0,18.5,22.2,46.3,13,0,28.4,71.6,64432,88318
"3747",6053012700,"06","053","012700",3299,36.601043,-121.899911,"Census Tract 127, Monterey County, California",766300,1928,135,3.3,2.65,1.56,0.3,0.5,7.8,11.4,13.4,20.2,11.5,8.2,26.7,11,37.5,25.7,17.7,5.4,2.6,20.4,79.6,53453,64889
"3748",6053012800,"06","053","012800",5154,36.589064,-121.909107,"Census Tract 128, Monterey County, California",786600,2581,270,5.7,2.16,1.82,0.8,1.6,4.1,12.4,19.8,15.1,28,8.1,10,0,10.5,27.5,40.9,17.3,3.8,70,30,80511,99121
"3749",6053013000,"06","053","013000",2968,36.592766,-121.883408,"Census Tract 130, Monterey County, California",757400,2034,268,3.6,2.11,1.68,1,1.8,5.6,17.3,31.3,23.3,11.9,4.5,3.3,5.3,43.2,35.6,12.3,0.5,3.1,12.3,87.7,59508,81477
"3750",6053013100,"06","053","013100",1930,36.582418,-121.879092,"Census Tract 131, Monterey County, California",NA,729,42,5.5,NA,3.45,20.3,18.2,9.6,4.7,12.5,17.6,15.5,1.6,0,0,1.2,15.6,72.4,8.9,1.8,0,100,83023,90997
"3751",6053013200,"06","053","013200",4225,36.574831,-121.835393,"Census Tract 132, Monterey County, California",996600,1892,247,7.3,2.43,1.76,4.7,18.2,12.6,22.6,12.2,15.1,8,5.3,1.3,0,1.3,13.8,38.9,36.3,9.8,86.7,13.3,122171,155982
"3752",6053013300,"06","053","013300",5693,36.598504,-121.858488,"Census Tract 133, Monterey County, California",516300,2923,311,4.1,2.01,2.37,0,2,8.5,8.1,25.6,22.2,19.9,9,4.8,1.4,28,46.5,21.7,2.5,0,27.6,72.4,50633,57226
"3753",6053013400,"06","053","013400",1624,36.594191,-121.840238,"Census Tract 134, Monterey County, California",598300,740,56,5.4,2.36,2.96,0,1.9,4.1,9.6,6.4,20.5,48,5.8,3.8,0,10.8,23.5,46.9,15.1,3.6,71.3,28.7,76923,94293
"3754",6053013500,"06","053","013500",4920,36.604141,-121.832638,"Census Tract 135, Monterey County, California",549700,1748,123,5.1,3.2,2.86,1.1,0.7,4.2,1.8,24.1,37.1,25.5,3.8,1.7,4.6,7.1,24.9,45.4,14.9,3,65.4,34.6,73894,80210
"3755",6053013600,"06","053","013600",4396,36.602816,-121.843645,"Census Tract 136, Monterey County, California",418600,1454,20,4.2,2.23,3.38,0,3.8,4.3,12.5,10.7,25.4,30.9,6.9,5.5,7.1,20.5,43.3,28,1.2,0,39.5,60.5,47830,61403
"3756",6053013700,"06","053","013700",5131,36.61111,-121.841017,"Census Tract 137, Monterey County, California",452800,1485,72,4.1,2.94,3.75,1.1,2.4,8.4,11.8,31.6,6.9,31.2,6.5,0,2.3,20.2,45.9,27,4.6,0,29.4,70.6,41755,52087
"3757",6053013800,"06","053","013800",5548,36.612889,-121.831049,"Census Tract 138, Monterey County, California",496900,1653,12,5.2,3.03,3.78,1.1,0,0.6,0.8,30.2,37.4,27.5,2.3,0,1.3,1.1,18.1,64.7,14.7,0,70.1,29.9,62917,68808
"3758",6053013900,"06","053","013900",2673,36.61897,-121.831929,"Census Tract 139, Monterey County, California",522900,962,62,5.1,2.39,4.05,0,2.7,4.1,4.4,3.7,23.1,56.8,4.7,0.6,1.2,16.5,20.6,53.2,5.8,2.6,73.2,26.8,51557,69422
"3759",6053014000,"06","053","014000",2637,36.606656,-121.850975,"Census Tract 140, Monterey County, California",431000,874,56,4.3,3.24,2.77,3.9,6.2,5.6,6.2,11.4,15.6,26,18,7.2,3.9,23,41.9,30.4,0.8,0,40.2,59.8,51667,58297
"3760",6053014102,"06","053","014102",2259,36.669085,-121.77991,"Census Tract 141.02, Monterey County, California",NA,918,129,4.7,NA,2.85,0,1.4,14.7,39.9,22.3,13,2.1,2.8,3.8,0,0,71.7,19.4,8.9,0,0,100,56089,59950
"3761",6053014104,"06","053","014104",1611,36.655357,-121.799195,"Census Tract 141.04, Monterey County, California",NA,0,0,NA,NA,NA,NA,NA,NA,NA,NA,NA,NA,NA,NA,NA,NA,NA,NA,NA,NA,NA,NA,NA,NA
"3762",6053014105,"06","053","014105",2688,36.660328,-121.765697,"Census Tract 141.05, Monterey County, California",265000,1218,86,4.8,2.72,2.91,0.7,0,7.5,29.9,18.3,24.6,14.4,4.6,0,0.7,1.8,84.8,8.5,3.3,0.9,5,95,58486,63109
"3763",6053014107,"06","053","014107",7088,36.632378,-121.818438,"Census Tract 141.07, Monterey County, California",757600,2889,388,5.5,3.23,3.09,8.3,24.8,2.7,8.8,9.2,16.8,19.2,9.2,1,0.9,3.3,17.1,56.8,19.7,2.1,12.3,87.7,66845,77176
"3764",6053014201,"06","053","014201",5133,36.677243,-121.794943,"Census Tract 142.01, Monterey County, California",439600,1769,141,5,3.14,3.12,4.1,0,5.1,14.9,20,46.2,7.9,1.5,0.2,1.9,12.4,23.7,41.8,17.1,3.1,50.1,49.9,42338,65394
"3765",6053014202,"06","053","014202",4075,36.68108,-121.791,"Census Tract 142.02, Monterey County, California",334800,1580,78,4.4,2.71,2.64,1.7,8,7.2,18.9,32.2,21.2,4.2,5,1.5,3,14.1,38.6,37.3,5.8,1.2,37,63,42297,56979
"3766",6053014301,"06","053","014301",3602,36.691536,-121.802145,"Census Tract 143.01, Monterey County, California",466700,1443,52,4.8,2.97,2.18,1.7,1.3,7.6,25.8,42.3,12,7.8,1.4,0,0,15,31.5,33.2,18.8,1.5,47.7,52.3,70625,81007
"3767",6053014302,"06","053","014302",4024,36.690854,-121.791636,"Census Tract 143.02, Monterey County, California",516400,1616,83,4.7,2.97,2.6,0.9,0.6,11,22.8,21.1,30.6,8.5,2.7,1.8,5.5,18.1,28.4,33.5,13.5,0.9,46.2,53.8,49042,64714
"3768",6053014500,"06","053","014500",4410,36.657798,-121.648196,"Census Tract 145, Monterey County, California",470800,1568,83,5,2.89,2.64,3.7,2.5,1.7,8.4,14.3,30,16.7,9.2,13.5,3.2,10.8,33.5,35.8,16.2,0.4,51.2,48.8,63917,79675
"3769",6053014601,"06","053","014601",5232,36.865222,-121.737818,"Census Tract 146.01, Monterey County, California",393800,1312,113,5.1,3.98,4.39,1.4,8.9,17.7,12.3,14,15.2,14.2,9.7,6.5,0,6.4,23.6,53.4,16.6,0,57.1,42.9,55325,68692
"3770",6053014700,"06","053","014700",6620,36.79016,-121.717681,"Census Tract 147, Monterey County, California",369900,2227,71,5.5,3.13,3.79,2.4,16.4,11,12.1,36.8,8.4,6.5,3.1,3.3,0,2.8,18.6,57.3,19.5,1.8,68.8,31.2,64567,76134
"3771",6053014800,"06","053","014800",6112,36.534923,-121.455696,"Census Tract 148, Monterey County, California",324800,1454,118,5.7,4.08,4.31,4.3,18.9,41.8,13.5,8.5,3.9,0.6,3.2,5.4,0,2.7,17,39.1,31.6,9.6,68.7,31.3,71667,84705
"3772",6053980000,"06","053","980000",7,36.667794,-121.601306,"Census Tract 9800, Monterey County, California",NA,0,0,NA,NA,NA,NA,NA,NA,NA,NA,NA,NA,NA,NA,NA,NA,NA,NA,NA,NA,NA,NA,NA,NA
"3773",6053990000,"06","053","990000",0,36.717741,-121.964116,"Census Tract 9900, Monterey County, California",NA,0,0,NA,NA,NA,NA,NA,NA,NA,NA,NA,NA,NA,NA,NA,NA,NA,NA,NA,NA,NA,NA,NA,NA
"3774",6055200201,"06","055","200201",3466,38.291871,-122.297592,"Census Tract 2002.01, Napa County, California",434700,1353,63,4.9,2.15,2.85,0.9,1.8,15.5,7.8,15.4,4.2,17.4,12.8,24.2,1.9,13.8,39.4,32.8,11.1,1,51.1,48.9,42671,61242
"3775",6055200202,"06","055","200202",2856,38.294292,-122.287379,"Census Tract 2002.02, Napa County, California",483800,1214,163,4.3,2.66,2.09,1.1,3.4,1.6,16.3,3,3.5,8.8,2,60.5,7,25.3,42.5,14.5,3.5,7.2,28.9,71.1,44243,57502
"3776",6055200203,"06","055","200203",2497,38.286803,-122.289074,"Census Tract 2002.03, Napa County, California",425000,903,42,4.9,3.09,2.82,3.7,1.7,3.8,4.2,9,9.3,26.8,18.1,23.6,5,13.4,37.2,37.4,6.1,0.9,54.5,45.5,61910,71429
"3777",6055200301,"06","055","200301",5095,38.286799,-122.269801,"Census Tract 2003.01, Napa County, California",430900,1835,121,4.6,2.66,3.17,2.6,8.7,8.4,15.5,26.5,7.7,14.8,12.7,3.1,1.8,13.2,36.2,34.4,14.3,0,65.9,34.1,59500,75851
"3778",6055200302,"06","055","200302",2504,38.286174,-122.261213,"Census Tract 2003.02, Napa County, California",459600,919,0,5.8,3.24,2.8,7.9,5.4,1.5,17.4,13.7,38.6,6.3,9,0,1.4,2.9,12.6,50.5,27.9,4.7,78.9,21.1,88063,85710
"3779",6055200400,"06","055","200400",3618,38.306675,-122.271838,"Census Tract 2004, Napa County, California",685400,1707,238,5.3,2.24,2.04,3.2,0.4,1.8,9.5,12.4,16,13.4,20.9,22.5,5.4,9.9,36,35.3,11.6,1.8,62.4,37.6,92804,113203
"3780",6055200501,"06","055","200501",5013,38.310196,-122.300969,"Census Tract 2005.01, Napa County, California",329100,1875,16,4.3,2.93,3.12,0.5,2.2,8.3,7.8,4.5,15.4,28.4,15.1,17.7,1.7,16.7,44.4,32.2,4.4,0.5,44.9,55.1,49677,62926
"3781",6055200503,"06","055","200503",1769,38.30433,-122.290177,"Census Tract 2005.03, Napa County, California",588900,818,40,4.1,2.68,2.09,1.8,0.5,7,2.6,12.3,5.4,15.3,19.8,35.3,9.2,33.6,30.7,24.9,0,1.6,21.2,78.8,41389,52400
"3782",6055200504,"06","055","200504",6431,38.316548,-122.291291,"Census Tract 2005.04, Napa County, California",384600,2389,68,4.7,2.68,3.1,4.7,14.8,7.7,10.1,23.3,11.3,17.3,7.2,3.6,3.9,13.6,33.9,40.7,6.4,1.4,48.3,51.7,51908,63842
"3783",6055200505,"06","055","200505",2460,38.316865,-122.282734,"Census Tract 2005.05, Napa County, California",458800,1075,75,4.2,3.02,2.12,0,2.4,5,26.8,49.6,14.8,0,0,1.4,0,14.7,47.3,23.4,12.9,1.7,28.7,71.3,50972,71351
"3784",6055200601,"06","055","200601",5016,38.332035,-122.312199,"Census Tract 2006.01, Napa County, California",460000,1669,55,5.8,3.02,3.61,0.7,4.9,9,11.2,24.1,21.5,22.2,0.5,5.8,0,1.8,18.6,50.6,26.7,2.3,82.8,17.2,75926,88568
"3785",6055200602,"06","055","200602",4468,38.331483,-122.300396,"Census Tract 2006.02, Napa County, California",602300,1956,105,5.4,2.23,2.4,3.4,9.3,25.7,23,25.6,9.4,0.9,0,2.7,3.9,12.9,20.1,38.5,23.2,1.4,54.7,45.3,66530,85303
"3786",6055200703,"06","055","200703",3047,38.309714,-122.330022,"Census Tract 2007.03, Napa County, California",655500,1197,57,7,2.57,2.39,0.8,3.4,6.8,20.9,30.6,10.1,16.3,1.7,9.5,0,1.1,4.7,47.5,35.5,11.2,90.4,9.6,99891,139083
"3787",6055200704,"06","055","200704",4514,38.31563,-122.315308,"Census Tract 2007.04, Napa County, California",426800,1728,146,4.9,3.15,2.33,0,0.4,12,6.5,10.9,29,36.4,4.7,0,8.1,14.9,9.7,62.3,4.1,0.9,62.1,37.9,70815,75830
"3788",6055200705,"06","055","200705",2776,38.304724,-122.30969,"Census Tract 2007.05, Napa County, California",592300,1052,45,5.2,2.7,3.64,2,1,8.6,8.3,13.9,30.2,30.2,3.7,2.2,0,11.5,38.1,33.7,15.5,1.1,54.4,45.6,58528,80138
"3789",6055200706,"06","055","200706",3283,38.329539,-122.329423,"Census Tract 2007.06, Napa County, California",576700,1182,69,6.2,2.73,2.41,3.2,13.9,40.4,5.3,28.1,4.2,0.8,4.1,0,4.5,0,6.7,49.8,37.1,1.9,85.9,14.1,91283,109523
"3790",6055200707,"06","055","200707",3152,38.323614,-122.320338,"Census Tract 2007.07, Napa County, California",560200,1414,77,5.2,2.5,2.36,0,22,7.6,12.6,28.4,17.6,10,0,1.8,1.3,25.6,16.2,31.3,25.6,0,50.9,49.1,69375,87062
"3791",6055200802,"06","055","200802",5481,38.280034,-122.298829,"Census Tract 2008.02, Napa County, California",420100,2397,104,4.5,2.27,2.06,5,3.8,14.6,27.2,16.1,9.2,20,2.2,1.9,1.9,14.1,46.3,25.3,10.5,2,57.6,42.4,67279,91784
"3792",6055200803,"06","055","200803",2165,38.29747,-122.327902,"Census Tract 2008.03, Napa County, California",553400,898,31,5.4,1.98,2.15,1.3,1.6,1.6,21.7,36.2,7.9,13,11.6,5.1,1.6,17.8,23.1,26.2,29,2.4,57.2,42.8,46917,82278
"3793",6055200804,"06","055","200804",5566,38.293742,-122.307169,"Census Tract 2008.04, Napa County, California",359100,1786,37,4.5,2.8,3.54,0,0,10.1,12.6,9.6,23.7,21.4,20.3,2.2,0.4,21.3,35.5,42.3,0.4,0,42.6,57.4,52470,57612
"3794",6055200900,"06","055","200900",1230,38.277378,-122.266752,"Census Tract 2009, Napa County, California",NA,19,0,2.9,NA,NA,0,36.8,0,0,42.1,0,0,21.1,0,0,63.2,0,0,36.8,0,0,100,4083,5437
"3795",6055201003,"06","055","201003",4389,38.185912,-122.245904,"Census Tract 2010.03, Napa County, California",579300,1256,95,5.5,3.54,2.97,36.5,29.1,7.2,4.6,1,6.4,4.2,5.9,5.2,0.8,17.8,15.3,25.7,22.4,18.1,59.1,40.9,111382,135064
"3796",6055201004,"06","055","201004",6081,38.160032,-122.242277,"Census Tract 2010.04, Napa County, California",363900,1956,85,6.2,3.15,3.24,3.6,53.7,7.4,11.6,17.3,5.9,0,0,0.6,0,1.3,28.6,26.1,24,20,87.7,12.3,78750,91839
"3797",6055201005,"06","055","201005",2418,38.178834,-122.266105,"Census Tract 2010.05, Napa County, California",397600,692,0,5.8,4,2.6,9.8,19.8,26.9,2.5,1,11.8,19.9,5.2,3,3,0.1,12.1,49,24.1,11.6,87.9,12.1,79032,111002
"3798",6055201006,"06","055","201006",3283,38.171203,-122.261838,"Census Tract 2010.06, Napa County, California",355400,915,44,6.2,3.62,3.61,0,13.2,21.1,27.2,3.6,2.6,30.2,0,2.1,0.7,0,2.1,59,25.2,13,76.9,23.1,77438,92687
"3799",6055201007,"06","055","201007",4089,38.160766,-122.259892,"Census Tract 2010.07, Napa County, California",344100,1107,50,6.4,3.12,4.45,0,27.6,6.8,38.8,8.1,16.9,1.4,0,0.4,1,0,4.8,34.8,42.3,17.2,72.9,27.1,71483,82269
"3800",6055201101,"06","055","201101",1996,38.307603,-122.345157,"Census Tract 2011.01, Napa County, California",606000,798,28,6.5,2.32,2.08,0.4,2.3,9.3,19.7,22.4,22.2,16.3,3.5,4,0,0,7.1,55.6,24.4,12.8,93.8,6.2,104038,143150
"3801",6055201102,"06","055","201102",2055,38.289779,-122.357313,"Census Tract 2011.02, Napa County, California",894200,977,171,4.8,2.32,1.75,5.6,3.9,11.9,11.8,8.6,5.1,17.9,12,23.2,4,16.3,39.5,28.1,9.7,2.4,71.2,28.8,88409,114361
"3802",6055201200,"06","055","201200",4739,38.348845,-122.328206,"Census Tract 2012, Napa County, California",354900,2196,241,5.3,2.23,2.32,7.6,11.2,13.2,14.8,18.3,14.6,7.7,5.6,7,1.8,0.6,46.8,35.6,14.4,0.8,87.6,12.4,50929,76798
"3803",6055201300,"06","055","201300",2933,38.399645,-122.362104,"Census Tract 2013, Napa County, California",546500,1460,217,4.8,1.93,2.04,2.8,5.1,20.5,16,26.2,14,4,3.6,7.8,2.7,14.7,39.5,33.3,9.7,0,71.2,28.8,68368,93418
"3804",6055201401,"06","055","201401",3114,38.367455,-122.26286,"Census Tract 2014.01, Napa County, California",914900,2117,589,6,2.16,1.44,0.2,5.1,18.2,12,23.4,27.9,10.2,2.7,0.2,4.2,6.3,25.4,38.1,24.8,1.2,79.3,20.7,119681,160640
"3805",6055201402,"06","055","201402",2871,38.320967,-122.24175,"Census Tract 2014.02, Napa County, California",NA,1207,77,6.1,2.77,1.82,3.7,2.1,4.8,3.3,14.4,19.2,23.8,16.9,11.8,2.7,4.9,16,54.6,16.3,5.5,85.1,14.9,125769,168089
"3806",6055201403,"06","055","201403",800,38.417751,-122.211396,"Census Tract 2014.03, Napa County, California",872100,450,153,6.1,2.75,2.67,0,3.1,14.2,13.3,30.7,6.2,9.3,14.7,8.4,0,3.1,35.1,18.7,37.3,5.8,77.4,22.6,94417,151164
"3807",6055201500,"06","055","201500",1868,38.482483,-122.451647,"Census Tract 2015, Napa County, California",NA,1080,283,5.9,2.23,2.98,1.9,5,5.6,5.3,22.5,14.5,18.7,5.4,21.1,0,10.6,25.9,42.2,19.8,1.4,67,33,100028,222013
"3808",6055201601,"06","055","201601",2287,38.500377,-122.460917,"Census Tract 2016.01, Napa County, California",799300,1045,30,4.8,2.4,2.46,0,12.5,15.5,12.1,31.5,7.7,9.9,2.2,8.7,6.9,12.1,38.4,35.3,7.4,0,45.9,54.1,60060,82460
"3809",6055201602,"06","055","201602",3527,38.505831,-122.473811,"Census Tract 2016.02, Napa County, California",NA,1776,206,5.7,2.1,2.16,1.6,4.4,11.3,9.4,16.6,9.2,14.9,6.9,25.8,4.8,9.7,35.8,42.5,6.3,1.1,63.7,36.3,77123,118445
"3810",6055201700,"06","055","201700",5373,38.56382,-122.450997,"Census Tract 2017, Napa County, California",835000,2128,345,5.3,2.32,2.4,0.5,4.9,8.5,11.5,19,19.7,12.2,8.1,15.7,1,17.5,29.1,39.1,9.7,3.7,58,42,78375,128407
"3811",6055201800,"06","055","201800",1806,38.567039,-122.264289,"Census Tract 2018, Napa County, California",402300,1050,316,5.2,2.18,3.1,5.3,11.1,17.4,19.7,22.3,17.6,2.2,1.2,3,7.2,5.8,30.2,46.8,8.2,1.8,69.8,30.2,72500,83852
"3812",6055201900,"06","055","201900",1293,38.597135,-122.581714,"Census Tract 2019, Napa County, California",NA,804,264,4.8,2.01,2.2,0,9.7,5.2,13.3,22.1,9.5,4.1,17.9,18.2,9.6,23.1,30.5,28,6.7,2.1,68.9,31.1,78462,121596
"3813",6055202000,"06","055","202000",5155,38.582036,-122.582103,"Census Tract 2020, Napa County, California",287000,2212,226,4.8,2.19,3.06,8.1,4.2,3.7,11.8,37.4,12.7,9.9,1.1,11,0,20.6,42.6,32.7,3.3,0.7,56.8,43.2,51974,76217
"3814",6057000102,"06","057","000102",6677,39.130735,-121.053926,"Census Tract 1.02, Nevada County, California",378100,3013,197,5.8,2.29,3.07,1.6,2.7,12,45.6,27.9,6.7,1.8,1.3,0.5,0.7,3.6,14.9,65.5,13.4,2,90.6,9.4,70118,86582
"3815",6057000103,"06","057","000103",7893,39.04874,-121.055066,"Census Tract 1.03, Nevada County, California",435600,3613,334,6.1,2.43,2.86,3.6,5.2,13.4,27.8,42,4.6,1.8,0.8,0.8,0,2.2,13.4,67,13.9,3.4,86,14,74107,88777
"3816",6057000104,"06","057","000104",3190,39.15489,-121.061706,"Census Tract 1.04, Nevada County, California",210600,1763,136,5.1,2.09,2.31,0,8.8,17.8,22.2,37.1,5.6,2.9,2.4,3.2,0,5.5,46.1,36.5,12,0,87.8,12.2,52566,61945
"3817",6057000105,"06","057","000105",2792,39.080589,-121.09621,"Census Tract 1.05, Nevada County, California",406100,1238,156,5.7,2.65,2.56,3.5,7.8,12.1,14.9,31.6,13.1,8.2,4.8,4,0.9,8.8,33,43.5,9.9,4,78.6,21.4,57018,70750
"3818",6057000200,"06","057","000200",2700,39.101192,-121.161057,"Census Tract 2, Nevada County, California",554900,1179,82,5.6,2.55,2.82,4.5,16.9,15.9,28.3,20.8,4.5,5,2.4,1.8,1.4,6.7,23.9,39.4,27.5,1.2,80.2,19.8,69250,82303
"3819",6057000300,"06","057","000300",2353,39.176864,-121.099565,"Census Tract 3, Nevada County, California",418000,1064,91,5.6,2.44,2.78,0.7,8.5,18.6,27.9,29.1,8.5,4.8,2,0,1.7,4.9,23.5,57.1,10.9,1.9,80.8,19.2,75885,93955
"3820",6057000401,"06","057","000401",5744,39.23722,-121.196671,"Census Tract 4.01, Nevada County, California",432400,3130,410,6.5,2.12,2.95,0.6,8.8,17.4,42.9,26.2,2.1,1.4,0,0.6,0,0.6,20.7,58.5,18.5,1.7,77.3,22.7,75056,83812
"3821",6057000402,"06","057","000402",6926,39.211711,-121.193327,"Census Tract 4.02, Nevada County, California",338800,3019,161,5.3,2.39,2.22,3.7,15.2,10.5,26.9,28.6,9.1,3.1,1,1.9,0.6,9.7,32,47.7,10.1,0,77.6,22.4,51856,64897
"3822",6057000501,"06","057","000501",6034,39.229729,-121.058886,"Census Tract 5.01, Nevada County, California",338900,2931,327,4.3,2.06,2.32,3.7,6.7,11.6,13,15.8,10.6,8,9.4,21.3,1.1,15.3,46.6,30.3,4.6,2,59,41,45866,55890
"3823",6057000502,"06","057","000502",4664,39.21587,-121.077044,"Census Tract 5.02, Nevada County, California",323600,2209,134,4.9,1.91,2.44,3,7.5,8.6,7.2,30.1,8.2,5.2,7.2,23,2.5,8.6,41.3,36.2,9.6,1.7,56.9,43.1,43385,52428
"3824",6057000600,"06","057","000600",6237,39.216442,-121.045371,"Census Tract 6, Nevada County, California",317000,3082,337,4.1,2.13,2.25,2.7,9.1,17.7,10.3,23.7,8.6,9.5,4.2,14.4,3.4,17.5,51.9,20.3,6.4,0.5,29.4,70.6,32276,53591
"3825",6057000701,"06","057","000701",7436,39.218385,-120.969521,"Census Tract 7.01, Nevada County, California",448400,3544,353,6,2.46,1.69,2.5,7.9,13.8,24.5,31.2,10.1,3.8,2.9,3.2,0.8,8.4,27.6,48.2,13.1,1.9,85.2,14.8,67196,77838
"3826",6057000702,"06","057","000702",3968,39.16889,-121.008245,"Census Tract 7.02, Nevada County, California",443900,1868,201,5.4,2.38,2.18,1,8.7,18.7,20.6,24.8,16,5.6,2.9,1.7,1.1,5.5,28.1,48.7,13.5,3.1,82.7,17.3,58028,69343
"3827",6057000801,"06","057","000801",4888,39.288392,-120.988293,"Census Tract 8.01, Nevada County, California",552100,2409,285,5.3,2.3,1.95,2.5,7.1,18.4,19.9,24.7,6.4,6.3,6.2,8.5,3.7,8.5,28.9,45,11.9,2,74.6,25.4,52119,81355
"3828",6057000802,"06","057","000802",6528,39.254633,-121.032528,"Census Tract 8.02, Nevada County, California",454500,3185,347,5.7,2.24,2.38,3.3,10.2,12.1,12.8,12.5,9.3,4.3,4.3,31.1,0,15.6,28,40.2,14.7,1.5,72.6,27.4,62689,87179
"3829",6057000900,"06","057","000900",4348,39.337428,-120.968888,"Census Tract 9, Nevada County, California",333800,2563,1054,3.9,2.32,1.99,5,4.7,15.9,25.5,22.1,9.7,5.6,4.2,7.3,9.2,16.9,34.9,25.1,11.1,2.8,72.6,27.4,40942,55268
"3830",6057001203,"06","057","001203",2927,39.350581,-120.21317,"Census Tract 12.03, Nevada County, California",589400,3805,2527,4.8,2.25,2.84,3.6,8.5,27.1,45.7,12.9,2,0.3,0,0,0,4.6,11.4,53.6,28.6,1.8,67.8,32.2,72150,77138
"3831",6057001204,"06","057","001204",2832,39.337686,-120.248368,"Census Tract 12.04, Nevada County, California",530500,3874,2514,4.3,2.34,1.76,0,13.4,25.6,18.1,23.4,10.5,5.1,0,3.9,3.6,6,24.2,40.7,21.7,3.9,62.6,37.4,79516,89219
"3832",6057001205,"06","057","001205",4537,39.353704,-120.106176,"Census Tract 12.05, Nevada County, California",457000,2055,478,5,2.79,2.2,9.8,9.6,25.7,25.5,25.5,2.1,1.2,0,0.6,0,2.3,8.3,64.4,21.8,3.2,95.2,4.8,86534,99872
"3833",6057001206,"06","057","001206",6090,39.332149,-120.178389,"Census Tract 12.06, Nevada County, California",434100,2760,619,4.3,2.43,2.93,10.4,14.6,20.2,19,18.5,4.7,4.6,2.1,5.8,3.2,11.4,18.8,56.1,10.1,0.4,58.8,41.2,54280,66302
"3834",6059001101,"06","059","001101",4523,33.942543,-117.962901,"Census Tract 11.01, Orange County, California",542100,1459,135,5.8,2.88,3.89,0,0,0.7,0,9.9,15.2,67,6.1,1.2,3.8,3.3,16.2,46.4,26.6,3.7,74.7,25.3,71563,102612
"3835",6059001102,"06","059","001102",3144,33.933828,-117.972193,"Census Tract 11.02, Orange County, California",430300,1060,48,5.3,3.35,2.91,0,0,3.1,6.1,12.7,24.8,46.4,1.4,5.4,13.5,7.8,11,53,13.3,1.3,58.6,41.4,75368,77567
"3836",6059001103,"06","059","001103",4489,33.93403,-117.961703,"Census Tract 11.03, Orange County, California",408200,1434,24,3.9,3.11,3.14,0,2.2,3.5,6.8,20.6,29,36.1,1.1,0.6,22.5,15.8,25.9,18.5,10.8,6.5,37.7,62.3,43056,58875
"3837",6059001201,"06","059","001201",5505,33.932376,-117.953401,"Census Tract 12.01, Orange County, California",381700,1447,54,4.2,4.53,4.28,1.4,2.3,2.2,8.9,16.4,18.4,32.6,6.4,11.4,12.3,13,38.4,33.7,2.3,0.3,36.1,63.9,52790,61033
"3838",6059001202,"06","059","001202",3586,33.933465,-117.942617,"Census Tract 12.02, Orange County, California",378800,931,23,4.4,3.66,4.55,3.1,3.4,0.6,13.7,17.4,21.1,31.7,4.9,4,7.6,9.7,33.6,36.1,13,0,52.2,47.8,67717,67409
"3839",6059001301,"06","059","001301",6423,33.923081,-117.967228,"Census Tract 13.01, Orange County, California",352600,2476,206,4.5,2.68,2.55,0,0.5,1.1,9,39.6,30.1,19.6,0,0,6.3,28.1,21.7,33,7.7,3.2,64.1,35.9,69316,77652
"3840",6059001303,"06","059","001303",5752,33.921261,-117.952158,"Census Tract 13.03, Orange County, California",333500,1831,53,4.2,3.33,2.67,2.2,1.3,3.2,22.4,25.9,19.9,23.2,1.3,0.4,9.6,14,35.4,35.4,5.5,0,59,41,59850,66599
"3841",6059001304,"06","059","001304",3803,33.926069,-117.948976,"Census Tract 13.04, Orange County, California",177300,1141,27,4.6,2.65,4.09,2.3,3.9,3.2,14,25.3,20.5,21.6,3.8,5.3,9.2,6.9,42.5,37.2,3.2,1.1,49.4,50.6,47727,54904
"3842",6059001401,"06","059","001401",5013,33.940611,-117.940909,"Census Tract 14.01, Orange County, California",582300,1766,68,4.8,3.05,3.06,0,2.4,1.6,8.3,18.9,32.2,34.3,0.7,1.6,21.7,11.2,23.2,31.8,10.2,2,42.8,57.2,58373,73893
"3843",6059001402,"06","059","001402",5185,33.937006,-117.928924,"Census Tract 14.02, Orange County, California",486400,1543,0,4.9,3.46,3.27,0,0,2.9,9.4,17.8,36.7,30.1,0.6,2.5,10,10,19.6,36,19.4,5,52,48,66103,76092
"3844",6059001403,"06","059","001403",3239,33.938644,-117.919997,"Census Tract 14.03, Orange County, California",553200,1100,26,6.4,3.11,4.26,0,0,1.8,2.3,11.3,49.1,32.1,3.5,0,2.3,0,2.1,51,39.5,5.2,92.7,7.3,95000,101887
"3845",6059001404,"06","059","001404",3972,33.93077,-117.933267,"Census Tract 14.04, Orange County, California",349400,1031,58,4.3,3.12,4.59,0,0,0.8,7.4,18.4,7,45.6,15.7,5.1,12.2,1.9,44.7,30.9,10.2,0,53.5,46.5,53191,64565
"3846",6059001501,"06","059","001501",6373,33.934991,-117.912549,"Census Tract 15.01, Orange County, California",464500,2488,98,6.1,2.55,1.63,3.1,13,15.3,24.7,31.5,8.7,3.7,0,0,0,0.6,31.2,29.1,35.6,3.6,96.2,3.8,78500,99856
"3847",6059001503,"06","059","001503",5099,33.912477,-117.907613,"Census Tract 15.03, Orange County, California",572500,1812,102,5.6,3.11,2.83,0,2.3,7.1,6.6,10,39.7,25.2,2.4,6.6,4,13.7,23.8,33.6,22.2,2.7,60.1,39.9,78519,87405
"3848",6059001504,"06","059","001504",4605,33.916483,-117.894145,"Census Tract 15.04, Orange County, California",463000,1815,75,4.7,3.04,2.3,0.6,6.8,8.4,13.8,17.7,10,30.1,2.8,9.9,5.6,19.2,30.2,27.4,12.3,5.2,47.4,52.6,60291,71838
"3849",6059001505,"06","059","001505",6876,33.904453,-117.897588,"Census Tract 15.05, Orange County, California",562400,2484,88,5.6,2.88,2.88,0.7,6.4,5.8,7.9,21.4,28.3,24.5,2.9,2.1,0.8,3.7,19.9,45.3,23.6,6.6,74.4,25.6,92500,99492
"3850",6059001506,"06","059","001506",4109,33.933776,-117.892494,"Census Tract 15.06, Orange County, California",598800,1668,99,6,2.77,1.9,0,2.6,9.1,27.7,26.7,27.6,6.4,0,0,7.3,13.5,9.8,27.9,38.4,3.1,70.2,29.8,78750,102503
"3851",6059001507,"06","059","001507",4665,33.927254,-117.894372,"Census Tract 15.07, Orange County, California",468200,2031,157,3.9,2.42,2.07,0,3.4,7.2,17.9,47.9,20.6,1.4,0.7,0.9,1.4,32,37.7,18.4,8.5,2.2,38.5,61.5,80038,80420
"3852",6059001601,"06","059","001601",7989,33.904902,-117.921556,"Census Tract 16.01, Orange County, California",701800,2915,142,6.2,2.79,2.56,0,9.1,14.8,12.5,20.9,19.7,22,0.3,0.9,0,10.2,23,35.5,25.2,6.1,71.4,28.6,94268,121619
"3853",6059001602,"06","059","001602",4687,33.889909,-117.903787,"Census Tract 16.02, Orange County, California",703300,1885,36,6.6,2.51,2.68,0,6.2,14.7,7.3,39.4,22.6,7.5,1,1.3,0.5,8.1,12.8,37.6,30,11,84.7,15.3,112679,149925
"3854",6059001704,"06","059","001704",7451,33.886429,-117.959923,"Census Tract 17.04, Orange County, California",640100,2415,24,5.9,3.16,2.91,7,52.2,2.7,2.5,15.2,17.9,2.3,0.2,0,1.4,5,9.7,42.1,31.6,10.2,72.3,27.7,98401,117550
"3855",6059001705,"06","059","001705",4343,33.913339,-117.940542,"Census Tract 17.05, Orange County, California",552000,1438,91,5.2,2.78,3.96,0,0.4,0.8,6.8,59.1,24.5,7.5,0,0.8,18.2,5.9,17.1,21.1,29.7,8,61,39,81181,117739
"3856",6059001706,"06","059","001706",3869,33.893003,-117.93702,"Census Tract 17.06, Orange County, California",913200,1380,104,7.3,2.72,1.28,1.3,1.7,6.5,6.2,5.6,27.8,36.4,13.6,1,2.4,8.8,7.7,31.4,35.7,14.1,82.4,17.6,108864,157562
"3857",6059001707,"06","059","001707",7482,33.903827,-117.968562,"Census Tract 17.07, Orange County, California",642100,2558,38,6.1,3.07,3.18,2.9,15.2,24.6,27.8,14.7,14,0.8,0,0,0,9.9,11.3,27.8,36,15.1,76.1,23.9,114695,138689
"3858",6059001708,"06","059","001708",3786,33.906327,-117.950803,"Census Tract 17.08, Orange County, California",577200,1304,26,6.2,2.78,3.22,0,0.5,11.3,10.9,29.4,40.2,3,0.7,4,0.8,0.7,12.4,40.1,37.6,8.4,93,7,88611,107009
"3859",6059001801,"06","059","001801",5544,33.865427,-117.980058,"Census Tract 18.01, Orange County, California",386000,1566,79,4.1,3.69,3.48,0,0,8.2,8.7,19.2,31.1,18.2,6.3,8.3,12.2,12.7,44.8,22.4,7.3,0.5,20.8,79.2,48719,59922
"3860",6059001802,"06","059","001802",7154,33.862255,-117.971689,"Census Tract 18.02, Orange County, California",323700,2161,84,3.9,3.71,3.88,0,0,1.5,11.8,21.1,36.9,22.3,4.3,2,5.9,14.8,55.2,15.9,7.9,0.3,29.1,70.9,39716,53640
"3861",6059001901,"06","059","001901",2810,33.863724,-117.963957,"Census Tract 19.01, Orange County, California",395400,811,43,5.4,3.89,3.14,0,2.1,0,0,3.1,10.9,73.5,1.8,8.6,1.8,9.4,6,52.4,30.3,0,73.2,26.8,88750,87945
"3862",6059001902,"06","059","001902",2967,33.863535,-117.954945,"Census Tract 19.02, Orange County, California",404100,808,29,5.6,3.95,3.15,0,0,1.5,0,3.8,18.4,70.2,4.7,1.4,1.4,8.3,8,49.3,31.7,1.4,66.2,33.8,66078,70273
"3863",6059001903,"06","059","001903",3418,33.856623,-117.959182,"Census Tract 19.03, Orange County, California",415100,955,33,5.7,3.46,3.5,2.9,3.6,0,6.8,4,19.1,59.3,2,2.4,4.6,2.3,15.8,40.8,35.7,0.7,65.2,34.8,62348,72314
"3864",6059011000,"06","059","011000",6626,33.873476,-117.951779,"Census Tract 110, Orange County, California",443300,2500,186,4.9,3.05,2.21,1.8,0.4,1.2,5.1,10.1,26.3,36,6,13,12.6,12.4,18.9,45.4,9.4,1.4,59.7,40.3,71389,86994
"3865",6059011101,"06","059","011101",4140,33.860818,-117.945861,"Census Tract 111.01, Orange County, California",444000,1293,31,4.3,3.3,2.58,1.5,0.7,0.9,0.7,16.8,13.8,64.9,0.8,0,5.3,29.8,16,38,7.2,3.8,49.3,50.7,50970,65022
"3866",6059011102,"06","059","011102",4356,33.860335,-117.937276,"Census Tract 111.02, Orange County, California",395900,1162,0,5.6,3.74,3.77,0,0.6,2.5,0.5,3.4,3.4,78.3,10.6,0.7,1.4,3.5,7,64.4,22.2,1.5,79.4,20.6,68611,77477
"3867",6059011200,"06","059","011200",3916,33.873955,-117.935227,"Census Tract 112, Orange County, California",499000,1674,154,4.6,2.57,2.35,0,0.8,0.8,12.9,6.9,6.6,17,22,33,6.8,19.8,38.2,26.6,6.6,2,48,52,67692,80323
"3868",6059011300,"06","059","011300",4379,33.874685,-117.92468,"Census Tract 113, Orange County, California",653700,2051,96,4.1,2.36,2.05,15.7,16.8,10.8,2.7,4.9,10.9,18.9,1.3,18,7.2,24.5,30.6,22.5,13.7,1.4,31.8,68.2,73141,99624
"3869",6059011401,"06","059","011401",1982,33.879799,-117.917813,"Census Tract 114.01, Orange County, California",615200,775,50,5.9,2.59,2.42,0,0,0,1.7,3.4,24.6,55.5,1.9,12.9,1,7.4,26.7,43.7,15.4,5.8,56.8,43.2,68973,84251
"3870",6059011402,"06","059","011402",2325,33.879847,-117.907323,"Census Tract 114.02, Orange County, California",574800,866,16,6.3,2.54,4.25,0,0,3.5,2.8,5.2,19.9,64.1,0,4.6,0,3.5,7.7,66.4,21,1.4,91.2,8.8,95833,111636
"3871",6059011403,"06","059","011403",5565,33.871779,-117.906167,"Census Tract 114.03, Orange County, California",449000,1981,116,4.5,2.88,3.21,0,0,1,4.3,16.3,13.8,38.3,4.5,21.9,4,20.1,35.8,30.7,7.7,1.6,42.9,57.1,53542,65863
"3872",6059011502,"06","059","011502",4101,33.871294,-117.890114,"Census Tract 115.02, Orange County, California",405200,1475,89,4.6,3,2.78,0.7,0.9,0.6,5.8,13.4,22.8,51.2,3.3,1.4,0,33.6,19,28,16.1,3.3,45.7,54.3,69333,71962
"3873",6059011503,"06","059","011503",1727,33.879232,-117.893757,"Census Tract 115.03, Orange County, California",559200,580,39,6.2,3.03,3.32,0,0,10,4,25,13.1,47.9,0,0,0,0,0.7,58.8,38.6,1.9,93,7,116406,117128
"3874",6059011504,"06","059","011504",5473,33.881288,-117.881583,"Census Tract 115.04, Orange County, California",284400,2159,278,3.5,2.51,2.29,1.1,0,3,6.9,62,21.8,2.5,0.4,2.3,11.9,41.9,39.8,6.3,0,0,9.8,90.2,37153,46118
"3875",6059011601,"06","059","011601",7955,33.860845,-117.928809,"Census Tract 116.01, Orange County, California",414900,2276,37,3.6,3.62,3.42,3.2,0,2.1,24.4,28,16.1,17.4,2.7,6.1,5.6,32.6,40.1,17.6,4,0,15,85,51475,58899
"3876",6059011602,"06","059","011602",5237,33.86141,-117.911875,"Census Tract 116.02, Orange County, California",264200,1705,68,4.4,2.65,4.13,0.6,4.9,7.8,4.6,20.4,22.1,25.2,3.9,10.6,0.8,19.3,39.3,34,4.7,1.9,57.7,42.3,48523,55501
"3877",6059011707,"06","059","011707",6045,33.903209,-117.876874,"Census Tract 117.07, Orange County, California",630000,2374,90,5.5,2.72,2.62,0.5,21.5,12.4,10.6,45.7,8.4,0,0,0.9,1.3,10.7,30,21.5,26,10.4,62.4,37.6,94925,110954
"3878",6059011708,"06","059","011708",4317,33.892194,-117.87956,"Census Tract 117.08, Orange County, California",482300,1962,405,3.8,2.72,2.5,0,0,1.9,7,51.1,37,3.1,0,0,4.7,33.4,35.6,12.4,10.2,3.7,36.6,63.4,59779,66629
"3879",6059011709,"06","059","011709",4355,33.901246,-117.862225,"Census Tract 117.09, Orange County, California",606000,1418,10,7.4,2.74,3.52,0,0,0,2.8,51.7,43.8,1.8,0,0,0,0,5,26.9,55.5,12.6,95.1,4.9,104676,120587
"3880",6059011710,"06","059","011710",3442,33.891834,-117.862605,"Census Tract 117.10, Orange County, California",605400,1161,79,6.7,3.17,2.28,0,4.9,5.2,5.5,37.6,44.4,2.3,0,0,1.6,4.5,4.8,27.4,50.3,11.4,82.9,17.1,91053,110772
"3881",6059011711,"06","059","011711",7305,33.885699,-117.870523,"Census Tract 117.11, Orange County, California",393600,2765,180,3.5,2.56,2.64,2,5.5,4.4,6.3,41.1,25.4,10.7,4.5,0,9.3,36.7,36.5,12.8,4.3,0.4,18.8,81.2,44452,54193
"3882",6059011712,"06","059","011712",4865,33.876971,-117.871207,"Census Tract 117.12, Orange County, California",502200,1549,110,4.6,3.16,2.91,0.6,1.9,6,5,24.1,32.1,20.9,7,2.4,1.2,18.8,32.7,24.8,15.4,7.1,54.2,45.8,69799,76417
"3883",6059011714,"06","059","011714",499,33.858967,-117.852171,"Census Tract 117.14, Orange County, California",NA,102,0,4,NA,4.05,32.4,0,0,0,38.2,26.5,2.9,0,0,9.8,7.8,51,31.4,0,0,0,100,84375,73425
"3884",6059011715,"06","059","011715",6369,33.881993,-117.852367,"Census Tract 117.15, Orange County, California",588500,2375,64,6.4,3.12,2.63,4.2,13,7.5,12.3,22.4,37,2.6,0,1.1,0,15.7,6.8,31.2,37.7,8.6,72.9,27.1,94918,109200
"3885",6059011716,"06","059","011716",5410,33.871082,-117.853816,"Census Tract 117.16, Orange County, California",621200,1558,52,7.2,3.29,5.14,0.7,24.1,28.2,6.5,34.6,5.9,0,0,0,0,0,11,28.8,52.1,8.1,89.6,10.4,110156,133454
"3886",6059011717,"06","059","011717",2746,33.903393,-117.849972,"Census Tract 117.17, Orange County, California",571700,913,0,5.7,3.19,2.87,0,1.8,0,15.7,32.4,43.5,2.4,3.4,0.9,0,1.2,18.5,40.6,36,3.6,64,36,91103,95039
"3887",6059011718,"06","059","011718",3263,33.894158,-117.848164,"Census Tract 117.18, Orange County, California",526600,1073,43,6.3,2.88,4.24,0,1.5,0,2.1,29,52.2,12.2,0,3,0,1.3,5.8,52,36.9,4,88,12,91836,100401
"3888",6059011720,"06","059","011720",7329,33.856505,-117.878892,"Census Tract 117.20, Orange County, California",292700,1477,93,4.1,4.83,5.23,0.5,2.5,12.3,8.1,21.2,18.5,19.5,9.9,7.6,1.8,4.5,68.9,15.3,7.1,2.5,27.2,72.8,36677,50303
"3889",6059011721,"06","059","011721",5023,33.870436,-117.872721,"Census Tract 117.21, Orange County, California",354900,1470,67,4,2.43,3.68,1.2,1.6,1.1,30.3,32.2,8.8,5.7,1,18.2,1.8,23.8,48.9,22.8,2,0.7,25,75,45795,53443
"3890",6059011722,"06","059","011722",2363,33.866333,-117.864696,"Census Tract 117.22, Orange County, California",364400,1267,29,4.1,2.86,1.54,2.2,22,3.2,9.2,41.8,17.1,1.6,0,2.9,0,33.6,29.4,14.9,22,0,45.6,54.4,47155,66323
"3891",6059021802,"06","059","021802",7091,33.890579,-117.815861,"Census Tract 218.02, Orange County, California",669900,2501,0,6,3.16,2.41,1.4,11.6,6,11.6,34.4,20.2,9.4,0.4,4.9,5.3,11.3,18.5,19.8,35.7,9.4,62.9,37.1,76458,117614
"3892",6059021807,"06","059","021807",4131,33.867328,-117.772736,"Census Tract 218.07, Orange County, California",588000,1395,53,6.5,3.19,3.29,0,19.4,8.2,9,56.5,4.8,0.9,1.3,0,2.1,8.3,11.3,38.3,32,8,69.4,30.6,105602,107003
"3893",6059021809,"06","059","021809",2902,33.894372,-117.835174,"Census Tract 218.09, Orange County, California",694800,1016,23,6.4,3.01,2.44,10.1,10.3,2.7,2.7,23.8,41.1,8.3,0,1,0,16.1,8.4,32,31.9,11.6,68.8,31.2,84393,98627
"3894",6059021810,"06","059","021810",3627,33.884181,-117.83549,"Census Tract 218.10, Orange County, California",575400,1208,27,6.4,2.84,2.85,0,0.7,4.9,13.4,32.6,47.8,0.6,0,0,0,0,8.4,54,34.4,3.2,92.8,7.2,109330,116078
"3895",6059021812,"06","059","021812",6339,33.868408,-117.803407,"Census Tract 218.12, Orange County, California",493500,2242,199,5.4,3.11,2.85,0,1.1,3.6,8.3,53.8,27.6,4.5,0.6,0.5,3.1,13.7,17.4,34.7,28.9,2.1,64.1,35.9,79399,92853
"3896",6059021813,"06","059","021813",25,33.86047,-117.821587,"Census Tract 218.13, Orange County, California",NA,0,0,NA,NA,NA,NA,NA,NA,NA,NA,NA,NA,NA,NA,NA,NA,NA,NA,NA,NA,NA,NA,NA,NA
"3897",6059021814,"06","059","021814",6816,33.919521,-117.872045,"Census Tract 218.14, Orange County, California",639400,2654,0,5.3,3.19,2.15,0,0,2.3,26.5,58.4,9.9,1.8,0,1,7.2,20.6,16.4,24,24.3,7.5,50.6,49.4,81893,104679
"3898",6059021815,"06","059","021815",7751,33.916958,-117.834974,"Census Tract 218.15, Orange County, California",703700,2723,90,6.8,2.98,3.03,7.2,51.4,1.6,10.4,21.9,6.1,1,0,0.4,0,0.3,19.1,28.6,31.7,20.3,88.2,11.8,107614,142101
"3899",6059021816,"06","059","021816",4833,33.876494,-117.793759,"Census Tract 218.16, Orange County, California",655900,1779,51,6.4,2.67,2.6,0.5,0.3,0.8,14.9,52.1,29.1,2.2,0,0,1.6,0,16.3,32.5,41.4,8.2,87.6,12.4,91071,112510
"3900",6059021817,"06","059","021817",3479,33.869197,-117.783893,"Census Tract 218.17, Orange County, California",467500,1284,8,5.7,2.7,3.12,0,0,9.9,5.8,73.4,10.9,0,0,0,0,0,19.5,48.9,19.9,11.8,78.9,21.1,90265,109631
"3901",6059021820,"06","059","021820",4258,33.876362,-117.829252,"Census Tract 218.20, Orange County, California",665500,1370,8,6.7,3.18,2.83,1.2,5.6,38.5,21.8,15.7,11.5,5.1,0,0.6,0.4,1,9.4,30,47.7,11.4,90.5,9.5,118292,132573
"3902",6059021821,"06","059","021821",6582,33.869847,-117.830703,"Census Tract 218.21, Orange County, California",446700,2307,65,4.7,3.08,2.62,2.2,16,25.7,22.7,23.1,4.3,2.9,3.1,0,2,5.6,43.8,30.2,17.5,1,56.4,43.6,76151,85346
"3903",6059021822,"06","059","021822",7488,33.901015,-117.800879,"Census Tract 218.22, Orange County, California",918100,2340,42,7.1,3.09,2.72,30.1,13.8,1.5,17.6,17.5,13.4,3.5,2.5,0,0,0.8,5,31.7,29.8,32.7,85.3,14.7,116618,164342
"3904",6059021823,"06","059","021823",3299,33.894789,-117.78248,"Census Tract 218.23, Orange County, California",627100,1049,0,6.7,3.06,3.76,9.2,0,2.1,17.8,56.4,13.8,0.7,0,0,0.6,0,2.4,47.4,38.1,11.5,83.9,16.1,109176,118036
"3905",6059021824,"06","059","021824",2678,33.898709,-117.769675,"Census Tract 218.24, Orange County, California",823900,866,14,7.6,3.16,3.43,0,0,7.2,77.4,12.1,0,0,3.3,0,0,0,4.3,23.9,47.8,24,94.8,5.2,166083,194264
"3906",6059021825,"06","059","021825",3107,33.890402,-117.755432,"Census Tract 218.25, Orange County, California",799800,1093,0,6.4,3.31,1.52,1.8,1.1,28.1,60,3.9,4.1,0.9,0,0,0,9.3,11.6,31.8,30.5,16.7,85.5,14.5,105729,130841
"3907",6059021826,"06","059","021826",2682,33.875204,-117.710957,"Census Tract 218.26, Orange County, California",391900,1073,73,4.5,2.38,2.19,0,3.2,10.5,73.3,6.2,0.7,1.2,2.6,2.2,0,22.8,40.1,29.4,3.9,3.8,60.8,39.2,85074,94997
"3908",6059021827,"06","059","021827",3028,33.883591,-117.730173,"Census Tract 218.27, Orange County, California",881600,1075,79,7.5,3.04,3.55,0.3,3.3,24.4,68.3,3.8,0,0,0,0,0,0,21.7,15.7,40.8,21.8,89.7,10.3,133111,176707
"3909",6059021828,"06","059","021828",4362,33.881768,-117.709414,"Census Tract 218.28, Orange County, California",795100,1295,29,7.4,3.32,4.17,0,0,53.9,41.2,2.5,1.5,0.8,0,0,0,0,0,19.7,53.1,27.3,96.8,3.2,161190,201029
"3910",6059021829,"06","059","021829",5329,33.882891,-117.779368,"Census Tract 218.29, Orange County, California",864800,1771,71,7.7,3.04,3.89,0,8.6,27.2,45.1,13.6,2.9,2,0,0.5,0,0,0.5,27.6,63.4,8.6,94.6,5.4,141905,180103
"3911",6059021830,"06","059","021830",5862,33.878594,-117.766785,"Census Tract 218.30, Orange County, California",725400,2061,28,6.8,2.95,2.81,1.1,9,21.3,49,17.8,1.8,0,0,0,0,0,8.6,38.8,44.1,8.5,93.5,6.5,135938,173296
"3912",6059021903,"06","059","021903",4034,33.850852,-117.816157,"Census Tract 219.03, Orange County, California",560500,1252,108,6.2,3.26,3.86,0.6,4.7,0.8,2.6,41.2,41.8,7.3,0.6,0.5,0,0.8,2.2,47.8,43.6,5.7,80.2,19.8,82148,83623
"3913",6059021905,"06","059","021905",5485,33.855401,-117.777796,"Census Tract 219.05, Orange County, California",614700,1843,60,6.9,3.11,2.23,0,3.9,2.8,4.4,80.4,8,0.4,0,0,0,4.6,2.1,30.8,56,6.5,86.7,13.3,103463,111359
"3914",6059021912,"06","059","021912",4828,33.822066,-117.783713,"Census Tract 219.12, Orange County, California",872100,1560,63,7.7,3.2,3.13,0,33.1,11.8,21.7,32.3,0,0.4,0.6,0,0,2.2,2.8,18.8,55.3,20.9,92.9,7.1,145875,190472
"3915",6059021913,"06","059","021913",8140,33.793155,-117.807267,"Census Tract 219.13, Orange County, California",489600,2015,20,5.9,4.46,6.31,0,2.3,10.9,3.8,27.3,38.9,9.1,1.7,6,0,2.3,18.4,35.3,30.6,13.4,67.3,32.7,89458,103810
"3916",6059021914,"06","059","021914",4218,33.782238,-117.802744,"Census Tract 219.14, Orange County, California",545500,1383,51,5.7,2.61,5.35,1.2,2.5,2.3,27,43.6,18.1,1.5,2.9,0.7,0.9,6.7,22.7,37.7,23.5,8.4,71.5,28.5,90750,118274
"3917",6059021915,"06","059","021915",3985,33.84457,-117.807778,"Census Tract 219.15, Orange County, California",762300,1541,79,7.3,2.74,2.54,0,1.2,5.6,12.5,56.4,22.7,1.6,0,0,0,0,16.2,23,36.9,23.9,90.1,9.9,109302,154653
"3918",6059021916,"06","059","021916",3529,33.84084,-117.792254,"Census Tract 219.16, Orange County, California",759900,1497,173,6.6,2.76,2.24,0,1.8,6.3,56.3,33.9,0.9,0,0,0.7,2.7,10.8,10.6,28.9,37.1,9.8,82.9,17.1,110000,129551
"3919",6059021917,"06","059","021917",3435,33.805491,-117.782046,"Census Tract 219.17, Orange County, California",903900,1267,95,7.5,2.73,2.52,0.9,1.7,12.2,10.2,43.6,15.5,8.6,4.5,2.6,1.7,2.8,6.3,29.4,37.5,22.3,82.7,17.3,104200,173047
"3920",6059021918,"06","059","021918",5067,33.79397,-117.794594,"Census Tract 219.18, Orange County, California",545100,1827,89,6,2.86,2.42,0,1.3,14.7,40.1,28.7,13.6,1,0.5,0,0,2.7,29,35.1,29.8,3.4,85.4,14.6,98971,123076
"3921",6059021919,"06","059","021919",2662,33.849141,-117.770058,"Census Tract 219.19, Orange County, California",690000,1084,42,6.9,2.65,1.79,0,1.1,10.9,12.3,65.4,8.9,0,0,1.5,3.7,5.7,13.6,17.4,38.9,20.7,80.7,19.3,82604,110056
"3922",6059021920,"06","059","021920",6892,33.835932,-117.763651,"Census Tract 219.20, Orange County, California",630700,2577,174,6.6,2.71,2.66,1.3,19.9,3.7,29.1,41.9,2,1.6,0.5,0,0.4,0,12.6,46.3,30.4,10.3,87.3,12.7,117159,140817
"3923",6059021921,"06","059","021921",4496,33.853339,-117.751153,"Census Tract 219.21, Orange County, California",866600,1436,0,8,3.19,3.2,0,3,54.4,17.1,18.7,5.2,1,0.7,0,0.6,0,2.9,21.4,54.3,20.8,94.2,5.8,142846,162042
"3924",6059021922,"06","059","021922",4834,33.857376,-117.742839,"Census Tract 219.22, Orange County, California",499800,2375,137,4.4,2.6,1.88,2.1,6,58.7,27.3,3,0.6,1.6,0,0.6,4,23.1,32,22.5,17.8,0.6,58.8,41.2,70648,92689
"3925",6059021923,"06","059","021923",6643,33.848287,-117.735317,"Census Tract 219.23, Orange County, California",515700,2467,33,5.9,2.62,3.87,6.3,9.3,63.3,7.3,13.8,0,0,0,0,0,0,29.6,40.6,18.7,11,91.5,8.5,116413,141512
"3926",6059021924,"06","059","021924",4192,33.863885,-117.729821,"Census Tract 219.24, Orange County, California",668200,1530,103,6.2,3.38,2.74,1.6,0,59,33.2,4.6,0.5,0,0,1.1,0,2.5,23.1,29.8,39,5.6,77.9,22.1,114653,128556
"3927",6059032002,"06","059","032002",6210,33.614508,-117.666742,"Census Tract 320.02, Orange County, California",591900,2094,50,6.1,2.83,3.46,0,0,0,3.1,60.3,35.9,0,0,0.8,0,0.8,7.2,54.9,30,7.1,86.6,13.4,96000,105172
"3928",6059032003,"06","059","032003",4852,33.604972,-117.666847,"Census Tract 320.03, Orange County, California",614000,1582,0,6.7,3,3.38,0,0,0,0.9,24.6,71.4,2,0.6,0.5,0,0,2.8,47.9,34.1,15.2,93.4,6.6,115698,138369
"3929",6059032011,"06","059","032011",1606,33.736126,-117.612151,"Census Tract 320.11, Orange County, California",570000,792,60,5,2.54,1.99,5.3,2,4.4,8.2,12.8,9.5,7.7,12,38.1,0.4,17.6,34.3,33,11,3.8,78.4,21.6,95893,113767
"3930",6059032012,"06","059","032012",3626,33.590495,-117.665491,"Census Tract 320.12, Orange County, California",612600,1297,29,6.6,2.87,2.63,0,0,1.6,8.8,31.4,55,2,0.4,0.8,0,9.1,18.3,40.4,27.8,4.5,81,19,100260,120021
"3931",6059032013,"06","059","032013",4984,33.571373,-117.664475,"Census Tract 320.13, Orange County, California",611400,2109,39,5.7,2.72,2.08,1,14.7,17.5,12.2,44.5,9.6,0,0,0.5,2.3,26.5,17.2,28,16.8,9.2,48.3,51.7,81705,91333
"3932",6059032014,"06","059","032014",6323,33.617425,-117.696476,"Census Tract 320.14, Orange County, California",197200,2088,112,4.8,2.98,4.09,2,0.7,5,26.5,37.6,21.5,6.3,0,0.4,0.9,17.4,45.1,21.5,13.3,1.8,63.4,36.6,53882,83403
"3933",6059032015,"06","059","032015",6548,33.609494,-117.685359,"Census Tract 320.15, Orange County, California",621900,1946,57,7.1,3.22,2.33,0.7,0.4,2.8,6.3,68.9,19.6,0.8,0.6,0,0.7,7.8,5,26.5,44.7,15.4,84.5,15.5,94188,110388
"3934",6059032020,"06","059","032020",5715,33.606125,-117.642984,"Census Tract 320.20, Orange County, California",628700,1914,0,6.6,3.26,3.21,0,0,0,15.4,79,4,0.9,0,0.7,0.7,4.3,7.6,48,33.4,6.1,76.2,23.8,98235,117633
"3935",6059032022,"06","059","032022",6833,33.546653,-117.666169,"Census Tract 320.22, Orange County, California",432600,2305,113,4.8,2.83,3.36,0,3.1,10.2,35.3,47.3,2,2.2,0,0,4.4,20,23.9,36.7,14.5,0.5,44.7,55.3,57143,70155
"3936",6059032023,"06","059","032023",13544,33.47586,-117.596347,"Census Tract 320.23, Orange County, California",843500,4403,238,7.2,2.93,3.33,23.5,56.2,6.4,3.5,9.4,0.3,0,0,0.8,0,2.4,14.8,24.9,41.1,16.9,84.2,15.8,129009,169495
"3937",6059032027,"06","059","032027",6328,33.629262,-117.680576,"Census Tract 320.27, Orange County, California",451500,2173,115,5.2,2.66,3.68,1.5,0,0.8,15.5,75.7,5.2,1.3,0,0,2.9,7.8,34.4,32.3,22.5,0.2,62,38,72043,84033
"3938",6059032028,"06","059","032028",3102,33.624372,-117.669974,"Census Tract 320.28, Orange County, California",364200,1320,59,4.4,2.6,2.16,0,0,4.4,39.2,50.4,4.6,0.6,0,0.8,5.6,12.6,43.7,29.6,8,0.5,69.6,30.4,65095,73099
"3939",6059032029,"06","059","032029",4328,33.643875,-117.666738,"Census Tract 320.29, Orange County, California",488300,1501,94,5.7,2.94,3.26,0,0,0.7,37.2,58,2.6,1.5,0,0,1.5,0,30.6,29.6,38.3,0,79.2,20.8,100094,99869
"3940",6059032030,"06","059","032030",3819,33.640989,-117.662003,"Census Tract 320.30, Orange County, California",543800,1286,25,6.2,3.04,3.03,0,0,0,2.9,88.4,7.5,1.2,0,0,0,0,6.8,52.6,34.3,6.2,85.6,14.4,98750,110226
"3941",6059032031,"06","059","032031",3654,33.644394,-117.648851,"Census Tract 320.31, Orange County, California",586700,1166,54,7.1,2.81,4.37,0,1.3,0,11.7,85.2,0.9,0.9,0,0,0,0,4.5,32.7,57.7,5.1,89.7,10.3,113889,126009
"3942",6059032032,"06","059","032032",3075,33.631383,-117.656714,"Census Tract 320.32, Orange County, California",641800,1039,0,6.2,3,3.49,0,0,3.2,2.1,88.4,5.8,0,0,0.6,0,0,1.5,51.6,38.5,8.4,85,15,106146,126862
"3943",6059032033,"06","059","032033",3624,33.646892,-117.640749,"Census Tract 320.33, Orange County, California",447600,1492,70,4.2,2.32,2.23,0,1.1,9.5,70.4,14.2,2.5,0.8,1.4,0,0.4,20.2,49.6,26.5,3.3,0,49.4,50.6,87315,96313
"3944",6059032034,"06","059","032034",5898,33.639782,-117.629864,"Census Tract 320.34, Orange County, California",813100,1840,20,7.8,3.33,3.81,0.6,0,35.2,51.3,11.9,0.4,0,0,0.6,0,0,3,25.2,54.9,16.8,96.3,3.7,152065,175708
"3945",6059032035,"06","059","032035",2373,33.631605,-117.641591,"Census Tract 320.35, Orange County, California",709400,1070,109,6.2,2.33,1.91,0,0,1.7,59.3,37.5,0,1.6,0,0,0.8,0,42.9,20.4,24.6,11.3,82.3,17.7,100078,134443
"3946",6059032036,"06","059","032036",3539,33.619058,-117.654396,"Census Tract 320.36, Orange County, California",585900,1272,0,6.4,2.87,2.09,0,0,1.1,13.1,80.3,3.1,1.6,0.7,0,0.7,1.7,13.3,45.2,31,8.1,85,15,110769,124180
"3947",6059032037,"06","059","032037",4929,33.620191,-117.63693,"Census Tract 320.37, Orange County, California",470100,2623,71,5.4,1.93,1.61,0,13.1,11.4,36,32,5.3,0.6,0.5,1,0,1,59.2,21.6,9.4,8.8,88.6,11.4,53438,88244
"3948",6059032038,"06","059","032038",6602,33.593754,-117.646451,"Census Tract 320.38, Orange County, California",705800,2146,155,7.4,3.22,5.22,0,2.1,66.7,29.5,0,0,0.6,0.4,0.7,0,0,4.8,22.9,56,16.3,96,4,140966,149996
"3949",6059032039,"06","059","032039",6696,33.575884,-117.649992,"Census Tract 320.39, Orange County, California",562200,2224,76,6.4,3.04,3.7,0,1.1,40.8,22.7,34.4,0.5,0.4,0,0,0,1.3,13.3,44,36.3,5.1,83.7,16.3,115000,127391
"3950",6059032040,"06","059","032040",2612,33.58111,-117.653373,"Census Tract 320.40, Orange County, California",692800,889,46,7.4,3.08,3.16,0,1.6,0,82,9.7,6.7,0,0,0,0,0,2.2,36.4,57,4.3,89.3,10.7,140160,182519
"3951",6059032041,"06","059","032041",1022,33.677849,-117.592394,"Census Tract 320.41, Orange County, California",872000,407,82,6.4,3.08,1.97,0,8.6,26,12.5,17.2,13.8,7.1,10.3,4.4,7.9,16.7,3.7,35.6,25.3,10.8,89.2,10.8,165250,181774
"3952",6059032042,"06","059","032042",5796,33.650674,-117.566657,"Census Tract 320.42, Orange County, California",714300,1737,0,7.4,3.33,3.14,0,1.3,36.8,59.8,1.6,0,0.6,0,0,0,3,7.8,27.7,50,11.6,83,17,126683,136240
"3953",6059032043,"06","059","032043",3987,33.634036,-117.568095,"Census Tract 320.43, Orange County, California",882800,1207,0,8.1,3.33,3.59,3,2.6,74.3,15.6,1.8,2.7,0,0,0,0,0,2,20.2,61.6,16.2,96.4,3.6,186875,226193
"3954",6059032044,"06","059","032044",5760,33.612537,-117.58117,"Census Tract 320.44, Orange County, California",980000,1994,127,8,3.07,2.47,0.6,4.7,42.4,40.2,9.4,2.3,0.5,0,0,0,0,7.2,33.3,35.9,23.6,90.8,9.2,162596,215768
"3955",6059032045,"06","059","032045",2978,33.589472,-117.59688,"Census Tract 320.45, Orange County, California",615900,972,24,6.1,3.24,2.69,0.6,13.2,80.8,2.8,0,1.6,0,1,0,0,0,26.3,35.9,30.6,7.2,88.2,11.8,122679,141032
"3956",6059032046,"06","059","032046",6005,33.576022,-117.584649,"Census Tract 320.46, Orange County, California",NA,1935,29,NA,3.25,4.65,0,34.9,62,2.1,0.7,0,0.3,0,0,0,0,4.1,19.4,39.5,36.9,95.4,4.6,206143,230212
"3957",6059032047,"06","059","032047",3652,33.658275,-117.64325,"Census Tract 320.47, Orange County, California",369300,1746,77,4.1,2.24,2.06,1.6,2.4,28.7,48.6,11.8,2.2,3.4,0,1.3,0,29.7,44.9,23,1,1.4,54.9,45.1,74792,84130
"3958",6059032048,"06","059","032048",5590,33.651396,-117.626936,"Census Tract 320.48, Orange County, California",593700,2224,13,6.1,2.53,3.12,0,1.5,62.2,32.6,1.8,1.3,0.7,0,0,0,3.2,35.1,34.4,24.1,3.1,94.1,5.9,94856,102913
"3959",6059032049,"06","059","032049",9368,33.656599,-117.618168,"Census Tract 320.49, Orange County, California",636000,2949,97,6.4,3.43,2.27,0,12,79.6,6.8,1.5,0,0,0,0,0,12.1,15.8,29.8,28.7,13.7,76.5,23.5,121357,126927
"3960",6059032050,"06","059","032050",4906,33.65198,-117.587662,"Census Tract 320.50, Orange County, California",484100,1694,101,5.6,3.09,2.91,0,0,14.3,83.2,2.1,0,0,0.4,0,1.2,3,30,40.1,24,1.8,84.4,15.6,94455,106543
"3961",6059032051,"06","059","032051",4580,33.648409,-117.589839,"Census Tract 320.51, Orange County, California",350500,1977,181,4.1,2.46,2.09,0,1.2,16.5,68.9,9.6,0.8,2.4,0,0.7,3.1,24.4,53.4,17.5,1.6,0,54.1,45.9,65403,83416
"3962",6059032053,"06","059","032053",7976,33.612904,-117.620316,"Census Tract 320.53, Orange County, California",484400,3047,197,5.3,2.89,2.7,0,12,74,12.6,0.5,0.9,0,0,0,0.6,9.3,36.6,27.2,20.7,5.6,71.5,28.5,103916,124287
"3963",6059032054,"06","059","032054",5288,33.637233,-117.594405,"Census Tract 320.54, Orange County, California",471100,2333,141,3.9,2.9,2.03,3.7,6.9,79.4,8.4,1,0,0,0.6,0,3,32.8,28.2,24.9,10.6,0.5,37.9,62.1,79659,85542
"3964",6059032055,"06","059","032055",3884,33.644932,-117.583231,"Census Tract 320.55, Orange County, California",446900,1391,86,4.4,3.28,2.59,0.5,0.6,9.2,80.2,6.7,1.8,0,0,0.9,4.5,24.2,30,28.8,10.4,2.2,55.9,44.1,79229,93519
"3965",6059032056,"06","059","032056",7072,33.593493,-117.618297,"Census Tract 320.56, Orange County, California",631200,2513,151,6.3,3.5,1.87,10,23.1,62.6,3.9,0,0.5,0,0,0,3.3,13,17.4,18,37.8,10.5,75.5,24.5,123182,142738
"3966",6059032057,"06","059","032057",7218,33.5661,-117.638734,"Census Tract 320.57, Orange County, California",781900,2408,57,6.9,3.38,2.48,4,89,5,1.1,0.4,0.6,0,0,0,0,9.6,9.1,31.4,39.5,10.4,73.5,26.5,144438,148833
"3967",6059032058,"06","059","032058",7312,33.543334,-117.645873,"Census Tract 320.58, Orange County, California",627600,1783,112,6.1,3.4,2.94,41.1,56.8,0.6,0,0,0,0,0,1.6,0,3.3,25.9,40.9,16.9,13,75,25,130625,156113
"3968",6059032059,"06","059","032059",7975,33.551385,-117.636881,"Census Tract 320.59, Orange County, California",643300,2590,94,6.6,3.19,3.28,5.6,88.6,2,0,0.5,0,3.3,0,0,0.7,0.3,19.1,39.2,23.9,16.8,89.3,10.7,142754,161310
"3969",6059032061,"06","059","032061",3349,33.519991,-117.651924,"Census Tract 320.61, Orange County, California",NA,1221,42,7.8,2.94,2.22,0.5,11.7,26.4,37.3,19.3,4.8,0,0,0,0,3.6,24.9,10,40.1,21.4,88.9,11.1,122350,206239
"3970",6059042103,"06","059","042103",7418,33.413277,-117.60771,"Census Tract 421.03, Orange County, California",971900,3351,489,5.2,2.49,2.24,3.8,1.8,6.1,15.3,16.6,23.7,23.1,7.2,2.4,1.2,10.2,36.9,33.4,13.7,4.7,59.4,40.6,93077,139680
"3971",6059042106,"06","059","042106",1377,33.444751,-117.640199,"Census Tract 421.06, Orange County, California",659600,732,187,5.3,2.3,1.9,0,1.5,1,5.9,20.4,65.8,2.5,3,0,0,6.8,40.4,28.3,21.4,3,87,13,84475,92219
"3972",6059042107,"06","059","042107",4254,33.430638,-117.621019,"Census Tract 421.07, Orange County, California",781300,1523,127,4.2,2.21,2.92,0.8,3.5,3.3,9,30.8,21.3,19.8,4.7,6.8,6.2,14.7,47.2,27.1,3.1,1.7,34.2,65.8,56142,69351
"3973",6059042108,"06","059","042108",5697,33.425884,-117.62105,"Census Tract 421.08, Orange County, California",769800,3234,656,4.1,2.22,2.13,1.3,2.8,4,6.3,37.2,19.4,15.6,3.4,9.9,7.5,22.3,44.2,18.8,6.3,0.8,25.2,74.8,73953,107623
"3974",6059042109,"06","059","042109",4865,33.443151,-117.597275,"Census Tract 421.09, Orange County, California",752700,2154,178,5.3,2.66,2.35,0,4.1,37,51.8,5,2.1,0,0,0,2.2,18.3,24.6,26,24.3,4.5,62.9,37.1,86442,127242
"3975",6059042111,"06","059","042111",5994,33.465517,-117.629698,"Census Tract 421.11, Orange County, California",821800,2178,99,7.2,2.98,3.21,0,7.7,25.7,49.2,17,0.4,0,0,0,0,0.6,11.7,26.6,44.9,16.3,90.9,9.1,118527,146823
"3976",6059042112,"06","059","042112",6858,33.455887,-117.619931,"Census Tract 421.12, Orange County, California",834000,2275,131,7.1,3.12,2.68,1.4,37.4,21.2,32,5.4,1.3,0.4,0,1,0,4,9.8,33.5,33.8,18.9,86.8,13.2,135682,152911
"3977",6059042113,"06","059","042113",4364,33.428699,-117.606224,"Census Tract 421.13, Orange County, California",817000,2147,135,6.3,2.48,2.92,0.6,4.5,3.6,11.8,34.6,29.3,12.4,2.6,0.7,0,5.5,15.3,44.3,30.2,4.7,75.1,24.9,72303,107498
"3978",6059042114,"06","059","042114",3718,33.41152,-117.593868,"Census Tract 421.14, Orange County, California",851200,1722,128,5.2,2.33,3.05,3,0.4,9.9,11.1,37.6,21,14.3,2.7,0,1.6,7,34.4,36.9,13.2,6.7,58.8,41.2,73548,96427
"3979",6059042201,"06","059","042201",5639,33.461577,-117.667639,"Census Tract 422.01, Orange County, California",693500,2749,319,5.1,2.4,2.65,0.5,3.9,3.9,14.3,37.8,19,12.4,5.5,2.7,0,3.3,49.8,36.3,9.6,1,62.4,37.6,64048,112743
"3980",6059042203,"06","059","042203",7015,33.486608,-117.650267,"Census Tract 422.03, Orange County, California",704200,3043,144,6.7,2.47,2.5,0.2,0.8,27.3,38.3,23.4,7.8,1.3,0.5,0.3,1.6,4.2,24.9,31,29,9.3,78.5,21.5,90114,126859
"3981",6059042205,"06","059","042205",6780,33.466056,-117.646984,"Census Tract 422.05, Orange County, California",707200,2513,166,5.6,2.51,2.56,0,12.7,9.9,33.2,23,13.3,7.3,0,0.6,5.6,4.5,20.6,37.2,25.8,6.4,78.7,21.3,85885,101682
"3982",6059042206,"06","059","042206",3287,33.451541,-117.652342,"Census Tract 422.06, Orange County, California",548900,1496,120,5.6,2.08,1.96,0.4,11.4,1.5,19,53.7,11.9,2.1,0,0,0,10.7,29.1,46.5,9.9,3.8,69.4,30.6,79569,103830
"3983",6059042305,"06","059","042305",3432,33.498147,-117.73926,"Census Tract 423.05, Orange County, California",NA,1975,436,5.8,2.26,2.48,0.4,0.3,1.9,2.5,14,30,11.6,15.5,23.8,0,10.3,30,43.5,10.3,5.9,75.9,24.1,125528,207995
"3984",6059042307,"06","059","042307",6900,33.598084,-117.692747,"Census Tract 423.07, Orange County, California",597400,2317,42,6.7,2.84,3.2,0,0,0.7,10.7,64.1,20.2,0.5,2.2,1.5,0,12.5,11.4,29.8,32.6,13.7,73.3,26.7,76946,100646
"3985",6059042310,"06","059","042310",8391,33.4866,-117.675716,"Census Tract 423.10, Orange County, California",422600,3303,240,5,2.71,3.26,2.2,6.7,2.1,29.8,48.5,7.5,0.7,0,2.5,0,10.4,40.5,32.7,14.4,2,76,24,71546,85347
"3986",6059042311,"06","059","042311",5996,33.488005,-117.683504,"Census Tract 423.11, Orange County, California",733800,2320,42,6.5,2.44,2.81,1.6,5.8,6.8,11.7,37.5,32.6,2.7,0,1.3,0,5.3,12,40.8,31.4,10.5,84.2,15.8,109934,144674
"3987",6059042312,"06","059","042312",9085,33.509368,-117.664381,"Census Tract 423.12, Orange County, California",428100,2318,142,4.7,3.5,4.49,8.8,7.7,7.1,6.9,44,14,8.3,2.5,0.6,8.1,9.1,34.9,37.9,9.6,0.5,56.3,43.8,54067,72043
"3988",6059042313,"06","059","042313",6471,33.469212,-117.698008,"Census Tract 423.13, Orange County, California",770900,3224,262,4.3,1.99,2.22,0.3,0.8,3.3,17.6,34.7,25.1,10.9,2.8,4.3,1.8,22.4,44.3,27.6,3.6,0.3,35.4,64.6,69330,86980
"3989",6059042315,"06","059","042315",5900,33.538853,-117.682616,"Census Tract 423.15, Orange County, California",667600,2376,140,6.2,2.64,2.85,0.3,9.2,1.9,65.6,18.1,4.5,0.5,0,0,1.2,8.6,18.9,33.2,35.8,2.3,85.1,14.9,106368,126260
"3990",6059042317,"06","059","042317",3331,33.511338,-117.713935,"Census Tract 423.17, Orange County, California",NA,1359,45,7.1,2.32,2.39,0.6,0.8,13.6,31.6,41.9,10,0.8,0.7,0,0,1.9,23.5,26.8,36.1,11.6,87.8,12.2,129110,195616
"3991",6059042319,"06","059","042319",3334,33.538947,-117.708463,"Census Tract 423.19, Orange County, California",833200,1152,20,7.6,2.72,4.33,0,0,14.8,45.4,31.7,6.2,1.9,0,0,0,0,5.3,31.5,60.5,2.7,92.1,7.9,120139,148888
"3992",6059042320,"06","059","042320",5665,33.576669,-117.70816,"Census Tract 423.20, Orange County, California",335800,2660,212,3.8,2.29,2.13,0,0.5,9.8,70.5,17.8,0.4,1,0,0,1,35.8,47.6,11.1,4.1,0.5,52.8,47.2,65596,86186
"3993",6059042323,"06","059","042323",4512,33.476147,-117.71237,"Census Tract 423.23, Orange County, California",944700,2692,474,5.5,2.14,1.97,0,4,11.6,40.4,40.9,0.9,0.7,0,1.4,2.2,12,29.8,41,10.9,4.1,61.4,38.6,82043,132088
"3994",6059042324,"06","059","042324",4241,33.500734,-117.726534,"Census Tract 423.24, Orange County, California",922500,2399,350,5.7,1.95,2.45,0.8,0.6,17.7,34.3,30.4,14.3,1.3,0.5,0,0,2.5,46.4,31.8,14.5,4.9,68.3,31.7,81947,132919
"3995",6059042325,"06","059","042325",3375,33.524599,-117.723529,"Census Tract 423.25, Orange County, California",917800,1540,82,5.8,2.27,2.33,1.7,0.5,33.2,56.6,8,0,0,0,0,0,8.4,40.8,23.9,20.8,6,61.3,38.7,119038,158530
"3996",6059042326,"06","059","042326",4608,33.534594,-117.718917,"Census Tract 423.26, Orange County, California",622500,1837,122,5.8,2.69,2.66,0.6,8.5,18.7,29.9,34.7,7,0.6,0,0,0.4,4.7,36.6,25.4,26.5,6.3,74.7,25.3,81094,104897
"3997",6059042327,"06","059","042327",4814,33.587152,-117.693171,"Census Tract 423.27, Orange County, California",656300,1754,32,7,2.84,3.34,0,2.2,2.5,42.6,52.7,0,0,0,0,0,2.3,14.4,28.2,46.2,8.9,86.6,13.4,107308,143565
"3998",6059042328,"06","059","042328",2524,33.582055,-117.686643,"Census Tract 423.28, Orange County, California",NA,798,39,8,3.09,3.77,2.1,5.5,4.6,55.6,30.8,0,0,0.9,0.4,0,0,1.6,9.8,61.5,27.1,94.9,5.1,164708,247807
"3999",6059042329,"06","059","042329",3772,33.532652,-117.696051,"Census Tract 423.29, Orange County, California",707900,1483,40,6.3,2.62,2.88,0,0,8.8,10,35.4,42.5,2.8,0,0.5,0,0.9,8.1,48.4,36.1,6.5,86.3,13.7,102560,125764
"4000",6059042330,"06","059","042330",6378,33.526046,-117.693429,"Census Tract 423.30, Orange County, California",673300,2201,110,5.3,2.91,3.31,0,0.4,18.2,71.3,8,0.7,0.6,0,0.7,0,3.9,43.7,30.8,16.5,5,49.8,50.2,81830,104087
"4001",6059042331,"06","059","042331",5215,33.517216,-117.693932,"Census Tract 423.31, Orange County, California",730800,2113,136,5.3,2.72,2.07,0,1.8,40,48.9,6.2,1.5,1.5,0,0,0,12.5,27.8,22.7,29,8,72.2,27.8,82168,114305
"4002",6059042332,"06","059","042332",5399,33.49781,-117.703088,"Census Tract 423.32, Orange County, California",887400,2272,302,6.6,2.47,3.36,0.9,1.9,40.1,52.6,3.5,0.5,0,0,0.5,0,1.2,27.1,31.4,30.2,10.2,80.8,19.2,122917,164141
"4003",6059042333,"06","059","042333",4014,33.570507,-117.685673,"Census Tract 423.33, Orange County, California",NA,1377,68,8.4,3,2.73,0,2.5,25.4,59,10.8,1.5,0.7,0,0,0.9,0,0,22.1,44.6,32.5,97.5,2.5,175353,235834
"4004",6059042334,"06","059","042334",5300,33.56206,-117.704721,"Census Tract 423.34, Orange County, California",539200,2265,107,4.5,2.38,2.82,0,1.2,25.5,49.4,22.3,0.6,0.4,0.6,0,0,17.7,37.4,31.2,12.4,1.4,69.2,30.8,68300,83392
"4005",6059042335,"06","059","042335",5829,33.557394,-117.694574,"Census Tract 423.35, Orange County, California",499500,2365,115,4.7,2.4,2.38,6.8,12.5,32.9,42.4,5,0,0,0,0.4,0,21.3,40.4,12.3,13.7,12.3,65.6,34.4,92292,126363
"4006",6059042336,"06","059","042336",4430,33.546664,-117.696859,"Census Tract 423.36, Orange County, California",691000,1591,33,6.9,2.92,3.16,0.9,0,25.1,68.1,1.9,0.8,0.9,1.5,0.8,0,0,9.5,34.6,42.9,13,88.6,11.4,117361,145758
"4007",6059042337,"06","059","042337",3639,33.504472,-117.686561,"Census Tract 423.37, Orange County, California",879700,1405,53,6.7,2.97,1.77,1.7,1.4,33.8,61.9,0,1.2,0,0,0,0,4.6,22.7,29,29.5,14.3,83.4,16.6,128871,189625
"4008",6059042338,"06","059","042338",4580,33.484524,-117.703771,"Census Tract 423.38, Orange County, California",766300,2061,165,6,2.57,2.32,0,0,23.1,48.3,25.2,3,0.4,0,0,0,14.6,19.6,34.6,29.5,1.8,69.9,30.1,99712,114521
"4009",6059042339,"06","059","042339",3208,33.48037,-117.696753,"Census Tract 423.39, Orange County, California",769900,1559,225,5.5,2.41,2.32,0.6,1,12,57.9,27.1,1.1,0,0,0.4,0.6,1.8,46.4,37.5,11.7,2,56.4,43.6,91516,122331
"4010",6059052404,"06","059","052404",549,33.662012,-117.699531,"Census Tract 524.04, Orange County, California",622600,116,48,5.7,2.27,3.2,19.8,45.7,0,0,0,30.2,0,0,4.3,0,0,5.2,75,0,19.8,92.6,7.4,120882,136647
"4011",6059052408,"06","059","052408",6154,33.646674,-117.70112,"Census Tract 524.08, Orange County, California",629700,2242,0,7.1,2.79,3.2,0,0.6,0,8.7,86.3,1.7,2.1,0,0.6,0,0,7.5,39.9,47.1,5.4,89.5,10.5,121711,140070
"4012",6059052410,"06","059","052410",5403,33.631235,-117.710125,"Census Tract 524.10, Orange County, California",449500,2137,113,5.1,2.5,2.65,1,4.8,7.2,9.7,67.4,8.2,0.5,0.6,0.6,0,10.3,40.1,28.3,17.7,3.6,67.1,32.9,64441,84421
"4013",6059052411,"06","059","052411",5182,33.624288,-117.703181,"Census Tract 524.11, Orange County, California",536800,1391,72,6,3.04,4.6,0,0.9,0.7,5,42.6,46.4,1.7,2.7,0,0,1.9,15,46.8,28.3,8.1,79,21,78191,109727
"4014",6059052415,"06","059","052415",3944,33.640129,-117.694013,"Census Tract 524.15, Orange County, California",643800,1360,0,7.6,2.81,4.24,0,0.9,0,8.3,85.6,5.2,0,0,0,0,0,4.1,31.3,50.6,14,83.8,16.2,126989,138807
"4015",6059052416,"06","059","052416",4006,33.633569,-117.689373,"Census Tract 524.16, Orange County, California",504600,1323,90,6.3,3.29,4.62,0,0,4.7,6,68.9,17,3.4,0,0,0,1.1,25.5,21.8,42.9,8.8,86.4,13.6,101782,108117
"4016",6059052417,"06","059","052417",6771,33.705384,-117.762416,"Census Tract 524.17, Orange County, California",681400,2453,140,6.7,2.76,3.64,5.5,6.2,1.6,14.1,67.5,3.3,0.9,0,0.9,1.7,0.8,21.7,31.7,34.4,9.7,87.2,12.8,119536,127151
"4017",6059052418,"06","059","052418",12096,33.697638,-117.754329,"Census Tract 524.18, Orange County, California",638400,4806,342,4.1,2.58,2.42,52.1,23.8,6,14.3,3.3,0.2,0.3,0,0,0.3,24.4,40.9,27.3,4.6,2.6,36.9,63.1,89427,108108
"4018",6059052419,"06","059","052419",3456,33.759183,-117.765705,"Census Tract 524.19, Orange County, California",745600,1166,0,6.2,2.99,2.04,0.7,16.3,82.2,0,0,0,0.9,0,0,1.1,0.9,18.3,33.2,32.5,14,91.6,8.4,121905,140218
"4019",6059052420,"06","059","052420",21098,33.732193,-117.766752,"Census Tract 524.20, Orange County, California",796400,7108,212,6,3.32,2.44,3,58.6,35.6,1.5,0,0.9,0,0,0.4,0,7.7,22.7,26.1,29.7,13.8,73.6,26.4,130344,162734
"4020",6059052421,"06","059","052421",5111,33.718244,-117.759576,"Census Tract 524.21, Orange County, California",694300,1962,39,6.2,2.68,2.4,0,0,3,32.3,63.3,1.4,0,0,0,2.2,18.1,17.4,21.9,37.5,2.9,79.1,20.9,100493,125693
"4021",6059052422,"06","059","052422",4165,33.665126,-117.685337,"Census Tract 524.22, Orange County, California",603600,1534,85,6,3.12,2.58,0,1.4,30.7,40.3,26.4,0.9,0,0.3,0,0,8,23.5,30.4,37.6,0.5,79,21,115496,122972
"4022",6059052423,"06","059","052423",5545,33.656113,-117.66672,"Census Tract 524.23, Orange County, California",643100,2174,189,3.8,2.55,2.51,3,6.6,14.7,61.6,13.5,0,0.6,0,0,2.5,31.6,36.9,13.2,13.8,2,34.9,65.1,76308,98404
"4023",6059052424,"06","059","052424",5015,33.644332,-117.677203,"Census Tract 524.24, Orange County, California",412500,1926,48,4.6,2.34,2.83,0,0,6.5,78.3,10.5,1.8,1.1,0,1.7,0.6,18.6,40,22,17.4,1.3,68.5,31.5,74241,97372
"4024",6059052425,"06","059","052425",5865,33.654791,-117.680755,"Census Tract 524.25, Orange County, California",469800,2404,43,4.3,2.35,1.99,0,0,5.4,75.4,17.9,1.3,0,0,0,3.1,21.7,35.9,25.7,10.9,2.8,50.9,49.1,80948,99917
"4025",6059052426,"06","059","052426",7957,33.695069,-117.691212,"Census Tract 524.26, Orange County, California",650300,2592,179,5.1,2.87,2.25,25,6.5,60.2,4.2,3.2,0.5,0,0.3,0.1,2.4,17.2,25.5,27.9,21.1,5.8,65.8,34.2,121005,136992
"4026",6059052427,"06","059","052427",5119,33.684812,-117.652411,"Census Tract 524.27, Orange County, California",602400,1792,77,6.3,3.33,2.16,1.2,1.8,88.4,7.8,0,0.7,0,0,0,0.6,11.7,15.5,28.6,38.5,5.2,83.3,16.7,115771,122515
"4027",6059052428,"06","059","052428",6217,33.681251,-117.630601,"Census Tract 524.28, Orange County, California",509300,2273,42,5.5,3.01,2.51,2.9,2.1,50.5,43.9,0,0,0.6,0,0,0,3.3,27.1,36.5,20.3,12.8,85.7,14.3,116440,138487
"4028",6059052502,"06","059","052502",5913,33.721989,-117.81446,"Census Tract 525.02, Orange County, California",539000,2008,31,6.3,3.12,4.02,0,0,4.9,5.3,45.6,40.6,1.2,0,2.4,1.8,0.9,6.9,44.3,38.3,7.7,87.6,12.4,84575,113421
"4029",6059052505,"06","059","052505",4916,33.692319,-117.77529,"Census Tract 525.05, Orange County, California",442000,1977,217,4.9,2.51,2.55,0,2.1,6.9,16.5,65.4,6,3.1,0,0,2.5,8,42.2,29.7,15.1,2.5,68.9,31.1,79792,84252
"4030",6059052506,"06","059","052506",2490,33.684729,-117.779725,"Census Tract 525.06, Orange County, California",635000,867,0,7.1,2.81,5.63,0,0,0,7.3,60.7,29.4,0,0,2.7,0,0,2.2,30.6,52,15.2,93.8,6.2,98750,121622
"4031",6059052511,"06","059","052511",5672,33.685385,-117.799353,"Census Tract 525.11, Orange County, California",676400,2214,122,5.5,2.69,2.37,0.5,0,2.6,14,74.8,4.7,2,0.5,0.9,1.2,12.5,23.7,34.9,26.8,0.9,63.1,36.9,91696,102318
"4032",6059052513,"06","059","052513",5675,33.678977,-117.787594,"Census Tract 525.13, Orange County, California",624200,2374,84,4.9,2.85,2.44,0,2.6,5.8,39.3,48.9,3.4,0,0,0,2.4,19.2,25.1,36,11.1,6.1,57.2,42.8,76324,113997
"4033",6059052514,"06","059","052514",5327,33.669213,-117.796794,"Census Tract 525.14, Orange County, California",667000,2144,44,4.7,2.49,2.31,0,2.6,14.3,68,11.1,1.9,1.6,0.5,0,4.9,10.5,36.6,30.9,13.9,3.3,52.2,47.8,76532,98128
"4034",6059052515,"06","059","052515",8833,33.691196,-117.809136,"Census Tract 525.15, Orange County, California",676400,3304,123,4.5,2.84,2.73,10.2,13.3,67.7,5.6,1.3,1.5,0,0.5,0,0,10.4,45.6,21,18.2,5,47.4,52.6,98491,117563
"4035",6059052517,"06","059","052517",10096,33.666909,-117.78042,"Census Tract 525.17, Orange County, California",551500,4235,287,4.2,2.46,2.43,2.9,33.8,29.3,11.5,20,0.6,0.9,0.4,0.7,0.6,21.6,48,16.7,11.1,2.1,44.6,55.4,98838,106476
"4036",6059052518,"06","059","052518",2688,33.653179,-117.75121,"Census Tract 525.18, Orange County, California",NA,1635,260,2.9,NA,1.71,68.4,21.8,3.4,0,1.3,0,0,4.2,0.9,8.9,53.6,36.6,0.9,0,0,0,100,89052,109639
"4037",6059052519,"06","059","052519",4212,33.671665,-117.813927,"Census Tract 525.19, Orange County, California",478700,1648,105,5.2,2.76,2.71,0,0,2.9,69.3,24.5,1.3,2.1,0,0,0,11.5,33.7,38.9,13.9,1.9,73.5,26.5,85694,101123
"4038",6059052520,"06","059","052520",3460,33.673363,-117.808334,"Census Tract 525.20, Orange County, California",645500,1341,0,5.6,2.55,3.03,0,1.3,5.6,70.9,20.9,0,0,0,1.3,1,2.9,34.7,40.9,18.7,1.7,67.8,32.2,94838,118848
"4039",6059052521,"06","059","052521",5391,33.683629,-117.824298,"Census Tract 525.21, Orange County, California",384300,2219,216,3.9,2.03,2.4,0.6,9.9,50.3,33.9,5.3,0,0,0,0,7.3,20.2,57.9,14.5,0,0,17.7,82.3,70668,79413
"4040",6059052522,"06","059","052522",4123,33.680509,-117.821564,"Census Tract 525.22, Orange County, California",699400,1474,51,5.1,2.92,2.81,0,2.8,24.8,66.3,4.7,1.4,0,0,0,0,4,35.3,50.3,8.9,1.4,42.8,57.2,104779,119839
"4041",6059052523,"06","059","052523",4175,33.674572,-117.826896,"Census Tract 525.23, Orange County, California",679500,1548,46,5,3.2,2.63,4.7,5.6,23.7,37.6,23.6,4,0.8,0,0,0,14.3,25.9,22.4,30.6,6.7,44.5,55.5,104231,114036
"4042",6059052524,"06","059","052524",7952,33.731609,-117.796236,"Census Tract 525.24, Orange County, California",610600,3042,161,4.8,2.7,2.9,0,7.2,46.4,40.8,3.4,1.7,0.5,0,0,1.7,8,37.1,39.4,12.8,1,45.8,54.2,89446,109085
"4043",6059052525,"06","059","052525",15473,33.716409,-117.77753,"Census Tract 525.25, Orange County, California",735400,5743,235,4.9,3.16,2.23,13.4,34.7,9.3,24.6,17,0.5,0.6,0,0,1.6,19.5,28.6,23.2,23.8,3.3,52.4,47.6,89934,113386
"4044",6059052526,"06","059","052526",4355,33.699439,-117.784766,"Census Tract 525.26, Orange County, California",570300,1359,7,6,3.01,4.29,0.1,0,3.3,3.3,86.2,2.6,4.2,0.3,0,0,0,16.6,30.2,43.3,9.9,82.5,17.5,92891,120971
"4045",6059052527,"06","059","052527",8391,33.706167,-117.793552,"Census Tract 525.27, Orange County, California",634900,2790,35,6.1,2.88,3.23,1.3,9.2,22,19.4,40.3,5.4,0.5,0,1.9,0,5.9,16.1,33.6,36.6,7.8,67.8,32.2,115949,117818
"4046",6059052528,"06","059","052528",3469,33.693059,-117.791336,"Census Tract 525.28, Orange County, California",564000,1270,23,5.7,2.85,2.59,2,2.8,1.2,20.6,65.9,6.2,0,0,1.3,0,14.1,15.7,42.8,23.5,3.9,64.7,35.3,91910,105491
"4047",6059062604,"06","059","062604",15174,33.619121,-117.793533,"Census Tract 626.04, Orange County, California",NA,5939,517,5.4,2.77,2.24,18.4,45.7,7.1,1.5,5.3,6.4,7.3,3.6,4.7,1.4,13.6,27.8,28.4,16.6,12.2,61.1,38.9,126328,188826
"4048",6059062605,"06","059","062605",3094,33.543854,-117.785146,"Census Tract 626.05, Orange County, California",NA,2253,306,4.1,2.09,1.56,0,1.6,2,5.2,13.7,18.6,15.3,18,25.7,13.8,26,38,18.9,2.7,0.7,26.9,73.1,73890,114358
"4049",6059062610,"06","059","062610",6393,33.668627,-117.850022,"Census Tract 626.10, Orange County, California",430100,4103,890,3.6,1.47,1.78,20.6,48.6,20,7.9,2.7,0,0.3,0,0,5.6,34.3,48,12.1,0,0,27,73,74429,100799
"4050",6059062611,"06","059","062611",4105,33.666105,-117.829775,"Census Tract 626.11, Orange County, California",597000,1751,128,4.2,1.93,2.56,0,0.4,10,16.9,59.6,8.9,2.1,0,2.1,0,28.9,50.3,20.4,0.5,0,25.9,74.1,58320,67736
"4051",6059062612,"06","059","062612",8186,33.661772,-117.813918,"Census Tract 626.12, Orange County, California",608500,2759,76,5.8,2.67,2.87,0,0.5,3.4,8.8,47.9,38.6,0.4,0,0.4,0.5,4.6,18.2,57.5,14.3,4.9,68.2,31.8,102565,110325
"4052",6059062614,"06","059","062614",14044,33.644351,-117.834937,"Census Tract 626.14, Orange County, California",406400,3725,179,4.2,2.76,2.56,16.6,23.3,20.4,21.4,12.8,5,0.6,0,0,3.3,11.1,42.6,24.3,14.1,4.6,25.3,74.7,31750,68507
"4053",6059062619,"06","059","062619",3885,33.540009,-117.768702,"Census Tract 626.19, Orange County, California",NA,2101,247,5.6,2.37,1.92,0.6,5.1,3.9,4,11.5,23,16.9,15,20,3,10,35.2,38.9,10.5,2.2,68.2,31.8,102500,172906
"4054",6059062620,"06","059","062620",5065,33.53019,-117.762859,"Census Tract 626.20, Orange County, California",NA,2763,576,5.5,2.15,1.66,0.1,1.6,6,10.5,22.1,14.4,15.5,10.3,19.5,5.3,14.8,24.7,36.5,15.5,3.2,77.4,22.6,98906,153662
"4055",6059062621,"06","059","062621",4800,33.622299,-117.739814,"Census Tract 626.21, Orange County, California",398000,1924,10,5.2,2.68,2.84,0,0,4.4,16.7,70.1,8.1,0.3,0,0.5,0,0.4,24.3,64.1,9.4,1.9,78.1,21.9,77313,91559
"4056",6059062622,"06","059","062622",4072,33.61753,-117.719605,"Census Tract 626.22, Orange County, California",194800,2977,259,4.3,1.58,1.66,1.5,0.5,7.1,4.5,29.1,45.5,7.6,3.5,0.8,0,15.1,71.3,13.1,0.4,0,67.2,32.8,34475,46371
"4057",6059062625,"06","059","062625",4381,33.592139,-117.706271,"Census Tract 626.25, Orange County, California",221300,2199,380,4.3,2.28,1.99,0,0.4,4.1,35.5,16.8,37.7,3.8,1.6,0,0.4,8.7,75.9,12.6,2.5,0,88.1,11.9,44107,63634
"4058",6059062626,"06","059","062626",2773,33.652486,-117.83908,"Census Tract 626.26, Orange County, California",481600,1006,69,3.9,2.21,3.07,4.2,2.7,26.4,50.9,12.5,1,0,0.5,1.8,0.2,24.4,60.3,15.1,0,0,15.2,84.8,24514,41010
"4059",6059062627,"06","059","062627",3308,33.652237,-117.832158,"Census Tract 626.27, Orange County, California",538600,1547,202,3.9,2.22,2.16,1.8,3.3,15,57.3,16.1,5.7,0.8,0,0,5.9,29,50.4,10.3,1.9,2.5,20.4,79.6,39482,68211
"4060",6059062628,"06","059","062628",3581,33.650946,-117.811896,"Census Tract 626.28, Orange County, California",928900,1013,28,5.6,2.76,2.83,0,2.2,34.6,20.1,40.1,3.1,0,0,0,0,5.3,35.7,23.5,20.8,14.6,54,46,100417,141973
"4061",6059062629,"06","059","062629",2660,33.638158,-117.817732,"Census Tract 626.29, Orange County, California",868800,934,29,7,3.02,4.16,0,0,3.3,3.2,53.3,36.3,0.7,0,3.1,0,0.5,4.2,39,49.1,7.2,84.4,15.6,131217,163393
"4062",6059062630,"06","059","062630",1722,33.640434,-117.798486,"Census Tract 626.30, Orange County, California",805700,761,69,5.5,2.15,2.76,0,4.1,4.3,66.1,18,7.5,0,0,0,0,0,41.9,47.2,6.8,4.1,80.8,19.2,105568,143749
"4063",6059062631,"06","059","062631",3303,33.640374,-117.811367,"Census Tract 626.31, Orange County, California",942100,1288,30,6.9,2.46,4.28,0,0,0,20.1,67.9,9.3,1,1.7,0,0,0,16.6,29.7,43.8,9.9,95.8,4.2,114732,169581
"4064",6059062632,"06","059","062632",3979,33.540132,-117.761601,"Census Tract 626.32, Orange County, California",NA,2236,384,5.8,2.21,2.06,2.1,8.1,11.7,6,23,29.4,7.6,8.3,3.9,0,10.8,28.9,41.2,15.8,3.3,72,28,100488,225242
"4065",6059062633,"06","059","062633",6545,33.574031,-117.740293,"Census Tract 626.33, Orange County, California",763500,1921,90,7,3.32,2.54,1.2,27.3,67,1.1,2.7,0,0,0.7,0,0,3.6,5.3,34.9,36.2,19.9,88.5,11.5,153730,161805
"4066",6059062634,"06","059","062634",5466,33.592265,-117.732033,"Census Tract 626.34, Orange County, California",609100,2088,51,5.9,2.81,2.02,0,2.5,51.1,43.6,0.6,0,0.6,0,1.5,0,12.5,17.1,37.8,29.3,3.2,78.9,21.1,106984,115366
"4067",6059062635,"06","059","062635",4039,33.601398,-117.739047,"Census Tract 626.35, Orange County, California",529100,1711,21,5.3,2.51,2.51,0.6,0,77.1,18.6,3.1,0.6,0,0,0,0,6,40.3,33.7,18.8,1.3,82.2,17.8,92935,109869
"4068",6059062636,"06","059","062636",3690,33.582863,-117.718058,"Census Tract 626.36, Orange County, California",438300,1557,45,4.7,2.59,2.68,0,0.4,67,25.8,5.3,0,0.5,0,1,0,7.3,46.9,42.1,3.6,0,44.1,55.9,90956,102892
"4069",6059062637,"06","059","062637",4525,33.575061,-117.723368,"Census Tract 626.37, Orange County, California",430800,2288,368,4.1,2.04,2.36,8.8,25.5,52.9,10.8,0.8,0,0.7,0.6,0,0.4,26.4,50.8,21.2,1.3,0,31.5,68.5,82407,94354
"4070",6059062638,"06","059","062638",6161,33.578424,-117.735055,"Census Tract 626.38, Orange County, California",485700,2459,90,4.5,2.53,2.51,2,29,57.1,9.6,1.9,0,0.5,0,0,1.3,18.1,37.1,34.3,8.7,0.4,49.9,50.1,95840,109259
"4071",6059062639,"06","059","062639",6996,33.560715,-117.73023,"Census Tract 626.39, Orange County, California",597300,2686,83,5.7,2.71,2.47,0,10.9,76.8,8.6,2.9,0.7,0,0,0,0,9.1,16.4,58.7,13.9,1.8,71.7,28.3,116191,129212
"4072",6059062640,"06","059","062640",3407,33.563951,-117.72233,"Census Tract 626.40, Orange County, California",411400,1725,105,4.2,2.06,2.15,0.6,4.5,72.6,16.9,0.6,2.4,0.3,0,2,1.9,15.3,55.2,19.8,7.3,0.5,64.3,35.7,91000,109507
"4073",6059062641,"06","059","062641",4249,33.601288,-117.723336,"Census Tract 626.41, Orange County, California",412500,1866,176,4.4,2.79,1.99,5.9,2.5,14.5,22.9,44.2,5.5,2.1,0.8,1.6,0.6,21.8,38.2,34.4,4.4,0.7,58.7,41.3,57917,86968
"4074",6059062642,"06","059","062642",2832,33.604416,-117.863803,"Census Tract 626.42, Orange County, California",NA,1295,75,6.9,2.38,1.88,0,10,4.4,13.6,35.1,33.2,2.3,0.8,0.6,0,0.7,26,30.7,33.6,9,93.2,6.8,139531,202040
"4075",6059062643,"06","059","062643",7246,33.594798,-117.830282,"Census Tract 626.43, Orange County, California",NA,2936,336,7.8,2.64,2.24,13.6,39.9,33.7,0.7,2.1,6.9,1.7,0,1.5,0,1.1,9.2,32.4,36.5,20.7,91.4,8.6,195294,367905
"4076",6059062644,"06","059","062644",8249,33.622956,-117.857669,"Census Tract 626.44, Orange County, California",NA,3415,267,5.2,3.09,1.96,2.3,17.2,20.6,12.7,38.9,8.3,0,0,0,1.4,18.6,28.7,17,21.6,12.8,43.6,56.4,118424,192502
"4077",6059062645,"06","059","062645",6084,33.614651,-117.839141,"Census Tract 626.45, Orange County, California",NA,2783,184,6.4,2.96,2.22,0.8,24.9,39.7,12.4,20.5,1.3,0.4,0,0,0,4.7,32.8,29.1,22.6,10.8,58.7,41.3,141696,206487
"4078",6059062646,"06","059","062646",3257,33.606608,-117.715775,"Census Tract 626.46, Orange County, California",167600,2769,444,4.1,1.44,1.2,0,2.4,1.3,1.3,11.3,71.7,7,3.6,1.4,0.4,11.5,84.2,3.9,0,0,83.8,16.2,31823,42632
"4079",6059062647,"06","059","062647",4123,33.602722,-117.708103,"Census Tract 626.47, Orange County, California",196700,2563,296,3.9,1.61,1.44,0,0,1.7,23.8,29.5,36.1,3.7,4.3,0.9,13.7,19.4,56.3,5.9,3.1,1.6,61.1,38.9,32220,50952
"4080",6059062648,"06","059","062648",2774,33.611419,-117.739144,"Census Tract 626.48, Orange County, California",275000,2308,197,4.4,1.35,1.49,0.8,0,1.2,6.8,51.5,30,4.3,3.8,1.6,0,10.2,70,17.9,1.3,0.6,64.8,35.2,40534,59323
"4081",6059062649,"06","059","062649",3257,33.604891,-117.75123,"Census Tract 626.49, Orange County, California",359900,2216,205,4.4,1.43,1.72,0,2.6,1,33.5,44.3,16.6,2,0,0,0,10.6,74.3,15.1,0,0,67.1,32.9,49570,65833
"4082",6059062701,"06","059","062701",2800,33.603253,-117.878607,"Census Tract 627.01, Orange County, California",NA,1637,122,5,2.05,1.88,4.5,4.5,10.3,9.5,14.6,20.5,18.8,14.6,2.7,2.7,13.5,35.6,36.2,10.9,1.2,53.1,46.9,124180,184576
"4083",6059062702,"06","059","062702",4713,33.596065,-117.868662,"Census Tract 627.02, Orange County, California",NA,2609,247,4.7,2.2,1.8,4.6,2.2,5.6,6.8,8,22.7,27.1,18.2,4.8,6.2,15.3,40.6,24.8,8.9,4.3,42.5,57.5,84971,182972
"4084",6059062800,"06","059","062800",4220,33.603024,-117.904019,"Census Tract 628, Orange County, California",NA,2928,883,4.9,2.55,1.95,0,4.7,5.4,5.5,13,9.4,19.1,18.1,24.8,1.3,17.7,28,28,16.6,8.4,43.3,56.7,88675,141587
"4085",6059062900,"06","059","062900",1626,33.612393,-117.917369,"Census Tract 629, Orange County, California",NA,936,97,7.2,2.1,2.11,9.8,4.9,13.8,6,4.3,12.4,26,14.5,8.3,0,3.2,7.3,38.1,41.1,10.3,93.2,6.8,204375,307726
"4086",6059063004,"06","059","063004",5917,33.631338,-117.882162,"Census Tract 630.04, Orange County, California",860900,3469,672,4.5,2.1,1.51,3,7,9.1,3,38.8,34.2,4.5,0,0.4,5.6,21.5,37.2,27.1,7.1,1.5,52.1,47.9,80817,110525
"4087",6059063005,"06","059","063005",1365,33.612186,-117.896891,"Census Tract 630.05, Orange County, California",NA,980,167,4.7,1.94,1.62,0,0.2,1.9,8.6,47.4,16.5,23.9,1.4,0,0,20.5,46,6.3,20.8,6.3,31.2,68.8,147750,267512
"4088",6059063006,"06","059","063006",2756,33.606536,-117.893285,"Census Tract 630.06, Orange County, California",NA,2186,746,5.1,1.95,1.87,1.1,7.1,3,7,9.5,9.1,24.1,25.3,13.7,2.1,21,22.1,36.2,13.5,5,51.7,48.3,83929,142089
"4089",6059063007,"06","059","063007",6958,33.63629,-117.867475,"Census Tract 630.07, Orange County, California",NA,3128,71,6,2.4,2.15,0.3,9,21.4,32.2,19.9,16.4,0.4,0.5,0,0.2,8.5,35.7,29.5,17.1,9,61.4,38.6,134147,190920
"4090",6059063008,"06","059","063008",857,33.616276,-117.882142,"Census Tract 630.08, Orange County, California",850400,676,190,4.4,1.41,1.59,1.5,1.3,53.7,26.9,12.1,3,0,1.5,0,0,21.9,68.3,7.5,2.2,0,58.6,41.4,81786,124143
"4091",6059063009,"06","059","063009",1674,33.647568,-117.885515,"Census Tract 630.09, Orange County, California",NA,712,76,6.6,2.22,2.78,0,0,2.2,20.9,5.9,31.9,39,0,0,0,1.7,21.5,38.3,33.3,5.2,81.4,18.6,121087,153326
"4092",6059063010,"06","059","063010",7096,33.628157,-117.902716,"Census Tract 630.10, Orange County, California",NA,3291,118,4.1,2.91,1.78,0.2,0.9,6.5,5.4,34.2,36.4,16.4,0,0,9.9,24.4,23.5,18.4,17.2,6.6,41.8,58.2,85572,134775
"4093",6059063101,"06","059","063101",2733,33.660742,-117.88102,"Census Tract 631.01, Orange County, California",811700,1232,80,4.2,2.63,2.03,1.2,2.9,6.6,8,35.6,27.4,15.1,2,1.2,0,26,39.5,16.1,10.5,8,26.7,73.3,67813,115288
"4094",6059063102,"06","059","063102",6257,33.658,-117.893832,"Census Tract 631.02, Orange County, California",622800,2789,119,4.8,2.43,2.04,5,3.2,3.9,25.5,27.2,18.3,11.9,3.9,1.1,4.1,6.4,38.9,39.7,9.1,1.8,54.4,45.6,84393,141921
"4095",6059063103,"06","059","063103",2643,33.644014,-117.900072,"Census Tract 631.03, Orange County, California",910300,1143,47,5.7,2.35,2.39,2.9,2.8,5.5,5.4,14.4,33.8,30.4,4.7,0,2.3,3.5,33.6,29.4,24.1,7.1,68.8,31.2,77024,118487
"4096",6059063201,"06","059","063201",3801,33.650849,-117.903766,"Census Tract 632.01, Orange County, California",699200,1739,94,4.4,2.63,1.83,0.9,2.6,5.1,16.6,15.7,24.8,26.6,3.3,4.4,7.4,19.1,30.1,35.9,3.4,4.1,42.2,57.8,61933,81758
"4097",6059063202,"06","059","063202",3556,33.642707,-117.909079,"Census Tract 632.02, Orange County, California",800300,1638,138,4.3,2.58,2.23,0,2.4,2.3,3.3,8.5,22,52.5,6.8,2.3,1.2,22,35.6,28.4,12.2,0.5,40.9,59.1,64222,99687
"4098",6059063301,"06","059","063301",2941,33.636672,-117.916433,"Census Tract 633.01, Orange County, California",840600,1503,119,4,2.58,2.03,1.7,0.7,7.6,4.2,25.3,23.8,18.2,8.7,9.8,3.5,22.7,51.6,15.2,6.1,0.9,25.1,74.9,68962,97572
"4099",6059063302,"06","059","063302",4165,33.631389,-117.913707,"Census Tract 633.02, Orange County, California",867400,1835,35,5.2,2.57,2.07,5.2,0.5,4,6.9,10.6,15.9,35.7,19.6,1.5,1.9,8.3,32,36.6,19.5,1.7,55.4,44.6,93910,110001
"4100",6059063400,"06","059","063400",4795,33.621888,-117.917226,"Census Tract 634, Orange County, California",NA,2029,225,6,2.54,1.83,2.7,5.6,11.7,8,9.4,17.4,21.4,20.7,3.1,2.1,3.2,24.5,36.6,22.4,11.1,74.8,25.2,127727,197088
"4101",6059063500,"06","059","063500",5775,33.617793,-117.935363,"Census Tract 635, Orange County, California",NA,3532,649,4.4,1.9,2.34,3,9.7,6.8,5.4,16,15.1,23.6,13.6,6.8,3.3,12.7,33,40.6,7.4,3,40.5,59.5,109895,144945
"4102",6059063601,"06","059","063601",3647,33.647951,-117.939798,"Census Tract 636.01, Orange County, California",560600,1449,67,5.3,2.62,2.55,0.6,0,3,9.1,32.6,5.8,44.7,1.7,2.5,2.6,7,17.6,61.7,9.7,1.3,75.4,24.6,85682,92896
"4103",6059063603,"06","059","063603",6223,33.627983,-117.938065,"Census Tract 636.03, Orange County, California",619600,3272,261,4.2,1.85,1.94,1.3,1.7,5.7,18.2,45.4,21.3,5.6,0.3,0.4,4.9,22.7,42.2,23.3,6.5,0.4,45.3,54.7,73295,87927
"4104",6059063604,"06","059","063604",3835,33.640901,-117.937116,"Census Tract 636.04, Orange County, California",282100,1509,109,4,2.08,3.46,0,0.9,10.1,16.6,34.2,23.9,8.1,5.4,0.9,4.4,27.1,45.2,19.4,3.7,0.3,32.2,67.8,42708,60060
"4105",6059063605,"06","059","063605",5672,33.639531,-117.928233,"Census Tract 636.05, Orange County, California",433600,1538,91,3.9,2.54,3.73,0,1.4,3.8,7.3,21.6,22.4,42.1,1.4,0,2.6,25.1,52.8,17.4,2.1,0,14.9,85.1,39102,52693
"4106",6059063701,"06","059","063701",6266,33.648638,-117.927168,"Census Tract 637.01, Orange County, California",490700,1815,95,3.7,4.15,3.44,0,0,5,4.9,24.5,32.6,27.8,2.4,2.9,6.2,35.9,37.4,13.9,6.1,0.5,12.6,87.4,45399,50714
"4107",6059063702,"06","059","063702",5767,33.64753,-117.91952,"Census Tract 637.02, Orange County, California",424700,2210,155,3.6,2.81,2.44,2.4,4.4,1.8,15.7,25.9,18.3,26.5,4.8,0.2,5.2,37.2,40.3,14.3,2.9,0,17.7,82.3,43105,52797
"4108",6059063802,"06","059","063802",2914,33.676546,-117.926914,"Census Tract 638.02, Orange County, California",687100,1124,32,6.4,2.72,2.72,0,0.9,2.1,0,10,51.4,35.1,0.5,0,0.8,0,20.5,41.8,32.9,4,73.5,26.5,101929,111432
"4109",6059063803,"06","059","063803",4437,33.657933,-117.940559,"Census Tract 638.03, Orange County, California",591900,1736,20,5.1,2.85,2.29,0,1.5,5.3,6.7,24,23,36.5,3,0,1.6,6.7,31.7,40,17.1,2.9,71.3,28.7,78214,93769
"4110",6059063805,"06","059","063805",2415,33.690143,-117.931146,"Census Tract 638.05, Orange County, California",575500,949,23,5.8,2.7,2.45,0,0,0,4.1,41.3,46.4,7.5,0.7,0,0,0,26,43.2,30.8,0,85.9,14.1,75862,96054
"4111",6059063806,"06","059","063806",3790,33.682057,-117.929671,"Census Tract 638.06, Orange County, California",722700,1469,57,5.9,2.51,2.68,0,0.8,0,1.1,8.6,63.5,24.1,0,1.8,0,0,33.2,33.1,29.5,4.2,62.5,37.5,76765,102119
"4112",6059063807,"06","059","063807",4957,33.668536,-117.92551,"Census Tract 638.07, Orange County, California",807400,2131,117,4.1,2.94,2.17,0.6,3.8,4.7,19.4,49.9,15.5,4.7,0.5,1,4.4,32.1,35.8,11.4,12.8,3.6,21.3,78.7,71964,82104
"4113",6059063808,"06","059","063808",6393,33.655569,-117.925557,"Census Tract 638.08, Orange County, California",463500,1613,39,4.3,3.5,4.1,0,0.7,5.2,12,23.7,26.7,30.2,0,1.5,0,7.4,64,20.5,6.3,1.8,33,67,55705,65265
"4114",6059063902,"06","059","063902",6670,33.67836,-117.913385,"Census Tract 639.02, Orange County, California",570800,2826,267,4,3.08,2.24,1.9,0.5,7.4,15.3,31.7,25.7,15.9,1,0.6,8.6,20.9,40.2,17.4,10.4,2.4,24,76,59375,67712
"4115",6059063903,"06","059","063903",3957,33.682754,-117.901981,"Census Tract 639.03, Orange County, California",575000,1214,38,5.9,3.07,3.85,0,0,0,2.9,11.3,69.4,13,3.4,0,0.7,0.4,21.5,31.7,38.4,7.2,69.3,30.7,70577,85326
"4116",6059063904,"06","059","063904",4658,33.675384,-117.898037,"Census Tract 639.04, Orange County, California",593800,1406,22,5.6,3.02,3.7,0,0,0.5,0,10.4,72.2,16.4,0,0.6,2.3,9.1,17.4,31.1,33.2,7,60.5,39.5,59500,88487
"4117",6059063905,"06","059","063905",4375,33.661993,-117.913928,"Census Tract 639.05, Orange County, California",640300,1970,152,5.1,2.62,2.06,0.5,0,5.1,7.2,26.2,16,39.5,4.1,1.5,1.3,26.4,15.7,39.6,14.8,2.1,53.4,46.6,71763,90569
"4118",6059063906,"06","059","063906",6591,33.656976,-117.909016,"Census Tract 639.06, Orange County, California",349800,2396,144,4.1,2.15,2.64,0,2,10.4,17.4,37.6,22.9,5.5,3.8,0.4,1.1,28.7,48.8,16.7,4.7,0,27.7,72.3,56653,62953
"4119",6059063907,"06","059","063907",6994,33.692652,-117.891596,"Census Tract 639.07, Orange County, California",693500,3569,450,4.1,2.56,2.14,20.1,11.1,7.5,22.7,32.6,2.3,3.1,0.2,0.5,2.5,30.8,30.4,19.6,13.9,2.7,34.1,65.9,96060,119274
"4120",6059063908,"06","059","063908",5430,33.682453,-117.885293,"Census Tract 639.08, Orange County, California",547000,2717,392,4.2,3.04,2.28,0,1.6,10,27.9,34.9,22.5,3.2,0,0,2.5,29.7,34.3,14.9,17.5,1.1,37.3,62.7,70216,80851
"4121",6059074003,"06","059","074003",3137,33.710973,-117.862383,"Census Tract 740.03, Orange County, California",293400,994,211,3.9,5.05,3.54,7,31.9,8.5,0,6,3.5,18.7,4,20.3,4.7,15.1,59.2,18.9,0.9,1.2,28.9,71.1,73958,95344
"4122",6059074004,"06","059","074004",7444,33.702435,-117.872051,"Census Tract 740.04, Orange County, California",428100,2332,97,4.8,3.34,3.43,0,0,4.8,4.6,71.2,19,0.4,0,0,0,10.8,29.9,29.8,25,4.4,52.7,47.3,72992,80875
"4123",6059074005,"06","059","074005",7432,33.709398,-117.881355,"Census Tract 740.05, Orange County, California",442600,1509,42,4.8,5.07,4.67,0,1.5,1.4,2.6,41.4,23.7,27.2,1.3,1.1,1.8,12.1,33.2,26.8,24.5,1.7,56.7,43.3,55966,70927
"4124",6059074006,"06","059","074006",5555,33.697486,-117.881115,"Census Tract 740.06, Orange County, California",199100,2016,95,3.5,2.42,2.98,0.7,0.5,4.2,17.1,56.6,17.6,2,1.3,0,6.6,29.6,50.8,10.4,2.6,0,36.8,63.2,55841,63598
"4125",6059074102,"06","059","074102",6819,33.721042,-117.890272,"Census Tract 741.02, Orange County, California",380400,1341,81,5.6,4.71,5.84,0,0,1.6,15.4,20.8,21.9,34,3.6,2.8,1.4,6.3,18.3,38,30.9,5.1,76.1,23.9,67457,74170
"4126",6059074103,"06","059","074103",5026,33.721374,-117.880839,"Census Tract 741.03, Orange County, California",351200,929,13,5.2,5.13,5.44,0,0,0,4.3,8.7,15.2,47,23.9,0.9,0,0.5,25.4,51.9,15.4,6.8,84.6,15.4,80375,82046
"4127",6059074106,"06","059","074106",6015,33.706268,-117.906008,"Census Tract 741.06, Orange County, California",248100,1941,118,4.3,3.05,2.91,0,4.7,3.9,10.5,59.7,16.4,4.8,0,0,0,15.6,51.9,27.7,4.8,0,50.7,49.3,49726,57838
"4128",6059074107,"06","059","074107",5512,33.699178,-117.895045,"Census Tract 741.07, Orange County, California",355000,2713,183,3.8,2.82,1.94,3.8,5.8,2.3,24,56,5.6,0.3,0,2.3,7.7,31.7,36.5,15,0.4,8.7,33.6,66.4,68598,87505
"4129",6059074108,"06","059","074108",5226,33.721597,-117.904817,"Census Tract 741.08, Orange County, California",388200,935,22,5.2,5.87,5.47,1.5,3.5,0,4.7,7.1,20.5,40.6,12.7,9.3,0.5,3.5,22.2,40.1,29.3,4.3,63.3,36.7,62538,72775
"4130",6059074109,"06","059","074109",3801,33.719706,-117.899525,"Census Tract 741.09, Orange County, California",366700,690,0,5.1,5.36,5.92,0,6.5,1,3.2,9.3,30.7,29.7,9.6,10,0,8,19.1,46.4,16.8,9.7,65.2,34.8,73750,72974
"4131",6059074110,"06","059","074110",3843,33.709824,-117.900525,"Census Tract 741.10, Orange County, California",487300,985,0,6.2,4.03,6.78,0,0,1.4,8.5,76,8.2,5.8,0,0,1.6,0.8,1.9,35,49.8,10.8,79.8,20.2,85759,96850
"4132",6059074111,"06","059","074111",5568,33.710513,-117.890563,"Census Tract 741.11, Orange County, California",446500,1402,78,6.1,4.22,3.8,0,0.8,1.1,0.8,45.1,46.3,4.6,1.4,0,0,16.5,10.6,21.1,40.2,11.6,74.7,25.3,70667,87445
"4133",6059074200,"06","059","074200",9450,33.721825,-117.870147,"Census Tract 742, Orange County, California",362600,1806,146,4.8,5.14,4.59,0,0,1.9,6.4,8.2,17.6,19.1,30.7,16.2,3.3,7.6,30.4,40.1,15.7,2.9,56.1,43.9,58517,67972
"4134",6059074300,"06","059","074300",4392,33.719718,-117.860264,"Census Tract 743, Orange County, California",365500,834,24,5,6.14,4.39,0,0,1.8,13.2,11.5,16.8,27.1,12.5,17.1,1.2,9.5,22.2,45.4,15.1,6.6,68.3,31.7,54167,63819
"4135",6059074403,"06","059","074403",5688,33.735147,-117.851206,"Census Tract 744.03, Orange County, California",97200,1341,58,4,4.75,4.22,0,0,4.8,9.7,53.8,21.7,8.2,1.9,0,3.2,35.2,35.4,25.1,1.1,0,27.1,72.9,36058,42054
"4136",6059074405,"06","059","074405",5820,33.752878,-117.861841,"Census Tract 744.05, Orange County, California",347000,1484,130,3.5,4.89,4.5,8.6,2.2,2,24.5,14.1,13.1,17.6,3.2,14.8,13.3,36.5,31.1,14.6,4.1,0.4,20.5,79.5,46400,53382
"4137",6059074406,"06","059","074406",3797,33.748274,-117.848881,"Census Tract 744.06, Orange County, California",335000,841,27,3.9,4.23,3.76,4,0,0,9.2,18.8,22.1,26.5,6.2,13.2,8.1,30.9,33.4,16.6,7.4,3.6,35.6,64.4,56071,68736
"4138",6059074407,"06","059","074407",6700,33.737265,-117.842352,"Census Tract 744.07, Orange County, California",117600,1894,91,3.7,2.29,4.02,0.4,1.6,4.2,15.9,39.3,30.3,3.4,1.8,3.1,3.1,33.1,57.2,4.1,2.5,0,16.2,83.8,43490,52263
"4139",6059074408,"06","059","074408",5399,33.737119,-117.836976,"Census Tract 744.08, Orange County, California",160000,1608,79,3.9,3.55,3.57,0.4,2.2,2.2,11.1,31.8,47,2.4,2.4,0.6,0.6,34,52.3,9.8,3.3,0,32.6,67.4,41983,51373
"4140",6059074501,"06","059","074501",6880,33.737682,-117.856358,"Census Tract 745.01, Orange County, California",295500,1439,70,3.6,5.51,5.28,0,0,6.2,7.9,27.9,30.9,25.9,1.3,0,9.1,37,20.4,21.2,9.7,2.5,31.6,68.4,41055,50089
"4141",6059074502,"06","059","074502",5674,33.727902,-117.859881,"Census Tract 745.02, Orange County, California",369500,1034,82,4.9,5.44,6.52,0,0,2.5,2.5,14.7,44.5,32.2,0,3.6,0,2.6,38.5,34.7,19.2,4.9,47.1,52.9,46929,62269
"4142",6059074601,"06","059","074601",8286,33.735136,-117.871301,"Census Tract 746.01, Orange County, California",409100,1763,27,4.7,5.38,4.76,0,0,4,3.6,9.9,17.2,12.6,15,37.6,5.6,17.3,30.2,34.1,9.7,3.1,45.4,54.6,48364,59058
"4143",6059074602,"06","059","074602",9156,33.737824,-117.863587,"Census Tract 746.02, Orange County, California",328300,1758,58,4.7,5.74,5.19,1.4,0,1.6,0.6,11.1,6.6,14.3,20.2,44.1,5.1,24.1,26.3,33.6,6.9,3.9,55.5,44.5,62212,68181
"4144",6059074701,"06","059","074701",8346,33.730914,-117.895161,"Census Tract 747.01, Orange County, California",331600,1460,56,5,5.78,5.9,0,1.6,0,1.7,17.4,19.9,50.2,4.8,4.4,1.4,17.1,13.5,48.2,15.9,4,57.9,42.1,59088,65496
"4145",6059074702,"06","059","074702",6316,33.731046,-117.882964,"Census Tract 747.02, Orange County, California",407700,1146,50,4.9,5.67,4.99,0,2,4.9,2.8,10.1,12,46.3,12.8,9,3.1,19.1,18.7,46.7,9.9,2.6,53.4,46.6,55000,61085
"4146",6059074801,"06","059","074801",5499,33.743423,-117.889382,"Census Tract 748.01, Orange County, California",428300,1021,38,5.2,7.18,6.38,0,0.8,8.7,0.6,12.5,22.1,42.5,2.8,9.9,7.1,9.2,14.7,36.4,21.8,10.7,49,51,68625,91460
"4147",6059074802,"06","059","074802",5845,33.742726,-117.899721,"Census Tract 748.02, Orange County, California",69600,1240,32,5.1,5.53,6.6,3.4,0,17.7,13,14.9,25.5,18.5,7,0,0,3.2,26.2,42,19.9,8.6,60.8,39.2,54010,62200
"4148",6059074803,"06","059","074803",9053,33.735674,-117.908421,"Census Tract 748.03, Orange County, California",341900,1830,58,5.2,5.22,5.12,1.3,2.2,7,5.5,13.2,45.9,20.1,2.3,2.4,0.8,5.7,19.1,42.2,23.1,9,72.8,27.2,54587,64344
"4149",6059074805,"06","059","074805",5962,33.737311,-117.903767,"Census Tract 748.05, Orange County, California",256700,1032,38,3.9,4.88,5.31,0,1.4,0.9,8.9,28.9,30.3,29.1,0,0.6,1.9,20,53.9,13,8.2,3,23.6,76.4,43778,50665
"4150",6059074806,"06","059","074806",5057,33.736833,-117.89264,"Census Tract 748.06, Orange County, California",366700,936,42,4.2,5.77,5.96,0,2.7,7.6,3.3,16.7,15.9,38.1,10.5,5.2,2.8,27,22.5,35.7,9.3,2.7,44.1,55.9,48438,66275
"4151",6059074901,"06","059","074901",9170,33.742992,-117.878786,"Census Tract 749.01, Orange County, California",365900,1966,164,4.1,5.48,4.53,4.2,1.7,7.1,22,9.2,11.3,27.3,5,12.3,10,26,28.6,26.2,3.3,5.8,31.2,68.8,43273,53276
"4152",6059074902,"06","059","074902",6627,33.736992,-117.880116,"Census Tract 749.02, Orange County, California",329000,1234,0,3.7,5.79,5.02,1,0,6,18.3,11.8,11,25.4,17.1,9.3,6,32.8,35.7,22.3,2.5,0.7,21.2,78.8,47308,60380
"4153",6059075002,"06","059","075002",8605,33.746453,-117.866571,"Census Tract 750.02, Orange County, California",380100,2465,186,3.1,5.41,3.56,0,8.5,9.4,15.9,22.5,19.4,3.2,7.8,13.4,15.9,41.9,33.5,3.7,2.8,2.1,12.5,87.5,37428,52526
"4154",6059075003,"06","059","075003",7408,33.75636,-117.872238,"Census Tract 750.03, Orange County, California",505800,1685,123,3.2,4.71,4.73,0,0.9,7.7,14.2,15.7,14.3,15,16.1,16.2,14.5,44.7,32.1,7.5,1.1,0,5.4,94.6,37226,44253
"4155",6059075004,"06","059","075004",5245,33.758264,-117.865377,"Census Tract 750.04, Orange County, California",457000,1331,101,2.8,6.31,4.53,0.8,4.5,0,27.1,20.6,21,13.4,3.3,9.2,26.9,36.2,24.4,5.3,4.9,2.3,11.8,88.2,40458,49931
"4156",6059075100,"06","059","075100",9983,33.753926,-117.879292,"Census Tract 751, Orange County, California",437600,2116,136,4,3.71,4.12,0,0,4.6,1,19.5,5.9,19.4,21.1,28.6,2.6,29.9,31.4,28.1,6.7,1.4,41.6,58.4,45793,59321
"4157",6059075201,"06","059","075201",5822,33.753851,-117.899276,"Census Tract 752.01, Orange County, California",333100,1144,20,5.2,5.29,6.83,0,2.7,0.9,2.5,7.6,30.9,33.4,12.7,9.4,1,7.9,27.7,43.5,13.5,6.3,61.8,38.2,60595,66467
"4158",6059075202,"06","059","075202",5753,33.753512,-117.890703,"Census Tract 752.02, Orange County, California",380900,1202,46,4.9,5.23,4.81,0,0,0,5.3,1.3,20.8,56.7,10.2,5.7,2.2,4.8,35.6,38.9,13.9,4.5,66.7,33.3,71296,74876
"4159",6059075301,"06","059","075301",5712,33.774682,-117.882078,"Census Tract 753.01, Orange County, California",616500,1646,35,4.9,3.21,3.78,1.9,2.1,4.6,8.8,12.3,30,32.7,6.7,1,3.6,12.8,33,24.9,23.3,2.3,45.7,54.3,55806,80430
"4160",6059075302,"06","059","075302",4481,33.764509,-117.889975,"Census Tract 753.02, Orange County, California",467600,1156,77,5,3.7,3.65,0,1.6,3.5,5.3,8.8,11.1,61.3,6.2,2.1,0.6,6.7,33.6,42.6,15.7,0.8,58.3,41.7,58713,91687
"4161",6059075303,"06","059","075303",3412,33.765715,-117.873418,"Census Tract 753.03, Orange County, California",764400,1278,82,6.7,2.88,3.13,0,0,1.2,5.6,5.7,17.8,28.9,7.7,33.3,3.8,13.3,12.9,38.3,24.6,7.1,79.3,20.7,83750,115368
"4162",6059075401,"06","059","075401",3895,33.766766,-117.860182,"Census Tract 754.01, Orange County, California",514300,1297,121,5.9,3.14,2.59,2.1,2.1,0,0,5.4,15.5,30.8,20.4,23.7,0,7.8,12.6,61.5,16.2,1.9,84.6,15.4,79667,102079
"4163",6059075403,"06","059","075403",7081,33.754832,-117.843893,"Census Tract 754.03, Orange County, California",286500,2508,41,4.2,3.09,2.86,0,0,1.5,9.8,57,8.7,19.4,2.2,1.5,3.1,30.9,33.8,19.4,12.7,0,70.8,29.2,52245,74708
"4164",6059075404,"06","059","075404",6347,33.768624,-117.848953,"Census Tract 754.04, Orange County, California",448100,2135,156,4.2,3.25,2.76,0,1.6,2.5,15.2,43.8,26,8.3,2.1,0.5,6.1,28.8,28.4,20,14.3,2.4,39.7,60.3,49054,73567
"4165",6059075405,"06","059","075405",2980,33.764055,-117.841276,"Census Tract 754.05, Orange County, California",397700,997,0,5.1,3.23,3.33,0,0.3,0.7,5.8,13.8,67,6.1,5.4,0.8,2.1,9.4,39,21.2,23.3,5,64.9,35.1,78927,92653
"4166",6059075504,"06","059","075504",4041,33.752953,-117.823467,"Census Tract 755.04, Orange County, California",599600,1590,39,5.7,2.61,2.47,0,0.9,1.2,7,33.1,46.5,11.3,0,0,3.1,12.9,20.3,25.8,29.9,7.9,64.4,35.6,72788,88477
"4167",6059075505,"06","059","075505",3599,33.743824,-117.826036,"Census Tract 755.05, Orange County, California",361300,1471,75,4,2.79,2.11,3.8,7.5,1.8,4.9,25.1,29.9,8.6,5.4,13,0,34.3,40.4,21.1,4.1,0,42.8,57.2,62031,64857
"4168",6059075506,"06","059","075506",3437,33.742047,-117.80715,"Census Tract 755.06, Orange County, California",560400,1220,0,6,2.65,2.86,0,0.8,0,2.6,20,58.8,16,1.5,0.3,0,9,20.1,41.5,15.8,13.6,71.4,28.6,69783,82304
"4169",6059075507,"06","059","075507",5187,33.736087,-117.812772,"Census Tract 755.07, Orange County, California",500000,2031,171,3.8,4.1,2.83,0,2.9,1.5,18.6,30.4,37.5,8.3,0.4,0.4,4.7,35.6,32.4,14.3,12.2,0.7,21.7,78.3,52474,67581
"4170",6059075512,"06","059","075512",3548,33.73272,-117.822882,"Census Tract 755.12, Orange County, California",429400,1205,180,3.9,3.35,2.69,0,0.7,0,8.5,35.1,42.7,8.5,2.2,2.3,0.7,41.9,34.9,9,9.5,3.9,28.9,71.1,54432,72936
"4171",6059075513,"06","059","075513",5074,33.728627,-117.81436,"Census Tract 755.13, Orange County, California",413300,1578,81,4.7,3.96,3.05,0,0.4,2.6,10.3,32.9,46.9,3.6,0,3.3,1.3,15.1,38.3,30.4,11.5,3.3,36.7,63.3,63456,76058
"4172",6059075514,"06","059","075514",3703,33.736606,-117.830654,"Census Tract 755.14, Orange County, California",170800,1200,8,3.7,2.14,3.24,0.9,0,3.7,10.8,26.8,46.1,11.1,0,0.7,3.7,42.8,43.7,8.2,0.1,1.6,14.2,85.8,45250,50624
"4173",6059075515,"06","059","075515",15295,33.71313,-117.825209,"Census Tract 755.15, Orange County, California",491000,4734,393,4.2,3.06,2.85,36.4,13.1,10.8,7.5,16.7,12.5,1.2,1.1,0.5,3.5,27.2,28,21.8,14.1,5.4,37.2,62.8,76068,99405
"4174",6059075603,"06","059","075603",3790,33.748994,-117.802054,"Census Tract 756.03, Orange County, California",651300,1380,25,5.9,2.78,2.84,0,0,0.6,5.1,15.7,35.9,38.7,3.2,0.8,0.7,4.6,17.8,40.7,33,3.1,78.7,21.3,91622,112601
"4175",6059075604,"06","059","075604",7487,33.778695,-117.785368,"Census Tract 756.04, Orange County, California",881400,2704,84,7.5,2.75,1.56,0,1.1,3.8,37,25.3,20.1,9.1,2.2,1.3,0,1.1,2.5,36.3,45.4,14.7,97.9,2.1,120395,172373
"4176",6059075605,"06","059","075605",5776,33.783039,-117.768445,"Census Tract 756.05, Orange County, California",698000,2203,62,6.6,2.74,2.27,0,2,28.3,44.8,12.8,10.1,1.4,0,0.6,0,6.2,19.7,29.9,33.6,10.6,83.3,16.7,102470,170993
"4177",6059075606,"06","059","075606",6941,33.752573,-117.787064,"Census Tract 756.06, Orange County, California",NA,2448,63,7.9,3,3.76,5.7,4.4,24.6,7.8,15.6,23.6,12.5,1.8,4.2,0,1.7,2.4,28.9,48.4,18.7,96.6,3.4,141224,175877
"4178",6059075607,"06","059","075607",6065,33.740164,-117.781678,"Census Tract 756.07, Orange County, California",530400,2858,125,4.7,2,2.1,1.3,3.5,81.3,9.6,2.9,1.5,0,0,0,3.5,22.5,37,29.9,4.7,2.4,62.3,37.7,83212,116965
"4179",6059075701,"06","059","075701",6879,33.766863,-117.829687,"Census Tract 757.01, Orange County, California",635400,2217,111,5.4,3.72,2.85,3.2,0,0,2.7,18.5,52,17.4,1.1,5.1,0,9,36.4,27,18,9.6,57.5,42.5,74401,95551
"4180",6059075702,"06","059","075702",3343,33.758346,-117.814609,"Census Tract 757.02, Orange County, California",660100,1174,0,6.9,2.59,3.16,1.4,2.9,6.3,1,14.6,28.1,42.2,2.6,1,2,2.2,1.2,39.9,48,6.7,84.3,15.7,106607,142437
"4181",6059075703,"06","059","075703",4069,33.767312,-117.807949,"Census Tract 757.03, Orange County, California",757900,1418,21,6.8,2.89,4.03,0,2.3,7,6.7,6,29.8,41.2,5.1,1.9,0,0.6,2.8,34,52,10.5,97.2,2.8,108688,158418
"4182",6059075805,"06","059","075805",4213,33.793821,-117.835416,"Census Tract 758.05, Orange County, California",604800,1392,85,4.8,2.75,2.68,0.9,1.3,0,6,26.4,31,28.2,0.9,5.2,3.4,18.1,29.7,31.8,16.6,0.4,47.1,52.9,65927,87041
"4183",6059075806,"06","059","075806",6121,33.781191,-117.836973,"Census Tract 758.06, Orange County, California",551200,2120,84,4.9,2.67,3.2,0,1.5,13.7,12.9,14.3,31.2,18.1,5.2,3.1,2.5,14.5,33.8,35.1,13.6,0.6,50.1,49.9,67339,74941
"4184",6059075807,"06","059","075807",4324,33.784321,-117.81852,"Census Tract 758.07, Orange County, California",587000,1248,85,6.8,3.65,2.94,0,0.8,2.9,0.8,24.9,56.7,9.6,3.2,1.1,1.4,7.5,9.4,31.9,37.6,12.3,83.9,16.1,78355,104463
"4185",6059075808,"06","059","075808",3404,33.77671,-117.820435,"Census Tract 758.08, Orange County, California",640700,1152,9,6.8,3.21,3.59,0,0,0,0.5,4.8,66.2,24.3,0,4.2,0,0,1.5,38.4,49,11.1,94.7,5.3,99861,116303
"4186",6059075809,"06","059","075809",3023,33.822599,-117.808982,"Census Tract 758.09, Orange County, California",NA,1106,30,8.5,2.75,4.02,0,6.1,6.7,6.2,40.1,31.1,7.2,1.4,1.1,0,0.5,0.8,13.4,51.8,33.5,94.6,5.4,151023,212499
"4187",6059075810,"06","059","075810",3046,33.810274,-117.814021,"Census Tract 758.10, Orange County, California",896200,1057,34,7.8,3.13,3.62,0,1.9,2.2,1.4,62.2,27.2,3.2,2,0,0,0.9,2.1,11.4,60,25.6,95.6,4.4,136477,186981
"4188",6059075811,"06","059","075811",3332,33.819248,-117.830528,"Census Tract 758.11, Orange County, California",632600,818,38,5.5,3.38,5.51,0,1.7,5.1,1.5,26.7,61.2,2.4,0.6,0.7,0,0,27,24.9,42.1,6,64.4,35.6,61750,97692
"4189",6059075812,"06","059","075812",6573,33.807047,-117.829984,"Census Tract 758.12, Orange County, California",518600,1917,15,4.8,2.76,4.13,0,1.8,3,0.8,36.2,35.3,17,2.5,3.5,0.6,20.1,22.8,25.2,29.1,2.2,54.3,45.7,61556,80487
"4190",6059075813,"06","059","075813",5069,33.830772,-117.825546,"Census Tract 758.13, Orange County, California",705700,1780,97,6.5,3.09,2.88,0,2.9,9,38.4,20.3,26.6,2.9,0,0,0,0.4,10.1,37.7,37.9,13.9,85.7,14.3,96648,124619
"4191",6059075814,"06","059","075814",3327,33.833048,-117.805761,"Census Tract 758.14, Orange County, California",892800,1173,0,6.7,3,2.58,0,0.3,72.9,13.4,11.9,1.4,0,0,0,0,7.6,19.6,17.8,37.9,17.1,80.9,19.1,127188,155692
"4192",6059075815,"06","059","075815",5176,33.797891,-117.823718,"Census Tract 758.15, Orange County, California",467900,1628,78,5.5,3.03,4.39,0,0,1.7,18.6,16.2,30.6,32.3,0,0.6,0.4,2.1,25.7,46.5,23.9,1.4,73.6,26.4,67164,87147
"4193",6059075816,"06","059","075816",3709,33.792618,-117.818271,"Census Tract 758.16, Orange County, California",484700,1228,0,4.6,2.84,3.08,0,9.4,43.8,1.9,19.7,20.5,2.6,2,0,0,7.7,42.2,39,9.1,2,54.2,45.8,78942,81508
"4194",6059075901,"06","059","075901",4126,33.791707,-117.854371,"Census Tract 759.01, Orange County, California",487900,1702,163,4.4,2.73,2.63,0,0.5,1.2,5,17.3,6.2,14.5,7.4,47.9,6.5,15.7,46.7,17.5,12.3,1.2,40.2,59.8,52888,74239
"4195",6059075902,"06","059","075902",6548,33.781077,-117.851874,"Census Tract 759.02, Orange County, California",595400,2866,76,4.2,2.75,2.35,0,0,5.3,7.2,23.9,21.6,4.4,8.7,28.9,4.4,24.2,39.3,26.1,5,0.9,21.3,78.7,58973,72544
"4196",6059076000,"06","059","076000",8371,33.782581,-117.86784,"Census Tract 760, Orange County, California",372900,3206,193,4.5,2.75,2.66,1.3,5.1,2.8,2.9,42.2,12.1,15.7,7.6,10.2,2.1,20.2,40.5,27.2,10,0,41.9,58.1,68114,78029
"4197",6059076101,"06","059","076101",8933,33.792823,-117.877197,"Census Tract 761.01, Orange County, California",480200,2665,214,4.4,3.53,3.01,31,11.8,3.3,1.9,9.6,9.6,20.9,9.1,2.9,0.9,19.3,42.6,20,12.2,4.9,41.8,58.2,77679,88838
"4198",6059076102,"06","059","076102",7487,33.783835,-117.8916,"Census Tract 761.02, Orange County, California",76400,1697,96,3.6,3.95,2.33,4.2,2.8,7.9,16.3,44,14.4,8.8,1.6,0,10.6,32.2,33.5,23,0.6,0,19.9,80.1,54918,63823
"4199",6059076103,"06","059","076103",9137,33.783795,-117.902331,"Census Tract 761.03, Orange County, California",416500,2529,185,4.2,3.75,3.63,0.4,0,11.2,11.2,25.7,21.8,26.8,1.5,1.3,4.2,12.9,40.1,34.2,6.6,2.1,36.5,63.5,51897,62667
"4200",6059076201,"06","059","076201",6772,33.836615,-117.852811,"Census Tract 762.01, Orange County, California",462500,2213,89,5.4,2.75,2.66,14.1,2.9,4,16.1,17.5,42.2,1.6,0.6,0.9,0,4.1,23.5,43.6,27.2,1.7,74.2,25.8,84019,93603
"4201",6059076202,"06","059","076202",5812,33.839583,-117.83852,"Census Tract 762.02, Orange County, California",463000,1999,148,5,3.14,3.17,0,0.9,0.8,9.4,21.2,56.3,9.5,1.7,0.4,3.2,9.8,30,33.8,22,1.2,61.9,38.1,76995,82636
"4202",6059076204,"06","059","076204",4492,33.807112,-117.856509,"Census Tract 762.04, Orange County, California",360300,1153,102,4.1,2.56,4.03,4.8,4,8.8,24,20.2,13.3,12.1,0,12.7,1.7,26.7,23,36.2,11.3,1.1,38.2,61.8,55764,63894
"4203",6059076205,"06","059","076205",6847,33.80366,-117.849465,"Census Tract 762.05, Orange County, California",503000,1658,74,4.8,3.08,3.26,0.4,1.1,4.3,2.4,15.3,29.1,37.5,5.2,4.6,0,8.7,24,43.8,21.1,2.3,57.8,42.2,62727,74942
"4204",6059076206,"06","059","076206",4517,33.804891,-117.839892,"Census Tract 762.06, Orange County, California",481500,1625,27,5.1,2.6,2.64,1.1,3.4,2.9,5.7,12.1,29.5,42,2.4,0.9,0.1,5.9,23.8,47.1,21.4,1.7,75.1,24.9,77589,81070
"4205",6059076208,"06","059","076208",4999,33.821741,-117.844477,"Census Tract 762.08, Orange County, California",543500,1667,110,5.8,2.83,2.93,0,3.6,0.6,0,23.2,59.1,11.2,1.1,1.1,0,8.2,21.1,33.2,29.6,7.9,71,29,77015,91080
"4206",6059086301,"06","059","086301",7474,33.833237,-117.895727,"Census Tract 863.01, Orange County, California",418400,1822,43,5.6,4.25,4.38,0.9,8.2,3.9,0.9,9.3,18.4,51.1,4.4,2.9,1.6,13.5,10.5,41.2,32.3,0.9,72.7,27.3,59506,65566
"4207",6059086303,"06","059","086303",6212,33.815749,-117.889935,"Census Tract 863.03, Orange County, California",317400,2237,146,4.3,2.57,2.82,17.3,5.2,1.7,13.5,36.1,19.5,6.7,0,0,2.4,20.8,45.3,20.7,7.4,3.3,46.7,53.3,58896,64854
"4208",6059086304,"06","059","086304",4847,33.835429,-117.878471,"Census Tract 863.04, Orange County, California",497600,1796,158,4.1,3.28,2.24,0.4,0,2,24,22.9,25.3,25,0,0.4,7.6,36.1,13.2,14.8,24.3,4,40.5,59.5,56198,69804
"4209",6059086305,"06","059","086305",4006,33.829036,-117.880044,"Census Tract 863.05, Orange County, California",480600,1172,0,6.7,3.44,4.52,0,0.8,0,1.7,33.3,52.6,9,1.2,1.5,0,0,4.2,37,45.6,13.1,87.5,12.5,83627,95167
"4210",6059086306,"06","059","086306",3658,33.8214,-117.881249,"Census Tract 863.06, Orange County, California",439900,1354,73,5.1,3.71,2.96,0,0,5.6,12.3,27,45.3,8.4,0,1.4,1.1,21.1,17.8,27.1,26.7,6.1,54.7,45.3,63597,78868
"4211",6059086402,"06","059","086402",5651,33.847237,-117.885505,"Census Tract 864.02, Orange County, California",440700,1453,67,6.1,4.13,3.87,0,0,6.3,9.8,14.9,19.3,47.5,1.4,0.8,0,5.8,16.7,40.9,31.7,5,70.8,29.2,61689,69354
"4212",6059086404,"06","059","086404",6546,33.850695,-117.897509,"Census Tract 864.04, Orange County, California",411100,1571,61,4.9,4.48,3.6,0.4,0,1,8.3,32.8,13.1,41.1,3.1,0,1.8,22.6,21.5,32.7,19.6,1.8,54.8,45.2,51250,68232
"4213",6059086405,"06","059","086405",6578,33.843829,-117.897472,"Census Tract 864.05, Orange County, California",377800,1750,143,4.4,4.27,4.1,4.6,0,0.7,12.7,11.8,13.8,46.9,7.7,1.8,4.6,19.9,27.3,38.2,6.4,3.5,38.5,61.5,57913,62954
"4214",6059086406,"06","059","086406",4330,33.844175,-117.875976,"Census Tract 864.06, Orange County, California",547500,1437,114,4.2,3.18,3.31,0,2.8,12.2,7.5,35.4,33.1,9,0,0,1.7,30.1,34.2,10.9,22.4,0.7,26.1,73.9,50284,62840
"4215",6059086407,"06","059","086407",6488,33.843038,-117.864776,"Census Tract 864.07, Orange County, California",396600,2151,92,4.4,3.49,2.84,0,3.8,2.9,6.2,45.7,41.1,0.3,0,0,0.9,20.4,39.2,23.6,11.3,4.6,47.2,52.8,56759,69817
"4216",6059086501,"06","059","086501",4848,33.844065,-117.917214,"Census Tract 865.01, Orange County, California",424400,1202,65,4.4,3.16,4.15,0,0,0.6,9.4,3.4,13.4,17.1,16.7,39.4,2.8,12.9,51.2,23.5,9.6,0,40.1,59.9,50516,58137
"4217",6059086502,"06","059","086502",6551,33.846151,-117.909651,"Census Tract 865.02, Orange County, California",313100,1399,52,4.2,5.08,5.04,2.5,2.2,5.8,16.4,19.9,18.7,14.4,4.6,15.4,1.4,22.7,36.3,30.4,9.2,0,39.2,60.8,40302,52800
"4218",6059086601,"06","059","086601",9584,33.850238,-117.931295,"Census Tract 866.01, Orange County, California",345500,2465,83,3.6,4.31,3.96,3.7,0.4,6,22.7,15.2,19.7,25.5,3,3.8,6.7,23.3,38.7,22.4,8.9,0,27.7,72.3,38295,48389
"4219",6059086602,"06","059","086602",6131,33.843848,-117.934332,"Census Tract 866.02, Orange County, California",396900,1812,162,3.9,4.55,3.04,0.8,0,11.5,14.9,12.7,18.3,28.3,8.2,5.4,4.1,25.6,35.8,24.4,9,1.2,32.6,67.4,52090,62492
"4220",6059086701,"06","059","086701",8876,33.850979,-117.956115,"Census Tract 867.01, Orange County, California",390200,2610,126,5,3.4,3.67,0,0.9,7.5,16.9,17.7,11.6,44.1,1.3,0,0.6,9.1,36.7,34.8,14.4,4.4,66.7,33.3,61313,70093
"4221",6059086702,"06","059","086702",7094,33.842681,-117.947962,"Census Tract 867.02, Orange County, California",343500,1978,110,4.2,3.54,3.36,4.7,0,1.4,7.2,22.5,27.5,26.6,10.2,0,1.1,19.1,37.7,25.7,15.1,1.3,39.2,60.8,51544,63822
"4222",6059086801,"06","059","086801",3267,33.846271,-117.981277,"Census Tract 868.01, Orange County, California",407100,963,17,6.1,3.26,3.25,0,0.4,0,0.5,17.5,13.8,67.6,0,0.1,0,0,6.9,59.8,31.8,1.6,86.4,13.6,67398,85651
"4223",6059086802,"06","059","086802",5913,33.843049,-117.968928,"Census Tract 868.02, Orange County, California",390500,1600,20,4.7,4.14,3.21,0.6,3.4,0.6,7.3,13.6,26.4,36.9,10.8,0.5,3,11.6,34.4,26.1,22.3,2.7,46.3,53.7,52622,64164
"4224",6059086803,"06","059","086803",7478,33.835621,-117.980974,"Census Tract 868.03, Orange County, California",391800,2832,136,3.9,3.24,2.79,11.1,1.3,5.2,12.7,22.5,23,22.3,1.4,0.6,3.4,26.2,37,24.9,6.3,2.2,39.6,60.4,45521,64103
"4225",6059086901,"06","059","086901",8725,33.825728,-118.007064,"Census Tract 869.01, Orange County, California",392600,2893,181,3.5,3.44,2.92,2.5,0.9,4.1,14.2,15.9,37.7,22.8,0,1.9,4.4,36,39.2,16.7,2.3,1.4,18.9,81.1,38682,55378
"4226",6059086902,"06","059","086902",5614,33.825058,-117.997637,"Census Tract 869.02, Orange County, California",382200,1671,80,4.4,3.24,3.22,2.5,9.2,4.5,10.4,20.1,38.1,12.6,0,2.6,4,9.1,31.1,37.2,17.8,0.8,61.1,38.9,54177,68274
"4227",6059086903,"06","059","086903",6861,33.825511,-117.989252,"Census Tract 869.03, Orange County, California",439300,2085,208,3.8,3.51,3.64,0.7,1.4,1.9,6.5,25.4,26.2,36.8,0.7,0.4,1.3,26,34.1,27.8,10.2,0.5,33.9,66.1,59148,65161
"4228",6059087001,"06","059","087001",5537,33.826771,-117.979796,"Census Tract 870.01, Orange County, California",444000,1708,106,4.2,3.03,3.59,0.7,1,8,5.6,17.3,29.2,29.8,6.4,2,13.5,9.1,30.2,31.9,12.2,3.2,46.6,53.4,44632,55741
"4229",6059087002,"06","059","087002",6922,33.824773,-117.972064,"Census Tract 870.02, Orange County, California",446800,2349,41,3.9,2.93,3.12,1.1,2.7,13.2,11.1,24.4,14,32.9,0,0.4,0.6,29.5,31.1,28,9.6,1.2,39.3,60.7,60729,66512
"4230",6059087101,"06","059","087101",4635,33.831332,-117.962407,"Census Tract 871.01, Orange County, California",503800,1910,165,3.1,3.89,2.45,3.1,11.8,5.5,5.9,27.4,25.8,17.2,1.6,1.7,12.3,38.4,21.1,13.8,6.3,8.1,23.5,76.5,41788,53906
"4231",6059087102,"06","059","087102",5816,33.836612,-117.954608,"Census Tract 871.02, Orange County, California",354500,1758,127,3.8,3.23,3.72,0,1.9,9.8,16,22.4,20.6,24.9,4.5,0,0.4,16.8,55.7,24.5,1.9,0.6,21.8,78.2,47261,59933
"4232",6059087103,"06","059","087103",8470,33.825304,-117.948625,"Census Tract 871.03, Orange County, California",414200,2452,139,5.2,3.61,3.91,0.5,2.7,7.7,6.5,7.3,16.6,53.5,2.9,2.3,3,12.6,13.3,45.6,21.3,4.2,53,47,60967,72784
"4233",6059087105,"06","059","087105",4635,33.826002,-117.935535,"Census Tract 871.05, Orange County, California",438300,1511,42,4.5,3.69,2.84,0,2.4,7.3,8.1,17,17.5,34.9,9.5,3.2,3.6,30.4,17.9,36.3,11.3,0.6,43.1,56.9,58589,67686
"4234",6059087106,"06","059","087106",5097,33.819782,-117.933034,"Census Tract 871.06, Orange County, California",407500,1397,105,4.9,4.13,3.25,3.5,3.7,4.2,4.9,7.9,17.2,51.6,5.6,1.3,0,28.1,19.2,23.6,22.8,6.3,47.3,52.7,45427,63054
"4235",6059087200,"06","059","087200",7643,33.834452,-117.927241,"Census Tract 872, Orange County, California",465800,2582,54,4,3.1,2.52,2.9,0,3.8,11.5,15.8,16.3,29.6,3.6,16.3,3.1,28.5,36.7,17.3,11,3.4,37.1,62.9,44653,60678
"4236",6059087300,"06","059","087300",10413,33.836426,-117.908905,"Census Tract 873, Orange County, California",468700,3039,275,3.6,3.36,3.68,6.2,3.9,29.9,15.3,6.4,20,3.9,5.1,9.1,7.3,32.6,40.7,11.9,6.9,0.6,17.1,82.9,43468,51318
"4237",6059087401,"06","059","087401",3954,33.828109,-117.914881,"Census Tract 874.01, Orange County, California",427700,1026,14,5.4,3.89,3.78,12.7,1.5,5.9,4.2,0,5,23.3,8.1,39.4,1.2,6.3,28,47.5,10.7,6.3,76.9,23.1,90221,87100
"4238",6059087403,"06","059","087403",3186,33.814064,-117.909962,"Census Tract 874.03, Orange County, California",308400,756,107,4.1,5.63,4.21,0,2.5,3.3,9.9,22.6,20.1,35.7,2.4,3.4,4.4,26.9,33.6,14.7,15.1,5.4,49.5,50.5,53563,58422
"4239",6059087404,"06","059","087404",3591,33.825318,-117.90896,"Census Tract 874.04, Orange County, California",331400,814,34,4.1,4.96,4.74,1,3.3,2.1,13.3,23.7,19.5,16.5,12,8.6,1.4,16.8,54.5,19.2,8.1,0,24.5,75.5,43864,52280
"4240",6059087405,"06","059","087405",5912,33.821552,-117.913698,"Census Tract 874.05, Orange County, California",338100,1518,77,3.9,4.5,4.4,1.6,0.8,7.7,15,18.5,9.4,37.6,6.1,3.2,0,28,52,15.2,2.1,2.6,21.4,78.6,42299,50835
"4241",6059087503,"06","059","087503",6808,33.799169,-117.918162,"Census Tract 875.03, Orange County, California",432800,1913,118,4.2,3.39,3.85,2,0,2,2.2,34.3,9.7,47.8,2,0,3.2,15.5,35.2,39.4,6.6,0,38.4,61.6,49679,63644
"4242",6059087504,"06","059","087504",7141,33.797418,-117.902753,"Census Tract 875.04, Orange County, California",338300,1829,251,4.1,4.26,4.68,0.6,0.9,6.2,12.4,25.1,27,27.4,0,0.5,0.3,16,57.7,18.2,7.4,0.4,14.9,85.1,41218,54559
"4243",6059087505,"06","059","087505",5222,33.810205,-117.930498,"Census Tract 875.05, Orange County, California",340800,1475,24,4.3,3.08,3.71,6.6,6.5,5.2,11.1,35.9,14.2,19.5,1.2,0,0,14,32.9,41.1,12,0,45.3,54.7,39932,62259
"4244",6059087601,"06","059","087601",4808,33.815082,-117.939889,"Census Tract 876.01, Orange County, California",423900,1502,98,3.8,3.38,3.04,4.2,0,0.7,20,21,26.6,27.4,0,0,8.9,24.3,32.4,24,9.6,0.8,33.5,66.5,51758,61398
"4245",6059087602,"06","059","087602",7722,33.804806,-117.941129,"Census Tract 876.02, Orange County, California",428700,2278,120,5.2,3.64,3.89,1.3,1.9,6.4,10.9,15.9,32.6,28.7,0.7,1.6,0,17.5,9.7,53,18.5,1.2,58.1,41.9,74709,80142
"4246",6059087701,"06","059","087701",5323,33.821036,-117.959529,"Census Tract 877.01, Orange County, California",421800,1723,114,4.9,3.66,2.82,1.9,0,3,5,21.6,22.1,46.4,0,0,0.5,17.3,16.5,37.2,24.1,4.4,56.4,43.6,59583,64543
"4247",6059087703,"06","059","087703",6246,33.811305,-117.963625,"Census Tract 877.03, Orange County, California",432100,1463,91,5.1,4.14,4.16,0.6,0,0,9,7.1,15.5,63.6,3.3,0.8,0.5,7.7,9.1,46.3,25.7,10.7,60.6,39.4,56778,69257
"4248",6059087704,"06","059","087704",5061,33.811046,-117.955078,"Census Tract 877.04, Orange County, California",379300,1400,52,5.1,3.7,3.11,0,1,1.8,6.6,27.4,24,36.2,2.9,0,0.5,8.2,21.1,48.3,17.9,4,69.4,30.6,81100,90977
"4249",6059087801,"06","059","087801",5337,33.809608,-118.006512,"Census Tract 878.01, Orange County, California",392200,1731,69,4.7,3.22,3.05,3.3,3.6,2.7,10.3,17.3,15.9,45.1,1.3,0.4,0,8.7,36.7,43.4,10.6,0.6,61.2,38.8,55155,72000
"4250",6059087802,"06","059","087802",7146,33.810488,-117.997896,"Census Tract 878.02, Orange County, California",305400,2392,92,4.4,3.14,3.29,0.5,3.2,2.8,34.8,28.1,16.6,8.7,1.7,3.6,1.8,13,39.6,39.8,4.1,1.8,55,45,61225,69163
"4251",6059087803,"06","059","087803",5658,33.813083,-117.989203,"Census Tract 878.03, Orange County, California",359700,1487,44,3.7,4.25,4.21,0,8,1.7,2.2,39.5,24.7,15.1,4,4.6,1.3,14.4,57.2,22.7,4.4,0,18.4,81.6,37140,55751
"4252",6059087805,"06","059","087805",6952,33.810935,-117.979964,"Census Tract 878.05, Orange County, California",355900,2054,160,4.2,3.69,3.53,0.2,5.6,4.1,13.8,11.1,23.2,36.9,4.1,0.9,0.5,14.1,42.6,32.7,7.7,2.4,38.4,61.6,49079,67506
"4253",6059087806,"06","059","087806",5702,33.809631,-117.971997,"Census Tract 878.06, Orange County, California",376600,1602,166,4.1,4.46,3.11,0,2,0.4,11.7,10.4,27.3,41.6,3.9,2.7,0.4,22.9,35.1,21.6,18.2,1.8,47.3,52.7,43459,57488
"4254",6059087901,"06","059","087901",3638,33.798816,-117.994385,"Census Tract 879.01, Orange County, California",390300,1201,76,4.6,4.01,2.4,3.7,2,33.3,8.2,14.1,13.7,17.9,1.6,5.6,2.7,26.2,25.1,31.5,14.6,0,49.9,50.1,48990,61654
"4255",6059087902,"06","059","087902",6039,33.791701,-117.991561,"Census Tract 879.02, Orange County, California",397200,1326,0,5,4.47,4.33,1,0,3.1,9.7,11.5,18.3,52.9,3,0.6,0,13.4,18.9,33.2,33.6,0.9,53.6,46.4,50385,72738
"4256",6059088001,"06","059","088001",5004,33.7952,-117.980325,"Census Tract 880.01, Orange County, California",463300,1265,44,5.6,3.61,3.33,0,0.9,5.3,4.3,6.5,9.8,64.2,4.5,4.5,0,6.5,8.5,53.6,26.2,5.2,69.4,30.6,74053,81336
"4257",6059088002,"06","059","088002",3936,33.795513,-117.971506,"Census Tract 880.02, Orange County, California",502400,1091,60,5.7,3.44,4.23,2.7,1.6,0,3.8,9.1,8.8,69.7,0,4.3,0,5.3,9.8,56.5,26.5,1.9,70.7,29.3,66853,83410
"4258",6059088101,"06","059","088101",2078,33.800891,-118.005939,"Census Tract 881.01, Orange County, California",281000,707,5,5,2.62,3.58,0,0,4.5,9.2,58.1,20.5,7.1,0.6,0,0,0,12.6,72.1,15.3,0,77.5,22.5,70625,90214
"4259",6059088104,"06","059","088104",4780,33.784935,-117.991261,"Census Tract 881.04, Orange County, California",331100,1693,102,4,2.97,2.73,0.6,4.1,3.4,8.8,44.1,22.4,13.8,2.7,0,5,26.6,32.6,27.1,7.5,1.2,40.3,59.7,50976,55112
"4260",6059088105,"06","059","088105",4133,33.784876,-117.976843,"Census Tract 881.05, Orange County, California",429800,1075,70,5.7,3.59,3.99,0,3.3,6.9,10.4,14,12,43.4,10,0,2,0.7,8.4,48.3,36.1,4.6,76.5,23.5,59141,72692
"4261",6059088106,"06","059","088106",4638,33.777451,-117.991527,"Census Tract 881.06, Orange County, California",203100,1801,38,4.3,2.52,3.32,1.2,3.3,5.7,47.3,15.7,9.6,16,1.2,0,0.6,15,53.6,20.9,9.9,0,57.6,42.4,58110,68411
"4262",6059088107,"06","059","088107",5866,33.777908,-117.9768,"Census Tract 881.07, Orange County, California",414600,1618,63,4.6,3.46,3.98,0.5,0,13,9.6,8.3,22.3,33.3,8.3,4.8,1.7,3.7,45.7,26.5,19.6,2.8,46.4,53.6,63534,75047
"4263",6059088201,"06","059","088201",4022,33.797656,-117.963456,"Census Tract 882.01, Orange County, California",450600,1147,54,5.3,3.55,3.96,0.4,2.5,1,4.4,9.5,18.3,55.3,5.8,2.7,0,7,18.4,51.1,21.7,1.8,70.2,29.8,59076,97490
"4264",6059088202,"06","059","088202",3005,33.795682,-117.955562,"Census Tract 882.02, Orange County, California",425800,883,58,5.8,3.56,4.37,0,2.3,2.7,15.4,15.4,11.6,52.4,0.2,0,0,0,15.5,48.7,33.9,1.9,86.2,13.8,80417,92865
"4265",6059088203,"06","059","088203",4819,33.78519,-117.958415,"Census Tract 882.03, Orange County, California",458700,1428,132,5,3.98,2.67,0,0.6,5.5,5.7,13.6,15.1,55.5,1.1,2.9,5.3,14.9,20.2,35.9,20,3.8,50.4,49.6,51667,67541
"4266",6059088301,"06","059","088301",6430,33.796562,-117.946748,"Census Tract 883.01, Orange County, California",402300,1752,62,5.3,3.92,4.26,0,2,4.7,4.2,14.8,23,49.2,0,2.1,0.7,14.7,14.4,45.4,22.3,2.5,66.7,33.3,65357,76330
"4267",6059088302,"06","059","088302",6029,33.78826,-117.939677,"Census Tract 883.02, Orange County, California",529400,1813,123,5.5,3.26,3.46,0.3,10.7,5.2,2.5,16.9,10.2,49,5.1,0,0,6.3,24.5,42.8,19.4,6.9,64.1,35.9,76875,92109
"4268",6059088401,"06","059","088401",5317,33.788906,-117.928096,"Census Tract 884.01, Orange County, California",439500,1316,39,5.8,3.7,3.75,0,1.6,0,3.8,2.5,11.1,70.1,7.7,3.2,0.5,0,8.3,56.2,31.2,3.8,90.8,9.2,74938,75263
"4269",6059088402,"06","059","088402",4854,33.789175,-117.918964,"Census Tract 884.02, Orange County, California",409900,1384,58,4.5,4.22,3.28,3.1,3.5,1.6,2.7,23.1,12.6,48.6,4.8,0,9.2,16.5,22.5,32.2,18,1.6,42,58,50515,62662
"4270",6059088403,"06","059","088403",6896,33.789455,-117.910739,"Census Tract 884.03, Orange County, California",365000,1821,31,4.9,3.58,3.74,7.9,0,12.9,19.1,9.5,13.9,34.8,0.8,1.3,1.6,9.1,36,39.4,12,1.9,62.4,37.6,67222,76482
"4271",6059088501,"06","059","088501",6785,33.77434,-117.926253,"Census Tract 885.01, Orange County, California",395200,1830,109,4.5,3.92,3.81,0,2.8,7.1,3.2,23.6,27.5,32.3,3,0.4,0.4,18.8,30.2,34.4,14.9,1.3,52.9,47.1,57599,70100
"4272",6059088502,"06","059","088502",5249,33.778006,-117.915167,"Census Tract 885.02, Orange County, California",396000,1364,92,4.6,3.7,3.33,11.5,18.3,1.5,4.4,20,12.4,29,2.2,0.7,4.3,22.1,23.4,32.8,15.9,1.5,42.1,57.9,63403,67273
"4273",6059088601,"06","059","088601",6305,33.773928,-117.944563,"Census Tract 886.01, Orange County, California",350500,2172,118,4.1,3.35,2.45,0.6,6.8,4.1,28.1,12.4,17.7,16.6,4,9.6,3.5,31.7,34.7,19.4,10.7,0,49.6,50.4,55510,66550
"4274",6059088602,"06","059","088602",4433,33.774653,-117.934232,"Census Tract 886.02, Orange County, California",363300,1350,42,4.8,3.45,3.75,0,1.5,9.3,33.8,11.8,18.1,11.5,8,6.1,4.3,12.7,29,38.1,13.2,2.7,50.6,49.4,61743,73033
"4275",6059088701,"06","059","088701",6067,33.77758,-117.957248,"Census Tract 887.01, Orange County, California",385800,1949,76,3.9,3.48,3.46,1.2,2.6,12.9,20.1,21.1,14.7,22.8,3.5,1,1.2,32.9,37.3,19.5,5.8,3.2,32.8,67.2,50703,62259
"4276",6059088702,"06","059","088702",6107,33.770383,-117.957146,"Census Tract 887.02, Orange County, California",396300,1470,98,4.7,3.93,3.92,0,9.7,3.5,5.1,16.7,24.8,30.5,6.1,3.7,1.6,7.8,38.2,34.6,11.8,6,49.8,50.2,48534,66383
"4277",6059088801,"06","059","088801",8343,33.771342,-117.977327,"Census Tract 888.01, Orange County, California",420000,2646,204,4.2,4.09,3.47,1,1.9,7.6,18,25.3,24.3,19.4,1.7,0.9,0,24.5,35.3,27.2,9.4,3.5,31.6,68.4,48274,64847
"4278",6059088802,"06","059","088802",5551,33.765236,-117.979489,"Census Tract 888.02, Orange County, California",428400,1500,35,5,3.83,4.02,0.5,4.1,1,14.9,21.2,25.9,32.3,0,0,0.7,11.9,26.6,36.9,20.9,2.9,52,48,52983,64308
"4279",6059088901,"06","059","088901",6725,33.758682,-117.961745,"Census Tract 889.01, Orange County, California",421600,1767,74,4.9,4.08,3.65,3.1,0.3,4.8,9.3,25.4,32.8,23.5,0,0.6,0.8,4.5,30.8,40.3,19.5,4.1,63.7,36.3,50150,66104
"4280",6059088902,"06","059","088902",5143,33.762633,-117.946179,"Census Tract 889.02, Orange County, California",422000,1213,10,5,3.95,3.88,0.9,0,0.8,1.7,25.8,23.1,40.1,3.5,4,1.9,2,28.8,46.9,17.7,2.7,54.5,45.5,56335,66757
"4281",6059088903,"06","059","088903",8585,33.753128,-117.945159,"Census Tract 889.03, Orange County, California",402600,1986,32,5.1,4.35,4.47,0,2.5,3.3,12.1,19.7,14.1,41.3,2,5,0.6,3.6,27.9,38.6,24.4,4.9,54,46,56816,64516
"4282",6059088904,"06","059","088904",5766,33.748797,-117.955177,"Census Tract 889.04, Orange County, California",458800,1465,19,5.4,4.35,3.73,0.7,3.9,5.1,6.6,28.9,47.8,7,0,0,0,2.9,24,40.3,21.8,10.9,60,40,48851,69670
"4283",6059088905,"06","059","088905",5282,33.752151,-117.967705,"Census Tract 889.05, Orange County, California",448300,1398,137,5.2,3.83,4.4,0,5.6,3.1,5.5,19.2,35.9,29.9,0,0.7,6.7,0.8,14.4,50.1,25.2,2.9,73.1,26.9,61494,67148
"4284",6059089001,"06","059","089001",7154,33.751699,-117.933391,"Census Tract 890.01, Orange County, California",307300,1693,22,4.9,4.09,4.11,0.6,3.7,4.3,14.2,36,23,16.7,1.7,0,0,8.6,31.8,41.8,14.1,3.7,64.3,35.7,56638,65286
"4285",6059089003,"06","059","089003",4012,33.762403,-117.933931,"Census Tract 890.03, Orange County, California",403600,885,17,4.4,5.03,4.4,1.7,0,2.9,15.3,53.4,6.6,17.4,0.8,1.9,0.5,20.9,27.7,32.3,15.3,3.4,40.9,59.1,49728,58161
"4286",6059089004,"06","059","089004",7011,33.751998,-117.924094,"Census Tract 890.04, Orange County, California",211200,1839,135,4.5,3.62,5.31,1.3,4.4,7.9,21.3,17.6,14.5,23.5,9.1,0.4,1.1,8.4,46.5,32.4,10.4,1.1,62.3,37.7,49184,59205
"4287",6059089102,"06","059","089102",7217,33.76359,-117.907947,"Census Tract 891.02, Orange County, California",346400,1649,0,5.1,4.17,4.51,1.2,0,1.1,27.3,22.6,14.1,27,4,2.7,0,8.3,22.2,49.1,17.7,2.7,59,41,49506,66202
"4288",6059089104,"06","059","089104",5376,33.757105,-117.909588,"Census Tract 891.04, Orange County, California",78300,1367,67,4.3,3.54,4.15,2.1,2.8,5.6,13.8,28.2,32.6,12.2,1.5,1.2,1.1,33.7,22.4,37.2,4.5,1.1,32,68,36190,46682
"4289",6059089105,"06","059","089105",6387,33.749447,-117.915628,"Census Tract 891.05, Orange County, California",393900,1145,43,4.5,4.47,5.91,1.6,0.7,3.2,47.3,3.8,10.8,18.8,11,2.7,2,5.2,45.2,22.9,18.7,6,28.2,71.8,60231,65721
"4290",6059089106,"06","059","089106",3973,33.770842,-117.9143,"Census Tract 891.06, Orange County, California",288900,946,70,4,3.54,3.91,0.5,3.2,4.2,15,15.9,24.8,28.3,6.2,1.8,3.2,26.4,38.9,17.8,12.6,1.2,48.4,51.6,35865,44469
"4291",6059089107,"06","059","089107",5944,33.77048,-117.901578,"Census Tract 891.07, Orange County, California",426800,1298,51,6,4.55,5.51,2.2,4.9,6.1,1.2,6.9,18.4,50.9,7.1,2.2,0,2.9,3.5,57.1,32.4,4.1,81.3,18.7,85369,102521
"4292",6059099202,"06","059","099202",8323,33.734633,-117.926377,"Census Tract 992.02, Orange County, California",356700,1945,21,5.1,3.8,4.34,2.1,0.4,5.9,8.7,19.8,39.2,20.7,3.1,0,2,2.9,20.8,52.5,18.3,3.5,73.6,26.4,60139,65370
"4293",6059099203,"06","059","099203",6029,33.73848,-117.941697,"Census Tract 992.03, Orange County, California",446200,1565,11,5.6,3.75,4.8,0,1,2.7,0.8,24.3,62.9,6.3,0.4,1.7,0,1.3,14.2,37.4,41.2,5.8,70.5,29.5,74211,81982
"4294",6059099204,"06","059","099204",4729,33.738119,-117.950763,"Census Tract 992.04, Orange County, California",497300,1424,44,4.9,3.3,2.44,0.5,1.5,1.7,9.6,42.7,39.9,1,0,3.2,5.5,11.3,22.5,32.7,21.8,6.3,63.3,36.7,55714,75036
"4295",6059099212,"06","059","099212",4914,33.708621,-117.984731,"Census Tract 992.12, Orange County, California",458200,1767,30,4.8,2.7,2.8,0.7,0,3.9,17.2,31,41,6.2,0,0,0.4,13.2,36.6,39.5,10.3,0,46.3,53.7,70759,82177
"4296",6059099214,"06","059","099214",3498,33.68353,-117.962751,"Census Tract 992.14, Orange County, California",481200,1500,89,5.6,2.39,2.25,3.7,9.3,5.4,2.6,24.7,46.1,5.2,3.1,0,0,6.1,29.6,50.1,10.5,3.7,83.9,16.1,70509,83618
"4297",6059099215,"06","059","099215",5203,33.67557,-117.961158,"Census Tract 992.15, Orange County, California",558000,1941,62,5.6,2.67,3.7,0,0,2,2.7,17.6,73.4,3.6,0,0.7,0.6,4.1,20.6,35.5,31.9,7.3,77,23,84034,102080
"4298",6059099216,"06","059","099216",4000,33.679478,-117.949635,"Census Tract 992.16, Orange County, California",551300,1501,124,6,2.92,2.88,0,1,0.5,1.7,8.1,84.4,3.5,0,0.8,0,3.4,14.6,39.5,30.4,12.1,81.3,18.7,91635,94206
"4299",6059099217,"06","059","099217",2354,33.663966,-117.951018,"Census Tract 992.17, Orange County, California",768100,911,5,6.8,2.58,2.73,1,0,4,5.9,23.9,61.9,3.3,0,0,5.2,0.4,16.8,33.2,37.5,6.9,80.4,19.6,89375,103405
"4300",6059099220,"06","059","099220",5115,33.653207,-117.981584,"Census Tract 992.20, Orange County, California",535400,2349,267,4.9,2.44,1.93,0,1.8,10.9,8.1,35,40.9,1.6,0.9,0.9,1.3,19.4,26.7,34.9,15.6,2.1,67.1,32.9,85667,88105
"4301",6059099222,"06","059","099222",4733,33.737739,-117.967848,"Census Tract 992.22, Orange County, California",496500,1561,87,5.3,3.57,3.38,0,2,0.7,6.6,34.5,45.9,5.2,3.5,1.5,2.7,5.6,31.3,28.4,31,1,62.6,37.4,65242,87586
"4302",6059099223,"06","059","099223",5102,33.738746,-117.958993,"Census Tract 992.23, Orange County, California",519400,1784,196,4.1,3.39,2.97,1.6,1.5,1.8,6.4,50.3,33.5,2.6,0.6,1.8,6.1,21,36.1,13.6,21.3,2,46.7,53.3,50566,77922
"4303",6059099224,"06","059","099224",3521,33.723658,-117.967102,"Census Tract 992.24, Orange County, California",637000,1088,0,6.6,3.21,3.51,0.9,0.6,1.1,2.8,34.1,58.1,0.7,0.6,1.1,0.9,10.7,2.8,18,58.2,9.4,76.3,23.7,93000,97451
"4304",6059099225,"06","059","099225",3348,33.723095,-117.959081,"Census Tract 992.25, Orange County, California",655900,1042,52,6.9,3.11,5.4,4.3,0,1.4,3.6,45.8,44.8,0,0,0,1.9,0,0,26.9,59,12.2,92.4,7.6,101410,102149
"4305",6059099226,"06","059","099226",3889,33.724048,-117.93287,"Census Tract 992.26, Orange County, California",647200,1159,16,6.9,3.69,3.81,1.3,0,7.5,4.8,62.2,20.6,2.6,0,0.9,0.9,0,0.7,27.2,51.6,19.6,87.4,12.6,93016,114507
"4306",6059099227,"06","059","099227",5922,33.724917,-117.922386,"Census Tract 992.27, Orange County, California",514600,2044,66,5,3.02,3.25,0.5,2,5.9,14.4,48.5,27.2,1.2,0,0.3,0,20.5,22.6,29.4,26.1,1.3,65.4,34.6,59706,73080
"4307",6059099229,"06","059","099229",6312,33.710242,-117.937196,"Census Tract 992.29, Orange County, California",585500,2477,7,5.3,2.85,2.26,2.2,11.9,8.9,9.6,30.8,32.6,2.5,1.5,0,0.5,17.7,28.7,20.4,29.3,3.4,50.9,49.1,74107,86421
"4308",6059099230,"06","059","099230",4358,33.695032,-117.950123,"Census Tract 992.30, Orange County, California",542000,1538,17,6.1,2.6,3.58,0,0,0,6.6,43.4,44.7,0,2.2,3.2,0,0,15.4,43.4,30.5,10.7,73.9,26.1,95494,104130
"4309",6059099231,"06","059","099231",5488,33.694176,-117.973778,"Census Tract 992.31, Orange County, California",735900,1791,0,7.4,3.02,3.73,0.6,0.4,4.5,5.5,59.6,27.4,2,0,0,0.4,0,1.3,17.9,57,23.5,91.9,8.1,96550,130101
"4310",6059099232,"06","059","099232",5325,33.694427,-117.961494,"Census Tract 992.32, Orange County, California",610400,1991,44,6.6,2.65,3.05,1,3.9,9.2,11.4,33.9,38.5,1.7,0.7,0,0,0,12.3,36.6,40.6,10.5,90,10,87396,110735
"4311",6059099233,"06","059","099233",3419,33.708243,-117.976139,"Census Tract 992.33, Orange County, California",642700,1086,33,6.7,3.14,2.14,0.6,6.1,4.3,7,22.1,59.9,0,0,0,0,6.4,1,24.1,54.7,13.8,87.7,12.3,90820,121533
"4312",6059099234,"06","059","099234",3466,33.707705,-117.967481,"Census Tract 992.34, Orange County, California",628800,1211,26,6.2,2.62,3.03,3.5,17.5,7.2,0,9.9,54.9,7,0,0,0,10.2,6.3,28.9,42.6,12.1,74.9,25.1,83628,119408
"4313",6059099235,"06","059","099235",4619,33.693051,-117.98505,"Census Tract 992.35, Orange County, California",527500,2020,122,5.1,2.42,2.42,1.2,1.1,3.9,9.3,52.3,19,12.6,0.6,0,2.4,4.9,43.2,33,15.5,1,44.3,55.7,59615,71355
"4314",6059099237,"06","059","099237",3583,33.664991,-117.966571,"Census Tract 992.37, Orange County, California",665800,1278,57,6.3,2.92,3.35,0,0,0,4.5,31.5,62.1,2,0,0,0,0,8.3,41.9,39.4,10.4,80.1,19.9,98438,105643
"4315",6059099238,"06","059","099238",4031,33.664905,-117.95821,"Census Tract 992.38, Orange County, California",771800,1412,26,7.3,2.73,5.26,2.1,0,0,1.6,71.6,23.7,0,0.9,0,0,0,1.2,30.3,56.3,12.2,94.9,5.1,116198,137008
"4316",6059099239,"06","059","099239",3924,33.647544,-117.966021,"Census Tract 992.39, Orange County, California",837500,1380,46,7.1,2.94,3.76,2.4,1.4,10.4,9.4,6.4,69.3,0,0,0.6,0,0,1.1,40.3,46.4,12.2,89.2,10.8,129063,142210
"4317",6059099240,"06","059","099240",5183,33.649283,-117.957797,"Census Tract 992.40, Orange County, California",790400,2202,88,5.5,2.46,2.4,0,0,1.1,8.8,35.1,53.7,1.3,0,0,0,25,16.9,26.2,29.1,2.9,57.3,42.7,78443,103491
"4318",6059099241,"06","059","099241",4274,33.727001,-117.979819,"Census Tract 992.41, Orange County, California",597100,1691,58,4.4,3.5,2.15,0,0,7.9,11.1,40.5,36,3.3,0.6,0.6,3.7,28.9,24.4,24.7,17.1,1.1,38.9,61.1,67331,73157
"4319",6059099242,"06","059","099242",3584,33.719288,-117.980865,"Census Tract 992.42, Orange County, California",617900,1172,0,5.6,2.85,3.26,0.8,0,0,19.9,13.8,53.2,12.4,0,0,0,10.5,24.4,37.3,22.4,5.5,59.6,40.4,85556,92548
"4320",6059099243,"06","059","099243",4287,33.665445,-117.984442,"Census Tract 992.43, Orange County, California",596600,1892,5,5.6,2.44,2.34,1,7.2,2.1,29.4,24,33.1,3.2,0,0,3.5,15.7,23.1,26.6,27.2,3.9,83.5,16.5,89826,106654
"4321",6059099244,"06","059","099244",3730,33.665307,-117.9754,"Census Tract 992.44, Orange County, California",483600,1990,84,5,2.06,1.94,0,0,0.5,14,71.8,12.1,1.3,0,0.4,0,9.6,46.7,17.9,18.5,7.2,81.5,18.5,55567,77655
"4322",6059099245,"06","059","099245",3035,33.679826,-117.983667,"Census Tract 992.45, Orange County, California",697600,1098,15,6.8,2.76,3,0,0,0.6,18.7,40.7,33.9,6.1,0,0,0,0,8.4,33.2,48.2,10.3,84.9,15.1,107148,111510
"4323",6059099246,"06","059","099246",3614,33.67916,-117.976108,"Census Tract 992.46, Orange County, California",717100,1278,30,6.7,2.77,4.45,0,0,0.9,5.1,63.2,28.4,0.9,0.9,0.6,0.9,0,5.6,28,57,8.5,87.1,12.9,103864,130659
"4324",6059099247,"06","059","099247",3287,33.741307,-117.933103,"Census Tract 992.47, Orange County, California",203600,824,15,4.6,4.38,4.17,0,1.9,4.1,13.3,37.3,17.6,13.5,6.7,5.6,0,4.4,54.9,30.7,8.7,1.3,50.8,49.2,41165,56705
"4325",6059099248,"06","059","099248",5290,33.741977,-117.92534,"Census Tract 992.48, Orange County, California",99500,1439,93,4.2,3.62,4.23,9.2,4.5,22.7,25.2,19.9,9.5,4.8,1.4,2.8,1.2,12.8,53.5,20.1,10.2,2.2,57.4,42.6,43028,52910
"4326",6059099249,"06","059","099249",4449,33.742153,-117.915563,"Census Tract 992.49, Orange County, California",315200,855,22,4.7,4.63,5.44,0,1.9,18.6,23.3,11,16.7,21.4,6.5,0.6,0,5.5,42.3,42,10.2,0,29.8,70.2,41676,55184
"4327",6059099250,"06","059","099250",3062,33.710321,-117.958846,"Census Tract 992.50, Orange County, California",685600,1107,11,5.8,2.85,2.44,2.7,0.9,1.5,15.1,39.7,35.5,3,1.5,0,0,15.8,25.4,12.5,38.6,7.8,60.9,39.1,70968,86417
"4328",6059099251,"06","059","099251",5218,33.711008,-117.949302,"Census Tract 992.51, Orange County, California",658600,2038,96,3.7,3.72,2.03,0,0,4.2,18.9,48.7,22.3,3.5,0,2.4,4.7,42.8,23.8,15.9,10.8,2,30.2,69.8,63300,79661
"4329",6059099305,"06","059","099305",7143,33.67896,-117.993455,"Census Tract 993.05, Orange County, California",553000,3110,103,4.1,2.31,2.47,0,1.3,6.1,21.4,44.9,17.8,7.3,1.3,0,3.8,20.4,47.8,22.9,5.1,0,28.1,71.9,55492,69007
"4330",6059099306,"06","059","099306",6028,33.666054,-117.993969,"Census Tract 993.06, Orange County, California",802200,2856,270,4.6,2.48,2.28,0.8,3.9,10.4,20.2,26.6,16.4,11.9,4.5,5.4,4.8,10.7,44.5,35.9,4,0,43,57,86504,110419
"4331",6059099307,"06","059","099307",2502,33.657021,-117.991342,"Census Tract 993.07, Orange County, California",271400,1469,191,4.9,1.67,2.31,6.6,10.8,1.4,26.8,35.5,9.7,6.8,0.5,1.8,0.8,13.1,51.6,32.7,1.8,0,63.2,36.8,76538,104100
"4332",6059099308,"06","059","099308",5847,33.679396,-118.017214,"Census Tract 993.08, Orange County, California",NA,2245,151,7.4,2.73,3.14,0,18.8,30.5,31.4,14.8,1.8,1.1,0,1.6,0,1.1,10.8,32.1,45.2,10.9,90.5,9.5,182000,218088
"4333",6059099309,"06","059","099309",4547,33.676152,-118.002341,"Census Tract 993.09, Orange County, California",713200,2258,128,4.8,2.14,1.75,2.4,22.6,7.4,16.2,20.5,9.8,11.4,2.2,7.5,2.4,19.9,37,24.4,14.6,1.7,57.7,42.3,79167,100455
"4334",6059099310,"06","059","099310",4482,33.667702,-118.010543,"Census Tract 993.10, Orange County, California",972800,2237,259,4.7,2.43,2.23,1.1,7.5,13.1,22.3,34.4,14.8,0.8,6.1,0,2,16.6,33.6,42.7,5,0,40.6,59.4,95000,124411
"4335",6059099311,"06","059","099311",3598,33.662142,-118.003053,"Census Tract 993.11, Orange County, California",879900,2054,179,4.2,2.23,1.88,2.5,8.9,14.8,17.3,16,10.2,8.7,3,18.5,3,30,34.8,23.2,7.3,1.8,39,61,82813,124063
"4336",6059099402,"06","059","099402",8090,33.709608,-117.993371,"Census Tract 994.02, Orange County, California",418800,2163,121,4.2,3,4.1,1.2,1,6.3,16.4,24.3,40.6,7.9,0.4,1.9,2.5,14.3,54.3,22.7,5.2,1.2,23.6,76.4,53690,65682
"4337",6059099404,"06","059","099404",4505,33.707983,-118.019214,"Census Tract 994.04, Orange County, California",709100,1791,76,6.3,2.88,2.27,0,0,4,4.3,34.6,54.8,1.9,0.4,0,0,15.6,5.2,37,33,9.3,67,33,90824,99331
"4338",6059099405,"06","059","099405",4468,33.718253,-118.015273,"Census Tract 994.05, Orange County, California",600600,1767,108,5.5,2.54,2.96,1.5,0.7,4.7,11.2,33.4,41.5,6.1,0.9,0,0,10.6,25.8,36.7,22.9,4,60.9,39.1,79917,92846
"4339",6059099406,"06","059","099406",4468,33.726837,-118.017061,"Census Tract 994.06, Orange County, California",669000,1764,76,6.4,2.7,2.53,0,0,0,3.9,30.4,60.5,3.6,1.6,0,0,15.5,11.8,28.2,39.5,4.9,62.2,37.8,72237,98007
"4340",6059099407,"06","059","099407",2480,33.724524,-118.028175,"Census Tract 994.07, Orange County, California",633800,964,0,5.4,2.75,1.75,0,2.1,2,4.3,13.1,72.1,5.8,0.7,0,2,11.8,8,55.9,21.1,1.2,69.6,30.4,79844,102097
"4341",6059099408,"06","059","099408",4332,33.722376,-118.037137,"Census Tract 994.08, Orange County, California",668500,1726,38,5.6,2.65,2.56,5.9,27.1,4.3,7.2,14.4,31.2,8.5,1.4,0,0,1.3,28,41.7,27.1,1.9,77.3,22.7,95938,113887
"4342",6059099410,"06","059","099410",4101,33.726315,-117.995393,"Census Tract 994.10, Orange County, California",644400,1658,54,4.3,2.4,2.62,0.7,0,0,8.3,40,44.5,4.6,1.4,0.6,0.6,21.6,36.1,18.8,18.2,4.7,31.7,68.3,54599,82293
"4343",6059099411,"06","059","099411",5500,33.719058,-117.997429,"Census Tract 994.11, Orange County, California",437500,2270,138,4,2.3,2.5,0,0.6,3.2,14.1,40.8,34.8,5.9,0.7,0,1.6,19.6,62.5,9.2,6.1,1,24.5,75.5,65522,74730
"4344",6059099412,"06","059","099412",4630,33.709764,-118.010971,"Census Tract 994.12, Orange County, California",651400,1948,60,5.2,2.44,2.34,0.6,1.4,3.8,6.9,44.4,40.5,1.4,1,0,0,23.5,22.9,17.7,26.2,9.7,60.6,39.4,82125,94382
"4345",6059099413,"06","059","099413",8230,33.691852,-117.997333,"Census Tract 994.13, Orange County, California",787800,3577,133,5,2.83,1.67,2.8,10,28.9,22.8,18.8,10.1,4.4,1.2,1,8.1,23.8,16.2,25.4,17.3,9.1,55.9,44.1,62241,95796
"4346",6059099415,"06","059","099415",5374,33.703368,-118.026425,"Census Tract 994.15, Orange County, California",861900,2012,23,6.8,2.85,2.41,0,6.7,1.6,14.6,40.6,31.1,4.5,0,0.9,0.1,2.2,2.4,34.2,57.2,3.8,89,11,134784,162339
"4347",6059099416,"06","059","099416",4444,33.718832,-118.046232,"Census Tract 994.16, Orange County, California",358500,2290,42,4.1,1.65,2.3,0,0,7.6,20.1,47.8,17.6,5.3,1.6,0,0.4,27.5,48.2,23.9,0,0,21.8,78.2,66791,76047
"4348",6059099417,"06","059","099417",4031,33.712925,-118.040052,"Census Tract 994.17, Orange County, California",678000,2030,151,4.5,2.56,1.75,0.3,1.1,4.5,31.8,34.1,27.1,0.6,0.3,0,7.5,25.7,28.2,14.2,18.5,5.9,47.4,52.6,72879,108676
"4349",6059099502,"06","059","099502",598,33.744451,-118.088979,"Census Tract 995.02, Orange County, California",NA,163,0,4.7,1.9,2.95,2.5,9.8,23.3,11.7,14.1,20.9,17.8,0,0,0,11.7,63.2,19,6.1,0,6.1,93.9,81950,110421
"4350",6059099504,"06","059","099504",2746,33.74772,-118.097144,"Census Tract 995.04, Orange County, California",902700,1048,13,6.8,2.72,4.07,5.1,1.8,2.1,5.5,6.3,26.2,49.6,3.3,0,0,0,5.7,58.2,25.6,10.5,93.4,6.6,114398,152016
"4351",6059099506,"06","059","099506",1253,33.721196,-118.075724,"Census Tract 995.06, Orange County, California",NA,768,145,4.5,2.11,1.77,3.9,2.9,2.1,7.6,23.6,26.8,19.9,5.7,7.6,3,17.6,43.5,18.6,15.1,2.2,39.8,60.2,72989,116936
"4352",6059099508,"06","059","099508",4500,33.724683,-118.048318,"Census Tract 995.08, Orange County, California",412900,2246,210,5.1,1.82,2.38,4.3,2.7,2.5,13.3,23.3,45.9,4.3,2.4,1.3,0,11.8,53.4,25.5,8,1.3,55.9,44.1,64525,83474
"4353",6059099509,"06","059","099509",3491,33.769667,-118.082804,"Census Tract 995.09, Orange County, California",195000,3007,402,3.8,1.38,1.28,0,0,0.5,2.8,2.4,65.9,17.4,9.3,1.7,0.9,25.5,72.6,0,1.1,0,97,3,28527,41652
"4354",6059099510,"06","059","099510",4058,33.765308,-118.087725,"Census Tract 995.10, Orange County, California",155300,3729,760,3.5,1.25,1.48,0.3,1,1.7,2.8,2.9,70,14.9,5,1.4,0.7,30.2,67,1.7,0.3,0,90.6,9.4,28253,38687
"4355",6059099511,"06","059","099511",3182,33.740657,-118.105005,"Census Tract 995.11, Orange County, California",NA,1974,216,4,2.05,1.67,1.7,0.9,6.4,6.5,20.2,17,22.1,17.2,8,10.7,26.6,33.3,17.4,9.5,2.5,29.4,70.6,75583,99123
"4356",6059099512,"06","059","099512",2868,33.744723,-118.104606,"Census Tract 995.12, Orange County, California",826500,1740,369,4.2,2.01,2.15,0.3,0.3,2,14.7,37.9,22.3,7.6,13.2,1.7,6.7,24.1,41.9,20.6,4.9,1.8,44.1,55.9,66840,105298
"4357",6059099513,"06","059","099513",2141,33.719716,-118.069786,"Census Tract 995.13, Orange County, California",808800,1351,95,4.8,2.08,1.59,1.5,4.1,5.3,8.2,43.1,30.1,0,0.9,6.8,8.4,12.1,36.4,18.3,22.1,2.8,80.4,19.6,77938,133934
"4358",6059099514,"06","059","099514",5453,33.722292,-118.05999,"Census Tract 995.14, Orange County, California",990200,2483,142,6.9,2.19,3.64,0,0.2,5.2,10.8,43.1,36.9,3.8,0,0,0,0.4,9,43.2,36.6,10.9,95.3,4.7,104078,157485
"4359",6059099601,"06","059","099601",7016,33.752677,-118.006097,"Census Tract 996.01, Orange County, California",577000,2048,108,4.6,3.23,3.39,0.6,5.6,0.7,7.8,25,30,27.7,1.2,1.4,0.4,7.1,37.6,33.2,18.7,3,42.2,57.8,44750,62953
"4360",6059099602,"06","059","099602",3196,33.751697,-118.020578,"Census Tract 996.02, Orange County, California",579700,1095,44,5.7,3.19,2.91,0,3.1,0,4.9,20.3,48.6,21.7,0,1.4,0,14.4,9.5,32.2,41.5,2.4,65.5,34.5,77457,94795
"4361",6059099603,"06","059","099603",6126,33.750654,-118.034225,"Census Tract 996.03, Orange County, California",580600,2389,0,6,2.47,3.62,0.5,1.6,4.2,2.8,42.9,38.8,3,1.9,4.4,0,2.5,18.3,35,42.7,1.5,79.4,20.6,80614,98077
"4362",6059099604,"06","059","099604",3606,33.737055,-118.01977,"Census Tract 996.04, Orange County, California",622000,1232,56,6.4,2.81,2.48,1.1,0,0,4.3,1.7,84.9,8,0,0,0,0,1,43.7,40.5,14.9,86.4,13.6,98333,101687
"4363",6059099605,"06","059","099605",3690,33.73732,-118.011253,"Census Tract 996.05, Orange County, California",639400,1353,102,6.5,2.86,3.01,0,0,2.4,0,27.9,59.9,9.2,0.6,0,0,0.2,6.4,39.5,46.1,7.8,82.3,17.7,93438,99599
"4364",6059099701,"06","059","099701",6171,33.748235,-117.980745,"Census Tract 997.01, Orange County, California",482100,1765,65,5,3.4,3.44,2.5,0,14.1,8.2,16.7,19.2,26.5,5.8,7.1,1.2,13.7,27.3,36.5,17,4.3,51.4,48.6,50606,59839
"4365",6059099702,"06","059","099702",8182,33.741062,-117.984465,"Census Tract 997.02, Orange County, California",477400,2526,145,4.9,3.38,3.28,0.6,6,1.3,13.1,38.6,20,18,2,0.3,9.2,8,25.4,33.3,19.4,4.7,61.2,38.8,54884,72781
"4366",6059099703,"06","059","099703",4979,33.734304,-117.982307,"Census Tract 997.03, Orange County, California",559900,1728,50,5.3,3.63,2.17,0,1.4,0.5,5.1,42,33.6,13.9,3.5,0,0.6,12.3,27.8,22.2,30.8,6.3,62.9,37.1,77368,98497
"4367",6059099801,"06","059","099801",5816,33.765141,-117.991099,"Census Tract 998.01, Orange County, California",408400,1613,22,4.8,3.28,3.39,4.2,3.8,17.1,4.2,9.9,19,36.5,4.6,0.7,0,4.9,28.5,53.1,12.3,1.2,50.7,49.3,57750,68151
"4368",6059099802,"06","059","099802",5111,33.757745,-117.99432,"Census Tract 998.02, Orange County, California",319200,2024,158,3.6,3.27,2.45,4.1,9.3,12.5,21.7,23.3,12.2,8.6,2.5,5.7,3.8,34.7,40.8,14.5,4.9,1.3,17.1,82.9,33929,42683
"4369",6059099803,"06","059","099803",5762,33.756061,-117.980011,"Census Tract 998.03, Orange County, California",438200,1827,54,4.4,3.61,3.11,1.6,9.3,20.1,12.5,10.8,25.6,16.3,3.3,0.5,0.5,19.7,26.6,31.3,21,0.9,47.7,52.3,45101,61735
"4370",6059099902,"06","059","099902",4486,33.766793,-118.020155,"Census Tract 999.02, Orange County, California",465400,1368,23,5.5,3.42,3.34,0,6.8,8.6,2.3,9.4,17.5,46.6,7.9,0.8,0,1.9,18.3,37.9,40.4,1.5,73.3,26.7,80202,79880
"4371",6059099903,"06","059","099903",5749,33.765151,-118.011928,"Census Tract 999.03, Orange County, California",464900,1560,0,5.3,3.69,4.33,0.9,1.1,4,3.8,11.3,23.4,52.4,1.5,1.6,0.6,10.8,19.6,34.6,30.7,3.7,49.2,50.8,54348,66886
"4372",6059099904,"06","059","099904",6352,33.764802,-118.003729,"Census Tract 999.04, Orange County, California",436100,1956,83,4.1,3.36,3.16,0.2,3.6,5.8,17.4,23.2,22.8,22.5,2.9,1.6,3.9,10.8,54.2,23.5,7.2,0.3,23.6,76.4,37202,51146
"4373",6059099905,"06","059","099905",3053,33.770773,-118.029831,"Census Tract 999.05, Orange County, California",410500,1394,240,4.2,3.01,2.43,1.7,10.8,0.8,17.7,21.3,35.9,3.9,6.2,1.7,3.9,14.3,48.7,20.2,12.9,0,43,57,57750,67195
"4374",6059099906,"06","059","099906",4866,33.764847,-118.036221,"Census Tract 999.06, Orange County, California",599000,1721,20,6.2,2.83,4.09,0,0,1.2,2.6,30,36.4,28.5,0.7,0.6,0,3.1,2.8,29.2,56.9,7.8,85.2,14.8,96411,113890
"4375",6059110001,"06","059","110001",4467,33.789583,-118.034593,"Census Tract 1100.01, Orange County, California",510100,1528,65,5.6,2.93,3.28,0,2.2,0,5.1,23.8,40.1,27.9,0.6,0.5,0.6,1.2,24.1,41.4,30.3,2.4,78.1,21.9,96577,102188
"4376",6059110003,"06","059","110003",3194,33.785321,-118.020773,"Census Tract 1100.03, Orange County, California",499700,1139,32,5.5,3.53,2.11,0,0,19.9,4,3,40.1,32.4,0,0.6,0,21.8,3.8,45.9,26.7,1.8,62.5,37.5,79750,86525
"4377",6059110004,"06","059","110004",4703,33.777857,-118.020994,"Census Tract 1100.04, Orange County, California",553900,1682,0,6.3,2.79,2.85,0.4,0,1.2,8.6,8.6,71,9.5,0.7,0,0,0,11.1,38.1,41.1,9.8,96.1,3.9,87589,93279
"4378",6059110005,"06","059","110005",3124,33.780603,-118.037088,"Census Tract 1100.05, Orange County, California",553000,1154,0,6.3,2.72,2.99,0,0,0,0,18.1,76.1,5.8,0,0,0,0,8.1,34,47.4,10.5,91.9,8.1,86486,100663
"4379",6059110006,"06","059","110006",2885,33.798285,-118.077434,"Census Tract 1100.06, Orange County, California",797400,1089,27,6.7,2.75,2.1,3.1,0,2.4,0,7.7,44.5,39.8,0,2.5,1.3,2.2,11,56,27.2,2.3,79.9,20.1,102308,130685
"4380",6059110007,"06","059","110007",4799,33.786411,-118.084426,"Census Tract 1100.07, Orange County, California",877400,1710,54,6.9,2.99,2.82,1.5,0.5,3.2,1.2,2.8,28.2,61.9,0,0.6,0,0,2.5,52.9,33.3,11.4,87.1,12.9,108750,148016
"4381",6059110008,"06","059","110008",4374,33.781571,-118.078462,"Census Tract 1100.08, Orange County, California",680600,1741,57,5.8,2.6,2.49,1.7,1,2.4,2.2,15,30.2,43.7,3.8,0,0,2.5,20.1,54.5,21.7,1.3,84.1,15.9,86563,118001
"4382",6059110010,"06","059","110010",4526,33.792307,-118.020191,"Census Tract 1100.10, Orange County, California",569200,1380,0,6.2,3.33,3.52,0.7,0.9,0.7,0.5,36.8,48.6,11.2,0.7,0,0,0,0.7,54.3,35.4,9.6,86.8,13.2,111750,114428
"4383",6059110011,"06","059","110011",2832,33.797845,-118.019123,"Census Tract 1100.11, Orange County, California",533100,1094,0,6.4,2.61,2.74,0,0,0,2.9,93.3,3.7,0,0,0,0,3,16.5,50.7,29.7,0,88.5,11.5,91103,111281
"4384",6059110012,"06","059","110012",5012,33.777863,-118.053719,"Census Tract 1100.12, Orange County, California",769700,1884,15,7.2,2.77,2.55,1.5,5.9,0,1.8,34.2,52.9,3.6,0,0,2.3,1.1,3.5,32.7,50.3,10.1,88.8,11.2,110083,128723
"4385",6059110014,"06","059","110014",4905,33.801075,-118.062895,"Census Tract 1100.14, Orange County, California",398700,1903,77,4.2,2.51,2.58,0.5,3.2,0.8,21.9,37.9,24.3,9.2,0.4,1.7,1.3,5.7,75.2,16.3,1.5,0,10.8,89.2,70417,74087
"4386",6059110015,"06","059","110015",3548,33.795721,-118.058785,"Census Tract 1100.15, Orange County, California",655700,1235,10,6.6,2.87,2.74,0,3.8,0,2.5,7.4,43.5,36.4,6.3,0,0,1.5,9.6,47.7,27.6,13.6,90.4,9.6,101051,120311
"4387",6059110102,"06","059","110102",5780,33.841027,-118.044657,"Census Tract 1101.02, Orange County, California",561200,1917,55,6.1,3.12,2.58,2.3,0,1.5,7.3,39.3,37.2,10.4,1.7,0.2,0,4.2,21.4,33.3,36.4,4.6,80.6,19.4,81161,100208
"4388",6059110104,"06","059","110104",6024,33.826411,-118.041509,"Census Tract 1101.04, Orange County, California",594500,2045,54,5.5,2.95,3.11,0.8,5.1,9,9.8,28,35,7.4,2.3,2.6,2.7,9.9,18.3,30.4,29.2,9.5,60.4,39.6,71801,91856
"4389",6059110106,"06","059","110106",3577,33.814557,-118.057189,"Census Tract 1101.06, Orange County, California",448800,1227,48,5.9,3.05,3.04,0.6,0,0,3,27.9,61.9,6.7,0,0,0,0,11.2,48.7,29.7,10.4,78.1,21.9,80563,88221
"4390",6059110108,"06","059","110108",2733,33.809167,-118.071389,"Census Tract 1101.08, Orange County, California",668800,1027,36,5.7,2.63,2.57,3.4,5.9,11.2,14.8,22.8,26.7,8.1,5.5,1.7,1.3,4.7,30.6,27.8,26.8,8.9,66,34,100288,137279
"4391",6059110109,"06","059","110109",5045,33.82073,-118.027693,"Census Tract 1101.09, Orange County, California",544900,1773,119,5,2.78,2.78,1.2,1,2.4,15.4,36.9,36.8,5.5,0,0.8,0.2,10.3,30.5,29.8,22.4,6.8,62.3,37.7,76932,94558
"4392",6059110110,"06","059","110110",5706,33.831337,-118.030928,"Census Tract 1101.10, Orange County, California",454500,1845,86,4.7,3.55,3.09,1,3.5,7.7,10.8,20.4,18.6,30.4,5.1,2.5,5.3,9.6,34.5,32.8,15.3,2.3,55.4,44.6,59120,80137
"4393",6059110111,"06","059","110111",5736,33.834239,-118.050586,"Census Tract 1101.11, Orange County, California",546100,1880,115,5.9,3.16,3.44,6.3,6.9,8.2,13.4,15.3,40.1,4.3,3.9,1.6,0,5.6,24.4,36.4,23,10.6,74.7,25.3,80050,101492
"4394",6059110113,"06","059","110113",2276,33.808056,-118.020527,"Census Tract 1101.13, Orange County, California",580100,724,0,6.1,3.27,2.51,0,1.2,2.8,12,34,43.2,5.9,0,0.8,0,9.4,1,38.1,51,0.6,77.1,22.9,79583,97057
"4395",6059110114,"06","059","110114",4828,33.812991,-118.040961,"Census Tract 1101.14, Orange County, California",539200,1497,0,6.1,3.14,3.83,1,0,0.8,0.7,11.3,80.7,5.5,0,0,0,1.3,1.1,46.5,41.5,9.6,84.9,15.1,93977,99676
"4396",6059110115,"06","059","110115",3613,33.85482,-118.042466,"Census Tract 1101.15, Orange County, California",580100,1266,64,6.2,2.95,3.05,0,1.6,3.3,8.7,24.8,58.6,3,0,0,0,4.2,12.3,37.8,36.4,9.2,81.3,18.7,92273,99783
"4397",6059110116,"06","059","110116",4761,33.848469,-118.04015,"Census Tract 1101.16, Orange County, California",622100,1518,0,6.7,3.35,3.18,1.1,0,14,13.8,31.6,34.3,4.6,0.7,0,3,1.4,15,24,44,12.5,68.9,31.1,85403,101414
"4398",6059110117,"06","059","110117",5920,33.825226,-118.058978,"Census Tract 1101.17, Orange County, California",514500,2092,83,5.7,3.03,2.81,0.5,2.9,9.8,8.7,28.1,45.9,3,1,0,0.5,11.7,23.7,32.6,25.9,5.7,62.8,37.2,81054,90451
"4399",6059110118,"06","059","110118",2668,33.820399,-118.049613,"Census Tract 1101.18, Orange County, California",882900,760,4,7.8,4.02,3.03,0,4.1,80.1,7.8,8,0,0,0,0,0,0,0,13.2,62.8,24.1,95.5,4.5,155789,172869
"4400",6059110201,"06","059","110201",7483,33.835345,-118.014998,"Census Tract 1102.01, Orange County, California",414000,2553,64,4.9,3.27,2.96,0.6,4.2,4.1,11,20.5,13,43.6,1.5,1.5,1.8,13,37.3,33.6,13.2,1.1,51.7,48.3,58375,71626
"4401",6059110202,"06","059","110202",7762,33.823952,-118.014546,"Census Tract 1102.02, Orange County, California",498800,2471,152,3.8,3.71,3.14,2.2,0.5,11.1,10.7,25.9,18.7,23.8,3.7,3.3,1.3,22.5,45.7,14,14.8,1.7,30.5,69.5,52191,69543
"4402",6059110203,"06","059","110203",5393,33.813271,-118.018289,"Census Tract 1102.03, Orange County, California",408000,1717,31,5.2,3.12,3.58,0,0.5,0.9,22.6,8.6,18.6,48.4,0.4,0,2,9.4,18.5,29.1,38.1,2.9,71.9,28.1,70606,76722
"4403",6059110301,"06","059","110301",6729,33.853489,-118.028722,"Census Tract 1103.01, Orange County, California",493000,2064,100,5.7,3.26,2.61,0,0,0.8,2.2,18.9,38.1,37.4,1.9,0.7,0.5,6.5,15.2,51.6,21.6,4.5,71.1,28.9,67231,86516
"4404",6059110302,"06","059","110302",6033,33.851921,-118.010181,"Census Tract 1103.02, Orange County, California",395400,1626,113,5.5,3.5,3.93,0,1.4,3.9,5.4,7.8,21.5,53.4,2,4.6,0.4,3.8,23.2,56.9,11.4,4.2,69.1,30.9,63393,71564
"4405",6059110303,"06","059","110303",4986,33.843056,-118.010988,"Census Tract 1103.03, Orange County, California",383200,1472,96,5.5,3.44,2.97,0,0,0,4.1,11.8,13.2,64.9,6,0,0,8.1,6.2,63.7,21.2,0.9,77.9,22.1,80561,83470
"4406",6059110304,"06","059","110304",4612,33.842508,-118.027932,"Census Tract 1103.04, Orange County, California",464200,1352,0,6.2,3.2,5.27,0,0.7,0.5,7,16.9,8.9,62.8,1.8,1.3,0,0,12.1,33.1,44.6,10.2,86.8,13.2,98065,98175
"4407",6059110401,"06","059","110401",4953,33.852202,-117.992651,"Census Tract 1104.01, Orange County, California",444000,1370,24,6,3.34,4.66,0.5,3.1,0.4,1.4,11.5,10.1,70.2,1.5,1.3,0.7,0.7,9.9,57.1,27.5,4.1,83.9,16.1,72150,85725
"4408",6059110402,"06","059","110402",5459,33.837182,-117.996608,"Census Tract 1104.02, Orange County, California",424500,1400,55,4.8,3.53,4.36,6.4,0.4,2.4,5.8,18.9,18,42.9,5.1,0.2,0,5.9,29.3,49.1,14.8,0.9,55.8,44.2,76738,79538
"4409",6059110500,"06","059","110500",8631,33.863989,-118.004662,"Census Tract 1105, Orange County, California",440000,2400,0,4.3,3.85,3.36,0.6,0.5,4,12.9,21.7,25.7,19,11,4.7,0.2,23.5,44.5,19.5,10.7,1.6,28.5,71.5,45489,56618
"4410",6059110603,"06","059","110603",8540,33.868813,-117.993004,"Census Tract 1106.03, Orange County, California",456200,2403,77,4.1,4.08,3.65,4.7,0.4,6.7,15.7,18.8,29.3,15.7,5.8,2.7,5.9,20.1,53.3,13.9,6.8,0.1,18.1,81.9,42472,65425
"4411",6059110604,"06","059","110604",8117,33.885221,-117.987684,"Census Tract 1106.04, Orange County, California",545200,2586,0,6.1,3.16,3.27,3.5,3.7,6.4,5.2,34.5,26.7,16.7,0.5,2.7,0.5,1.5,17.4,41.1,30.4,9.2,75.9,24.1,81154,100618
"4412",6059110605,"06","059","110605",6638,33.886308,-117.96976,"Census Tract 1106.05, Orange County, California",558000,2280,126,5.3,3.03,3.32,0,1.4,0.5,19.8,67.9,8.3,0,1.5,0.4,0,3.3,31.3,35.7,27.8,2,65.1,34.9,83973,91536
"4413",6059110606,"06","059","110606",4590,33.876769,-118.002312,"Census Tract 1106.06, Orange County, California",427800,1247,83,4.4,3.88,3.87,5.5,3.3,16.2,11.8,13,22.1,21.5,5.4,1.3,2.6,11,51.6,29.6,5.2,0,29.3,70.7,48110,59372
"4414",6059110607,"06","059","110607",3845,33.879488,-117.99495,"Census Tract 1106.07, Orange County, California",398200,1322,98,4.7,3.39,3.91,7,9.5,3.1,10.9,24.3,12.6,18.6,12.3,1.7,4.8,4.9,39.7,38.7,6.1,5.8,53.9,46.1,72683,86053
"4415",6059980000,"06","059","980000",19,33.808821,-117.915402,"Census Tract 9800, Orange County, California",NA,0,0,NA,NA,NA,NA,NA,NA,NA,NA,NA,NA,NA,NA,NA,NA,NA,NA,NA,NA,NA,NA,NA,NA
"4416",6059990100,"06","059","990100",0,33.53332,-117.855985,"Census Tract 9901, Orange County, California",NA,0,0,NA,NA,NA,NA,NA,NA,NA,NA,NA,NA,NA,NA,NA,NA,NA,NA,NA,NA,NA,NA,NA,NA
"4417",6061020104,"06","061","020104",1288,39.18932,-120.110221,"Census Tract 201.04, Placer County, California",571800,2031,1582,4.4,2.33,2.85,1,0.6,6,7.9,72.9,7.7,1.4,1.8,0.7,1.4,2.5,14.4,42.9,34.1,4.6,80.4,19.6,70240,88108
"4418",6061020105,"06","061","020105",1352,39.219369,-120.08987,"Census Tract 201.05, Placer County, California",590600,2006,1410,4.5,1.99,2.81,1.4,2.5,10.6,13.5,32.4,20,10.1,2.9,6.6,0.9,6.5,17.3,39.7,27.6,7.9,80.2,19.8,61696,80854
"4419",6061020106,"06","061","020106",1719,39.247664,-120.047211,"Census Tract 201.06, Placer County, California",554000,1837,1235,4.3,2.61,2.49,2.4,3.9,16.7,11.3,31.2,18.1,12.1,1.8,2.6,2.8,15.6,15.6,39.6,25.4,1,65,35,69865,94557
"4420",6061020107,"06","061","020107",3510,39.238281,-120.020758,"Census Tract 201.07, Placer County, California",476800,1955,817,3.7,2.19,2.77,1.5,2.5,3.8,11.4,17.7,29.7,16.5,7.7,9.2,11.8,19.2,27.7,28.7,9.9,2.8,27.9,72.1,39286,50675
"4421",6061020200,"06","061","020200",6146,39.002901,-120.866714,"Census Tract 202, Placer County, California",343800,2852,409,5.2,2.63,2.17,5.4,8.8,13,27,24.9,8,4.2,2.1,6.6,0.4,3.7,30.1,53.8,9.3,2.8,82.4,17.6,61858,74071
"4422",6061020300,"06","061","020300",4520,38.907366,-121.070731,"Census Tract 203, Placer County, California",287000,2322,75,4.4,2.27,1.94,1.1,1.9,5.9,10.6,31.7,14.4,12.9,5.4,16.1,0,27.2,40,26.1,5.8,1,32.7,67.3,38219,53065
"4423",6061020401,"06","061","020401",2129,38.895484,-121.073833,"Census Tract 204.01, Placer County, California",344100,1091,68,4.4,1.99,1.81,4.7,2.7,2.8,10.3,18.6,9.8,13.7,7.4,30,3.9,16,45.8,23.4,10.8,0,32.5,67.5,31042,44806
"4424",6061020402,"06","061","020402",3396,38.880921,-121.072443,"Census Tract 204.02, Placer County, California",434100,1523,141,6.3,2.58,2.11,3.1,7.5,16.1,24.8,11.7,9.8,15.5,5,6.5,3,4.8,15.8,40.2,32.6,3.6,77.7,22.3,99600,104399
"4425",6061020501,"06","061","020501",2879,38.884547,-121.146962,"Census Tract 205.01, Placer County, California",435500,1196,35,6.7,2.68,2.61,2.1,7.5,12.2,14.1,25.7,14.8,7.7,2.6,13.3,0,5.2,18.3,53.2,19.4,3.9,86.2,13.8,68194,87684
"4426",6061020502,"06","061","020502",4103,38.8638,-121.100196,"Census Tract 205.02, Placer County, California",534300,1900,130,6.4,2.49,1.78,8.6,20.4,12.5,12.4,24.8,9.8,1.9,3.8,5.8,0,8.3,21.2,35.8,27.3,7.4,88.7,11.3,69444,97047
"4427",6061020601,"06","061","020601",6911,38.769784,-121.145481,"Census Tract 206.01, Placer County, California",631400,2784,142,7.5,2.88,4.07,0.6,15.5,10.1,15.8,34.4,10.7,8,0,4.8,0,0,6.3,41.9,41.3,10.5,94.4,5.6,122297,173379
"4428",6061020602,"06","061","020602",6970,38.806448,-121.163153,"Census Tract 206.02, Placer County, California",612500,2702,138,6.4,2.65,2.04,9,6.7,14.8,12.8,30.5,14.7,8.5,1.6,1.6,3,7,11.3,41.9,29.5,7.4,84.8,15.2,87411,139811
"4429",6061020604,"06","061","020604",5589,38.751125,-121.196388,"Census Tract 206.04, Placer County, California",580200,2213,170,7,2.78,3.11,3.7,8.7,16.3,18.4,33.8,15.2,1.9,1.4,0.6,2.2,1.4,12.6,32.7,39.1,12,85.5,14.5,103750,144832
"4430",6061020605,"06","061","020605",5826,38.731044,-121.1977,"Census Tract 206.05, Placer County, California",660200,2032,49,7.9,2.97,2.64,0.3,9.3,45.7,17.9,20.8,4.4,1.6,0,0,0.7,1.7,5.5,16.8,60.6,14.8,92.6,7.4,133750,157014
"4431",6061020606,"06","061","020606",4303,38.721207,-121.212261,"Census Tract 206.06, Placer County, California",682100,1460,24,NA,3.18,2.63,0.5,19.3,78.2,2,0,0,0,0,0,0,0,1.8,13.4,55.1,29.6,94.5,5.5,145000,191202
"4432",6061020710,"06","061","020710",4387,38.727758,-121.239914,"Census Tract 207.10, Placer County, California",384600,1713,65,6.8,2.86,2.34,3.3,0,24.3,33.3,28.3,10.2,0.6,0,0,0,0,11.7,41.8,38.4,8.2,88,12,104032,112846
"4433",6061020711,"06","061","020711",4372,38.738868,-121.237353,"Census Tract 207.11, Placer County, California",405900,2039,123,4.7,3.05,1.91,0,10.2,44.7,35.6,7,0,2,0,0.7,2.2,26.7,25.6,27.9,16.7,0.9,39.1,60.9,59273,78780
"4434",6061020712,"06","061","020712",3560,38.739595,-121.262861,"Census Tract 207.12, Placer County, California",281500,1601,263,5.3,2.58,2.18,1.4,0.9,5.7,20.1,28.5,24.7,17.9,0.7,0,6.6,14.8,21.7,41.5,13.3,2.1,59.5,40.5,42194,65697
"4435",6061020713,"06","061","020713",3222,38.733089,-121.270957,"Census Tract 207.13, Placer County, California",335500,1396,84,5,2.66,2.35,0,0,1.6,42,36.7,12.2,5.3,0,2.1,0,23.1,29.6,25.4,19,2.9,48.3,51.7,53684,73406
"4436",6061020714,"06","061","020714",3660,38.724464,-121.27358,"Census Tract 207.14, Placer County, California",394600,1502,45,6.7,2.75,2.57,3.5,6.1,12,55.6,6.9,7,8.3,0.7,0,0,5.1,16.3,35.4,39.9,3.3,71.6,28.4,64977,88786
"4437",6061020715,"06","061","020715",3059,38.7243,-121.254002,"Census Tract 207.15, Placer County, California",295600,1178,45,6.1,2.62,2.64,0,0,1.3,46.8,32,19.9,0,0,0,0,2.3,17.7,48,32,0,65,35,82566,87555
"4438",6061020717,"06","061","020717",3118,38.751745,-121.236062,"Census Tract 207.17, Placer County, California",443200,1438,91,5.1,2.9,1.77,5.8,30.5,52.4,8,0.8,0,2.4,0,0,0,22.9,24,19.3,24.3,9.5,54.1,45.9,68920,102157
"4439",6061020805,"06","061","020805",3902,38.729237,-121.2943,"Census Tract 208.05, Placer County, California",296200,1759,109,5.6,2.26,2.38,1.9,0,18.3,29.2,30.6,15.2,4.2,0.6,0,0.6,0.6,24.9,57.2,15.6,1,71.2,28.8,63559,74578
"4440",6061020806,"06","061","020806",3494,38.745743,-121.276572,"Census Tract 208.06, Placer County, California",264300,1680,111,5.1,2.1,1.78,0,0.9,0.5,10.1,23,16.9,23.2,12.1,13.4,2.4,11.5,34.8,40.6,8.5,2.2,59.5,40.5,53288,68220
"4441",6061020901,"06","061","020901",2605,38.739349,-121.291688,"Census Tract 209.01, Placer County, California",255800,1040,120,4.6,2.26,2.72,0,1.2,0.4,0.9,11.6,6.2,39.8,11.2,28.8,4,22.1,40.5,25.5,5.2,2.7,35.2,64.8,34375,44304
"4442",6061020908,"06","061","020908",6706,38.746985,-121.304787,"Census Tract 209.08, Placer County, California",304600,2703,346,5.2,2.63,2.86,1.2,12.3,15.4,21.6,13.7,8.5,10.8,7.8,8.8,0,8.5,33.6,48.4,8.6,0.9,55,45,59092,67687
"4443",6061021003,"06","061","021003",6210,38.763379,-121.277817,"Census Tract 210.03, Placer County, California",362000,2585,216,5.6,2.92,2.16,1.7,24.3,19.8,16.8,9.9,1.9,4.4,5.8,15.4,2.1,13.6,25.3,31,20.1,7.8,60.3,39.7,74017,88233
"4444",6061021034,"06","061","021034",3901,38.782005,-121.296797,"Census Tract 210.34, Placer County, California",358500,1401,28,6.8,3.18,3.76,10.1,36.3,47.8,0,2.9,0,2.9,0,0,0,0,9.2,34.4,47.8,8.6,76.5,23.5,97538,105879
"4445",6061021035,"06","061","021035",7431,38.757635,-121.347631,"Census Tract 210.35, Placer County, California",342300,2588,96,6.4,2.99,2.96,1.3,72.9,18.3,6,0,0,1.1,0,0.5,0,0,8.2,53.9,29.9,8.1,71.1,28.9,93472,97311
"4446",6061021037,"06","061","021037",2135,38.765871,-121.318413,"Census Tract 210.37, Placer County, California",349100,1052,114,4.9,2.57,1.92,4.2,29.4,44.3,14.4,3.2,4.5,0,0,0,1.1,15.3,30.1,39.9,11.4,2.1,54.7,45.3,83138,77661
"4447",6061021038,"06","061","021038",7632,38.756813,-121.323801,"Census Tract 210.38, Placer County, California",324800,2631,143,6.4,2.75,3.39,0,3.3,57.5,36.3,2.1,0.8,0,0,0,0,0,16,45.7,31.8,6.5,73.6,26.4,84247,93028
"4448",6061021039,"06","061","021039",1771,38.785531,-121.351554,"Census Tract 210.39, Placer County, California",359600,1160,13,5.4,1.53,1.71,0,2.7,91.5,1.2,2.3,0,0.8,0,1.6,0,2.5,54.6,42.9,0,0,93.1,6.9,53475,69124
"4449",6061021040,"06","061","021040",3493,38.776057,-121.347177,"Census Tract 210.40, Placer County, California",348500,2321,92,5.1,1.57,1.67,1.1,4.7,90.4,1.3,0.5,2.1,0,0,0,0,5.5,58.3,34.2,1.2,0.9,91.2,8.8,46817,65931
"4450",6061021043,"06","061","021043",3355,38.776849,-121.323807,"Census Tract 210.43, Placer County, California",417600,1212,50,6.6,3.37,2.83,1.8,19.9,56.9,17.9,1.2,0,2.3,0,0,0,12.5,5.3,38.5,28.1,15.6,56.3,43.7,94821,102969
"4451",6061021044,"06","061","021044",5719,38.782395,-121.335099,"Census Tract 210.44, Placer County, California",414000,1830,128,6.8,3.46,2.96,2.5,53,41.4,3.1,0,0,0,0,0,0.8,2.6,8.5,32.7,41.3,14.1,79.8,20.2,102292,112906
"4452",6061021045,"06","061","021045",2962,38.755288,-121.299296,"Census Tract 210.45, Placer County, California",273200,1148,36,5.6,2.62,2.97,2,4.9,17.4,21.7,9.1,10.6,8.5,13.7,12,2.3,1.1,34.4,37,20.7,4.4,61.6,38.4,50244,61896
"4453",6061021046,"06","061","021046",4754,38.764193,-121.304631,"Census Tract 210.46, Placer County, California",269000,2252,72,4.2,2.38,2,5.9,18.1,33.4,32.8,6.9,1.9,0,0,1,4.7,26.8,33.2,20.3,11.9,3.2,44,56,47432,64925
"4454",6061021103,"06","061","021103",3797,38.7924,-121.23492,"Census Tract 211.03, Placer County, California",243400,1511,65,5.4,2.68,2.84,0,5.4,15.4,13.9,37.5,11.3,8,3.8,4.7,2,5.3,19.3,55.6,15.9,1.9,70.4,29.6,59417,67907
"4455",6061021106,"06","061","021106",2230,38.794959,-121.252459,"Census Tract 211.06, Placer County, California",360800,940,59,6.5,2.39,2.46,0,0,10.6,20.1,45.6,23,0.6,0,0,0,3.2,16,43.6,33.8,3.4,86.5,13.5,88472,97330
"4456",6061021108,"06","061","021108",2668,38.780181,-121.237867,"Census Tract 211.08, Placer County, California",212100,1346,196,4.7,2.28,2.06,4.3,4.6,5.4,30.7,40.8,8.1,1.2,0,4.9,0.8,18.4,36.4,36.6,6.7,1,63.8,36.2,45369,54865
"4457",6061021109,"06","061","021109",5012,38.780189,-121.215226,"Census Tract 211.09, Placer County, California",523500,1843,70,7.2,3,1.76,7.9,28.2,36,19.6,2.9,0.5,3.4,1,0.5,0.5,7.7,9.2,23.9,46.4,12.3,76,24,103618,109298
"4458",6061021122,"06","061","021122",3463,38.829804,-121.24165,"Census Tract 211.22, Placer County, California",464500,1373,87,7,2.61,3.75,3.2,51.7,42.5,0.9,0,0,0.5,1.1,0,0,2.1,29.7,18.5,36.5,13.2,94.1,5.9,96500,120440
"4459",6061021123,"06","061","021123",7397,38.814159,-121.247016,"Census Tract 211.23, Placer County, California",418400,2878,0,6.8,2.8,3.17,0.4,20.7,49.9,18.2,7.1,3.4,0.3,0,0,0.7,0.3,13.6,35.8,39.7,10,87,13,99444,105422
"4460",6061021128,"06","061","021128",2686,38.787255,-121.260846,"Census Tract 211.28, Placer County, California",237500,1046,0,5.8,2.15,3.21,0,1.7,43.2,20.7,29.9,4.4,0,0,0,0,4.1,22.1,50,17,6.8,68.5,31.5,61364,74887
"4461",6061021129,"06","061","021129",3204,38.779494,-121.254075,"Census Tract 211.29, Placer County, California",272700,1469,0,4.9,2.42,2.05,5.2,0,11.4,59.6,17.5,5.1,0.5,0,0.7,0,13.2,40.8,37.7,7.5,0.8,41.8,58.2,60571,65604
"4462",6061021130,"06","061","021130",2641,38.809286,-121.272752,"Census Tract 211.30, Placer County, California",415800,1303,67,3.7,3.27,1.68,0,43.1,55.1,1.8,0,0,0,0,0,0,45.8,37.1,8.8,5.1,3.2,17.7,82.3,42588,57553
"4463",6061021131,"06","061","021131",5142,38.803654,-121.262271,"Census Tract 211.31, Placer County, California",322600,2151,99,5.5,2.97,2.05,1.9,27.8,29.4,36.5,3.6,0,0,0,0.8,0.5,12.5,25.9,27.7,32.9,0.6,51.2,48.8,68500,84342
"4464",6061021203,"06","061","021203",6536,38.823527,-121.199689,"Census Tract 212.03, Placer County, California",330700,2340,94,6.2,2.77,2.63,8.7,15.7,6.6,34.1,12.1,8.9,7,2.2,4.6,1.2,5.2,8.9,49.4,31.2,4.2,77.7,22.3,76838,91030
"4465",6061021204,"06","061","021204",2482,38.859495,-121.182212,"Census Tract 212.04, Placer County, California",533900,921,0,6.8,2.96,2.28,2.7,8,34.7,25.7,14.9,3.3,2.2,2.1,6.4,0,9.3,9.9,41.5,27.5,11.8,92,8,100750,130591
"4466",6061021304,"06","061","021304",5307,38.947271,-121.273116,"Census Tract 213.04, Placer County, California",451100,1997,17,6,2.91,3.24,7.4,6.9,13.9,13.8,25.6,17.8,9.2,3.7,1.7,0,2.5,16.9,55,18,7.5,83.2,16.8,70256,85892
"4467",6061021309,"06","061","021309",9552,38.825374,-121.273178,"Census Tract 213.09, Placer County, California",406300,2876,189,6.7,3.45,2.57,28.8,17.2,45.5,6.2,1,0,0,0,1.4,0.5,2.6,13.2,27.3,38.2,18.2,83.9,16.1,111525,112710
"4468",6061021322,"06","061","021322",8762,38.792918,-121.374206,"Census Tract 213.22, Placer County, California",371200,2585,78,6.8,3.08,2.54,62.2,12,5.8,5.9,8.6,2.3,2.7,0.2,0.2,0.7,5.4,8.5,45.7,27.1,12.5,86.1,13.9,95640,102090
"4469",6061021401,"06","061","021401",2569,38.895487,-121.284686,"Census Tract 214.01, Placer County, California",235100,949,173,5.6,2.71,3.92,8.1,13,17.2,20.8,13.5,7.5,2.7,10,7.3,1.4,1.7,22.1,57.4,15.6,1.8,72.4,27.6,52614,64473
"4470",6061021403,"06","061","021403",7000,38.889506,-121.305411,"Census Tract 214.03, Placer County, California",194700,2314,97,5,2.81,3.01,8.8,4.5,14,30.3,20.8,4.7,9.1,4.9,3.1,2.2,6.3,33.1,47.5,9.3,1.5,50.8,49.2,39297,50326
"4471",6061021501,"06","061","021501",5979,38.923477,-121.105261,"Census Tract 215.01, Placer County, California",404700,2332,191,5.5,2.44,2.34,8.3,16.1,9.3,16,17.8,12.5,11.4,7.2,1.4,1.5,8.4,30.6,42.6,13.4,3.5,74.2,25.8,55669,75363
"4472",6061021502,"06","061","021502",3554,38.922736,-121.065587,"Census Tract 215.02, Placer County, California",363800,1587,72,6.1,2.37,2.56,2.8,4,16.8,21.2,17.4,12.5,17.1,3.8,4.3,0,2.5,21.9,55.6,17.7,2.3,73.3,26.7,77226,88903
"4473",6061021603,"06","061","021603",4549,38.950524,-121.107913,"Census Tract 216.03, Placer County, California",321500,2054,151,4.5,2.24,2.44,2.7,11.1,18,25.5,22.2,7,6.7,6.3,0.5,0.8,8.9,59.1,16.3,12.6,2.4,42,58,35180,50095
"4474",6061021604,"06","061","021604",3161,38.963194,-121.154877,"Census Tract 216.04, Placer County, California",505600,1374,64,6.6,2.32,2.85,5.1,4.6,15.9,22.5,19.4,10.1,12.3,2.3,7.9,0,3.3,24.1,52.3,13.3,6.9,89.1,10.9,64138,89546
"4475",6061021801,"06","061","021801",4522,38.978863,-121.071276,"Census Tract 218.01, Placer County, California",492100,1891,155,6.7,2.52,2.84,7,9,10.4,23.1,29.3,10.3,5.1,2.1,3.6,0,2,8.9,59.8,26.4,3,91.1,8.9,87381,116431
"4476",6061021802,"06","061","021802",5676,38.940547,-121.075936,"Census Tract 218.02, Placer County, California",309800,2646,236,5.5,2.12,3.35,3.3,4.9,16.5,22.4,33.1,6.3,6.4,4.1,2.9,1,6.3,31.7,48.9,10.4,1.6,75.1,24.9,51739,68042
"4477",6061021901,"06","061","021901",3060,39.01776,-120.986108,"Census Tract 219.01, Placer County, California",391400,1260,148,5.8,2.57,2.46,2,5.4,22.1,26.1,13.8,13.3,7.3,5.3,4.7,2.2,6.6,33.7,39.1,13.4,4.9,82.5,17.5,72647,77057
"4478",6061021902,"06","061","021902",4454,39.004078,-121.025105,"Census Tract 219.02, Placer County, California",408200,1834,170,6.1,2.68,2.06,1.1,5.7,10.6,18.2,19.3,22.8,13,5.2,4.1,1.8,7,16.7,48.7,20.7,5,81.8,18.2,76382,92576
"4479",6061022002,"06","061","022002",6481,39.079114,-120.961663,"Census Tract 220.02, Placer County, California",342200,2673,165,5.4,2.46,2.31,4.9,12,14.5,20.8,19.9,3.4,5.6,8.6,10.1,0,9.2,29.7,49.6,9.2,2.4,75,25,66513,76823
"4480",6061022011,"06","061","022011",1686,39.298128,-120.161811,"Census Tract 220.11, Placer County, California",650100,2480,1927,4.6,2.81,3.17,1.4,20.2,13.1,19.4,39.2,3.9,1.2,0,1.7,2.7,3.3,25.8,29,26.2,12.9,96.7,3.3,111480,169322
"4481",6061022013,"06","061","022013",2934,39.177013,-120.854585,"Census Tract 220.13, Placer County, California",336900,1491,420,4.4,2.35,2.33,3,6.9,11.2,16.9,15.9,11.4,8.8,11.1,14.9,2.4,11,39.8,35.1,8.3,3.4,85,15,67533,74980
"4482",6061022014,"06","061","022014",1736,39.221671,-120.258372,"Census Tract 220.14, Placer County, California",726600,2624,2113,4.6,1.91,2.11,0,8.5,9.1,17.1,30.5,14.3,14.9,0,5.6,5,5.4,17.3,33.2,26.6,12.5,55.8,44.2,67522,66806
"4483",6061022100,"06","061","022100",961,39.13729,-120.171022,"Census Tract 221, Placer County, California",554600,1398,999,4.4,2.12,1.55,0.3,5.9,6,8.8,28.3,21.7,21.5,3.3,4.2,3.3,3.3,22.2,33.5,26.2,11.4,69.4,30.6,85375,83477
"4484",6061022200,"06","061","022200",909,39.163443,-120.149537,"Census Tract 222, Placer County, California",632400,1260,869,4.5,2.22,3.02,0,5.9,5.3,3.8,39.4,29.4,8.6,2.1,5.4,3.3,5.2,11.1,45.2,22.1,13.2,51.9,48.1,61976,69878
"4485",6061022300,"06","061","022300",709,39.078049,-120.155016,"Census Tract 223, Placer County, California",536500,1557,1184,4.6,2.21,1.74,0.7,1.8,5.9,13.7,26.3,22.6,8.3,12.3,8.3,3.9,9.6,15.1,34.4,27.6,9.4,70.2,29.8,69948,94789
"4486",6061022400,"06","061","022400",4396,38.764658,-121.237608,"Census Tract 224, Placer County, California",532300,1813,169,6.4,2.88,2.07,25.6,72.8,1.7,0,0,0,0,0,0,0,20.6,15.3,21.2,33.8,9.2,68.8,31.2,89348,118087
"4487",6061022500,"06","061","022500",3879,38.73708,-121.35329,"Census Tract 225, Placer County, California",455800,1449,240,7.8,3.36,2.62,29.6,29.5,7,6.5,6.8,14.5,6.1,0,0,0,1.3,14.1,29.2,33.1,22.3,82.1,17.9,86514,113419
"4488",6061022600,"06","061","022600",4840,38.776821,-121.284912,"Census Tract 226, Placer County, California",386700,2096,147,5.5,2.85,2.58,10.5,56.5,24.5,6.2,2.3,0,0,0,0,3.4,21.9,15.7,26.9,25.7,6.4,52.7,47.3,78365,87570
"4489",6061022800,"06","061","022800",4320,38.791435,-121.278306,"Census Tract 228, Placer County, California",378800,1600,174,6.1,2.92,2.54,40.4,59.6,0,0,0,0,0,0,0,0,6.8,28.8,29.1,25,10.4,67.5,32.5,103312,105760
"4490",6061022900,"06","061","022900",5175,38.799981,-121.278257,"Census Tract 229, Placer County, California",385200,1898,94,5.7,3.24,2.37,9.2,73,16.3,0.6,0,0,0.3,0,0.7,1.8,12.6,20.9,21.4,25.8,17.4,56.1,43.9,86040,93381
"4491",6061023000,"06","061","023000",3191,38.803222,-121.288798,"Census Tract 230, Placer County, California",388800,937,0,7,3.2,2.92,3.7,90.1,2.5,0,0,2.5,0,1.3,0,0,0,0,37.6,46,16.4,94.5,5.5,117056,121390
"4492",6061023100,"06","061","023100",6491,38.802061,-121.33277,"Census Tract 231, Placer County, California",405400,1864,183,7.2,3.22,3.64,29.5,61.7,6.2,0,0,1.3,1.3,0,0,0,2.3,9.8,29,28.1,30.9,83.2,16.8,106599,119004
"4493",6061023200,"06","061","023200",4960,38.865387,-121.310324,"Census Tract 232, Placer County, California",333700,1453,31,7.7,2.99,3.05,94.2,2.1,0,0,1.2,0,0,2.5,0,0,0.8,6.7,24.7,50,17.8,79.7,20.3,108305,105730
"4494",6061023300,"06","061","023300",4365,38.877488,-121.309305,"Census Tract 233, Placer County, California",325800,1331,75,7.5,3.16,2.91,48.8,45.2,0,2.9,0.8,2.3,0,0,0,0,0,7.6,29.4,48.5,14.6,85.4,14.6,94188,105033
"4495",6061023400,"06","061","023400",4479,38.903214,-121.3251,"Census Tract 234, Placer County, California",282700,1317,33,6.8,3.07,3.33,23.3,45.3,23.3,2.2,1.5,1.1,0,3.3,0,0,1.1,9.5,50.6,27.9,10.9,87.4,12.6,99571,97070
"4496",6061023500,"06","061","023500",5159,38.847334,-121.266251,"Census Tract 235, Placer County, California",422000,1548,66,7.8,3.32,3.51,41.6,56.2,0,1.6,0,0,0.6,0,0,0,0,0.8,35.9,44,19.4,83.5,16.5,106080,128114
"4497",6061023600,"06","061","023600",4565,38.856834,-121.264148,"Census Tract 236, Placer County, California",444600,2588,88,5.4,1.75,1.72,19.4,79.8,0.4,0,0.4,0,0,0,0,0,1.7,72.6,24.5,1.2,0,89.1,10.9,64797,80572
"4498",6061023700,"06","061","023700",3347,38.870244,-121.281671,"Census Tract 237, Placer County, California",460200,2034,102,5.5,1.76,1.88,2.2,74,22.1,0,0,0,1.8,0,0,0,1.3,61.2,37.2,0.4,0,88.5,11.5,68144,74740
"4499",6061023800,"06","061","023800",3257,38.874789,-121.264856,"Census Tract 238, Placer County, California",418100,1896,93,5.3,1.62,2.06,36.2,58.9,3.6,0,1.3,0,0,0,0,0,3.1,69.7,23.8,3.4,0,86.9,13.1,60045,70608
"4500",6061023900,"06","061","023900",3100,38.890552,-121.322079,"Census Tract 239, Placer County, California",352800,985,44,6.6,3.31,3.36,5.2,69.1,23.4,1.2,0,0,1.1,0,0,0,0,9.2,40.8,41.1,8.8,80.6,19.4,83641,84046
"4501",6061990000,"06","061","990000",0,39.140155,-120.070418,"Census Tract 9900, Placer County, California",NA,0,0,NA,NA,NA,NA,NA,NA,NA,NA,NA,NA,NA,NA,NA,NA,NA,NA,NA,NA,NA,NA,NA,NA
"4502",6063000100,"06","063","000100",5500,39.937887,-120.921539,"Census Tract 1, Plumas County, California",228300,2708,268,4.9,2.02,2.39,1.3,1.9,8.6,15.1,28.1,14.9,6.8,10.6,12.7,4,14.1,34.9,39.8,6.2,1,64.8,35.2,51415,53232
"4503",6063000201,"06","063","000201",1844,39.763751,-120.609758,"Census Tract 2.01, Plumas County, California",442900,2048,1296,5.5,1.94,1.4,0,8.6,25.2,20.3,22.4,11,4.4,1.9,6.2,0.5,5.7,27.5,52.4,11.9,2.1,96,4,58750,75108
"4504",6063000202,"06","063","000202",1161,39.913948,-120.898811,"Census Tract 2.02, Plumas County, California",306400,1294,716,4.9,1.95,1.89,1.9,1.2,15.4,18.2,19.2,6,15,8.8,14.2,2.7,13.4,48.2,25.8,9.3,0.6,74.6,25.4,46613,64431
"4505",6063000300,"06","063","000300",4760,39.810681,-120.430724,"Census Tract 3, Plumas County, California",206700,3035,829,5.2,2.27,2.67,5,12.8,15.4,15.3,26.4,2.3,7.1,2.3,13.4,0,12,35.5,40.4,8,4.1,68.1,31.9,38972,58127
"4506",6063000400,"06","063","000400",2785,40.119237,-120.9202,"Census Tract 4, Plumas County, California",199200,1763,453,4.9,1.91,2.41,0,7.3,4.7,27.5,15,9.6,8.8,8.8,18.3,7,17.8,40.6,23.5,11.1,0,64.6,35.4,30417,42790
"4507",6063000501,"06","063","000501",2146,40.303986,-121.230722,"Census Tract 5.01, Plumas County, California",237300,1219,395,5.1,1.64,2.61,3.1,4.4,6.4,29.5,6.6,13.6,4.9,12.1,19.3,3.9,17.4,34.5,39.4,3.9,1.1,63.1,36.9,27778,33999
"4508",6063000502,"06","063","000502",1811,40.260037,-121.129011,"Census Tract 5.02, Plumas County, California",416800,3434,2110,5.4,1.85,1.54,3.5,7.2,19.4,30.8,25.3,4.9,6.8,1.6,0.5,0,2.2,26.3,55.6,14.2,1.8,74.8,25.2,69716,89394
"4509",6065030101,"06","065","030101",1226,33.996935,-117.352443,"Census Tract 301.01, Riverside County, California",203200,370,58,5.6,4.44,2.5,36.5,8.9,0,0,0,8.9,4.9,0,40.8,0,0,27.3,46.2,20.8,5.7,64.4,35.6,65577,58809
"4510",6065030103,"06","065","030103",2105,33.99173,-117.36578,"Census Tract 301.03, Riverside County, California",194800,722,175,4.5,3.86,4.19,0,15.1,8.7,7.5,7.8,3.7,8.7,11.8,36.7,0,16.5,40.2,23.4,17.7,2.2,41.7,58.3,51385,56401
"4511",6065030104,"06","065","030104",6922,34.004768,-117.365969,"Census Tract 301.04, Riverside County, California",235000,1942,119,5.3,3.99,4.18,14.3,6.5,21.5,9.5,13,5.5,10.6,8.2,11.1,2.1,3.5,20,51.9,20.6,1.9,58,42,50380,54112
"4512",6065030200,"06","065","030200",4633,33.986269,-117.382435,"Census Tract 302, Riverside County, California",358200,2057,263,4.6,2.58,2.43,0,0,1.8,4.7,14.1,14,14.4,11.2,39.7,2.7,19.8,37.7,25.8,12.4,1.6,45.5,54.5,55127,71871
"4513",6065030300,"06","065","030300",4497,33.982537,-117.37429,"Census Tract 303, Riverside County, California",229200,1769,454,3.3,2.58,2.58,0,4,0.5,13.3,14.9,14.6,9.5,7.3,36,17.8,39.5,29.2,8.6,2.4,2.5,14.5,85.5,28967,43289
"4514",6065030400,"06","065","030400",6414,33.971224,-117.3662,"Census Tract 304, Riverside County, California",313300,1737,155,4.7,4.38,3.5,3.2,0.7,9.9,7.7,7.3,8.3,18.4,8.8,35.8,0,29,23,34,9.2,4.8,48.5,51.5,35161,48795
"4515",6065030501,"06","065","030501",5095,33.970305,-117.354267,"Census Tract 305.01, Riverside County, California",277400,1496,155,4.9,3.5,4.18,14,0,13.4,12,18.1,6.8,20.4,10.4,4.9,3.4,10.6,32.2,37.4,13.7,2.7,55.7,44.3,40712,50089
"4516",6065030502,"06","065","030502",2220,33.979079,-117.358878,"Census Tract 305.02, Riverside County, California",304300,540,76,4.4,4.19,4.42,0,3.7,5.6,15,5.2,5.9,17.6,2.6,44.4,0,14.1,48.1,30.2,6.1,1.5,44.4,55.6,36354,40093
"4517",6065030503,"06","065","030503",3812,33.979388,-117.352893,"Census Tract 305.03, Riverside County, California",255800,1215,280,3.5,3.46,3.61,3.1,4,2.8,2.6,15.2,24.9,35.4,4.7,7.3,2.3,47.9,28.6,11,7,3.1,15.7,84.3,29674,35959
"4518",6065030601,"06","065","030601",5249,33.921667,-117.363377,"Census Tract 306.01, Riverside County, California",646900,1823,130,8,3.01,2.9,4.7,20.7,20.6,29.7,18.7,1.4,2,1.5,0.5,0,0,0.4,23,51.2,25.3,94.6,5.4,156182,201034
"4519",6065030602,"06","065","030602",3285,33.937974,-117.37228,"Census Tract 306.02, Riverside County, California",410700,1330,10,7.1,2.58,3.04,0.9,0.6,3.5,27.6,44.7,13,8,0,1.8,0,0,3.2,45.5,43.4,8,90.6,9.4,104702,154848
"4520",6065030603,"06","065","030603",2978,33.955113,-117.359868,"Census Tract 306.03, Riverside County, California",458900,1116,63,7,2.82,2.87,0.9,0.9,3.2,3.2,7.9,29.5,44,1.7,8.7,0,0,4.7,49.2,39,7.1,95,5,115236,124083
"4521",6065030700,"06","065","030700",5598,33.966752,-117.388152,"Census Tract 307, Riverside County, California",300700,2325,16,5.6,2.47,2.81,0,0,1.5,1.7,6.2,8.3,14.3,13.2,54.7,0.7,12.4,39.8,36.5,7.4,3.2,63.1,36.9,62426,82897
"4522",6065030800,"06","065","030800",6973,33.963205,-117.409623,"Census Tract 308, Riverside County, California",272900,2613,189,5.3,3.2,2.32,1.3,1.6,6.8,7.7,10.6,16.4,34.5,12.3,8.8,0.7,12.3,17.8,55.6,12.1,1.4,69.4,30.6,48913,62309
"4523",6065030900,"06","065","030900",3308,33.956886,-117.433152,"Census Tract 309, Riverside County, California",216400,895,49,5.6,3.91,6.44,1.3,1.1,0.9,14.2,7.9,27.6,39.6,0.8,6.6,2,0.1,13,49.8,25.1,9.9,87.2,12.8,58415,66393
"4524",6065031001,"06","065","031001",5622,33.951686,-117.40887,"Census Tract 310.01, Riverside County, California",248000,2379,189,4.6,2.94,1.91,8.6,15.6,0,7,4,9.6,41,7.4,6.9,3.7,26.1,26.2,36.6,5.8,1.6,48.7,51.3,37736,53280
"4525",6065031002,"06","065","031002",4559,33.951869,-117.423675,"Census Tract 310.02, Riverside County, California",182900,1246,56,5.3,3.35,4.14,1.8,6.3,1.8,3.8,9.6,14.8,51.7,5.9,4.4,0.8,6.7,20.6,46.5,25.3,0,70.8,29.2,41250,48804
"4526",6065031100,"06","065","031100",4584,33.955445,-117.390327,"Census Tract 311, Riverside County, California",299400,1726,125,5.2,2.78,3.11,0.3,0.6,0.8,3.8,8.9,8.1,47.6,12,18,0,3.9,30.5,56,9.5,0,64.7,35.3,52539,66004
"4527",6065031200,"06","065","031200",6878,33.941519,-117.383435,"Census Tract 312, Riverside County, California",269700,2303,167,5.8,2.83,3.13,0,4.4,3.5,2.6,21.9,7.6,53.5,1.3,5.2,0,5.1,14.7,60.1,18.6,1.4,73,27,62698,71718
"4528",6065031300,"06","065","031300",2651,33.932181,-117.401714,"Census Tract 313, Riverside County, California",249500,718,113,5.3,4.82,4.37,8.6,2.9,10.6,10.6,11.7,5.6,35.9,7.4,6.7,0,1,15.7,58.6,23.8,0.8,72.9,27.1,44712,52328
"4529",6065031401,"06","065","031401",6702,33.937105,-117.410703,"Census Tract 314.01, Riverside County, California",231900,2323,223,5,3.49,2.98,5.3,1.4,0,3.5,9,16.3,53.9,5,5.6,1.3,11.5,36.9,37.1,9.6,3.7,46.9,53.1,50893,69719
"4530",6065031402,"06","065","031402",6518,33.940916,-117.420728,"Census Tract 314.02, Riverside County, California",223300,2438,214,4.6,3.05,2.55,0,1.6,0.4,7.4,25.2,8.4,50.9,3.4,2.8,7.1,14.7,31.8,37.6,8.1,0.7,45.8,54.2,55506,56923
"4531",6065031501,"06","065","031501",7387,33.930377,-117.430918,"Census Tract 315.01, Riverside County, California",237300,2038,260,4.8,3.61,2.84,6,1.1,11.6,10.8,13.4,13.9,36.6,5.7,0.7,3.1,21.1,24.9,33.1,16.4,1.4,47.8,52.2,49219,63073
"4532",6065031502,"06","065","031502",8020,33.940373,-117.443869,"Census Tract 315.02, Riverside County, California",232700,2672,144,5.3,3.58,2.55,0,0.9,2.1,13.6,17.6,22,39.6,3.3,0.9,0,11,21.6,48.5,17.7,1.2,68.6,31.4,52222,63297
"4533",6065031601,"06","065","031601",4390,33.916101,-117.446669,"Census Tract 316.01, Riverside County, California",233200,1345,141,5,4.5,3.36,4.7,0,10.3,3.5,17.5,5.4,39,11.6,8.1,3,10.3,33.3,31.6,15.8,6,47.2,52.8,46351,52299
"4534",6065031602,"06","065","031602",5314,33.927077,-117.448634,"Census Tract 316.02, Riverside County, California",245600,1721,44,4.8,3.55,3.61,2.6,0,1.7,3.4,42.9,11.8,25.9,6,5.7,0,11.2,43.7,36.7,7.4,1,47.3,52.7,49699,58805
"4535",6065031701,"06","065","031701",2943,33.919988,-117.398773,"Census Tract 317.01, Riverside County, California",736600,880,63,6,3.22,4.34,0.5,5.5,11,0.3,22.6,21.4,23.1,2.5,13.2,1.3,1.1,15.5,41.9,23.9,16.4,70.9,29.1,49232,95429
"4536",6065031702,"06","065","031702",2387,33.90171,-117.446425,"Census Tract 317.02, Riverside County, California",265300,778,39,6,3.4,3.95,5.1,0,0,17.5,28.8,21.9,14.3,4.2,8.2,0,0,4,54,38.2,3.9,84.7,15.3,81507,96168
"4537",6065031703,"06","065","031703",3611,33.909276,-117.436965,"Census Tract 317.03, Riverside County, California",266100,1203,23,6,4.38,2.47,8.6,15.2,8.6,7.7,47.9,7.9,4.1,0,0,0,15,11,32.5,34.2,7.4,68.2,31.8,66619,80927
"4538",6065031704,"06","065","031704",5284,33.918666,-117.423284,"Census Tract 317.04, Riverside County, California",230200,1886,11,5.3,3.3,2.74,5.4,8.7,16.2,23.2,32.1,6.1,7.7,0,0.5,1.3,15,15.3,37.3,27.5,3.7,52.2,47.8,54046,64032
"4539",6065040101,"06","065","040101",4287,34.014308,-117.402776,"Census Tract 401.01, Riverside County, California",287500,982,53,5.3,4.77,4.8,0,4.8,5.7,15.9,15.9,17.6,17.5,18.4,4.2,1.7,1.4,25.9,35.6,27.1,8.2,58.6,41.4,46301,54005
"4540",6065040102,"06","065","040102",4630,34.017786,-117.427127,"Census Tract 401.02, Riverside County, California",284900,1144,35,5.9,3.83,4.16,1.6,0,7.5,39.9,13.2,2.4,19.7,14.7,1,2.6,1.6,21.4,40.1,34,0.3,73.3,26.7,64792,83289
"4541",6065040201,"06","065","040201",5897,33.985233,-117.418461,"Census Tract 402.01, Riverside County, California",241600,1897,97,5.4,3.71,4.31,1.7,15.7,14.3,18.5,28.9,5,8.1,6.2,1.6,2,12,19,30.9,30.8,5.3,61.5,38.5,57143,69607
"4542",6065040202,"06","065","040202",2821,33.98102,-117.437624,"Census Tract 402.02, Riverside County, California",170500,941,32,5.4,3.5,4.53,1.2,6.2,11.3,16.3,32,17.4,10.2,0,5.5,0,4.9,17.5,50.3,26.4,1,76.6,23.4,58480,68529
"4543",6065040203,"06","065","040203",3626,33.993777,-117.40642,"Census Tract 402.03, Riverside County, California",78700,990,27,4.4,3.91,5.21,0,0,2,32.1,22.4,7.6,18.6,8.4,8.9,0.9,29.9,35.3,28.6,3,2.3,41.7,58.3,29303,41174
"4544",6065040204,"06","065","040204",3716,33.998439,-117.401574,"Census Tract 402.04, Riverside County, California",156900,887,39,4.4,4.61,3.93,0.8,0,2.3,22.7,22.5,14.7,19.1,12,6.1,12,8.6,44.6,25.1,5.2,4.5,51.4,48.6,33533,40470
"4545",6065040301,"06","065","040301",7857,34.000265,-117.421217,"Census Tract 403.01, Riverside County, California",171000,2300,24,4.7,3.93,3.46,5.2,12.8,6,10.5,17.1,14.7,30.7,3,0,2.5,21.2,23.1,39.9,13.3,0,60.6,39.4,37328,55230
"4546",6065040302,"06","065","040302",7308,33.994759,-117.441402,"Census Tract 403.02, Riverside County, California",304500,2216,35,6.8,3.61,3.73,6.6,4.1,19.9,30.4,16.3,17.3,4.6,0.9,0,0.6,0,2.1,45.1,46.2,6,85.7,14.3,81418,97652
"4547",6065040303,"06","065","040303",3243,34.00817,-117.450213,"Census Tract 403.03, Riverside County, California",279400,876,71,5.4,4.11,3.39,0,2.2,13.2,16,19.2,17.1,19.6,10.2,2.5,10.3,7.3,22,24,32.2,4.2,75.7,24.3,49969,71020
"4548",6065040402,"06","065","040402",4224,33.976395,-117.483391,"Census Tract 404.02, Riverside County, California",267300,1102,10,5.6,3.59,3.04,3.1,3.6,2.9,9.5,43.4,14.2,18,4.4,1,0,16,8.8,47.6,25.6,2,69.5,30.5,62879,63691
"4549",6065040403,"06","065","040403",5801,33.992851,-117.496061,"Census Tract 404.03, Riverside County, California",353200,1468,223,5.5,3.98,3.91,0.7,9.1,1.8,9.2,28.2,22.3,18.6,4.2,5.9,1,6.2,24.9,37.3,20,10.6,62.6,37.4,67694,63340
"4550",6065040404,"06","065","040404",3309,33.97371,-117.457064,"Census Tract 404.04, Riverside County, California",251500,938,132,5.4,3.55,3.52,0,15,19.4,63.4,2.1,0,0,0,0,2.1,0,12.2,64.1,20.5,1.2,83,17,64384,71391
"4551",6065040405,"06","065","040405",5353,33.987496,-117.463489,"Census Tract 404.05, Riverside County, California",359000,1755,134,6.7,3.19,3.48,6.8,4.3,14.8,41.1,25.2,3.1,0.7,1,3.1,6.8,0.7,5.6,37.3,42.7,6.8,77,23,69770,77769
"4552",6065040501,"06","065","040501",6878,34.008726,-117.475781,"Census Tract 405.01, Riverside County, California",209500,1899,40,5.7,3.81,3.28,0.7,10.4,13.8,29.2,20.9,6.7,8.3,4.9,5,0,5.5,30.5,32.5,24.4,7,77.1,22.9,54332,61773
"4553",6065040502,"06","065","040502",6202,34.018738,-117.493799,"Census Tract 405.02, Riverside County, California",266300,1579,149,4.7,4.28,4.3,15.1,4.6,9,11,5.8,15.6,26.7,7.2,5.1,3.4,7.8,37.5,45.3,4.5,1.5,56.9,43.1,51296,57559
"4554",6065040503,"06","065","040503",3876,34.026331,-117.511339,"Census Tract 405.03, Riverside County, California",217200,1938,152,4.1,4.07,1.61,1.2,0,1.5,28.3,10.1,34.5,16.4,7.5,0.5,8.9,24.7,36.8,13.9,15.6,0,28.3,71.7,30877,40339
"4555",6065040603,"06","065","040603",2376,33.970531,-117.530735,"Census Tract 406.03, Riverside County, California",280500,670,79,5.4,4.09,3.56,3.1,7.8,0,10.1,30.3,35.1,6.1,6.3,1.2,4.5,8.7,32.4,34.8,19.7,0,64.3,35.7,35625,53556
"4556",6065040604,"06","065","040604",5541,33.985985,-117.531545,"Census Tract 406.04, Riverside County, California",376400,1559,68,6.7,3.7,5.08,1.9,1.3,0.6,42.5,51.8,0,1.4,0,0.6,0,0,1.9,31.8,61.4,4.9,90.9,9.1,86817,91260
"4557",6065040605,"06","065","040605",3543,33.99631,-117.514229,"Census Tract 406.05, Riverside County, California",226600,796,59,5.1,3.7,4.06,6.4,0.9,5.7,14.1,15.7,10.6,24,17.7,5,3.1,4.9,33.2,38.2,19.3,1.3,52.2,47.8,52567,58311
"4558",6065040606,"06","065","040606",3329,33.983101,-117.514248,"Census Tract 406.06, Riverside County, California",294500,835,56,5.4,4.05,3.61,3.2,1.1,3,18.7,18.7,10.7,21.3,6.7,16.6,1.3,2.6,20.5,55.9,18.8,0.8,81.3,18.7,49219,62602
"4559",6065040607,"06","065","040607",9317,33.982014,-117.562984,"Census Tract 406.07, Riverside County, California",378500,2648,282,6.6,3.87,3.18,34,52,4.2,2.4,3.3,3.3,0,0,0.9,0.9,3.6,30.4,20.1,24.8,20.3,67,33,95074,146213
"4560",6065040609,"06","065","040609",8422,33.949529,-117.600647,"Census Tract 406.09, Riverside County, California",442600,1917,134,8.1,4.02,4.96,88.3,6.7,0,0.4,0,1,3.6,0,0,0,1.2,2.8,13,30.5,52.5,84.7,15.3,120417,126108
"4561",6065040611,"06","065","040611",7640,33.958767,-117.588427,"Census Tract 406.11, Riverside County, California",468700,1908,115,8.1,3.85,4.84,25.6,66.8,2.3,0,0,0.6,1.8,0,2.8,0,0,2.7,7.9,41.4,48,87.8,12.2,123886,128192
"4562",6065040613,"06","065","040613",12842,33.964548,-117.576581,"Census Tract 406.13, Riverside County, California",433200,3292,95,7.8,3.93,4.24,35.9,57.5,2.5,1.8,0.3,0,0,0,2.1,0.3,0,0,20.4,41.9,37.4,91,9,113967,128366
"4563",6065040615,"06","065","040615",9024,33.968982,-117.556445,"Census Tract 406.15, Riverside County, California",392900,2378,75,7.4,4.28,5.72,36.4,55,8.2,0,0,0,0.2,0,0.3,0.8,1.3,7.6,8.7,54.1,27.5,90.9,9.1,112033,117017
"4564",6065040616,"06","065","040616",7610,33.950709,-117.570628,"Census Tract 406.16, Riverside County, California",450100,1904,70,8.1,4.73,4.68,73,25.3,0,0,0,0.9,0,0,0.8,1.9,0,0.9,11.9,34.5,50.9,84.7,15.3,110853,125805
"4565",6065040701,"06","065","040701",2248,33.936358,-117.57008,"Census Tract 407.01, Riverside County, California",450000,735,0,7.2,3.62,2.88,0,6.3,9.5,36.9,33.6,8.6,3.3,1.9,0,1.6,0,2.7,40.8,30.9,23.9,93.3,6.7,99583,120403
"4566",6065040702,"06","065","040702",2746,33.940723,-117.546047,"Census Tract 407.02, Riverside County, California",419400,1036,87,5.9,2.91,3.69,0,3.2,3.5,3.9,21.8,17.9,26.1,9.1,14.7,0,5.7,13.1,54.5,18.1,8.5,77.4,22.6,67868,73778
"4567",6065040703,"06","065","040703",2780,33.943558,-117.532297,"Census Tract 407.03, Riverside County, California",400500,1022,154,5.8,3.2,3.17,0,1.6,0,10,25.8,26.7,25.1,8.2,2.5,1.7,3.3,21.9,40.1,23.2,9.8,73.6,26.4,87708,102059
"4568",6065040806,"06","065","040806",2995,33.910489,-117.598856,"Census Tract 408.06, Riverside County, California",391000,898,48,6.5,3.61,4.63,0,1.8,59.9,11.7,23.6,3,0,0,0,0,0,5.5,37.8,49.9,6.9,94.4,5.6,89426,101807
"4569",6065040807,"06","065","040807",3391,33.905836,-117.590626,"Census Tract 408.07, Riverside County, California",380500,1036,48,6.7,3.37,4.48,0,1.2,1.3,64,25.5,8.1,0,0,0,0,0,4.3,51.3,37.8,6.6,80.1,19.9,106196,123751
"4570",6065040808,"06","065","040808",7008,33.897836,-117.574085,"Census Tract 408.08, Riverside County, California",321300,2193,89,4.8,4.57,3.22,0.6,10,22.5,39,15.6,6.2,6,0,0,1.7,12.3,32.9,28.4,23.1,1.6,51.1,48.9,58488,65062
"4571",6065040809,"06","065","040809",3353,33.893036,-117.554294,"Census Tract 408.09, Riverside County, California",306500,1009,59,6.1,3.48,4.49,6.2,14.5,45.8,6.8,2.2,21.5,3,0,0,0,0,9.7,50.1,21.3,18.8,85.2,14.8,83750,103235
"4572",6065040812,"06","065","040812",3480,33.923925,-117.547257,"Census Tract 408.12, Riverside County, California",426800,1200,112,5.8,3.14,1.91,0,0,5.7,15.1,18.4,30.9,21.7,4.3,4,0,13.3,14.8,40.3,24.8,6.8,71,29,66700,80414
"4573",6065040813,"06","065","040813",6080,33.91545,-117.536363,"Census Tract 408.13, Riverside County, California",548600,1974,171,7.2,3.53,2.83,9.7,40.6,2.8,3.9,21,13.3,4.2,2.6,2,0.6,0.7,3.2,29.7,40.6,25.2,88.6,11.4,92829,117480
"4574",6065040814,"06","065","040814",4782,33.896214,-117.519952,"Census Tract 408.14, Riverside County, California",334500,1679,100,5.2,2.97,3.03,2.6,3.3,65.8,23.9,2.2,0,2.3,0,0,0,10.5,31.6,38.4,15.1,4.4,55.4,44.6,86949,89026
"4575",6065040815,"06","065","040815",3586,33.894351,-117.509489,"Census Tract 408.15, Riverside County, California",351200,1170,121,6.4,3.64,2.38,0,4.5,45.6,49.9,0,0,0,0,0,3.4,25,8.2,25.4,30.4,7.5,61.3,38.7,60754,73750
"4576",6065040816,"06","065","040816",2594,33.90203,-117.52726,"Census Tract 408.16, Riverside County, California",361100,898,141,5.8,3.46,2.6,2.6,16.5,68.8,12.1,0,0,0,0,0,0,27.3,12,9.5,40,11.2,80.7,19.3,82642,87353
"4577",6065040821,"06","065","040821",5691,33.891485,-117.528193,"Census Tract 408.21, Riverside County, California",345800,2004,238,5,3.3,3.1,0,12,50.6,31.9,2.9,2,0,0,0.6,0,15.4,33.1,25.5,18.8,7.1,46.7,53.3,77027,81769
"4578",6065040901,"06","065","040901",6516,33.912747,-117.488915,"Census Tract 409.01, Riverside County, California",317100,2274,233,4.7,3.72,3.1,14.9,40.2,6.5,2.3,20.8,10.2,3.6,0,1.6,1.1,21.4,27.6,23.1,19.8,6.9,42.1,57.9,67304,69580
"4579",6065040902,"06","065","040902",5040,33.918799,-117.505114,"Census Tract 409.02, Riverside County, California",256200,1692,168,5.9,3.06,3.72,1.9,8,7.1,32.2,21.4,16.6,5.3,6.4,1.1,0,8.3,24.6,31.8,25.3,10,83.3,16.7,59104,80067
"4580",6065040903,"06","065","040903",2626,33.919308,-117.5007,"Census Tract 409.03, Riverside County, California",267400,811,68,5.8,2.89,2.85,4.3,1.2,0,1.4,6.3,37,30.2,7.8,11.8,0,7.2,24.9,36,26.1,5.8,68.5,31.5,66534,69593
"4581",6065040904,"06","065","040904",3655,33.929591,-117.496889,"Census Tract 409.04, Riverside County, California",284300,982,90,5.9,3.45,5.78,1.1,0.4,13,39.4,16.3,10.6,9.9,4.7,4.6,1.6,1.2,10.4,55.5,29.9,1.3,72.6,27.4,63333,72033
"4582",6065041001,"06","065","041001",2832,33.949331,-117.464541,"Census Tract 410.01, Riverside County, California",225900,821,24,4.5,4.51,3.25,3.2,4.5,0.6,6.1,25,16.6,37.6,5.1,1.3,11,16.3,21.9,34.3,14.1,2.3,48.2,51.8,37468,57803
"4583",6065041002,"06","065","041002",3312,33.952336,-117.472323,"Census Tract 410.02, Riverside County, California",223100,866,39,5.8,4.68,4.39,1.5,0,5.3,17.8,59.8,9.5,4.8,0.9,0.3,0,6.8,16.6,31.6,40.9,4,80.9,19.1,45288,65095
"4584",6065041003,"06","065","041003",2521,33.948983,-117.48881,"Census Tract 410.03, Riverside County, California",270500,693,0,6.1,3.86,4.53,3.5,1.6,11.5,26,25,5.1,19.6,6.8,1,1.6,0.9,9.1,50.6,35.6,2.2,86,14,60288,76149
"4585",6065041004,"06","065","041004",4590,33.95514,-117.471595,"Census Tract 410.04, Riverside County, California",272800,1446,44,5,3.79,3.38,0,1,13.1,25.4,39.8,6,6.6,5.7,2.3,3.7,20.1,21.5,31.1,21.2,2.4,40.2,59.8,42378,54293
"4586",6065041101,"06","065","041101",5139,33.941974,-117.464657,"Census Tract 411.01, Riverside County, California",239100,1177,57,4.4,5.67,4.48,0,12.6,3,7,17.3,17.9,17.7,24.6,0,8,18,34.1,25.1,14.9,0,16.6,83.4,34286,44505
"4587",6065041102,"06","065","041102",4185,33.940528,-117.485725,"Census Tract 411.02, Riverside County, California",230600,1053,122,5.1,3.46,4.63,1.2,2.3,10.1,15.6,14.4,9.5,33.6,9.9,3.4,2.1,3,31.4,44.4,16.1,2.8,57.7,42.3,57120,65162
"4588",6065041201,"06","065","041201",4299,33.924846,-117.462275,"Census Tract 412.01, Riverside County, California",315700,1090,100,5.2,4.08,2.67,3.8,5.9,7.4,17.8,21.9,5,24.1,11.9,2.2,4.8,5.6,14.5,58.5,15.1,1.5,74.6,25.4,42071,54246
"4589",6065041202,"06","065","041202",4458,33.935142,-117.469852,"Census Tract 412.02, Riverside County, California",238300,1036,48,5.2,4.6,5.71,0,6.4,1.3,6,7.7,10,63.3,5.3,0,2,2.8,13,64.5,14.4,3.3,77.3,22.7,47300,59547
"4590",6065041203,"06","065","041203",3545,33.933251,-117.457374,"Census Tract 412.03, Riverside County, California",195600,1026,71,4.4,4.62,2.85,0,4,1.2,21.2,47.1,7.8,15.9,2.9,0,0,28.9,24.6,32,13.8,0.7,47.6,52.4,53288,61176
"4591",6065041301,"06","065","041301",3473,33.929331,-117.484081,"Census Tract 413.01, Riverside County, California",287600,893,96,5.8,4.41,5.63,4.4,10.9,2.9,26.3,24,11,12.2,5.6,2.8,0,2.1,23.9,43,28,3,63.5,36.5,75893,88324
"4592",6065041302,"06","065","041302",4303,33.920725,-117.476962,"Census Tract 413.02, Riverside County, California",250400,1087,44,4.9,3.88,4.15,0.9,3,9.9,13.1,34.1,5.9,24.7,8.4,0,1.1,15.4,18.8,46.7,16.7,1.4,51.7,48.3,43715,55637
"4593",6065041403,"06","065","041403",2763,33.898605,-117.459192,"Census Tract 414.03, Riverside County, California",276700,1149,85,5.1,3.3,2.14,0,2.5,3.9,37,53.1,2,1.5,0,0,0.4,27.1,5.6,45.7,20.8,0.4,63.3,36.7,52411,71068
"4594",6065041404,"06","065","041404",3725,33.891644,-117.472375,"Census Tract 414.04, Riverside County, California",301000,983,17,6.2,3.77,3.83,1.4,6.2,6.7,44,25.9,9.9,5.8,0,0,0,2,11.8,54.5,28.4,3.3,85.9,14.1,80282,78914
"4595",6065041405,"06","065","041405",4096,33.891329,-117.487202,"Census Tract 414.05, Riverside County, California",174500,1291,107,5.3,3.4,3.37,3.6,0,3.1,34,50.3,9,0,0,0,0.8,0.7,29.4,40.7,28,0.4,88.8,11.2,66304,67993
"4596",6065041406,"06","065","041406",5968,33.902973,-117.485776,"Census Tract 414.06, Riverside County, California",367800,2057,102,4.7,3.56,2.62,3.1,16.5,16.7,32.7,26.3,2.9,0.5,1.3,0,1,18,33.5,17.2,22,8.4,41.2,58.8,70221,81504
"4597",6065041407,"06","065","041407",5830,33.911291,-117.472618,"Census Tract 414.07, Riverside County, California",254200,1835,166,4.3,3.02,3.31,10.3,1.2,13.6,19.5,17.5,20,16.9,0,1,1.1,21.8,37.5,24.3,14.7,0.5,42.1,57.9,43918,50744
"4598",6065041408,"06","065","041408",4017,33.904528,-117.468393,"Census Tract 414.08, Riverside County, California",223600,1483,127,4.1,4.01,2.88,3,5.5,1.8,30,30.5,13.7,10.3,3.1,2,0.8,24.7,50,17.1,7.4,0,32.8,67.2,52500,54853
"4599",6065041409,"06","065","041409",14898,33.874027,-117.468623,"Census Tract 414.09, Riverside County, California",421400,4445,405,7.2,3.65,3.33,16.2,32.4,21.1,25.2,3.8,1.1,0.2,0,0,0.2,0.4,3.3,25.2,48.1,22.9,90.7,9.3,95425,108517
"4600",6065041410,"06","065","041410",3288,33.877311,-117.525604,"Census Tract 414.10, Riverside County, California",171200,692,32,4.7,3.92,4.52,1.7,8.5,1,6.4,12.7,9.5,20.5,27.7,11.8,0,12.3,44.8,30.8,12.1,0,38.9,61.1,43750,50359
"4601",6065041411,"06","065","041411",3187,33.877673,-117.514998,"Census Tract 414.11, Riverside County, California",163500,828,22,5.7,3.5,5.06,0,0,8.8,24.8,30.2,28.5,5.6,0,2.2,1.7,3.7,25.8,28.6,31.6,8.5,74.6,25.4,36161,49366
"4602",6065041412,"06","065","041412",4415,33.883277,-117.505134,"Census Tract 414.12, Riverside County, California",236500,1553,138,5.7,3.34,4.1,6,5.1,29.9,20.9,20.6,16.1,0.8,0,0.6,0,0.5,29.4,48.1,15.8,6.2,87.6,12.4,64741,69450
"4603",6065041500,"06","065","041500",2053,33.883384,-117.575224,"Census Tract 415, Riverside County, California",145100,488,23,5.3,4.12,5.65,4.7,0,4.7,5.7,17.6,8.2,26.6,16.4,16,0,0,35.7,47.7,16.6,0,51,49,44418,46390
"4604",6065041600,"06","065","041600",6230,33.874646,-117.563341,"Census Tract 416, Riverside County, California",230800,1708,170,4.3,4.41,3.55,1.6,0.9,3.5,25.2,10.3,8.5,13.5,9.7,26.8,3.3,21.4,44,24.2,5.9,1.3,32.8,67.2,36059,44924
"4605",6065041702,"06","065","041702",4572,33.867286,-117.576869,"Census Tract 417.02, Riverside County, California",311100,1305,0,5.9,3.69,3.66,0,0,2.1,5.3,23.7,34.9,19.5,3.4,11.2,0,1.5,14,47.5,32.1,4.9,76.3,23.7,63477,75406
"4606",6065041703,"06","065","041703",5695,33.878275,-117.58816,"Census Tract 417.03, Riverside County, California",56900,1719,109,3.9,2.67,3.5,10,5.6,9.4,28.9,22.5,8.6,7.4,7.6,0,4.2,25.1,65,5.8,0,0,17.7,82.3,32420,40662
"4607",6065041704,"06","065","041704",3908,33.876642,-117.577858,"Census Tract 417.04, Riverside County, California",258000,948,59,4.8,4.09,4.79,7.5,7,1.9,9.3,11,3.2,22.7,20.4,17.2,3.2,5,45.1,32.1,11.4,3.3,44.3,55.7,38688,51309
"4608",6065041803,"06","065","041803",6475,33.838912,-117.582322,"Census Tract 418.03, Riverside County, California",472300,1773,155,7.4,3.56,4.67,16.4,36.9,42.2,3.4,0,0.3,0,0.7,0,0,0.4,0.5,33.2,36.7,29.2,86.3,13.7,106273,119443
"4609",6065041804,"06","065","041804",3989,33.85237,-117.5994,"Census Tract 418.04, Riverside County, California",478900,1220,15,7.3,3.18,3.4,2.9,20,14.3,42,17.9,2.9,0,0,0,0,0.2,2.8,21.8,67.4,7.8,91.5,8.5,107316,131374
"4610",6065041805,"06","065","041805",5799,33.86429,-117.592261,"Census Tract 418.05, Riverside County, California",335100,1963,141,5.3,3.54,3.07,2.5,0,16.1,49.8,26.9,3.7,0.4,0.6,0,1.8,13.8,20.5,34.1,26.2,3.6,52.7,47.3,70335,84355
"4611",6065041806,"06","065","041806",4255,33.85078,-117.587063,"Census Tract 418.06, Riverside County, California",436600,1184,23,7.1,3.7,3.48,0,9.6,74.6,15.8,0,0,0,0,0,0,0,1.9,30,59.5,8.6,91.7,8.3,109938,116738
"4612",6065041807,"06","065","041807",2400,33.859898,-117.576465,"Census Tract 418.07, Riverside County, California",282000,669,12,5.8,3.31,4.09,6.7,3.3,6.3,10,36.2,25,10.9,0,1.6,0,0,6.1,60.1,30,3.7,93,7,71440,79394
"4613",6065041808,"06","065","041808",6852,33.846643,-117.572552,"Census Tract 418.08, Riverside County, California",440600,1824,86,7.2,3.82,2.35,4.4,37.3,45.1,2,1.3,5.1,0.8,2.6,1.4,2.1,3.8,1.7,22.6,40.5,29.2,88.4,11.6,110941,124070
"4614",6065041809,"06","065","041809",5834,33.855466,-117.547024,"Census Tract 418.09, Riverside County, California",305600,2062,58,4.7,3.16,2.31,3.9,9.3,24,45.5,10.3,6.4,0,0,0.6,0.7,22,28.9,21.3,19.1,8,48.2,51.8,58068,65187
"4615",6065041810,"06","065","041810",5665,33.844295,-117.548967,"Census Tract 418.10, Riverside County, California",428800,1575,22,7.5,3.85,4.25,2.5,27.5,62.9,3.2,1.8,1.6,0,0.6,0,0,0,0,23.4,49.5,27.2,91.6,8.4,126477,142554
"4616",6065041812,"06","065","041812",3319,33.861602,-117.563536,"Census Tract 418.12, Riverside County, California",353800,1055,41,6.6,3.36,3.61,1.1,2.2,1.1,11,14.7,44.4,13.9,1,10.5,0,0.8,4.5,47.7,32.7,14.4,92.9,7.1,85500,91130
"4617",6065041813,"06","065","041813",6698,33.867369,-117.553095,"Census Tract 418.13, Riverside County, California",263400,2097,168,4.8,3.62,3.02,2.5,0.8,7.4,41.9,16.1,6.4,17.5,2.5,4.9,4.8,22.3,27.1,24.6,17.6,3.6,49.5,50.5,43780,54801
"4618",6065041904,"06","065","041904",4786,33.878311,-117.637195,"Census Tract 419.04, Riverside County, California",321000,1529,83,6.3,3.65,3.87,1.6,1.9,7.8,36.7,23.5,14.3,11.8,2.4,0,0,1.7,4.9,50.9,40.9,1.6,86.7,13.3,77201,93309
"4619",6065041905,"06","065","041905",2935,33.872111,-117.602054,"Census Tract 419.05, Riverside County, California",360800,906,59,5.4,3.27,3.04,0,0,9.9,31.6,34,15,7.5,2,0,0,7.5,32.8,27.4,27.8,4.5,53.4,46.6,62938,83145
"4620",6065041906,"06","065","041906",6360,33.870052,-117.597921,"Census Tract 419.06, Riverside County, California",227400,2003,128,5.2,3.4,3.57,0.5,0,3,17.3,51.8,25.5,0.8,0.6,0.4,0,11.6,31.5,34.1,22.8,0,63.3,36.7,53022,63695
"4621",6065041909,"06","065","041909",4990,33.837372,-117.526067,"Census Tract 419.09, Riverside County, California",394700,1477,103,6.2,3.94,2.83,5,0.6,4.9,31,19.4,21.9,11.1,0.7,5.5,2,6.8,14.8,32.8,30,13.5,76.6,23.4,72830,92948
"4622",6065041910,"06","065","041910",6342,33.782078,-117.494479,"Census Tract 419.10, Riverside County, California",322100,2312,91,5.3,2.44,2.96,14.7,38.1,12.7,33.3,1.1,0,0,0,0,0,3.4,44,28.4,17.6,6.6,80.3,19.7,76106,92295
"4623",6065041911,"06","065","041911",10258,33.771447,-117.492067,"Census Tract 419.11, Riverside County, California",399600,3768,424,6.6,3.04,3.63,40.3,28.7,28.6,0.4,0,1.3,0.4,0.4,0,0,3.7,19.9,19.1,37.7,19.6,86.3,13.7,102648,116835
"4624",6065041912,"06","065","041912",5776,33.875632,-117.63186,"Census Tract 419.12, Riverside County, California",432100,1795,51,6.6,3.45,3.6,5.9,6.2,27.7,55.6,2.5,1.3,0,0,0.7,0,0,10.2,29.9,50.3,9.6,86.1,13.9,125214,128317
"4625",6065041913,"06","065","041913",5478,33.865906,-117.61946,"Census Tract 419.13, Riverside County, California",453100,2031,208,6.2,3.35,2.25,1.5,4.7,38.5,40.1,6.6,6.6,1.9,0,0,0,14.8,16.9,32.3,27.8,8.3,75.4,24.6,93494,104394
"4626",6065042003,"06","065","042003",5525,33.872281,-117.368099,"Census Tract 420.03, Riverside County, California",378400,1613,41,7.5,3.44,1.94,22.4,13.2,13.8,22.8,19.3,3.5,2.8,1.3,1.1,0,0,4.7,33,43.4,18.9,93.8,6.2,93030,113509
"4627",6065042004,"06","065","042004",3165,33.887153,-117.374206,"Census Tract 420.04, Riverside County, California",466900,1086,33,7.4,3.06,3.49,7.2,2,0.6,28,49.4,6.3,4.1,2,0.4,0,2.7,3.3,34,50.3,9.8,93.4,6.6,102695,109857
"4628",6065042005,"06","065","042005",5102,33.895251,-117.341748,"Census Tract 420.05, Riverside County, California",459900,1450,94,8,3.81,2.71,27,19.2,10.2,21.2,13.7,1.7,2.1,3.9,1,0,2.3,6.5,17.4,38.5,35.4,92.1,7.9,128654,129187
"4629",6065042007,"06","065","042007",4339,33.796438,-117.377088,"Census Tract 420.07, Riverside County, California",400000,1628,257,6.6,3.11,3.06,5.6,11,19.3,27.5,30.3,2.9,2.1,0.4,0.9,3.4,0.4,22.2,30.6,32.6,10.8,92.3,7.7,70417,93607
"4630",6065042008,"06","065","042008",7082,33.858327,-117.369913,"Census Tract 420.08, Riverside County, California",381700,2246,182,7,3.56,3.39,13.8,16.3,11.9,28.7,23.6,2.8,2.5,0.5,0,0.6,0,2.5,40.4,47.9,8.5,92.6,7.4,95156,103947
"4631",6065042009,"06","065","042009",7119,33.860999,-117.314218,"Census Tract 420.09, Riverside County, California",286200,1870,229,6.6,3.89,3.96,18.8,14.7,7.8,27.4,15.3,7.3,4,2.8,2,0,5,7.4,42.2,33.5,11.9,72.7,27.3,48779,70078
"4632",6065042010,"06","065","042010",5887,33.849948,-117.280291,"Census Tract 420.10, Riverside County, California",185600,1564,84,5.4,4.23,3.93,7.4,12.1,7.9,28.8,25.5,9.4,5.6,1.1,2.2,2.7,3.7,21.9,42.8,26.5,2.4,77.4,22.6,37247,49530
"4633",6065042012,"06","065","042012",6242,33.910213,-117.320938,"Census Tract 420.12, Riverside County, California",325800,2182,108,6,3.58,2.32,2.5,56.3,29.4,1.8,8.4,1.6,0,0,0,0,8.9,26.1,24.6,19.7,20.7,60.9,39.1,69853,89567
"4634",6065042013,"06","065","042013",8333,33.894939,-117.301229,"Census Tract 420.13, Riverside County, California",344100,2337,102,7.4,3.59,3.25,4.2,27.5,51.9,14,0,0.8,1.5,0,0,0,0.8,1.5,20,58.3,19.5,86.5,13.5,99256,112869
"4635",6065042014,"06","065","042014",10516,33.890758,-117.322094,"Census Tract 420.14, Riverside County, California",380500,2828,81,7.5,3.55,3.76,11,41.2,19.8,27.2,0.9,0,0,0,0,0,2.6,1.7,21.9,46.3,27.6,83.5,16.5,102679,107611
"4636",6065042206,"06","065","042206",5620,33.957713,-117.331158,"Census Tract 422.06, Riverside County, California",310000,2821,726,4.1,2.33,2.36,8.6,7.5,23.2,8.8,28.1,18.3,2.8,1.2,1.6,0,23.5,45.7,20,10.1,0.6,33,67,58136,67650
"4637",6065042207,"06","065","042207",3017,33.938729,-117.338996,"Census Tract 422.07, Riverside County, California",429100,1217,85,6.6,2.58,2.09,7.2,9.3,8.4,28.4,30.6,15.2,0.9,0,0,0,7.3,20.5,25.2,39.5,7.5,69.9,30.1,91212,118893
"4638",6065042208,"06","065","042208",2378,33.941586,-117.346004,"Census Tract 422.08, Riverside County, California",427500,963,18,7.3,2.77,2.59,1.1,2,1.8,7.2,29.6,55.6,1,0,1.8,0,1.8,3.9,42.3,38.7,13.3,90.5,9.5,104861,109106
"4639",6065042209,"06","065","042209",4579,33.982451,-117.343379,"Census Tract 422.09, Riverside County, California",103600,1591,325,4,2.42,2.61,1.1,13.1,6.1,33.4,24.8,13.4,4.5,3.7,0,1.9,26,55,16.3,0.5,0.4,33.9,66.1,37976,38177
"4640",6065042210,"06","065","042210",4761,33.986041,-117.334216,"Census Tract 422.10, Riverside County, California",258300,2046,601,3.8,2.21,2.63,2,2.1,15.2,24.3,37.7,15.4,2.9,0.3,0,1.5,37.1,52.8,4.4,4.2,0,10.7,89.3,37104,44074
"4641",6065042212,"06","065","042212",6727,33.947557,-117.278849,"Census Tract 422.12, Riverside County, California",283100,2122,245,5.9,3.49,3.81,2.6,7.9,19.7,62.5,5.3,1,0.6,0,0.3,2.9,7.9,15.8,33.8,28.7,10.9,63.5,36.5,62091,79912
"4642",6065042213,"06","065","042213",4194,33.980341,-117.317999,"Census Tract 422.13, Riverside County, California",300500,1635,115,6,2.94,2.96,3.4,0,1.7,9.8,22.6,33.5,25.6,2.8,0.5,0,19.3,7.2,29.4,38.3,5.8,58.2,41.8,57500,69724
"4643",6065042214,"06","065","042214",6316,33.972823,-117.27473,"Census Tract 422.14, Riverside County, California",312800,1885,106,6.9,3.18,4.05,4.7,2.7,29,42.3,3.5,7.9,7.5,2.4,0,0,0.4,4.5,38.4,44.5,12.2,83.6,16.4,73945,86774
"4644",6065042217,"06","065","042217",5461,33.931434,-117.327964,"Census Tract 422.17, Riverside County, California",375100,2163,156,6.3,2.81,2.14,1.3,2.5,35,46.7,11.3,3.2,0,0,0,0,6.9,26.2,19.8,41.7,5.4,78.3,21.7,88267,96871
"4645",6065042300,"06","065","042300",6782,34.01325,-117.338225,"Census Tract 423, Riverside County, California",227400,2252,170,4.9,3.73,3.36,3.2,14.1,5.3,15.9,16.2,15.9,17.2,7,5.2,0.5,14.3,21.7,44.5,17.3,1.7,57.8,42.2,44877,60461
"4646",6065042401,"06","065","042401",2082,33.948612,-117.172704,"Census Tract 424.01, Riverside County, California",295600,627,49,6.9,3.25,4.67,1,0,9.1,59.2,23.9,2.7,2.7,1.4,0,0,0,0,30.3,64.3,5.4,86.9,13.1,68500,79086
"4647",6065042402,"06","065","042402",4780,33.94397,-117.207386,"Census Tract 424.02, Riverside County, California",278900,1348,63,6.4,3.72,5.47,0.9,21.3,18,52.7,7,0,0,0,0,0.8,0.4,5,50.7,27.2,15.9,84.8,15.2,83688,85117
"4648",6065042403,"06","065","042403",4071,33.948059,-117.220557,"Census Tract 424.03, Riverside County, California",268400,1208,97,6.7,3.73,3.37,3.9,3.7,11.2,58.5,13.2,6.7,1.8,0,1,0,1.8,0,42.4,49.1,6.7,88.3,11.7,81109,85082
"4649",6065042404,"06","065","042404",2038,33.943929,-117.231875,"Census Tract 424.04, Riverside County, California",147600,594,43,5.8,3.6,3.66,0.3,0,5.2,44.1,26.1,22.1,2.2,0,0,0,0,10.1,51.5,38.4,0,71,29,60679,55807
"4650",6065042405,"06","065","042405",4997,33.943915,-117.254093,"Census Tract 424.05, Riverside County, California",276000,1928,188,4,3.09,3.12,12,8.7,17.5,37.5,9.6,7.7,5.5,0,1.5,3.7,26.9,46.4,13.2,7.4,2.4,14,86,30484,36007
"4651",6065042406,"06","065","042406",4150,33.949233,-117.253396,"Census Tract 424.06, Riverside County, California",153500,1306,38,5.4,3.16,4.31,0,0,7.2,74.3,13.1,4.3,0,1.1,0,2,0,19.7,62.3,14.5,1.5,82.4,17.6,44387,57181
"4652",6065042407,"06","065","042407",3262,33.954258,-117.239785,"Census Tract 424.07, Riverside County, California",223000,923,88,5.9,3.61,4.46,1.4,1.8,1.4,56.7,22.4,6.7,9.1,0.4,0,0.3,3,4.3,67.9,24.4,0,70.7,29.3,68594,75135
"4653",6065042408,"06","065","042408",3152,33.954113,-117.23134,"Census Tract 424.08, Riverside County, California",217600,897,146,5.9,3.81,3.52,4.7,9.5,0.9,43.1,24.2,9.6,7.5,0,0.6,0.2,3.2,7,55.6,30.9,3,75.6,24.4,56250,66097
"4654",6065042409,"06","065","042409",3299,33.957134,-117.251128,"Census Tract 424.09, Riverside County, California",201600,973,65,5.3,2.91,3.84,0,0,7.9,87.4,0.5,2.8,1.4,0,0,0.9,1.1,29.1,57,8.3,3.5,71,29,41364,57681
"4655",6065042410,"06","065","042410",4882,33.967629,-117.250914,"Census Tract 424.10, Riverside County, California",279200,1408,86,7.3,3.66,3.69,0,6.1,6.7,85,1.6,0.6,0,0,0,0,0,2.3,20.6,59.2,17.8,86.3,13.7,81466,92758
"4656",6065042411,"06","065","042411",2540,33.965964,-117.237165,"Census Tract 424.11, Riverside County, California",272500,781,69,7.1,3.42,3.76,0,1.7,3.1,89.9,5.4,0,0,0,0,0,0,0,41.9,51.2,6.9,84.1,15.9,77692,101120
"4657",6065042412,"06","065","042412",5129,33.975602,-117.231002,"Census Tract 424.12, Riverside County, California",312600,1573,134,7.6,3.47,4.01,8.3,15.8,23.5,29.8,8.5,10,3.6,0.6,0,0,2,5.8,28.8,48.9,14.5,88.7,11.3,90504,113480
"4658",6065042505,"06","065","042505",3639,33.924401,-117.279311,"Census Tract 425.05, Riverside County, California",200000,952,136,4.3,4.93,4.39,1.1,0,4.2,15.9,10.9,10.1,38.1,15.1,4.6,0,14.7,52.7,25.7,4,2.8,40,60,25179,33717
"4659",6065042506,"06","065","042506",9483,33.930387,-117.269561,"Census Tract 425.06, Riverside County, California",215600,2933,259,4.9,3.95,3.03,36.1,24.3,15.8,17.4,4,2.6,0,0,0,4.6,9.5,31,34.7,14.8,5.4,39.9,60.1,49444,57930
"4660",6065042507,"06","065","042507",5011,33.887712,-117.230675,"Census Tract 425.07, Riverside County, California",246900,1219,106,6.6,4.17,4.84,7.3,0,38.1,50.2,4.4,0,0,0,0,0.2,0,0.7,32.3,52.3,14.4,75,25,62042,68225
"4661",6065042508,"06","065","042508",4888,33.89673,-117.23869,"Census Tract 425.08, Riverside County, California",183500,1286,109,5.3,3.36,3.89,3,0.7,9.3,55.6,15.8,4.8,7.5,0,3.3,4.4,4.1,24.2,59.2,7.6,0.5,68.5,31.5,33483,44528
"4662",6065042509,"06","065","042509",3193,33.909054,-117.230859,"Census Tract 425.09, Riverside County, California",154400,867,157,5.8,3.5,3.29,0,0,0.9,68.1,26.2,1.4,2.3,0.7,0.5,0,0.5,26.8,31.3,41.5,0,85.9,14.1,45167,53323
"4663",6065042510,"06","065","042510",5048,33.909598,-117.239232,"Census Tract 425.10, Riverside County, California",200400,1243,110,5.8,4.09,6.43,0,0,4,59.3,31.6,2.8,0,0,2.3,0,0,9.2,48,41.6,1.2,71.7,28.3,43155,54955
"4664",6065042511,"06","065","042511",3308,33.923248,-117.248277,"Census Tract 425.11, Riverside County, California",182600,979,79,5.5,4.03,4.45,6.1,6.9,8.8,56.4,17.1,2.5,2.2,0,0,6,2.1,19.8,44.9,27.1,0,66.1,33.9,43846,52953
"4665",6065042512,"06","065","042512",3200,33.92066,-117.257032,"Census Tract 425.12, Riverside County, California",190100,965,67,4.5,3.98,3.68,2.3,0.6,13.3,76.6,2.2,0,3.5,1.6,0,5.7,9.4,39.4,39.9,4.8,0.8,38.4,61.6,37250,46137
"4666",6065042513,"06","065","042513",3379,33.933484,-117.256682,"Census Tract 425.13, Riverside County, California",238800,835,47,6.2,3.72,5.03,0,0.8,3.6,86.2,9.3,0,0,0,0,0,0,3.5,56.5,39.3,0.7,76.8,23.2,60806,65203
"4667",6065042514,"06","065","042514",3165,33.931607,-117.247749,"Census Tract 425.14, Riverside County, California",178800,885,67,5.6,4.2,3.25,0,0,5.4,80,9.4,0,5.2,0,0,5,14.1,20,53.3,7.6,0,45.4,54.6,34500,50641
"4668",6065042515,"06","065","042515",3803,33.934294,-117.239527,"Census Tract 425.15, Riverside County, California",190600,1073,77,4.3,4.6,3.6,1.3,9.2,7.3,15.1,8.5,19.7,27.4,8.8,2.8,6.1,25.5,37.3,27.9,3.3,0,16.8,83.2,30972,39439
"4669",6065042516,"06","065","042516",4177,33.923618,-117.239869,"Census Tract 425.16, Riverside County, California",184600,976,47,5.6,4.09,4.15,1,3.8,8.6,33.4,46.1,4.7,1.5,0,0.8,2.3,4.2,18,37.8,31.4,6.4,52.6,47.4,36425,51421
"4670",6065042517,"06","065","042517",3278,33.911905,-117.213059,"Census Tract 425.17, Riverside County, California",166000,879,55,5.6,4.13,4.28,0,0,8.2,70.2,16.4,0,5.2,0,0,0,5.7,19,43.6,31.4,0.3,79,21,44028,54134
"4671",6065042518,"06","065","042518",3670,33.912291,-117.221893,"Census Tract 425.18, Riverside County, California",201200,961,64,5.8,4.76,4.19,21.5,4.4,0,59.2,11.3,2.3,1.2,0,0,3.7,4.8,13.4,40.4,35.3,2.4,60.3,39.7,53352,55771
"4672",6065042519,"06","065","042519",1706,33.936785,-117.225393,"Census Tract 425.19, Riverside County, California",311100,530,17,4.5,4.22,3.94,0,11.1,5.1,23.2,26.8,18.1,13.8,0.8,1.1,0,23.2,36.8,30.8,9.2,0,28.1,71.9,30268,34588
"4673",6065042520,"06","065","042520",4669,33.930616,-117.224916,"Census Tract 425.20, Riverside County, California",172000,1280,50,4.8,4.38,3.32,13.4,0,6.2,33.6,20,10.6,15,0.4,0.8,3,16.9,21,45,11.8,2.3,37.9,62.1,30833,42965
"4674",6065042521,"06","065","042521",4922,33.921852,-117.226725,"Census Tract 425.21, Riverside County, California",165600,1268,146,5.5,3.91,3.93,0,0,2.9,61.8,26.6,3.3,5.4,0,0,0,1.1,11.5,61.1,23.2,3.1,75.7,24.3,49621,54242
"4675",6065042617,"06","065","042617",11436,33.807762,-117.215361,"Census Tract 426.17, Riverside County, California",204500,2888,98,5.4,4.07,4.71,5,6.1,32.7,45.7,7.2,3.1,0,0,0.2,1,1.9,22,45.9,24,5.2,66,34,44770,45467
"4676",6065042618,"06","065","042618",8283,33.818309,-117.220173,"Census Tract 426.18, Riverside County, California",175000,2010,115,5.3,4.83,3.38,14.3,8.9,37.3,31.4,6.9,1.2,0,0,0,0,0,24.1,52.4,19.2,4.3,76.4,23.6,54402,58168
"4677",6065042619,"06","065","042619",11267,33.837003,-117.195225,"Census Tract 426.19, Riverside County, California",231300,2810,404,6.5,4.03,4.54,24.3,49.8,24.7,0,0,1.2,0,0,0,0,1.6,1,43.3,41.9,12.2,78.3,21.7,67500,73898
"4678",6065042620,"06","065","042620",10463,33.827101,-117.203781,"Census Tract 426.20, Riverside County, California",199800,2507,316,6.5,4.16,3.93,48.1,22.4,7.7,12.5,4.3,0.4,0,0,4.6,0,1.3,9.8,25.2,51.9,11.7,79.1,20.9,58156,67052
"4679",6065042621,"06","065","042621",6556,33.931735,-117.203171,"Census Tract 426.21, Riverside County, California",230700,1759,124,6,4.23,3.81,12.7,28.8,18,31.3,7.9,1.4,0,0,0,2.1,2.2,17.7,47.9,17.7,12.4,64.1,35.9,68083,74675
"4680",6065042622,"06","065","042622",4107,33.926627,-117.192013,"Census Tract 426.22, Riverside County, California",255100,1190,135,6.1,4.14,2.7,73.2,9.6,1.6,10.4,3.1,0,0.8,1.3,0,2.9,4.1,23.9,17.5,41.6,10,63.3,36.7,68547,77839
"4681",6065042623,"06","065","042623",3682,33.904998,-117.163832,"Census Tract 426.23, Riverside County, California",279300,1289,127,6.1,3.41,3.08,18.2,63.2,16.8,0,0.9,0,0.8,0,0,0,0.6,21.3,55.8,14,8.2,67,33,81154,85902
"4682",6065042624,"06","065","042624",3784,33.920343,-117.161664,"Census Tract 426.24, Riverside County, California",316900,1114,98,6.6,3.98,3.8,39.5,6.3,7.7,14.5,29.3,2.1,0.7,0,0,1.3,0,1.1,41.8,27.7,28,90.6,9.4,81288,84762
"4683",6065042706,"06","065","042706",8393,33.795848,-117.215768,"Census Tract 427.06, Riverside County, California",166900,2048,187,5.9,4.45,4.22,5.9,15.4,39.1,33.4,3.1,1.8,1.3,0,0,0.4,1.8,10.1,43.4,35.1,9.2,68.1,31.9,44276,55500
"4684",6065042708,"06","065","042708",5171,33.688717,-117.193237,"Census Tract 427.08, Riverside County, California",218900,1513,115,6.3,3.64,3.53,14.1,2.7,18.3,61,2.6,0.7,0.5,0,0,0,0,5.2,62.1,27.1,5.6,83.1,16.9,75625,80030
"4685",6065042709,"06","065","042709",4905,33.713985,-117.212745,"Census Tract 427.09, Riverside County, California",185300,2238,164,5.3,2.42,2.63,18.1,3.9,17.2,16.9,10.8,28.3,4.4,0.4,0,0,3.1,46.1,29.9,10.6,10.3,80.5,19.5,38720,56993
"4686",6065042711,"06","065","042711",4543,33.699936,-117.193603,"Census Tract 427.11, Riverside County, California",164600,2925,208,5.1,1.71,1.65,0,0,14.4,20.1,6.9,49.4,7.6,1.2,0.4,2.2,0.5,68.6,28.6,0,0,77.1,22.9,30389,40782
"4687",6065042714,"06","065","042714",3230,33.677208,-117.255401,"Census Tract 427.14, Riverside County, California",346400,1332,75,6.4,2.71,3.86,0.8,5.4,11.4,55.8,25.8,0.8,0,0,0,0,0.3,6,69,18.6,6.1,83.5,16.5,82813,101148
"4688",6065042715,"06","065","042715",12805,33.68942,-117.299071,"Census Tract 427.15, Riverside County, California",339000,3929,478,7.2,3.4,4.2,33.8,23.6,23.8,11.4,6.1,1.2,0,0,0.1,0,4.9,8.8,23.4,35.2,27.8,75.9,24.1,83450,89580
"4689",6065042716,"06","065","042716",5033,33.686207,-117.252882,"Census Tract 427.16, Riverside County, California",379400,2015,231,5.9,2.88,2.63,1.6,6.9,11.9,41.7,30.7,5.5,0,0.6,1.1,0,0.4,11.1,60.6,25.9,1.9,81.1,18.9,72895,92072
"4690",6065042717,"06","065","042717",5079,33.700637,-117.249953,"Census Tract 427.17, Riverside County, California",265400,1552,128,5.6,3.14,4.03,27.4,14.6,8.1,27.8,8.8,2.5,4.6,3.4,2.8,1,2.4,22,46.8,22.7,5,75.3,24.7,56867,64574
"4691",6065042719,"06","065","042719",5025,33.795861,-117.156236,"Census Tract 427.19, Riverside County, California",269500,1600,262,5.9,3.26,2.79,4.3,20.4,7.1,33.7,24.3,6.5,0.9,0,2.9,0,15.2,17.6,31.1,33.6,2.5,63.8,36.2,45664,64859
"4692",6065042720,"06","065","042720",4434,33.761669,-117.119736,"Census Tract 427.20, Riverside County, California",156900,1492,227,5.4,3.19,3.59,8.4,26.1,9,23.5,16,6.6,8.1,1,1.3,1.6,2.6,31.6,44.4,19,0.7,66.6,33.4,39566,54264
"4693",6065042723,"06","065","042723",5506,33.735994,-117.099502,"Census Tract 427.23, Riverside County, California",112900,2095,240,5,2.54,4.17,13.5,5.2,4.7,13.9,38.3,16.7,6,0.8,1,0.8,7.9,44.8,35.6,7.7,3.2,71.3,28.7,38534,47826
"4694",6065042724,"06","065","042724",3182,33.69357,-117.149027,"Census Tract 427.24, Riverside County, California",269700,952,145,7.8,3.53,4.12,40,40.5,18.9,0.5,0,0,0,0,0,0,0,8.1,17.6,52.5,21.7,86.7,13.3,86250,88100
"4695",6065042726,"06","065","042726",5357,33.71378,-117.127534,"Census Tract 427.26, Riverside County, California",270200,1468,24,6.9,3.41,5.5,62.1,1.1,1.2,5,22.1,1.2,0,2.6,4.8,1.2,1.2,12.7,34.5,34.7,15.7,82.5,17.5,80164,100293
"4696",6065042728,"06","065","042728",2266,33.726523,-117.181052,"Census Tract 427.28, Riverside County, California",221100,800,142,6,3.07,3.16,1.9,44.1,2.9,23.5,8.5,18.1,1,0,0,0,1.9,24.4,32.4,34.5,6.9,88.3,11.7,63611,65205
"4697",6065042729,"06","065","042729",9184,33.703337,-117.171075,"Census Tract 427.29, Riverside County, California",254000,4086,412,5.2,2.27,2.57,8.8,37.7,23.8,27.3,2.2,0.2,0,0,0,0,1.8,50.4,27,15.3,5.5,76,24,47150,56819
"4698",6065042730,"06","065","042730",5338,33.75445,-117.165477,"Census Tract 427.30, Riverside County, California",252600,1492,215,5.9,3.5,4.62,10.9,16.4,16.8,19.1,21,11.8,1.5,0,2.5,0.7,1.3,24.7,41.2,26.7,5.3,79.5,20.5,58075,66791
"4699",6065042731,"06","065","042731",5768,33.737421,-117.217606,"Census Tract 427.31, Riverside County, California",223700,1855,270,6.2,2.89,5.3,21.4,45.7,19.3,10.4,2.6,0,0.6,0,0,0.8,1.1,20.8,35.3,35.3,6.7,86.8,13.2,70527,73911
"4700",6065042732,"06","065","042732",5993,33.695257,-117.220501,"Census Tract 427.32, Riverside County, California",240600,1715,55,6.5,3.47,4.88,9.7,47.3,29.6,6,4.9,1.3,0,1.2,0,0,0.2,7.7,56.2,27.1,8.7,86.3,13.7,79329,95428
"4701",6065042733,"06","065","042733",4234,33.663744,-117.235676,"Census Tract 427.33, Riverside County, California",267700,1366,198,6.5,3.28,3.48,46.4,20.5,8.4,10,7.9,0.7,6,0,0,1,0,12.8,50,30.4,5.9,80,20,65429,73705
"4702",6065042737,"06","065","042737",2401,33.673275,-117.132757,"Census Tract 427.37, Riverside County, California",244400,761,107,7.2,3.5,3.32,51.5,23.1,1.7,5.3,4.6,4.5,3.4,0,5.9,0,4.2,8.4,22.6,39.9,24.8,87.6,12.4,83561,85331
"4703",6065042738,"06","065","042738",5729,33.679546,-117.159643,"Census Tract 427.38, Riverside County, California",307000,1912,179,6.1,3.98,2.83,26.5,18.5,34.8,18.3,1.9,0,0,0,0,0,16.3,10.4,29.8,32.3,11.1,59.7,40.3,81172,84230
"4704",6065042739,"06","065","042739",7097,33.661749,-117.156475,"Census Tract 427.39, Riverside County, California",350900,1956,116,7.6,4.04,3.32,55.9,29.4,10,1,0.3,0.7,2.6,0,0,0.9,0,0.9,36,27.8,34.4,86.6,13.4,82000,101706
"4705",6065042740,"06","065","042740",2017,33.724816,-117.198235,"Census Tract 427.40, Riverside County, California",158100,1270,70,5.3,1.56,1.64,2.4,18.7,3.2,38.6,30.9,5.2,0.9,0,0,0,0,73.4,26.6,0,0,89,11,33382,40522
"4706",6065042741,"06","065","042741",2142,33.716026,-117.198912,"Census Tract 427.41, Riverside County, California",141400,1573,89,4.8,1.57,1.22,0,0.8,1.4,2.5,52.4,31.9,9.1,1,1,0,14.8,67.8,16.6,0.8,0,75.3,24.7,29083,38289
"4707",6065042742,"06","065","042742",4232,33.677599,-117.190355,"Census Tract 427.42, Riverside County, California",223600,1264,115,6.3,3.29,4.2,7.2,69.6,9.7,6.6,7,0,0,0,0,0,0,8.4,52.3,34.8,4.5,85.7,14.3,62163,75502
"4708",6065042743,"06","065","042743",1907,33.661072,-117.190774,"Census Tract 427.43, Riverside County, California",299400,546,90,5.6,3.12,NA,56,0,0,36.1,7.9,0,0,0,0,0,2.7,12.3,39.4,40.1,5.5,93.9,6.1,67946,83905
"4709",6065042744,"06","065","042744",3726,33.820183,-117.116456,"Census Tract 427.44, Riverside County, California",310900,1016,230,6,3.72,4.32,3.7,6.9,17.4,18.2,36.4,8.9,7.1,0,1.4,0,2.3,18,66.5,10.2,3,83,17,75509,75740
"4710",6065042745,"06","065","042745",4614,33.758258,-117.061736,"Census Tract 427.45, Riverside County, California",271000,2062,216,6,2.3,3.35,29.9,35.4,3.3,14,8.8,4.9,2.3,1.3,0,0,1.7,35,43.2,14.5,5.5,87.4,12.6,59623,64602
"4711",6065042800,"06","065","042800",9260,33.782347,-117.228449,"Census Tract 428, Riverside County, California",164400,2811,146,4.4,4.28,3.64,8.7,12,18.3,10.5,17.2,12.4,10.6,6.5,3.8,3.3,10.5,41.6,31.4,13.2,0,36.9,63.1,34520,40631
"4712",6065042901,"06","065","042901",7385,33.770822,-117.250045,"Census Tract 429.01, Riverside County, California",155200,2026,182,5.2,3.86,4.01,4.7,3.9,19.1,43.7,13.9,6.5,7.1,0,1.1,0,4.2,34.2,42.4,17.1,2.1,71.1,28.9,37500,44827
"4713",6065042902,"06","065","042902",4930,33.743686,-117.286849,"Census Tract 429.02, Riverside County, California",168100,1476,114,5,3.18,3.89,6.5,8.5,10,32.7,18.6,15.4,3.6,3.6,1.2,1.4,10.2,29.9,46.3,10.8,1.3,54.3,45.7,36154,42042
"4714",6065042903,"06","065","042903",5738,33.787918,-117.291205,"Census Tract 429.03, Riverside County, California",269400,1503,151,5.3,3.44,4.74,8,5.5,7,29.2,16.8,13.7,16.9,0.7,2.2,0,6.8,26.4,47.5,18.1,1.2,74,26,46333,62718
"4715",6065042904,"06","065","042904",9352,33.815406,-117.277169,"Census Tract 429.04, Riverside County, California",143800,2356,182,5.1,4.09,4.02,2.2,2.5,27.4,17.5,22.1,24.6,3.6,0.2,0,0.6,7,33.6,41,16.9,0.9,58.6,41.4,39044,46511
"4716",6065043001,"06","065","043001",5593,33.666573,-117.329445,"Census Tract 430.01, Riverside County, California",152900,1766,205,4.5,3.15,3.28,14.8,5.2,4.1,9.8,32.3,10.9,4.9,5.4,12.6,7.4,20.2,35.6,25.1,10.1,1.6,49.4,50.6,30202,44835
"4717",6065043003,"06","065","043003",6600,33.675363,-117.380171,"Census Tract 430.03, Riverside County, California",210300,2053,176,4.9,3.3,3.5,0.6,5.5,4.3,62.5,24.8,2.2,0,0,0,0,9.2,36.5,48.7,5.1,0.5,42.9,57.1,35600,41400
"4718",6065043005,"06","065","043005",5049,33.692805,-117.363303,"Census Tract 430.05, Riverside County, California",187800,1701,319,5.1,3.69,3.57,17.5,9.8,10,33.5,13.7,9,3,1.2,2.3,3.2,3.8,38.7,36.7,16.9,0.8,64.3,35.7,44363,58630
"4719",6065043006,"06","065","043006",4703,33.675495,-117.338981,"Census Tract 430.06, Riverside County, California",203700,1471,191,4.8,3.55,3.15,6.5,1.8,8.2,16.4,16.6,19,8.6,3.9,19,2.9,18.5,28.6,33.9,15.4,0.7,49.1,50.9,41667,51087
"4720",6065043007,"06","065","043007",6811,33.724382,-117.426312,"Census Tract 430.07, Riverside County, California",335300,2178,81,6.8,3.69,3.59,2.8,33.6,59.6,3.3,0,0,0.7,0,0,0,0,1.3,42.2,46.9,9.6,92.6,7.4,95578,100444
"4721",6065043008,"06","065","043008",5394,33.67136,-117.393438,"Census Tract 430.08, Riverside County, California",277800,1795,247,5.9,3.11,4.18,8.9,20.2,5.3,26.3,17.6,8.8,8.9,0,4,3.3,0,15.8,48.9,27.7,4.2,70.2,29.8,60357,74563
"4722",6065043009,"06","065","043009",4736,33.698187,-117.391202,"Census Tract 430.09, Riverside County, California",246400,1404,87,6.7,3.8,3.93,15.7,21.3,29.9,30.9,1.3,0,0.9,0,0,0,0,1.4,34.8,52.3,11.5,87.5,12.5,77409,90290
"4723",6065043010,"06","065","043010",5687,33.68525,-117.387859,"Census Tract 430.10, Riverside County, California",266700,1699,95,6.8,3.72,4.86,0,19.4,55.3,21.8,0,2.5,0.6,0.5,0,1.5,1.6,2.1,38.9,49.6,6.2,84.9,15.1,82411,96768
"4724",6065043206,"06","065","043206",7606,33.569164,-117.192182,"Census Tract 432.06, Riverside County, California",321000,2723,318,5.4,3.55,2.44,7.1,6.3,49.1,30,4.1,0.8,1.4,1.1,0,0,11.1,32,20.8,25.6,10.5,55.2,44.8,73272,83492
"4725",6065043211,"06","065","043211",5486,33.565136,-117.172789,"Census Tract 432.11, Riverside County, California",308300,1672,35,6.8,3.39,4.17,2.7,1,37.4,57.8,0,1.1,0,0,0,0,0,3.1,41.9,42.7,12.3,86,14,78973,86025
"4726",6065043216,"06","065","043216",6495,33.515527,-117.144653,"Census Tract 432.16, Riverside County, California",302200,2695,75,4.5,3.31,3.17,0,8.8,35,48.8,6.1,0,1.4,0,0,3,11.5,40.6,20.2,21.4,3.3,38.4,61.6,58037,71811
"4727",6065043217,"06","065","043217",3263,33.532781,-117.141348,"Census Tract 432.17, Riverside County, California",285500,1074,26,6.3,2.96,4.07,0,16,42,32.6,9.4,0,0,0,0,0,0,3.1,58.2,31,7.7,66.5,33.5,97600,105229
"4728",6065043218,"06","065","043218",5597,33.531076,-117.118628,"Census Tract 432.18, Riverside County, California",365100,1774,76,7.1,3.1,3.86,0.5,6.4,27.4,43.7,19.8,0,1,0,1.1,0,0.5,6.8,31.1,43.2,18.3,84.2,15.8,86320,97994
"4729",6065043220,"06","065","043220",4594,33.504429,-117.134944,"Census Tract 432.20, Riverside County, California",241200,1749,188,4.1,2.7,2.95,7.7,0,11.8,56.6,17.7,5.1,1.1,0,0,0,22.1,50.1,23.2,4.6,0,28.3,71.7,51070,58444
"4730",6065043222,"06","065","043222",3842,33.493239,-117.133564,"Census Tract 432.22, Riverside County, California",462700,1312,8,7.3,3.11,3.62,8.5,3.4,26.6,26.4,23.8,10.7,0,0.6,0,0,0,1.8,39.6,49.3,9.3,93.5,6.5,91047,101775
"4731",6065043227,"06","065","043227",7051,33.58913,-117.221391,"Census Tract 432.27, Riverside County, California",329900,2035,205,7,3.37,3.92,20.9,47.9,18.5,7.5,2.8,0.5,0,2,0,0.3,4.1,15.5,25.4,26.6,28.1,63,37,81193,96968
"4732",6065043228,"06","065","043228",4108,33.576231,-117.213841,"Census Tract 432.28, Riverside County, California",279900,1494,190,5,4.36,2.88,10.8,4.9,57.4,25.4,1.4,0,0,0,0,0,18.6,22.6,27.7,28.6,2.5,41.6,58.4,89306,85793
"4733",6065043229,"06","065","043229",5127,33.586189,-117.205608,"Census Tract 432.29, Riverside County, California",311300,2496,240,5.7,2.07,2.67,0,11.7,66,20,0,1,0.6,0,0.6,1.9,5.3,44.5,34.7,8.7,4.8,83.9,16.1,50778,66339
"4734",6065043235,"06","065","043235",3742,33.613969,-117.114239,"Census Tract 432.35, Riverside County, California",354900,1205,46,7.1,3.96,4.01,71.4,20.4,0.6,7,0,0,0,0.7,0,0,0.9,0,20.4,44.6,34,83.1,16.9,98459,102635
"4735",6065043239,"06","065","043239",6792,33.554219,-116.995399,"Census Tract 432.39, Riverside County, California",614500,2192,142,7.1,2.69,3.55,6.3,22.7,18.6,32.9,15.7,2.4,1.4,0,0,0,0.6,10,55.9,24.5,9,90.8,9.2,83015,109390
"4736",6065043240,"06","065","043240",8802,33.608791,-117.100421,"Census Tract 432.40, Riverside County, California",297400,2822,295,7,3.68,2.97,25,67.9,7.2,0,0,0,0,0,0,0.4,7.4,1.4,22.1,44.7,24.1,71.4,28.6,75657,85980
"4737",6065043242,"06","065","043242",8148,33.591392,-117.103124,"Census Tract 432.42, Riverside County, California",304500,2534,232,7.1,3.51,4.24,29.4,61.2,7.7,0.8,0.8,0,0,0,0,0,0,6.4,37.1,40.3,16.3,94.4,5.6,93939,98039
"4738",6065043244,"06","065","043244",7220,33.5464,-117.128958,"Census Tract 432.44, Riverside County, California",345700,2539,162,6.6,2.83,3.08,11.2,57.9,25.9,2.6,2.4,0,0,0,0,0,0,13.2,45,26.5,15.3,86.2,13.8,76728,85985
"4739",6065043246,"06","065","043246",5906,33.503364,-117.07956,"Census Tract 432.46, Riverside County, California",469700,1572,22,6.8,3.44,3.17,5.7,58.5,17,16.9,1.8,0,0,0,0,2.3,0.8,2.3,34.7,44.7,15.2,77.5,22.5,89018,107787
"4740",6065043247,"06","065","043247",8838,33.563215,-117.110318,"Census Tract 432.47, Riverside County, California",358000,2313,293,7.5,3.68,4.27,19.7,65.8,6.7,5.3,2.5,0,0,0,0,0,0,2.1,31.7,38.9,27.2,79.9,20.1,96705,103663
"4741",6065043248,"06","065","043248",4214,33.472012,-117.084858,"Census Tract 432.48, Riverside County, California",371900,1323,24,7.1,2.95,3.99,0,25.9,69.8,2.1,1.4,0,0.8,0,0,0,0,1.4,33.3,54.2,11.1,91.5,8.5,86442,96944
"4742",6065043250,"06","065","043250",8339,33.470723,-117.107977,"Census Tract 432.50, Riverside County, California",336500,2573,183,6.1,3.11,3.25,34.4,7.3,49.5,1.8,3.7,0.7,1.4,1.1,0,0,4.7,17,43,20.5,14.7,71.7,28.3,65818,81232
"4743",6065043252,"06","065","043252",6574,33.459432,-117.091576,"Census Tract 432.52, Riverside County, California",357100,1808,92,7.6,3.61,3.13,29.9,32.6,33.4,0.6,0.6,0,2.9,0,0.2,0,0.2,2.8,27.5,48.9,20.6,91.1,8.9,103182,115176
"4744",6065043254,"06","065","043254",5011,33.464459,-117.126506,"Census Tract 432.54, Riverside County, California",320100,1627,130,6.2,3.13,3.17,0,3.4,27.5,58.8,9.1,0,1.2,0,0,2.9,0,9.5,44.9,35.6,7.1,79.6,20.4,65131,72160
"4745",6065043256,"06","065","043256",3478,33.478268,-117.08258,"Census Tract 432.56, Riverside County, California",283700,1051,48,6.2,3.52,3.03,0,11.1,75.3,9.8,3.4,0.4,0,0,0,0,0,3.7,55,40.1,1.2,72.6,27.4,98843,99883
"4746",6065043257,"06","065","043257",7034,33.473828,-117.055716,"Census Tract 432.57, Riverside County, California",360400,2224,148,7.7,3,3.88,35.8,44,12.9,2.7,2.8,0.4,0.2,0,1,0,8.9,3.2,25.8,33.3,28.7,87.3,12.7,108125,111323
"4747",6065043262,"06","065","043262",5122,33.509778,-117.103943,"Census Tract 432.62, Riverside County, California",346600,1784,117,6.9,3.22,2.95,0.4,0.5,59,34.6,2.8,0,2.6,0,0,0,0,14.7,35.5,44.3,5.4,82.8,17.2,90814,99670
"4748",6065043264,"06","065","043264",7683,33.494838,-117.102958,"Census Tract 432.64, Riverside County, California",322600,2259,51,6.3,3.26,3.84,0.4,13.2,77.2,8.1,0,0,0,1.2,0,0,0,4.7,46.5,38.8,10,79.5,20.5,91507,90927
"4749",6065043265,"06","065","043265",6142,33.492046,-117.089081,"Census Tract 432.65, Riverside County, California",347400,1784,19,6.6,3.31,3.81,0,66.1,31.2,0.7,2,0,0,0,0,0,0.8,1.1,44.8,44.6,8.7,77.5,22.5,91080,103905
"4750",6065043266,"06","065","043266",5215,33.510893,-117.134072,"Census Tract 432.66, Riverside County, California",309600,1869,212,4.6,3.05,3.18,2,27.2,23.4,40.2,2.3,2.5,0,0,2.3,1.8,12,39.8,32.3,13.6,0.6,39.3,60.7,57898,65434
"4751",6065043267,"06","065","043267",6705,33.518652,-117.110028,"Census Tract 432.67, Riverside County, California",352300,2378,192,6.8,2.9,4.05,0,44.6,38.9,12.5,2.9,0.6,0,0,0.5,0,1,10.9,35.7,39.8,12.7,88.2,11.8,72197,85427
"4752",6065043270,"06","065","043270",4991,33.602355,-117.258375,"Census Tract 432.70, Riverside County, California",289600,1637,109,6.9,3.33,2.78,9.3,30.9,20.7,35.3,1.6,0,0,0,2.1,1.1,7.6,1.6,33.5,39.2,16.9,77.1,22.9,77212,84201
"4753",6065043271,"06","065","043271",3930,33.602117,-117.277924,"Census Tract 432.71, Riverside County, California",289000,1164,110,6.1,3.5,3.79,10.7,23.8,17.1,27.9,14.9,4.6,0,0,1,0,0,14,53.5,23,9.5,73.1,26.9,62128,77804
"4754",6065043272,"06","065","043272",4976,33.569057,-117.292712,"Census Tract 432.72, Riverside County, California",634000,1838,296,7.9,2.88,4.24,14.2,20.3,35.5,20,5.4,3.4,1.1,0,0,0,0,16.1,25,41.2,17.8,92.5,7.5,107833,147387
"4755",6065043274,"06","065","043274",2545,33.649638,-117.246345,"Census Tract 432.74, Riverside County, California",299200,752,75,6,3.42,3.41,18.5,25.8,19.5,16.6,7.2,3.1,0,0,9.3,0,9.3,11.6,39.6,34,5.5,69.3,30.7,77298,80902
"4756",6065043276,"06","065","043276",3620,33.605478,-117.22908,"Census Tract 432.76, Riverside County, California",295000,1057,74,7.9,3.68,1.72,21.7,71.5,1.8,2.6,1.1,0,1.3,0,0,0,0,0,13.5,55.2,31.3,82.5,17.5,90893,116733
"4757",6065043278,"06","065","043278",5946,33.603691,-117.19241,"Census Tract 432.78, Riverside County, California",384900,1683,161,8,3.14,4.55,31.6,44.3,21.7,2.4,0,0,0,0,0,0,3.6,0.4,24.7,39,32.4,86.8,13.2,101250,129222
"4758",6065043279,"06","065","043279",5093,33.629703,-117.226578,"Census Tract 432.79, Riverside County, California",266100,1872,213,6,2.77,3.95,12.5,4.3,13.4,49.5,12.4,5.2,2.7,0,0,0,4.5,30.9,43,16.5,5.1,87,13,66250,70730
"4759",6065043291,"06","065","043291",8224,33.563127,-117.154367,"Census Tract 432.91, Riverside County, California",264900,3350,269,5.8,2.49,2.17,5.6,28.7,17,28.2,19.5,0.9,0,0,0,0.4,4.4,42,25.9,17,10.4,70.9,29.1,56771,77572
"4760",6065043304,"06","065","043304",6816,33.711789,-116.932251,"Census Tract 433.04, Riverside County, California",241900,2665,135,6.1,2.59,4.14,10.1,4.4,19.4,20.5,30.3,8.3,2,0.9,4.1,0.4,4.3,27.8,32.6,26.4,8.5,89.1,10.9,69211,89395
"4761",6065043306,"06","065","043306",4538,33.73359,-116.996539,"Census Tract 433.06, Riverside County, California",152000,1949,211,5.4,2.61,3.03,1.7,10.8,24.4,37.5,16.1,6.1,0,3,0.4,0,0.5,39,45.3,14.7,0.6,73.7,26.3,44841,59176
"4762",6065043307,"06","065","043307",5872,33.72729,-116.976864,"Census Tract 433.07, Riverside County, California",88900,2840,275,4.5,2.2,3.11,2,4.5,19.9,27.1,37.4,7.3,0.8,0.5,0.5,2.1,11.5,67,14.5,4.9,0,55.2,44.8,29274,37428
"4763",6065043308,"06","065","043308",2770,33.74419,-116.95165,"Census Tract 433.08, Riverside County, California",174100,1089,136,4.2,3.19,2.86,0,0,3.9,24,33.8,23.4,13,0.4,1.6,4.9,21.4,46.4,20.4,6.6,0.4,35.7,64.3,30101,39859
"4764",6065043309,"06","065","043309",2890,33.751089,-116.95141,"Census Tract 433.09, Riverside County, California",153400,1187,242,4.6,3.54,2.74,0.5,0.6,1.5,40.9,29.8,13.2,11.7,0.5,1.3,9.9,19.5,28.2,40.4,1.9,0,33.7,66.3,22446,38657
"4765",6065043310,"06","065","043310",3120,33.744936,-116.936385,"Census Tract 433.10, Riverside County, California",211200,1168,144,5,2.4,3.5,2.9,0,7,15.2,42.6,23.7,7.2,0,1.4,1.3,8.5,46.4,37.1,6.8,0,45.1,54.9,29506,44391
"4766",6065043311,"06","065","043311",2265,33.746803,-116.924293,"Census Tract 433.11, Riverside County, California",224600,745,78,5.9,2.62,4.94,0.5,1.2,4.6,44.6,31.7,10.7,3.8,0,3,0,4.2,6.8,67.5,14.6,6.8,68.1,31.9,61589,68223
"4767",6065043312,"06","065","043312",3862,33.732181,-116.961548,"Census Tract 433.12, Riverside County, California",146500,1369,109,5,3.44,4.11,0,5.2,1.1,15.9,39.1,27,8.7,2.6,0.4,0.9,0.7,42.7,51.3,4.5,0,72.3,27.7,50658,53250
"4768",6065043313,"06","065","043313",3504,33.735488,-116.951202,"Census Tract 433.13, Riverside County, California",145300,1145,111,4.9,3.26,3.92,1,1.9,3,8.9,35.7,19.5,22.7,6.6,0.6,2.9,5.2,41.7,44.5,4.8,0.9,57.4,42.6,44300,49665
"4769",6065043314,"06","065","043314",3631,33.734038,-116.939614,"Census Tract 433.14, Riverside County, California",198600,1254,171,5.8,2.76,3.94,0,4.3,2.6,16.3,39.4,18,17.1,0.6,1.6,0,3.3,21.6,47.4,27,0.8,78.9,21.1,54476,64185
"4770",6065043315,"06","065","043315",2073,33.733613,-116.927944,"Census Tract 433.15, Riverside County, California",204400,679,77,6.3,2.72,2.8,0,0,4.9,27.5,56.8,1.6,5.3,3.8,0,1.8,0,4.4,59.4,32.8,1.6,84.7,15.3,55985,68409
"4771",6065043316,"06","065","043316",3713,33.720887,-116.997798,"Census Tract 433.16, Riverside County, California",170500,1905,305,6,1.84,2.98,13,10.7,16.2,22.6,33.7,2.2,0.8,0.8,0,0,0,42.5,36.6,13.3,7.7,80.4,19.6,38945,46479
"4772",6065043317,"06","065","043317",8526,33.720244,-117.017294,"Census Tract 433.17, Riverside County, California",176500,2412,355,6.1,3.26,4.28,19.6,32.4,32.5,13.8,1.7,0,0,0,0,1.3,12.9,13.6,28.4,25.5,18.4,80.3,19.7,62665,73152
"4773",6065043401,"06","065","043401",5791,33.74678,-116.970424,"Census Tract 434.01, Riverside County, California",114100,2297,381,4.4,3.18,3,1.7,1.4,2.4,13.2,14.5,25.7,22.6,11.5,7.1,3.8,24.4,38.8,28.9,3.7,0.4,47,53,24508,38096
"4774",6065043403,"06","065","043403",2847,33.73722,-116.967278,"Census Tract 434.03, Riverside County, California",121700,1152,84,4.9,2.75,3.04,0,0,0,13.8,45.3,23.7,13.5,3,0.8,0,7.4,53,37,0,2.7,40.4,59.6,30407,37465
"4775",6065043404,"06","065","043404",2544,33.737303,-116.981844,"Census Tract 434.04, Riverside County, California",88600,1676,295,4.6,1.64,2.3,1.4,0,2.1,4,30.7,55.4,4.4,0.7,1.1,0,5.8,85,8.3,1,0,63.4,36.6,26227,33211
"4776",6065043405,"06","065","043405",4217,33.750315,-116.984959,"Census Tract 434.05, Riverside County, California",22900,2176,386,4.2,1.83,2.83,7.6,2.8,3.7,11.5,44.5,16.8,11.3,1.8,0,0,22.9,66.4,10.2,0.5,0,58.3,41.7,19032,28069
"4777",6065043503,"06","065","043503",4112,33.74925,-116.999147,"Census Tract 435.03, Riverside County, California",48600,2626,464,4,1.59,1.97,3.8,1.8,17.6,41.7,29.3,3.4,2.5,0,0,6.8,22.5,62.4,5.4,2.9,0,46,54,30424,39020
"4778",6065043504,"06","065","043504",7743,33.755751,-117.016009,"Census Tract 435.04, Riverside County, California",130100,3180,560,5.5,2.54,3.43,21,24.4,15.2,22.1,14.9,2.3,0,0,0,0,15.7,30.8,23.8,22.2,7.6,77.8,22.2,50819,68779
"4779",6065043505,"06","065","043505",2911,33.758503,-116.993359,"Census Tract 435.05, Riverside County, California",126300,1890,150,4.2,1.64,1.84,1.4,6.7,10.4,27.2,40.9,6.5,6.2,0.7,0,0,5.8,88.8,4.4,0,1,50.1,49.9,24021,31952
"4780",6065043506,"06","065","043506",6386,33.769204,-116.995943,"Census Tract 435.06, Riverside County, California",175200,2589,339,6,2.91,2.92,20.7,27.2,20.2,23.9,5,1.4,1.1,0.4,0,0.7,0,28.6,29.4,29.5,11.9,84.4,15.6,49744,64082
"4781",6065043507,"06","065","043507",6700,33.765111,-116.972407,"Census Tract 435.07, Riverside County, California",82300,2830,302,4.2,2.62,2.58,5.2,7.3,12.6,33.9,30.1,5.3,4.1,0.9,0.6,2.7,26.1,40.9,23.1,6.1,1.2,35.7,64.3,27697,33895
"4782",6065043508,"06","065","043508",7014,33.763636,-116.940598,"Census Tract 435.08, Riverside County, California",180100,2878,344,5,2.56,2.27,7.4,9.6,13.4,24.4,28.6,10.8,1.4,4.4,0,1.5,18.7,30.1,30.4,16.5,2.8,74.8,25.2,38936,54784
"4783",6065043509,"06","065","043509",5117,33.800367,-116.962655,"Census Tract 435.09, Riverside County, California",108700,2030,359,5.1,2.74,4.16,4.2,17.8,18.7,29.7,17.6,1.6,6.3,3.5,0.5,0.8,7.4,37.2,41.4,8.5,4.6,70.4,29.6,49145,54613
"4784",6065043512,"06","065","043512",6580,33.771154,-116.942714,"Census Tract 435.12, Riverside County, California",159400,2307,369,5.7,3.09,3.73,12.7,32.9,31.2,13.4,4.9,3.3,0.8,0.5,0.4,0,2,23.9,42,26.4,5.8,73.9,26.1,56134,60466
"4785",6065043513,"06","065","043513",2456,33.775574,-116.935434,"Census Tract 435.13, Riverside County, California",107500,1026,125,5.5,2.74,5.31,15.8,27.1,3.5,20.6,29.3,3.7,0,0,0,0,5.6,29.3,48.8,15,1.3,84.8,15.2,45720,53583
"4786",6065043517,"06","065","043517",6815,33.788248,-117.005673,"Census Tract 435.17, Riverside County, California",214000,1706,201,7.2,4,4.85,68.7,19.1,6.6,0,3.8,1.9,0,0,0,2.5,0,1.3,16.6,49.1,30.5,69.8,30.2,65625,71755
"4787",6065043601,"06","065","043601",4505,33.783426,-116.953171,"Census Tract 436.01, Riverside County, California",129700,1500,247,4.4,3.1,4.12,0.7,6.9,5.5,28.1,21.5,15.1,11.9,4.5,5.9,0,19.7,46.1,18.1,15,1.1,43.2,56.8,29387,42603
"4788",6065043602,"06","065","043602",3953,33.786799,-116.966294,"Census Tract 436.02, Riverside County, California",125000,1327,77,4.3,3.04,2.38,0,2.6,3.7,13,27.4,16.4,20.3,8.5,8.1,1.7,31.4,25,32.7,7.8,1.4,41.8,58.2,31571,38182
"4789",6065043701,"06","065","043701",3512,33.745136,-116.879636,"Census Tract 437.01, Riverside County, California",126900,1580,201,5.1,2.54,2.44,5,4.2,8.9,19.9,36.3,16.8,4.6,1.8,2.6,0,11.4,40.1,35.4,12.4,0.7,78.6,21.4,36094,60900
"4790",6065043702,"06","065","043702",4235,33.75217,-116.910331,"Census Tract 437.02, Riverside County, California",149500,1796,37,5.4,2.36,2.82,6.2,8.8,14.5,22.4,24.1,21.9,0,0,2.2,0,7.5,39.6,37.9,11.2,3.8,79.9,20.1,47283,57515
"4791",6065043703,"06","065","043703",2585,33.753647,-116.899922,"Census Tract 437.03, Riverside County, California",126000,1060,131,5.5,2.43,4.4,1.6,1.4,9.3,35,41.1,2.7,4.4,1.1,3.2,0.6,5.8,46.3,35.9,11.4,0,78.4,21.6,44842,53236
"4792",6065043802,"06","065","043802",5116,33.998394,-117.045334,"Census Tract 438.02, Riverside County, California",226100,2427,183,5.5,2.32,2.95,1.3,5.4,8.1,13.7,27,25.5,11.9,3.7,3.5,0,7.5,36.8,35,16.8,3.9,83.1,16.9,48578,57199
"4793",6065043807,"06","065","043807",5743,33.957396,-116.97098,"Census Tract 438.07, Riverside County, California",222800,2060,99,5.5,2.73,2.24,15.7,19.9,11.2,18.9,17.6,12.4,3.7,0,0.6,0.5,6.4,26.5,40.1,20.4,6.1,78.8,21.2,64180,71913
"4794",6065043809,"06","065","043809",3015,33.972373,-116.954807,"Census Tract 438.09, Riverside County, California",207700,1487,114,5.4,2.03,2.22,2.2,3.7,18.4,23.4,32.3,10.6,4.3,2,3.1,0,1.3,52.7,34.4,11.5,0,90.5,9.5,51597,61799
"4795",6065043810,"06","065","043810",4933,33.95482,-116.999947,"Census Tract 438.10, Riverside County, California",271900,2246,208,5.6,2.36,2.66,38.8,58.9,1,0,0.6,0.7,0,0,0,0,0,49,16.1,21.8,13.1,84.8,15.2,58565,73766
"4796",6065043811,"06","065","043811",3877,33.983654,-116.999119,"Census Tract 438.11, Riverside County, California",315800,1708,207,5.6,2.35,3.07,3,10.3,12.7,29.2,18.1,12.1,11.1,1.8,1.8,0,10.9,33.1,26.9,15.9,13.1,80,20,49956,73738
"4797",6065043812,"06","065","043812",5409,33.913622,-116.939523,"Census Tract 438.12, Riverside County, California",248800,4007,308,5,1.56,1.73,2.3,24.7,38.6,32.2,0.8,0.8,0.6,0,0,0.4,0,80.7,18.9,0,0,91.8,8.2,41438,48461
"4798",6065043813,"06","065","043813",4340,33.913011,-116.805673,"Census Tract 438.13, Riverside County, California",162200,1598,312,4.8,2.69,2.78,16.5,5.4,10.3,11.3,21.8,7.5,20.9,6.3,0,1.4,17.8,33.1,29.9,15.6,2.2,67.5,32.5,37721,75739
"4799",6065043814,"06","065","043814",905,33.959455,-117.029494,"Census Tract 438.14, Riverside County, California",107600,510,79,5.2,1.85,NA,16.3,18,12,53.7,0,0,0,0,0,0,0,71.8,26.3,2,0,100,0,43750,45965
"4800",6065043818,"06","065","043818",3832,33.939684,-116.951591,"Census Tract 438.18, Riverside County, California",240100,1344,166,6.5,3.44,1.96,38.5,61.5,0,0,0,0,0,0,0,0,0,1.9,34.9,48.9,14.4,95.2,4.8,83333,99209
"4801",6065043820,"06","065","043820",3895,33.916904,-116.958251,"Census Tract 438.20, Riverside County, California",240100,1408,207,6.1,2.66,3.65,80.2,13,4.5,0,0,2.3,0,0,0,2.3,0,33.5,26.1,27.3,10.9,89.2,10.8,85766,87105
"4802",6065043821,"06","065","043821",2707,33.936304,-116.960209,"Census Tract 438.21, Riverside County, California",195500,953,33,5.5,2.64,2.64,30.8,9.9,33.9,3,7.6,3.9,4.6,1.4,4.9,3,17.7,18.7,26.9,33.7,0,64,36,53690,60950
"4803",6065043822,"06","065","043822",2689,33.941475,-117.007457,"Census Tract 438.22, Riverside County, California",280800,876,117,6.1,2.77,3.12,2.5,68.4,3.9,6.4,1.5,1.9,4.2,9.2,1.9,3,0,20.7,33.6,24.5,18.3,85.1,14.9,73725,69851
"4804",6065043823,"06","065","043823",7023,33.960818,-117.0455,"Census Tract 438.23, Riverside County, California",279500,2235,227,6.9,3.02,4.11,66.3,17.3,7,2.7,0.6,4.8,0.8,0.5,0,0,1.1,3,35.7,41.6,18.6,92.9,7.1,91857,103326
"4805",6065043900,"06","065","043900",6405,33.938754,-116.973729,"Census Tract 439, Riverside County, California",194500,2226,292,4.7,3.38,2.67,0.4,10,4.5,6.6,14.7,21.2,26.4,5.1,11.1,5.1,10.8,36.3,34,11.6,2.2,56.6,43.4,41296,52194
"4806",6065044000,"06","065","044000",2109,33.929528,-116.975081,"Census Tract 440, Riverside County, California",169400,792,84,3.8,2.87,2.84,3.2,0,3.5,20.6,16.9,21.8,17.4,9.7,6.8,4.3,37.4,32.4,23.1,1.3,1.5,24.6,75.4,26205,34194
"4807",6065044101,"06","065","044101",2973,33.927206,-116.89213,"Census Tract 441.01, Riverside County, California",150500,1226,161,4.5,2.43,2.32,0,2.6,6.2,15.4,15.6,7.1,29,14.8,9.4,18.8,17.7,30.9,18.8,10.9,2.9,37.7,62.3,27028,39043
"4808",6065044102,"06","065","044102",2841,33.930789,-116.892392,"Census Tract 441.02, Riverside County, California",124100,1145,138,4.4,2.3,2.26,7,1,4.1,7.7,23.8,12.4,29.5,10.7,3.7,1.1,19.3,43.2,33.1,3.2,0,57.6,42.4,33681,43324
"4809",6065044103,"06","065","044103",5669,33.933283,-116.924928,"Census Tract 441.03, Riverside County, California",137300,2858,281,5.1,2.24,2.33,3.7,15.7,22.6,27.1,20.3,9.1,1.5,0,0,3.2,3.2,41.4,31.3,19.1,1.7,71.4,28.6,38957,52290
"4810",6065044104,"06","065","044104",2647,33.943261,-116.891355,"Census Tract 441.04, Riverside County, California",236900,1125,89,6.1,2.68,2.69,2.5,0.9,17.1,29.7,11.6,8.1,16.5,3.6,10,1.9,3.9,15.8,50.1,28.3,0,88,12,70245,85843
"4811",6065044200,"06","065","044200",5701,33.933934,-116.868861,"Census Tract 442, Riverside County, California",152900,2158,473,4.5,3.17,2.84,3.8,7.8,3.1,12.7,6.3,20.1,30.3,8.9,7,8.2,7,35.4,42.8,4.6,2.1,49.5,50.5,29776,40812
"4812",6065044300,"06","065","044300",4774,33.917475,-116.882689,"Census Tract 443, Riverside County, California",183600,1541,145,4.8,3.32,2.84,3.9,10.6,18.4,16.3,7.7,15.3,8.6,7.5,11.8,2.5,12.1,39.7,39.1,5.3,1.3,60.2,39.8,34896,42060
"4813",6065044402,"06","065","044402",6218,33.561178,-116.73503,"Census Tract 444.02, Riverside County, California",293000,2809,488,5.6,2.39,2.85,6.9,11.1,14.4,38.3,21.4,4.3,1.5,0,2,0,12.6,37.6,35.5,14.3,0,79.8,20.2,62611,72270
"4814",6065044403,"06","065","044403",4402,33.50505,-116.640509,"Census Tract 444.03, Riverside County, California",231400,1930,415,5.4,3.03,3.11,7.5,5.2,18,28.5,23.6,11.5,3.1,0,2.6,1.2,12,33.6,40.6,12.6,0,77.2,22.8,40403,52514
"4815",6065044404,"06","065","044404",1860,33.741368,-116.736311,"Census Tract 444.04, Riverside County, California",271500,1728,1224,4.8,1.99,1.98,0.8,0,15.7,16.8,23.8,22.5,13.4,2.7,4.2,6,8.5,51.9,20.7,10.6,2.3,76.8,23.2,44924,60752
"4816",6065044405,"06","065","044405",2366,33.752532,-116.715356,"Census Tract 444.05, Riverside County, California",367200,2501,1946,5.2,2.17,3.11,0.8,0.8,7,20.7,9.6,30.6,16.3,4,10.4,1.6,6.5,42.3,37,11.3,1.2,73.2,26.8,57429,85870
"4817",6065044505,"06","065","044505",6479,33.8191,-116.386815,"Census Tract 445.05, Riverside County, California",128300,3089,777,5,2.48,3.64,6.5,5.4,16.1,34.3,24.6,5.6,2.9,4.5,0,0,4.4,44.8,41,9.8,0,75.9,24.1,42167,49061
"4818",6065044507,"06","065","044507",6565,33.953912,-116.512331,"Census Tract 445.07, Riverside County, California",142000,2400,606,4.9,3.26,3.19,11.6,18.2,12.4,13.4,16.1,13.3,11.7,2,1.3,2.5,13.8,26.7,44.3,12.2,0.6,61,39,40565,49405
"4819",6065044509,"06","065","044509",3939,33.964952,-116.503837,"Census Tract 445.09, Riverside County, California",169800,1782,434,4.1,3.8,2.51,7.3,7.7,3.7,20.4,19.8,15.1,16.7,9.4,0,10.2,30.1,23.4,27.4,8.1,0.7,33.5,66.5,27813,33661
"4820",6065044510,"06","065","044510",5808,33.953508,-116.491668,"Census Tract 445.10, Riverside County, California",144800,2232,599,4.6,3.06,3.39,10.1,6.3,12.2,27.5,23.8,11.4,3.1,3.6,1.9,1.5,8.9,42.7,37.6,9.3,0,31.4,68.6,33341,43245
"4821",6065044515,"06","065","044515",3618,33.934379,-116.499626,"Census Tract 445.15, Riverside County, California",102500,1356,247,4.9,3.11,2.53,24.9,11.2,18.2,19.2,16.7,8.6,1.1,0,0,0,6.1,44.1,36.4,13.3,0,79,21,28510,29764
"4822",6065044516,"06","065","044516",6606,33.942149,-116.480358,"Census Tract 445.16, Riverside County, California",111800,2525,455,5.2,2.92,3.36,24.6,15.8,14.5,15.5,16.2,6.4,1.8,2.1,3.2,0.7,7.4,23,46.5,20.8,1.7,58,42,32064,41370
"4823",6065044517,"06","065","044517",2377,33.982782,-116.536699,"Census Tract 445.17, Riverside County, California",244500,1522,557,5.3,2.01,1.71,15.8,16.4,10.7,23.7,27.5,1.1,3.6,1.1,0,0,11.3,20.6,52,16,0,80.3,19.7,45875,59479
"4824",6065044518,"06","065","044518",5232,33.974593,-116.501741,"Census Tract 445.18, Riverside County, California",167100,2364,439,5.3,2.3,3.43,15.1,17.3,19.7,16.5,21.7,4.6,2.2,2.8,0,2.4,0,21,65.8,10.8,0,64.6,35.4,45216,53035
"4825",6065044520,"06","065","044520",1704,33.827394,-116.351161,"Census Tract 445.20, Riverside County, California",242900,923,290,4.9,2.6,3.11,4.3,11.1,17.3,39,6.4,0,16.6,5.3,0,0,9.4,53.3,25.8,11.5,0,85.8,14.2,47631,61564
"4826",6065044521,"06","065","044521",1196,33.936816,-116.675215,"Census Tract 445.21, Riverside County, California",150600,515,241,4.9,3.38,1.61,11.3,23.5,19,27,0.8,5,13.4,0,0,0,6.4,24.7,53,15.9,0,72.3,27.7,40338,46445
"4827",6065044522,"06","065","044522",4876,33.924164,-116.486582,"Census Tract 445.22, Riverside County, California",103000,2831,867,4.2,2.22,2.89,5.9,16.1,18.2,15.9,14.8,15.7,9.4,0,3.9,1.1,16.8,58.1,18.2,2.8,2.9,83.7,16.3,40412,50786
"4828",6065044602,"06","065","044602",2907,33.839318,-116.536824,"Census Tract 446.02, Riverside County, California",524300,2314,571,4,1.83,1.68,5,4.6,9.8,22,7.7,10.3,21.6,13.4,5.7,7.5,28.4,33,23.2,6.4,1.6,51.2,48.8,32156,52935
"4829",6065044604,"06","065","044604",4320,33.854076,-116.521052,"Census Tract 446.04, Riverside County, California",302800,2177,464,5.1,2.55,2.21,10.2,12.9,9.8,14.4,25,18.7,8.4,0.6,0,0,6,25.8,54.5,11.6,2.2,80,20,55542,72987
"4830",6065044605,"06","065","044605",4803,33.862257,-116.545907,"Census Tract 446.05, Riverside County, California",286300,3122,1080,4.1,2.25,2.25,17.3,15.3,12.2,27.5,10.2,11.7,3.3,2.4,0,1.8,33.5,28.8,21.4,14.5,0,43.2,56.8,44327,74814
"4831",6065044606,"06","065","044606",2852,33.853008,-116.569014,"Census Tract 446.06, Riverside County, California",422100,2399,1278,4.8,2.04,1.35,5.8,12.7,5.6,15.8,11.9,14.4,11.8,12.3,9.8,5.5,19.2,24.9,39.8,6.7,4,54.2,45.8,58861,95698
"4832",6065044701,"06","065","044701",3555,33.823478,-116.519375,"Census Tract 447.01, Riverside County, California",412600,2283,613,4.1,1.84,2.08,0,0.3,1.7,19.4,28.9,17.7,25.4,3.3,3.4,2.1,33.7,33.9,23.3,3.4,3.5,33.6,66.4,34318,53822
"4833",6065044702,"06","065","044702",2295,33.823959,-116.488585,"Census Tract 447.02, Riverside County, California",195200,729,57,4.9,3.7,3.17,0,0,0.5,21.5,11.8,46,16.7,3,0.4,0,0,31.4,51.2,16.7,0.7,64.6,35.4,50000,53769
"4834",6065044804,"06","065","044804",2850,33.812009,-116.503997,"Census Tract 448.04, Riverside County, California",253900,1175,186,4.8,2.84,3.2,0.9,5,4.1,5.2,23.7,23.8,25.1,12.3,0,6.4,12.6,21.8,45,13.1,1.1,58.5,41.5,42639,50366
"4835",6065044805,"06","065","044805",1701,33.804454,-116.536776,"Census Tract 448.05, Riverside County, California",462100,1609,587,4.5,1.9,1.57,7.6,2.2,1.4,10.6,27,12.6,24.2,10.8,3.6,7.1,18.2,40.1,28.3,6.2,0,50,50,50714,96094
"4836",6065044806,"06","065","044806",1982,33.813004,-116.537007,"Census Tract 448.06, Riverside County, California",414400,1668,454,3.8,1.85,1.77,0,8.5,0.7,3.6,9.8,34.2,27.7,7,8.5,3,37.6,36,20,3.4,0,47,53,34844,50413
"4837",6065044807,"06","065","044807",1281,33.790247,-116.515795,"Census Tract 448.07, Riverside County, California",578100,1207,395,4.3,2,1.4,16.1,8.1,4.7,17.6,28.6,11,6.9,4.4,2.6,8,14.2,45.7,21.4,9.7,1.1,33.4,66.6,52308,92127
"4838",6065044904,"06","065","044904",4543,33.848945,-116.481024,"Census Tract 449.04, Riverside County, California",255300,1891,214,5.4,2.83,2.47,8,38.5,17.1,31,2.3,2.4,0.7,0,0,0.7,10.7,11.8,62.5,13.9,0.4,71.2,28.8,55096,65928
"4839",6065044907,"06","065","044907",4989,33.808519,-116.470316,"Census Tract 449.07, Riverside County, California",199800,1545,239,4.7,3.93,3.85,2.5,21.7,22.6,38.6,5.2,1.7,4.9,2.8,0,2.4,8.8,34.1,39.7,10.8,4.1,40.5,59.5,37982,47782
"4840",6065044911,"06","065","044911",4617,33.735539,-116.314828,"Census Tract 449.11, Riverside County, California",289300,3258,773,4.6,2.27,2.27,3.8,7.5,9.2,23.6,20.9,28.9,5.3,0.4,0.4,4,21.4,31.4,40.4,2.3,0.6,56.2,43.8,50348,61560
"4841",6065044915,"06","065","044915",6489,33.809061,-116.462929,"Census Tract 449.15, Riverside County, California",195100,1968,154,4.3,4.15,3.38,2.5,21,11.6,40.4,14.6,6.3,2.8,0.9,0,0.9,22.4,34.7,34,6.9,1.1,26.8,73.2,33431,37712
"4842",6065044916,"06","065","044916",4650,33.794823,-116.450998,"Census Tract 449.16, Riverside County, California",332400,2112,610,5.2,2.24,3.85,9.4,27.4,15.8,23.2,16.3,2.6,4,0,1.4,0.4,6.3,28.5,46.3,18.4,0,61.6,38.4,62262,79709
"4843",6065044917,"06","065","044917",3911,33.774587,-116.426509,"Census Tract 449.17, Riverside County, California",622700,3322,1055,5.8,1.81,1.81,2.8,10.3,15.7,28.8,31.5,5.6,2.7,2.1,0.5,0,0,20.8,62.2,13.5,3.5,91.5,8.5,86888,177161
"4844",6065044918,"06","065","044918",3030,33.755807,-116.403675,"Census Tract 449.18, Riverside County, California",570800,2806,1294,5.2,2.14,1.06,5.2,16.5,14.4,24.2,35.6,1,2.4,0,0.7,5.9,4.8,34,38.6,12.7,4,79,21,70152,127102
"4845",6065044919,"06","065","044919",4243,33.764461,-116.373206,"Census Tract 449.19, Riverside County, California",279600,4634,2058,5.1,1.62,1.45,5.7,6.8,21.6,27.9,36.4,1,0,0.2,0.3,0,2.4,67.7,25.1,4.4,0.4,88,12,42674,62672
"4846",6065044921,"06","065","044921",2355,33.792815,-116.405747,"Census Tract 449.21, Riverside County, California",752800,1291,507,6.6,2.18,5.16,7,40.8,32.3,15.8,1.4,2.6,0.2,0,0,0,0.2,12.6,50.4,22.3,14.5,86,14,78172,121215
"4847",6065044922,"06","065","044922",3494,33.773037,-116.35,"Census Tract 449.22, Riverside County, California",458200,3316,1623,4.9,2.27,2.49,22.4,18.6,8.7,47,1.9,0,0.7,0,0.6,0,4.8,51.9,26,16.8,0.6,69.8,30.2,73652,99740
"4848",6065044923,"06","065","044923",3615,33.841311,-116.468431,"Census Tract 449.23, Riverside County, California",286300,1234,20,5.8,3.23,2.96,3.6,4.9,27.1,47.8,6.2,8.9,0,0,1.6,2.7,2.4,17.9,41.4,28.9,6.7,59.1,40.9,49281,82118
"4849",6065044924,"06","065","044924",3984,33.834216,-116.467789,"Census Tract 449.24, Riverside County, California",240400,1339,48,5.4,2.92,3.4,0,15.4,30.5,48.1,4,0,0.7,0,1.3,0,1.3,7.2,65.5,24.5,1.4,73.9,26.1,41979,57758
"4850",6065044925,"06","065","044925",3477,33.826735,-116.468218,"Census Tract 449.25, Riverside County, California",246600,1055,0,5.8,2.88,2.78,6,16.5,31.9,37.5,3,5,0,0,0,0,0,3.4,61.4,35.2,0,75.1,24.9,56696,63850
"4851",6065044926,"06","065","044926",4665,33.819782,-116.468917,"Census Tract 449.26, Riverside County, California",185600,1563,415,5.1,3.57,4.26,3.8,24.2,17.6,36.8,7.3,3.3,7.1,0,0,1.6,4,19.1,60.7,14.7,0,71.7,28.3,46200,54332
"4852",6065044927,"06","065","044927",3801,33.751787,-116.315209,"Census Tract 449.27, Riverside County, California",479900,3938,2070,4.4,1.73,1.95,0,5.1,37.2,49.2,8,0.5,0,0,0,0.4,2.5,59.8,24.1,12.7,0.4,74.6,25.4,82914,112439
"4853",6065044928,"06","065","044928",3443,33.745901,-116.340155,"Census Tract 449.28, Riverside County, California",469200,3313,1451,5.3,1.99,1.65,2.4,10.1,26.9,50,9.1,0.9,0,0.5,0,1.7,4.3,43,39.7,9.6,1.7,77.6,22.4,68636,121433
"4854",6065044929,"06","065","044929",3908,33.751753,-116.382006,"Census Tract 449.29, Riverside County, California",429700,3115,1152,4.9,2.09,1.55,4,0.1,15.2,53,25.7,1,1,0,0,0.6,11.9,38.1,46,2.3,1.1,68.6,31.4,46042,90359
"4855",6065044930,"06","065","044930",3213,33.742632,-116.364658,"Census Tract 449.30, Riverside County, California",241400,2387,1041,4.6,1.79,2.38,7.9,17.8,13.1,36.4,18.7,6.2,0,0,0,3.4,16.1,54.5,23,3,0,70.7,29.3,49269,77571
"4856",6065044931,"06","065","044931",2327,33.819764,-116.452575,"Census Tract 449.31, Riverside County, California",303900,699,23,5.3,3.48,3.87,11.7,22.9,8.6,48.2,1.1,4,1.9,0,1.6,0,0,8.6,65.1,24.5,1.9,71,29,65714,72650
"4857",6065044932,"06","065","044932",3067,33.826877,-116.449049,"Census Tract 449.32, Riverside County, California",289800,1190,238,5.8,2.88,2.58,8.6,33.3,48.8,8.7,0,0.6,0,0,0,0,8.7,7.6,47.7,30.1,5.9,66.6,33.4,62581,74710
"4858",6065045000,"06","065","045000",3424,33.773297,-116.469288,"Census Tract 450, Riverside County, California",316700,1870,413,4.7,2.67,2.36,7.8,4.5,1.5,9.5,20.8,30.9,19.8,1.6,3.6,7.9,10.8,34.3,39.7,6.8,0.5,58.5,41.5,43528,58874
"4859",6065045103,"06","065","045103",3623,33.750301,-116.42593,"Census Tract 451.03, Riverside County, California",451100,3079,1033,4.9,2.06,1.85,4,8.5,7.3,8.4,40.2,17.4,7.8,3.8,2.4,1.2,12.5,37.3,35.9,10.5,2.6,70,30,46920,94380
"4860",6065045108,"06","065","045108",5726,33.725751,-116.377489,"Census Tract 451.08, Riverside County, California",328800,2912,656,4.3,2.38,2.37,4.7,7.8,30.7,18,27.9,4.5,4.5,0.7,1.2,9.7,18.6,34.9,27.8,7.7,1.4,44.7,55.3,45221,64375
"4861",6065045109,"06","065","045109",3831,33.655311,-116.311963,"Census Tract 451.09, Riverside County, California",287300,1741,412,5.2,2.6,3.55,1.3,17.7,17.7,30.6,25.7,2.2,1.8,2.4,0.5,0,1,10.3,83.7,4.4,0.6,68.5,31.5,62823,83036
"4862",6065045110,"06","065","045110",5401,33.665419,-116.310744,"Census Tract 451.10, Riverside County, California",250000,2080,275,5.3,2.66,3.19,0.3,19,26.6,20.1,26.2,2.7,2,1.4,1.7,0,0,9.4,82.5,7.6,0.5,72.8,27.2,61966,67738
"4863",6065045114,"06","065","045114",1939,33.696129,-116.385992,"Census Tract 451.14, Riverside County, California",519100,2034,1032,5.1,1.71,1.25,1.5,3.2,10.1,29.9,46.3,7.4,1.5,0,0,0,4.9,42,39.2,13.9,0,90.1,9.9,74872,108005
"4864",6065045115,"06","065","045115",2026,33.704445,-116.38847,"Census Tract 451.15, Riverside County, California",540300,1734,594,5.7,2.13,1.61,0,0,8,23.7,45.2,15.6,7.5,0,0,0,0,25.4,61.7,10.2,2.7,93.9,6.1,101955,118970
"4865",6065045116,"06","065","045116",1492,33.712568,-116.396648,"Census Tract 451.16, Riverside County, California",414900,1284,608,4.5,1.49,1.67,0,2.3,6.6,5.9,28.4,43.7,10.7,1.2,1.2,0,4.4,66.2,27.1,2.3,0,66.1,33.9,57188,72266
"4866",6065045117,"06","065","045117",3969,33.716542,-116.373591,"Census Tract 451.17, Riverside County, California",370100,2953,959,4.7,2.42,1.95,0.8,0.8,4.8,18.1,28.6,23.6,22.9,0.5,0,0,11.3,54.8,23.4,7.3,3.2,54.3,45.7,62000,91098
"4867",6065045118,"06","065","045118",2762,33.7333,-116.391208,"Census Tract 451.18, Riverside County, California",328900,1957,764,4.8,2.33,1.65,2.2,10.9,13.8,36.3,28.6,5.8,0,0,2.4,0.9,12.6,44.5,37.1,4.9,0,54.6,45.4,31886,55581
"4868",6065045119,"06","065","045119",2811,33.731722,-116.369586,"Census Tract 451.19, Riverside County, California",269600,1376,180,5.8,2.6,2.47,5,18.8,17.5,9,38.6,6.5,4.6,0,0,0,0,18,62.9,16.4,2.8,83.4,16.6,54089,84832
"4869",6065045120,"06","065","045120",4580,33.67682,-116.306367,"Census Tract 451.20, Riverside County, California",298300,2688,947,5,2.92,2.57,4.7,21.8,30.8,13.9,21.7,5.7,1.4,0,0,1.4,11,32.8,43.1,11.8,0,47.4,52.6,58650,74152
"4870",6065045121,"06","065","045121",5457,33.69119,-116.282924,"Census Tract 451.21, Riverside County, California",631500,4033,1493,5.8,2.35,1.61,9.7,41.4,41.2,4.3,1.1,1.9,0.4,0,0,1.6,9.5,12.5,50.5,23.4,2.4,76.4,23.6,88182,124590
"4871",6065045122,"06","065","045122",1427,33.717923,-116.321985,"Census Tract 451.22, Riverside County, California",700300,1260,578,5.4,1.93,2.33,2.2,21.3,10.6,14.7,23.7,21.3,5.9,0,0.2,0,5.9,29.2,51.1,13,0.8,76,24,110776,172208
"4872",6065045123,"06","065","045123",2356,33.724252,-116.348972,"Census Tract 451.23, Riverside County, California",585200,1775,584,6.1,2.21,2.16,0.8,1.1,31,38.2,13.7,13,2.3,0,0,1.3,1.3,23.6,52.5,18.7,2.6,81.4,18.6,89241,149652
"4873",6065045124,"06","065","045124",1505,33.690133,-116.410061,"Census Tract 451.24, Riverside County, California",75700,1367,474,4.9,1.64,1.63,4,19.3,10.3,4,47.2,8.9,5.1,0,1.2,1.2,15.7,53.3,16.2,11.3,2.3,88.7,11.3,40262,96102
"4874",6065045125,"06","065","045125",3017,33.691673,-116.324833,"Census Tract 451.25, Riverside County, California",670500,3211,1922,5.9,2.12,1.42,6,22.5,23.2,30.4,9.9,5.1,2.1,0,0.8,1.8,2.6,27.6,35.6,29.4,3,82.7,17.3,103447,211382
"4875",6065045207,"06","065","045207",5014,33.707978,-116.242005,"Census Tract 452.07, Riverside County, California",157100,1729,188,4.4,3.19,4.01,4.7,17.7,15.8,32.9,22.7,5.6,0,0.5,0,1.7,11.4,51.2,20.5,14.5,0.6,43.7,56.3,37634,48564
"4876",6065045209,"06","065","045209",5441,33.721971,-116.238212,"Census Tract 452.09, Riverside County, California",179600,1771,171,4.6,4.06,2.94,4.6,8.8,17.1,28.6,20.1,13.4,4.7,0.6,2.2,3.4,20.3,30.9,24.4,19.3,1.8,38.9,61.1,36721,44062
"4877",6065045212,"06","065","045212",2293,33.730459,-116.260999,"Census Tract 452.12, Riverside County, California",469100,1192,48,5.1,1.82,3.84,1.3,46.1,31.3,3,14.9,0,0,3.3,0,0,0,57.1,36.2,6.7,0,80.6,19.4,61250,89725
"4878",6065045213,"06","065","045213",5216,33.714964,-116.257054,"Census Tract 452.13, Riverside County, California",212100,2095,267,5.5,3.4,3.22,0.6,17.8,35.5,32.5,11.8,1,0.8,0,0,0,3.2,24,44.2,24.4,4.3,90.6,9.4,66630,74263
"4879",6065045214,"06","065","045214",5648,33.73621,-116.284838,"Census Tract 452.14, Riverside County, California",452800,2828,1007,6,2.4,2.54,6.9,28.7,25.8,30.8,4.1,2.8,0.9,0,0,0,3.2,25.4,40.5,30,1,79.7,20.3,85110,111624
"4880",6065045215,"06","065","045215",8515,33.722126,-116.283257,"Census Tract 452.15, Riverside County, California",339800,3690,777,5.9,2.99,3.36,2,28.1,42.7,24.2,2.3,0.8,0,0,0,0.3,8.3,10.4,46,30.1,4.9,79.7,20.3,88750,97661
"4881",6065045216,"06","065","045216",1804,33.753134,-116.241719,"Census Tract 452.16, Riverside County, California",345300,1154,323,5.3,2.05,1.43,73.6,24.7,0,0,1,0,0,0.8,0,1,1.8,77.1,15.4,2.6,2.1,93.9,6.1,83750,107313
"4882",6065045217,"06","065","045217",6225,33.726342,-116.247089,"Census Tract 452.17, Riverside County, California",237100,1866,238,5.3,3.66,3.87,11.9,16.4,13.8,23.2,10.8,10.8,8.4,4.8,0,0.7,7.9,14.8,47.6,27.8,1.1,72.2,27.8,50893,54052
"4883",6065045222,"06","065","045222",1595,33.733675,-116.19234,"Census Tract 452.22, Riverside County, California",165100,1455,774,3.2,2.6,1.76,28.4,20.6,35.3,13.7,0.9,0,1,0,0,0,59.7,12.4,16.6,11.3,0,95.2,4.8,58417,73263
"4884",6065045224,"06","065","045224",5471,33.699222,-116.258109,"Census Tract 452.24, Riverside County, California",278000,1903,264,5.7,2.92,2.16,21.1,35,18.2,19.3,5.8,0,0.5,0,0,0,1.7,18.9,32.7,36.8,9.8,85.5,14.5,74712,96655
"4885",6065045226,"06","065","045226",6810,33.694192,-116.20702,"Census Tract 452.26, Riverside County, California",184400,1539,155,6.1,4.33,4.86,70.1,26,2.7,0,1.2,0,0,0,0,0,1.2,1.8,30.3,46.4,20.3,86.7,13.3,66343,62378
"4886",6065045228,"06","065","045228",3936,33.785947,-116.259406,"Census Tract 452.28, Riverside County, California",275700,1231,246,6.1,2.76,4.94,66.9,16.7,0,5.4,5.7,0,4.1,1.1,0,2.8,0,15.3,32.9,38.2,10.8,61.4,38.6,97674,100939
"4887",6065045233,"06","065","045233",4244,33.748356,-116.289992,"Census Tract 452.33, Riverside County, California",333100,2043,288,4.8,2.63,2.48,1.9,13.5,30.2,39.4,8.8,6.2,0,0,0,0,12.2,39.2,32.1,13.1,3.5,44.4,55.6,58528,68697
"4888",6065045302,"06","065","045302",4459,33.733077,-116.225737,"Census Tract 453.02, Riverside County, California",172600,1157,88,5.3,3.88,3.92,0,3.9,1,1.6,30.3,28.3,31.5,1,2.4,6.3,0,7.1,58.2,27.2,1.2,72.1,27.9,34232,42272
"4889",6065045303,"06","065","045303",3035,33.727259,-116.213256,"Census Tract 453.03, Riverside County, California",118500,845,105,4.3,4.11,4.25,0,0,0,11.6,22.5,23.9,39.8,2.2,0,0,19.8,39.8,21.2,16.8,2.5,38.4,61.6,28750,45959
"4890",6065045304,"06","065","045304",8675,33.745785,-116.215224,"Census Tract 453.04, Riverside County, California",276400,2511,368,6.5,3.48,4.27,51.3,38.6,1.6,3,2,1.4,0.6,1.6,0,0,0,1.8,42.7,33,22.5,81.2,18.8,96053,101427
"4891",6065045501,"06","065","045501",5518,33.707064,-116.227141,"Census Tract 455.01, Riverside County, California",185300,1611,179,4.4,3.42,3.96,0.4,8.6,3.8,36.4,33.6,15.1,1.4,0.6,0,25.4,6,18.1,31.8,17.6,1.1,35.8,64.2,29500,40924
"4892",6065045502,"06","065","045502",3744,33.721014,-116.227993,"Census Tract 455.02, Riverside County, California",218100,1292,151,3.8,3.78,3.19,0,0,6.3,15.6,21.3,9.4,38.7,3.3,5.4,12.2,25.1,40.3,20,2.4,0,29.2,70.8,25133,35510
"4893",6065045604,"06","065","045604",13694,33.563905,-116.035704,"Census Tract 456.04, Riverside County, California",113700,3172,393,5.2,4.02,4.4,15.5,29.3,19.1,16.4,9.4,5.9,3.7,0.3,0.3,4.7,4.5,20.2,40.8,29.5,0.3,59.6,40.4,27196,37508
"4894",6065045605,"06","065","045605",10543,33.555415,-116.152108,"Census Tract 456.05, Riverside County, California",33600,3002,540,4.5,3.59,3.8,17.9,23.5,9.5,16.2,22.6,5.1,2.6,0.8,1.8,1.4,11.6,40.4,41.2,4.5,0.9,72.3,27.7,33099,47903
"4895",6065045606,"06","065","045606",2680,33.675017,-116.23713,"Census Tract 456.06, Riverside County, California",832800,1530,637,6.1,2.65,2.26,39.4,32.9,5.7,6,8.5,0.5,2,2.8,2.2,0,5.8,26.2,31.5,29.5,7,84.3,15.7,94306,183857
"4896",6065045608,"06","065","045608",2878,33.640572,-116.255363,"Census Tract 456.08, Riverside County, California",787700,3741,2354,5.9,1.95,2.75,10,43.9,24.9,20.4,0.5,0,0,0.4,0,1.5,0.5,20.2,52.6,22.9,2.3,92.5,7.5,113531,221082
"4897",6065045609,"06","065","045609",5880,33.644804,-116.16432,"Census Tract 456.09, Riverside County, California",76300,1732,79,4.5,3.52,4.32,4.2,5.4,10,15,31.9,21.8,5.9,4,1.7,1.7,13,37.3,29.2,12.8,5.9,62.5,37.5,33253,43603
"4898",6065045703,"06","065","045703",5708,33.664726,-116.174123,"Census Tract 457.03, Riverside County, California",179300,1160,33,5.3,4.85,4.46,26.6,15,11.9,20.6,6.6,13.7,2.5,1.5,1.6,2,2.4,21.6,40.1,27.4,6.6,78.9,21.1,42006,50107
"4899",6065045704,"06","065","045704",2804,33.67116,-116.181863,"Census Tract 457.04, Riverside County, California",166400,757,78,5.1,4.58,4.64,3.4,3.3,10,11.4,15.5,24.4,24.7,3.4,3.8,3.6,0,25.6,50.2,20.6,0,63.5,36.5,33589,49701
"4900",6065045705,"06","065","045705",7522,33.669155,-116.188533,"Census Tract 457.05, Riverside County, California",155500,1687,151,5,5.17,4.38,20.4,44.9,14.7,0.5,9.2,1.2,3.3,4,2,0.6,3.2,26.1,47.3,18.8,4,27.3,72.7,30921,37500
"4901",6065045706,"06","065","045706",4821,33.675176,-116.162901,"Census Tract 457.06, Riverside County, California",120500,1114,0,5.3,4.4,4.27,2.4,5.4,28.7,25.8,19.5,13.5,4.8,0,0,0.6,0,12.7,62.6,20.8,3.2,56.2,43.8,37227,43581
"4902",6065045707,"06","065","045707",6397,33.68093,-116.185969,"Census Tract 457.07, Riverside County, California",155400,1531,99,5.4,4.01,4.26,9.9,30.4,6.1,26.4,8.8,10.2,1.2,4.4,2.7,0,7.3,15.5,40.4,33.2,3.5,74.8,25.2,44703,47297
"4903",6065045900,"06","065","045900",1838,33.567653,-114.646246,"Census Tract 459, Riverside County, California",217000,846,81,4.6,3.03,2.68,1.8,0,10,24.6,12.8,17.5,10.6,13.5,9.2,0,14.3,40.3,35.7,5,4.7,59.9,40.1,35657,62489
"4904",6065046101,"06","065","046101",3060,33.614382,-114.585856,"Census Tract 461.01, Riverside County, California",173000,1436,84,5.2,3.05,2.35,4.5,2.6,14.7,8.6,16.3,29.4,9.9,9.5,4.5,5.2,9.3,20.3,45.3,19.3,0.6,58.3,41.7,55303,59282
"4905",6065046102,"06","065","046102",2027,33.614336,-114.605734,"Census Tract 461.02, Riverside County, California",121900,877,279,4.6,3.77,2.33,0,7.8,8.8,32.4,25.3,6.2,11.3,3.8,4.6,0,23.4,24.4,45.3,7,0,28.9,71.1,24512,36666
"4906",6065046103,"06","065","046103",3030,33.623617,-114.597135,"Census Tract 461.03, Riverside County, California",201700,1121,158,5.5,2.72,2.91,0.4,13.6,23.7,8.4,18.6,15.3,6.1,13.3,0.5,0.6,1.1,15,66.1,13.9,3.3,84.9,15.1,68183,92293
"4907",6065046200,"06","065","046200",3341,33.604833,-114.590688,"Census Tract 462, Riverside County, California",104600,1427,260,4.8,2.94,2.75,1.2,16.7,11.6,7.8,5.5,28.9,20.5,7.6,0.3,9.3,13.8,8.1,61,7.8,0,41.5,58.5,32317,49271
"4908",6065046401,"06","065","046401",3768,33.630013,-117.357442,"Census Tract 464.01, Riverside County, California",278700,1262,88,5.4,3.06,3.35,0.7,7.8,14.9,49.4,11.2,8.2,3.6,2.5,1.5,0.8,5.2,33.4,46.4,9.4,4.9,62.8,37.2,47308,61649
"4909",6065046402,"06","065","046402",4684,33.639538,-117.349602,"Census Tract 464.02, Riverside County, California",160800,1692,266,4.5,2.66,2.57,4,1.2,3,22.2,19.2,13.9,12.5,15.2,8.7,4.7,14.8,42.8,30.6,6.7,0.4,49.9,50.1,38914,50084
"4910",6065046403,"06","065","046403",7156,33.623462,-117.303142,"Census Tract 464.03, Riverside County, California",221600,2267,215,5.9,3.19,3.25,15.7,13.8,14.6,28.7,18,3.9,4.4,0,1,0.3,4.8,17.6,45.3,28.2,3.7,79.5,20.5,62347,69021
"4911",6065046404,"06","065","046404",5590,33.650498,-117.277156,"Census Tract 464.04, Riverside County, California",221700,1832,286,5.8,3.26,3.62,14.2,47.5,5,12,6.6,1.5,6.2,4.1,2.7,0,5.8,26.1,42.4,18.8,6.9,76.5,23.5,68750,84202
"4912",6065046405,"06","065","046405",3974,33.62456,-117.270791,"Census Tract 464.05, Riverside County, California",239600,1232,117,6.1,3.15,4.42,4.2,5.7,28.8,42,17.4,0.7,1.2,0,0,0,2.3,20.3,52.4,22.3,2.7,82.1,17.9,58818,73177
"4913",6065046500,"06","065","046500",9277,33.978459,-117.329721,"Census Tract 465, Riverside County, California",216300,1764,337,3.6,NA,2.51,0.6,5.8,12.1,40.4,24.8,5.9,6.6,3.2,0.5,3.2,28.6,61.2,5.2,1.8,0,2.2,97.8,19086,27719
"4914",6065046601,"06","065","046601",4888,33.921527,-117.568783,"Census Tract 466.01, Riverside County, California",752000,213,19,7,3.48,1.42,0,8,75.6,0,6.1,4.2,6.1,0,0,0,31.5,0,4.7,55.9,8,65.5,34.5,83125,84560
"4915",6065046602,"06","065","046602",3712,33.915738,-117.578876,"Census Tract 466.02, Riverside County, California",447100,1129,17,7,3.64,3.6,0.6,0,7.4,4.4,55.6,16.3,6.8,4.8,4.1,0,0,1.3,44.3,33.1,21.3,86.6,13.4,81944,90722
"4916",6065046700,"06","065","046700",4442,33.911543,-117.266582,"Census Tract 467, Riverside County, California",202500,1469,306,4.8,4.36,3.11,12.5,3.1,16.1,16.7,24.3,17.4,2.4,3.1,4.3,3.9,17,49.9,19.7,8,1.6,21.6,78.4,47708,56560
"4917",6065046800,"06","065","046800",6365,33.929478,-117.213199,"Census Tract 468, Riverside County, California",193200,1528,95,6.7,3.96,5.55,0.4,0.7,10.3,76.4,8.3,3.3,0,0,0.6,0,0,1.6,33.7,50.8,13.9,84.6,15.4,70566,78023
"4918",6065046900,"06","065","046900",2043,33.678092,-115.027293,"Census Tract 469, Riverside County, California",96400,1564,824,4.6,2.61,3.42,5.2,9.4,14.8,17.1,23.7,16,8.5,2.6,2.6,3.1,13.5,31.5,43.9,7,1,66.1,33.9,39464,51537
"4919",6065047000,"06","065","047000",1749,33.623277,-114.560648,"Census Tract 470, Riverside County, California",164400,1052,402,4.9,2.47,3.3,24.5,24.3,10.1,10.6,12.7,8.6,4.2,3.7,1.3,1.7,6.3,37.4,45.2,9.4,0,58,42,37750,66472
"4920",6065047201,"06","065","047201",1958,33.918829,-116.434639,"Census Tract 472.01, Riverside County, California",25100,1873,523,3.5,1.65,1.66,1.7,14.6,9.4,31.1,31.6,7.4,3.4,0.9,0,0,48.2,45.9,4.4,1.5,0,89.2,10.8,34594,39859
"4921",6065047202,"06","065","047202",1929,33.906354,-116.373634,"Census Tract 472.02, Riverside County, California",97700,1105,358,4.3,2.05,2.08,1.2,5,20.9,45.4,14,1.7,11.8,0,0,0,36.5,31,22.9,9.6,0,73.2,26.8,40446,52721
"4922",6065047900,"06","065","047900",11611,33.831328,-117.554639,"Census Tract 479, Riverside County, California",487000,3239,174,7.3,3.77,3.68,2.4,40.6,50,3.1,2.7,0,0.9,0,0.4,0,0,3.1,30,41.6,25.3,91.7,8.3,133125,146124
"4923",6065048100,"06","065","048100",6404,33.815258,-117.534335,"Census Tract 481, Riverside County, California",545600,1861,55,7.8,3.42,3.32,3.3,63.6,23.4,3.9,1.9,0,0,1.7,2.1,0,0.8,3.7,24.1,44.4,27.1,93.5,6.5,134324,141551
"4924",6065048200,"06","065","048200",4301,33.890173,-117.539687,"Census Tract 482, Riverside County, California",379800,1236,64,6.4,3.33,3.76,0,7.5,38.3,33.9,5.4,10,4.9,0,0,0,1,0,36.9,56.1,6.1,88.2,11.8,84688,106171
"4925",6065048300,"06","065","048300",6649,33.878818,-117.211043,"Census Tract 483, Riverside County, California",206600,1929,312,6.4,4.15,3.9,15.6,19.3,44.4,15,2.4,0,3.2,0,0,0,1.1,5.8,40,41.6,11.6,70.3,29.7,77168,81549
"4926",6065048700,"06","065","048700",4489,33.90791,-117.183271,"Census Tract 487, Riverside County, California",261900,1183,80,6.6,3.36,4.23,38.4,43.1,1.6,1.1,8.5,3.2,4.1,0,0,0,4,5.2,33.1,30,27.7,85.8,14.2,72888,80540
"4927",6065048800,"06","065","048800",4512,33.880329,-117.222008,"Census Tract 488, Riverside County, California",274000,1138,93,5.6,4.1,4.35,7.6,3.2,28.5,55.4,5.4,0,0,0,0,0,0.9,5.2,58.4,30.6,4.9,63.6,36.4,56272,59276
"4928",6065048901,"06","065","048901",3805,33.901303,-117.213202,"Census Tract 489.01, Riverside County, California",186100,997,120,6,4.61,4.67,0,0,8.2,89.6,2.2,0,0,0,0,0,0,17.2,55.8,27.1,0,75.9,24.1,54632,68218
"4929",6065048902,"06","065","048902",5957,33.89695,-117.221721,"Census Tract 489.02, Riverside County, California",142600,1654,93,5.7,4.14,3.89,4.3,8.9,12.9,42.8,11.2,11.6,7.7,0,0.5,2.8,0.4,12.9,46.1,37.7,0,71.9,28.1,41832,52281
"4930",6065049000,"06","065","049000",8249,33.887621,-117.192855,"Census Tract 490, Riverside County, California",300300,2135,109,7.6,3.53,4.9,29.4,46.8,17.7,1,2.1,0.5,2.6,0,0,0,0.3,0,30.5,37.2,31.9,83.3,16.7,83295,83870
"4931",6065049100,"06","065","049100",5264,33.693683,-116.23228,"Census Tract 491, Riverside County, California",239800,3034,1228,4.6,2.03,2.56,9.6,25,15.3,34.4,13.4,2.3,0,0,0,0.4,12.3,51.8,28.9,6.1,0.5,67.3,32.7,55372,67648
"4932",6065049400,"06","065","049400",2978,33.756319,-116.267893,"Census Tract 494, Riverside County, California",367500,1519,269,5.7,1.91,2.92,42.2,38.8,11.1,7.8,0,0,0,0,0,0.6,0,65.2,29.2,5,0,73.8,26.2,45647,65410
"4933",6065049500,"06","065","049500",8421,33.707473,-116.209946,"Census Tract 495, Riverside County, California",208200,2364,202,5.1,3.86,3.71,5.2,26.9,3.8,19.1,16.2,16.5,10.6,1.1,0.5,2.5,9,25.3,34.5,26.9,1.7,46.5,53.5,32088,49094
"4934",6065049600,"06","065","049600",7176,33.538201,-117.155103,"Census Tract 496, Riverside County, California",282500,2331,235,5.2,3.39,2.18,48.5,26.2,5.9,14.9,2.7,0,0,1.2,0.6,0,19.8,15.7,38.7,22.9,2.9,51.4,48.6,49817,67812
"4935",6065049700,"06","065","049700",9511,33.563935,-117.246457,"Census Tract 497, Riverside County, California",453200,2722,111,7.8,3.61,4.5,11.1,56.9,18.1,9.8,3.6,0,0,0,0.5,0,0,1.1,29.5,36.3,33.1,91.9,8.1,110995,149488
"4936",6065049800,"06","065","049800",3771,33.553337,-117.206805,"Census Tract 498, Riverside County, California",217300,1407,140,4.8,2.81,2.66,42,26.9,2.6,12,8.6,0.9,3.6,0,3.5,0,15,38.5,43.2,3.3,0,51.6,48.4,35929,51062
"4937",6065050300,"06","065","050300",11161,33.579474,-117.151822,"Census Tract 503, Riverside County, California",321300,2996,672,7.5,3.64,4.73,23.8,52.8,8.6,9.1,2.2,3.6,0,0,0,0,0,0.6,24.8,38.2,36.4,76.2,23.8,92891,96641
"4938",6065050400,"06","065","050400",10378,33.584747,-117.188039,"Census Tract 504, Riverside County, California",288900,3141,184,6.4,3.4,3.1,12.4,10.6,26,48.7,1.1,0,0,0,1.1,0,2,15.1,39.7,29.7,13.5,73.1,26.9,73165,84390
"4939",6065050500,"06","065","050500",13261,33.549055,-117.159772,"Census Tract 505, Riverside County, California",301400,3847,190,6.7,3.72,4.2,25.3,55.6,10.2,5.5,2.8,0.6,0,0,0,0.5,7.7,22.4,17.8,24.6,27.1,67,33,74744,85490
"4940",6065050600,"06","065","050600",6850,33.570037,-117.226405,"Census Tract 506, Riverside County, California",366300,2083,78,7.3,3.39,3.21,12.1,35.7,32.3,14.9,3.3,0,0,0,1.7,1,9.4,7.2,12.3,50.1,20.1,75,25,98053,101827
"4941",6065050700,"06","065","050700",9969,33.625893,-117.157319,"Census Tract 507, Riverside County, California",292200,2989,382,7.2,3.78,3.9,45.3,48.3,1.7,3.9,0.5,0.4,0,0,0,0.4,0.9,6.9,26.6,41.9,23.3,72.3,27.7,95919,104650
"4942",6065050900,"06","065","050900",4340,33.946636,-117.307542,"Census Tract 509, Riverside County, California",295900,1926,399,4.5,2.81,2.24,5.6,26.2,42.1,5.6,8.6,6.4,5.6,0,0,3.1,19.3,31.4,24.1,20.2,1.8,45.1,54.9,64513,70985
"4943",6065051100,"06","065","051100",6188,33.894269,-117.207553,"Census Tract 511, Riverside County, California",236900,1574,84,6,4,4.12,24.4,37.9,19.4,18.3,0,0,0,0,0,2.1,12.7,17,30.9,33.2,4.1,58,42,60224,69127
"4944",6065051200,"06","065","051200",3403,33.492915,-117.183458,"Census Tract 512, Riverside County, California",710700,1308,80,4.8,3.01,2.21,11.8,19.6,22.3,32.8,13.5,0,0,0,0,0.6,18.7,32.1,29,16.4,3.3,48.3,51.7,42045,86863
"4945",6065051300,"06","065","051300",8371,33.797831,-116.974828,"Census Tract 513, Riverside County, California",165500,2994,530,5.5,2.97,3.23,14.1,20.6,19.8,24,15.1,2.2,2.5,1.6,0,3.2,8.2,36,18.2,27.2,7.2,80.4,19.6,48511,63304
"4946",6065051400,"06","065","051400",6956,33.779859,-116.292565,"Census Tract 514, Riverside County, California",398100,5157,1271,5.2,1.72,1.37,0.4,45.9,50.6,1.5,0,0.6,0,0.3,0.8,0.7,0.7,65.5,31.2,1.8,0,92.6,7.4,61572,79383
"4947",6065940100,"06","065","940100",166,33.922482,-114.500532,"Census Tract 9401, Riverside County, California",174100,1293,1226,3.6,1.78,1.75,1.7,5.9,15.6,28,22.8,21.8,4.2,0,0,1.4,42.5,39.1,10.6,6,0.4,94,6,64375,80375
"4948",6065940400,"06","065","940400",6504,33.691728,-116.191862,"Census Tract 9404, Riverside County, California",173800,1601,104,5.2,4.49,4.97,8.6,26.5,17.7,24,8.1,7.2,3.7,3.2,0.9,0.7,5.3,13.4,39.8,30,10.8,78.3,21.7,48021,57496
"4949",6065940500,"06","065","940500",2208,33.794676,-116.546732,"Census Tract 9405, Riverside County, California",672000,2082,821,5.2,1.89,1.39,2.6,10.1,11,16.6,18.9,29.6,6.8,3.9,0.5,2,10.7,32.7,34.7,16.2,3.7,74.9,25.1,76125,139551
"4950",6065940600,"06","065","940600",3026,33.809699,-116.437502,"Census Tract 9406, Riverside County, California",410200,2842,1149,5.1,1.85,1.77,3.1,37.4,9,28.9,20.8,0.5,0.2,0.1,0.1,0,12.8,31.8,41.2,13.4,0.8,90.9,9.1,87625,120276
"4951",6065940700,"06","065","940700",2613,33.807534,-116.519041,"Census Tract 9407, Riverside County, California",329400,2611,1094,4.4,1.73,2.05,0.1,0.1,2.6,49.9,35.5,7.3,4.1,0.3,0.1,0.3,4.6,63,26.9,4.7,0.5,64.8,35.2,52788,68988
"4952",6065940800,"06","065","940800",2613,33.794594,-116.538507,"Census Tract 9408, Riverside County, California",252700,2933,1131,4.5,1.58,1.7,0.6,3.4,1.2,6.4,39.7,33.9,13.6,0.8,0.3,0.5,19,48.3,29,2.9,0.2,76.1,23.9,45536,76596
"4953",6065940900,"06","065","940900",1916,33.781203,-116.44747,"Census Tract 9409, Riverside County, California",154200,1613,516,4.9,1.82,1.83,3.2,20,13.3,21.9,34,5.6,1.8,0.1,0,0.5,13.9,47.9,32.4,4.6,0.7,87.3,12.7,47981,79092
"4954",6065941000,"06","065","941000",3812,33.795039,-116.489249,"Census Tract 9410, Riverside County, California",160000,4408,1994,4.1,1.59,2.08,0.3,0.7,2.1,19.7,50,24,2.1,0.5,0.5,1.2,21.9,60.1,16.2,0.3,0.2,73.6,26.4,42396,59146
"4955",6065941100,"06","065","941100",2051,33.794884,-116.465007,"Census Tract 9411, Riverside County, California",148000,2310,1009,4.4,1.59,1.73,0.5,3.9,10.6,49.7,27.7,7.2,0.2,0.1,0.1,0.3,9.9,75.8,13.8,0.1,0,88.7,11.3,41343,59378
"4956",6065941200,"06","065","941200",2205,33.83757,-116.506955,"Census Tract 9412, Riverside County, California",293800,2434,1359,4.6,1.9,2.14,0.5,12,10.4,33.1,31.4,9.5,3.1,0.1,0,0,4.7,53.2,37.9,4.1,0.1,75.3,24.7,58750,82537
"4957",6065941300,"06","065","941300",3300,33.852268,-116.537616,"Census Tract 9413, Riverside County, California",323700,2559,855,4.8,1.82,2.1,2.3,5.3,7.7,32.5,22,13.3,16.1,0.4,0.4,0.6,9.9,34.5,47.5,6.6,0.9,66.2,33.8,51280,78050
"4958",6065941400,"06","065","941400",3179,33.82076,-116.53714,"Census Tract 9414, Riverside County, California",261000,2986,1351,3.8,1.59,1.91,3.5,4.6,3.8,42.7,31.8,9.7,2.3,1,0.5,5.1,31.9,51.4,11.6,0,0,35.7,64.3,36250,53194
"4959",6065941500,"06","065","941500",4291,33.760121,-116.892013,"Census Tract 9415, Riverside County, California",166700,1510,233,5.8,3.01,3.34,4.2,21.4,14.2,37.5,15.2,5.7,1.3,0,0.5,0.8,2.7,24.4,41.5,23,7.5,75.3,24.7,46589,69127
"4960",6065980004,"06","065","980004",9,33.930626,-117.321668,"Census Tract 9800.04, Riverside County, California",NA,0,0,NA,NA,NA,NA,NA,NA,NA,NA,NA,NA,NA,NA,NA,NA,NA,NA,NA,NA,NA,NA,NA,NA
"4961",6065981000,"06","065","981000",7634,33.559766,-114.913328,"Census Tract 9810, Riverside County, California",NA,0,0,NA,NA,NA,NA,NA,NA,NA,NA,NA,NA,NA,NA,NA,NA,NA,NA,NA,NA,NA,NA,NA,NA
"4962",6067000100,"06","067","000100",3558,38.576776,-121.432022,"Census Tract 1, Sacramento County, California",414200,1757,147,5.6,2.4,1.96,0,1.1,0.5,1.3,7.9,16.4,63.5,8.3,1,4.3,8,26.8,52.2,7.3,1.4,72.7,27.3,85804,93939
"4963",6067000200,"06","067","000200",3497,38.574334,-121.441349,"Census Tract 2, Sacramento County, California",413000,1814,37,5.6,1.89,2.39,0,0,0,2.3,2.9,2.9,18.4,46.6,27,0,3.3,46.2,41.5,9,0,75.1,24.9,70313,93506
"4964",6067000300,"06","067","000300",3103,38.577071,-121.45373,"Census Tract 3, Sacramento County, California",455400,1624,179,5.5,2.26,1.89,0.6,0,1.5,2,4.7,8.9,17.1,27.5,37.6,2.7,7.6,39.7,42,7.3,0.7,68.2,31.8,80417,99061
"4965",6067000400,"06","067","000400",3667,38.579743,-121.470534,"Census Tract 4, Sacramento County, California",443100,2333,89,3.8,2,1.61,0,0.4,1.9,2.6,14.7,17.1,8.4,9.5,45.4,3,47.2,34.5,10.8,3.2,1.2,21.2,78.8,45432,63395
"4966",6067000500,"06","067","000500",3159,38.582809,-121.483263,"Census Tract 5, Sacramento County, California",321100,2142,234,3.5,2.42,1.76,2.6,2.2,1.9,3.6,19.8,11.5,7.4,11.8,39.1,12.5,44,35.1,5.5,2.4,0.5,11.6,88.4,36863,47126
"4967",6067000600,"06","067","000600",1122,38.585837,-121.491127,"Census Tract 6, Sacramento County, California",750000,671,60,3.2,NA,1.86,6.1,2.5,3.1,9.5,16.8,2.5,4.8,11.8,42.8,20.9,39.8,18,11.9,4.9,4.5,3.3,96.7,30110,36025
"4968",6067000700,"06","067","000700",2806,38.582965,-121.498171,"Census Tract 7, Sacramento County, California",NA,565,106,2.3,NA,1.19,0,4.2,14.7,25.1,26.9,4.4,12.6,1.2,10.8,30.8,66,1.9,1.2,0,0,0,100,12140,20591
"4969",6067000800,"06","067","000800",1425,38.576089,-121.502555,"Census Tract 8, Sacramento County, California",297500,1227,272,3.2,1.28,1.22,3.1,0,3.3,17.5,48.6,20.3,1.5,4,1.8,6.4,58.8,27.5,7.3,0,0,12,88,49750,62954
"4970",6067001101,"06","067","001101",2047,38.577507,-121.488365,"Census Tract 11.01, Sacramento County, California",328600,1933,562,2.4,1.35,1.26,12,6.7,8.1,14.4,9.6,0.5,3.8,6.2,38.6,39.1,36.2,15.6,6.2,0.7,2.3,9.6,90.4,21028,54701
"4971",6067001200,"06","067","001200",3323,38.572185,-121.487767,"Census Tract 12, Sacramento County, California",337100,2742,246,2.8,2.16,1.27,4.7,4.9,4,8.2,11.7,13.2,20.5,10.2,22.6,24.9,52.5,17.2,2.5,2.4,0.5,4,96,38431,46721
"4972",6067001300,"06","067","001300",3005,38.569061,-121.475858,"Census Tract 13, Sacramento County, California",569000,2244,229,3.3,1.77,1.47,1.4,0,1.2,4,16.4,13.3,15.2,9.7,38.7,9.8,55,26.6,5.3,2.3,1.1,8.3,91.7,41816,51345
"4973",6067001400,"06","067","001400",2466,38.574938,-121.473797,"Census Tract 14, Sacramento County, California",484100,1902,132,3.2,2.47,1.27,2.7,1.9,4.3,2.6,12.2,17,11.6,14.9,32.9,10.6,66.2,9.3,9.7,2.6,1.6,9.1,90.9,35319,49740
"4974",6067001500,"06","067","001500",4329,38.567767,-121.458519,"Census Tract 15, Sacramento County, California",509300,2558,254,5.3,2.06,1.61,0.5,2.2,1.8,1.5,6.1,4.3,5.9,16.5,61.3,5.2,19.4,44.5,19.4,9.7,1.8,47.9,52.1,76250,112278
"4975",6067001600,"06","067","001600",5421,38.562822,-121.441253,"Census Tract 16, Sacramento County, California",436300,2549,144,5.2,1.9,1.96,3,0.5,0.5,3.2,5.1,1.7,25.7,23.3,36.9,0.9,12.3,38.6,37.2,9.7,1.2,63.6,36.4,77904,111491
"4976",6067001700,"06","067","001700",4794,38.551533,-121.441075,"Census Tract 17, Sacramento County, California",344500,2758,175,4.9,2.02,1.77,6.5,9.1,1.4,3.1,9.4,7.9,13.5,25.2,24.1,0.4,21.9,36.5,32.8,8.3,0,45.1,54.9,48750,66166
"4977",6067001800,"06","067","001800",4686,38.553542,-121.463588,"Census Tract 18, Sacramento County, California",254900,2251,235,4.8,2.08,2.43,2.7,4.8,4.6,10,6.4,2,14.7,8.7,46,0.8,22.7,44.7,23.6,6.8,1.3,37.8,62.2,40342,51488
"4978",6067001900,"06","067","001900",2771,38.562748,-121.478132,"Census Tract 19, Sacramento County, California",303400,1844,233,3.8,2.08,1.83,0.4,3,0.4,7,7.7,15.7,18.9,6.9,39.9,6.3,38.6,38.1,12.1,3.6,1.2,13.5,86.5,43036,53758
"4979",6067002000,"06","067","002000",2376,38.565774,-121.490554,"Census Tract 20, Sacramento County, California",239900,1493,222,3.7,2.09,1.92,1.1,0.7,0,9.3,12.9,19.5,18.9,6.1,31.5,5.2,43.3,42.8,7.2,0.7,0.7,16.2,83.8,32106,46309
"4980",6067002100,"06","067","002100",2377,38.56901,-121.50158,"Census Tract 21, Sacramento County, California",331800,1294,250,4,2.47,2.14,0.3,4.6,0,1.9,11.7,11,10.9,8.3,51.5,0,30.4,54.9,12.4,1.6,0.7,16.2,83.8,38281,49026
"4981",6067002200,"06","067","002200",4004,38.557802,-121.508295,"Census Tract 22, Sacramento County, California",349700,1849,99,4.8,1.91,2.29,0,0,0.4,0.6,5.8,16.8,11.4,40.7,24.4,1.2,12.5,45.9,34.7,5.2,0.5,35.7,64.3,28132,46212
"4982",6067002300,"06","067","002300",3156,38.556925,-121.49369,"Census Tract 23, Sacramento County, California",404800,1674,75,5.6,2.01,1.58,0,1.1,0.7,0.8,1.1,4.6,6,23.3,62.5,0,15.4,45.5,26.3,10.6,2.3,78.5,21.5,77818,102249
"4983",6067002400,"06","067","002400",4387,38.547676,-121.49766,"Census Tract 24, Sacramento County, California",542800,2139,60,6,2.34,1.76,0.4,0,0.5,2.3,3,2.3,15.2,36.4,39.8,2.6,9.7,30.7,38.3,14.3,4.4,70.3,29.7,96573,137680
"4984",6067002500,"06","067","002500",1587,38.546065,-121.479788,"Census Tract 25, Sacramento County, California",507200,755,17,6.6,2.31,1.8,0,0,0,1.3,5.4,0,0.5,3.3,89.4,0,1.3,33.9,43,19.1,2.6,88.2,11.8,104911,117216
"4985",6067002600,"06","067","002600",2505,38.553611,-121.481076,"Census Tract 26, Sacramento County, California",466600,1307,93,5,2.14,1.73,0.6,0,0.7,1.9,3.7,10.9,14.4,11.4,56.4,1.5,23.6,27.2,33.9,12.5,1.4,50.8,49.2,74667,86616
"4986",6067002700,"06","067","002700",3383,38.547136,-121.470655,"Census Tract 27, Sacramento County, California",212500,1671,241,4.5,2.72,2.3,2.8,0.6,1.1,9.2,6.9,9.8,6.5,15.4,47.7,8.3,16.7,47.5,19.2,5.7,2.7,31.6,68.4,26756,35584
"4987",6067002800,"06","067","002800",3291,38.54304,-121.457854,"Census Tract 28, Sacramento County, California",203100,1167,313,4.6,2.44,3.78,0,9.4,0.3,8.4,7.5,10,19.5,22.1,22.9,0,6.8,53.5,24,15.8,0,44.6,55.4,34451,41517
"4988",6067002900,"06","067","002900",4499,38.543013,-121.438276,"Census Tract 29, Sacramento County, California",266800,2282,112,4.9,1.99,2.45,1.4,1.4,0.7,1.5,5.5,12.1,16.4,35.8,25.2,2,11.5,46.3,34.7,5.6,0,60.4,39.6,53431,74449
"4989",6067003000,"06","067","003000",6563,38.53582,-121.430045,"Census Tract 30, Sacramento County, California",248700,2920,317,5,2.27,2.31,1.8,0.4,1.7,9.3,7.7,17.7,23.6,18.3,19.3,3.2,10.5,36.8,41.3,8.3,0,66.7,33.3,57330,72273
"4990",6067003101,"06","067","003101",3568,38.528519,-121.416858,"Census Tract 31.01, Sacramento County, California",186300,1283,199,5.2,2.64,3.33,0,1.3,0,2.1,6.9,14.7,68.5,4.7,1.8,0,0.5,21,69.2,7.4,1.8,69.1,30.9,40727,52502
"4991",6067003102,"06","067","003102",2933,38.528538,-121.435364,"Census Tract 31.02, Sacramento County, California",189500,1109,118,5.3,2.91,3.13,2,0,4.9,2.1,13,8.7,41.3,16,12.1,0.2,3,24.2,58.7,14,0,63.2,36.8,53651,57936
"4992",6067003202,"06","067","003202",5052,38.518371,-121.433595,"Census Tract 32.02, Sacramento County, California",124000,1846,68,4.7,2.64,3.01,4.1,2,2.4,2.6,21.8,13.2,23.6,29.4,0.9,2,10.4,40.9,41.1,4.3,1.4,59.2,40.8,31810,43333
"4993",6067003203,"06","067","003203",3200,38.51289,-121.419532,"Census Tract 32.03, Sacramento County, California",189300,831,0,5.9,3.63,4.3,8.9,9.1,5.5,23.8,26.8,7.6,11.3,2.5,4.3,0,6.4,7,25.3,53.4,7.9,46.8,53.2,35141,42157
"4994",6067003204,"06","067","003204",5456,38.520485,-121.417701,"Census Tract 32.04, Sacramento County, California",160300,1633,71,4.9,3.63,3.94,1.7,10.7,6.6,12.1,16.8,23.8,18.4,5.5,4.3,0,11.6,26.7,39.7,19,3.1,44,56,30319,36056
"4995",6067003300,"06","067","003300",4073,38.529319,-121.503505,"Census Tract 33, Sacramento County, California",395900,1958,294,5.8,2.33,2.15,1,0,0.9,2.6,5.5,9.4,52.5,24.6,3.5,0.4,5.1,23.5,50.5,18.9,1.5,83.2,16.8,72067,101724
"4996",6067003400,"06","067","003400",4085,38.514967,-121.508455,"Census Tract 34, Sacramento County, California",368700,1978,128,5.8,2.32,2.34,0.5,5.4,6.1,0,16.3,24.3,40.7,4.9,1.9,0,13,16.2,44.5,21.4,4.9,71,29,54712,78277
"4997",6067003501,"06","067","003501",2629,38.533547,-121.488864,"Census Tract 35.01, Sacramento County, California",263500,1312,92,5,2.27,2.36,0,0,2.2,4.2,7.3,6.7,57.6,17.1,4.8,3.2,12.7,35.1,41.8,4.2,3,45.6,54.4,51700,62109
"4998",6067003502,"06","067","003502",2916,38.524565,-121.488282,"Census Tract 35.02, Sacramento County, California",215600,1385,99,5.1,1.99,2.33,0.7,0,1.7,0.6,2.2,8.7,59.5,24.5,1.9,0,6,41.3,49,3,0.7,70.8,29.2,56111,62519
"4999",6067003600,"06","067","003600",2826,38.533155,-121.478242,"Census Tract 36, Sacramento County, California",181700,1072,149,4.5,2.86,3.1,0,3,1.3,9.4,4,2.8,33.4,29.9,16.2,2.8,7.1,58.1,30.9,0,1.1,52.2,47.8,38159,47073
"5000",6067003700,"06","067","003700",4219,38.534946,-121.468886,"Census Tract 37, Sacramento County, California",157600,1367,155,4.6,4.23,3.09,1.8,7.9,2.8,8.6,13.6,3.8,21,16.4,24.1,1.5,15.4,37.1,30.5,15,0.6,41.2,58.8,26354,40393
"5001",6067003800,"06","067","003800",5083,38.50385,-121.489691,"Census Tract 38, Sacramento County, California",215700,1849,188,5.7,2.61,3.34,0,2.4,0.5,0.4,11.6,32.2,43.6,8.7,0.5,1,1.4,12.3,70.1,14.3,1,69.2,30.8,49745,53348
"5002",6067003900,"06","067","003900",3374,38.530761,-121.517787,"Census Tract 39, Sacramento County, California",353700,1733,118,6,2.04,2.37,2.3,0,0.5,4.7,10.2,29.4,43.9,6.9,2.3,0,7.9,22.5,48.4,17.4,3.8,71.8,28.2,60089,74073
"5003",6067004001,"06","067","004001",5755,38.503805,-121.514107,"Census Tract 40.01, Sacramento County, California",337400,2893,151,5.3,1.94,2.53,0.5,1,7.4,7.5,17.2,46,16.6,3.4,0.4,0.6,11.9,30.2,37.8,18.2,1.3,52.5,47.5,55665,64146
"5004",6067004004,"06","067","004004",6086,38.502616,-121.54749,"Census Tract 40.04, Sacramento County, California",358900,2805,198,6.2,2.42,2.07,0,1.6,3.8,29.6,49,10.5,3.2,1.3,1,0.6,1.7,14.1,51.1,30.6,1.9,74.9,25.1,79441,95893
"5005",6067004005,"06","067","004005",4185,38.507944,-121.535494,"Census Tract 40.05, Sacramento County, California",375900,2039,161,5.3,2.12,2.41,0,1.6,1.2,14.4,56.1,22.7,2.3,0.8,0.9,0.6,12.6,30.7,36.6,17.3,2.3,50.1,49.9,57250,86456
"5006",6067004006,"06","067","004006",4843,38.509202,-121.52457,"Census Tract 40.06, Sacramento County, California",350100,2408,306,5,2.19,2.17,0,0,1,8.9,55.9,27.2,6.4,0,0.7,0,13.2,37,36.2,13.6,0,44.9,55.1,51221,64469
"5007",6067004008,"06","067","004008",3596,38.490642,-121.544514,"Census Tract 40.08, Sacramento County, California",328400,1622,46,5.9,2.15,2.37,1,0.5,5.1,74.8,9.7,8,0,0,0.9,0,0,12.4,66.1,18.1,3.4,75.2,24.8,86404,90322
"5008",6067004009,"06","067","004009",5129,38.4905,-121.533445,"Census Tract 40.09, Sacramento County, California",340600,2390,260,4.9,2.34,2.21,0,0,11.8,70.2,13.6,1.4,0,2.9,0.2,0.9,16.3,35.7,34.8,10.5,1.8,48.7,51.3,58346,74777
"5009",6067004010,"06","067","004010",5131,38.486928,-121.520569,"Census Tract 40.10, Sacramento County, California",341800,2598,240,4.2,2.31,1.71,13.8,6.7,7.6,50.2,12.7,5.8,1.3,1.3,0.5,0.5,26.1,43.3,12.8,13,4.2,34.8,65.2,56172,64696
"5010",6067004011,"06","067","004011",3086,38.480574,-121.52837,"Census Tract 40.11, Sacramento County, California",570100,1427,0,5.9,2.66,1.73,4.1,10.6,32.4,43.6,4.3,2.2,2,0,0.7,4.2,17.2,22.4,22.6,24.8,8.8,59.2,40.8,99260,129031
"5011",6067004012,"06","067","004012",3267,38.477128,-121.524828,"Census Tract 40.12, Sacramento County, California",452400,1467,0,5.8,2.74,1.89,5,5.5,31.7,46.8,9,1.4,0.5,0,0,0.5,6.2,27,25,36.1,5.2,65.2,34.8,93058,110563
"5012",6067004100,"06","067","004100",5015,38.506293,-121.479119,"Census Tract 41, Sacramento County, California",184800,1699,163,4.9,2.68,3.2,2.4,2.5,10,4.2,21.3,14.7,32.2,8.5,4.2,2.3,19.5,20.9,43.7,9.2,4.4,38.1,61.9,34342,45002
"5013",6067004201,"06","067","004201",5290,38.489256,-121.498575,"Census Tract 42.01, Sacramento County, California",193000,1777,211,5.5,2.68,3.72,0,0,0.5,4.1,16,30.2,46.3,2.8,0.2,0,0.6,11.6,72.5,11.4,3.9,64.3,35.7,47767,52368
"5014",6067004202,"06","067","004202",5538,38.487652,-121.487201,"Census Tract 42.02, Sacramento County, California",203500,1669,145,5.2,3.48,3.26,3.3,4.6,6.6,9,13.9,34.5,25.6,2.2,0.3,1.6,10.3,14.1,56.7,14.2,3.1,43,57,36196,42543
"5015",6067004203,"06","067","004203",5112,38.488176,-121.475052,"Census Tract 42.03, Sacramento County, California",207700,1592,98,4.8,3.74,3.47,0.7,6.6,10.1,14.1,27.1,22.6,9,2.1,7.7,2.8,3.1,36.2,40.5,16.7,0.7,42.6,57.4,29605,42211
"5016",6067004300,"06","067","004300",9553,38.477051,-121.487958,"Census Tract 43, Sacramento County, California",192500,2591,251,5.7,3.88,4.26,8.3,18.6,2.3,6.4,12.4,32.8,14.4,4.4,0.3,0,2.5,10.7,49.2,35.5,2,62,38,43944,54944
"5017",6067004401,"06","067","004401",4122,38.531915,-121.451325,"Census Tract 44.01, Sacramento County, California",234500,1536,268,4.6,3.19,2.7,0.6,0,7.2,5.4,10,15,44.9,12.5,4.5,1.4,16.3,41.5,35.9,3.5,1.2,36.6,63.4,29122,38797
"5018",6067004402,"06","067","004402",4252,38.532549,-121.460037,"Census Tract 44.02, Sacramento County, California",127800,1365,124,4.7,2.52,3.76,0,4,3.5,3.5,8.7,4.8,23.7,25.6,26.2,0,14.2,45.7,32.4,7.7,0,40.5,59.5,28262,33528
"5019",6067004501,"06","067","004501",3529,38.518318,-121.470548,"Census Tract 45.01, Sacramento County, California",170100,1208,95,4.4,3.42,3.66,0,0,3.1,18,22.4,18.2,24,6.7,7.6,1.1,17.5,51.6,28.8,1.1,0,15.9,84.1,27649,40995
"5020",6067004502,"06","067","004502",4795,38.501838,-121.460058,"Census Tract 45.02, Sacramento County, California",75700,1803,173,4.3,2.78,2.9,7.8,0.1,4.2,6.7,46.2,18.4,16.6,0,0,2.2,20.6,48.9,24.7,3.7,0,43.9,56.1,29500,38359
"5021",6067004601,"06","067","004601",7614,38.517382,-121.448293,"Census Tract 46.01, Sacramento County, California",103600,2544,235,4.7,2.77,3.52,3.5,0,9.2,10.3,8.6,17.4,40.5,9.7,0.8,4.5,15.8,33.3,35.6,8.2,2.5,42.2,57.8,31579,36827
"5022",6067004602,"06","067","004602",5067,38.518079,-121.460072,"Census Tract 46.02, Sacramento County, California",165300,1726,280,4.3,2.88,3.74,0,0,3.9,7.4,24,16.7,36.8,9.4,1.9,2.1,13.5,45.3,34.4,4.1,0.7,38.9,61.1,30610,40377
"5023",6067004701,"06","067","004701",3303,38.501249,-121.440029,"Census Tract 47.01, Sacramento County, California",223300,1294,100,4.7,2.04,3.54,0,0,2.5,9.9,36.7,31.6,11.6,7.7,0,2.2,19.1,30.7,35.2,12.1,0.8,36.7,63.3,23088,36969
"5024",6067004702,"06","067","004702",4945,38.506855,-121.44626,"Census Tract 47.02, Sacramento County, California",154900,1616,131,5.1,3.48,3.69,0,3.3,0,11.8,23.3,32.1,26.5,1.5,1.5,2.4,9.9,19.2,53.5,10.6,4.3,50.5,49.5,32037,52598
"5025",6067004801,"06","067","004801",5899,38.506913,-121.421487,"Census Tract 48.01, Sacramento County, California",123100,1832,151,5.3,3.22,4.2,6.1,6.4,5.2,21.3,32.2,17.2,11,0,0.5,0.3,1.5,19.4,58,17.7,3.1,65.5,34.5,33444,43034
"5026",6067004802,"06","067","004802",4485,38.499526,-121.419343,"Census Tract 48.02, Sacramento County, California",183200,1578,298,5,3.5,3.55,0.6,3.7,2.8,6,33.8,35.8,13.9,3.5,0,5.3,10.5,23.1,42.1,18.4,0.6,49.8,50.2,38539,48165
"5027",6067004903,"06","067","004903",6740,38.487184,-121.460849,"Census Tract 49.03, Sacramento County, California",140700,2152,229,5.2,3.22,3.25,3.2,7.1,10.1,27.9,38.3,5.7,5.9,1.3,0.5,1.8,4.4,34,35.3,20.8,3.7,42.6,57.4,31167,51291
"5028",6067004904,"06","067","004904",5675,38.487381,-121.44607,"Census Tract 49.04, Sacramento County, California",189300,2066,232,5.5,2.53,3.41,0.7,1.6,1.6,11,15.9,15.5,51.8,1.7,0.2,0.4,3.5,18.6,56.5,20.7,0.3,63.4,36.6,49231,55103
"5029",6067004905,"06","067","004905",6649,38.477724,-121.440422,"Census Tract 49.05, Sacramento County, California",157400,2328,83,4.9,3.75,3.02,2.4,1.4,9,10.9,48.9,22.8,2.6,1.5,0.5,2.5,17.7,26.9,23.3,25.3,4.3,38.7,61.3,28653,39871
"5030",6067004906,"06","067","004906",2797,38.47836,-121.458965,"Census Tract 49.06, Sacramento County, California",175000,937,97,5.3,3.18,3.94,18.1,10.6,7.3,51,7.9,3.3,0.7,0,1.1,0,1.3,16.8,66.1,15.4,0.5,56.9,43.1,50433,58494
"5031",6067005001,"06","067","005001",8107,38.488555,-121.416469,"Census Tract 50.01, Sacramento County, California",173300,2680,410,5.5,3.15,4.76,5.1,0.4,3.9,14.9,49.5,21.3,3.4,0.3,1.2,0,3.8,23.5,43.4,25.7,3.6,70.7,29.3,49116,51626
"5032",6067005002,"06","067","005002",6284,38.485065,-121.425356,"Census Tract 50.02, Sacramento County, California",126000,2726,146,4.3,1.9,2.6,6.2,0.5,20.7,29.6,23.8,11.7,1.3,6.2,0,2.5,18,60,16.8,2.6,0,42.9,57.1,26788,34324
"5033",6067005101,"06","067","005101",4454,38.487917,-121.403942,"Census Tract 51.01, Sacramento County, California",200800,1442,94,5.5,3.15,2.91,3.1,2.2,3.5,45.3,27,6.5,10.5,1.9,0,0,5.2,24.6,54.1,14.6,1.5,63.4,36.6,42500,47601
"5034",6067005102,"06","067","005102",4481,38.489959,-121.385728,"Census Tract 51.02, Sacramento County, California",117200,1760,32,5.1,2.48,3.06,3.2,1.1,10.6,35.9,35.7,9.3,1.5,0.5,2.2,0,6.1,43.2,33.1,15.7,1.8,61.2,38.8,46287,51732
"5035",6067005201,"06","067","005201",3040,38.561617,-121.419865,"Census Tract 52.01, Sacramento County, California",NA,954,91,3.4,NA,1.98,2.6,0,4.9,11.9,38.8,23.9,12.5,0,5.3,1.6,30.9,56.5,10.3,0.7,0,0,100,26656,28769
"5036",6067005202,"06","067","005202",3154,38.559368,-121.395754,"Census Tract 52.02, Sacramento County, California",324900,1549,82,5.9,2.23,2.6,0,0.6,2.8,6.7,49.7,33.8,3.2,0,3.2,0,4.9,24.1,44.6,26.4,0,65.5,34.5,63750,72366
"5037",6067005204,"06","067","005204",4220,38.552909,-121.390446,"Census Tract 52.04, Sacramento County, California",308200,2051,92,5.5,2.32,1.89,0,0,10.4,5.9,21.8,55,4.2,1.8,1,2.6,15,13,41.3,27,1.1,67,33,61819,67666
"5038",6067005205,"06","067","005205",2109,38.549741,-121.404842,"Census Tract 52.05, Sacramento County, California",53800,1125,138,3.9,1.44,2.4,1.8,0,4.7,12.5,45.2,26,8.4,1.4,0,1.7,33.9,52.7,11.6,0.2,0,24.5,75.5,21929,33928
"5039",6067005301,"06","067","005301",1823,38.592314,-121.485072,"Census Tract 53.01, Sacramento County, California",119300,332,72,3.9,1.32,2.18,0,3,19.6,6,10.8,17.5,10.2,32.8,0,3.3,29.5,39.2,24.1,3.6,0.3,13.1,86.9,17969,21455
"5040",6067005402,"06","067","005402",2641,38.587275,-121.427409,"Census Tract 54.02, Sacramento County, California",NA,1668,192,3.4,NA,1.76,0,2.3,16.4,21.7,40.6,15.6,1.4,0,1.8,1.3,54.9,33.2,7.6,1.3,1.7,0,100,35688,48997
"5041",6067005403,"06","067","005403",2224,38.564902,-121.41424,"Census Tract 54.03, Sacramento County, California",352200,1419,35,5.4,1.48,2.08,0,0,0,10.7,69.6,18.6,1.1,0,0,0,6.9,50.7,40.7,1.6,0,68.5,31.5,76371,93661
"5042",6067005404,"06","067","005404",5611,38.570466,-121.393056,"Census Tract 54.04, Sacramento County, California",698100,2905,244,5.7,2.26,1.72,0.5,2.4,1.4,7.3,47,30.5,8,1.9,0.9,0,21.5,24.5,30.4,18.1,5.5,58.2,41.8,69858,123758
"5043",6067005502,"06","067","005502",5477,38.604707,-121.421048,"Census Tract 55.02, Sacramento County, California",180600,2202,229,4.7,2.28,3.03,0,2.2,0,16.3,26.6,10,41.1,3.7,0,1.3,19.1,30.8,27.7,19.2,2,35.7,64.3,32661,39901
"5044",6067005505,"06","067","005505",4550,38.602518,-121.407756,"Census Tract 55.05, Sacramento County, California",193000,2232,215,4,2.28,2.02,0,2.2,9.3,17.9,18.8,13.4,34.1,4.3,0,2.1,31.9,41.3,17,6.2,1.5,24.5,75.5,35057,43027
"5045",6067005506,"06","067","005506",3066,38.592422,-121.408418,"Census Tract 55.06, Sacramento County, California",217000,1490,213,4,1.92,2.26,1.7,0,0.9,24.7,37.5,15.2,17.7,0.8,1.3,1,29.5,50.4,14.3,4.8,0,24,76,38712,47269
"5046",6067005508,"06","067","005508",3106,38.578514,-121.408112,"Census Tract 55.08, Sacramento County, California",189400,2146,307,3.7,1.48,1.6,0.4,5.8,4.8,12.6,43.5,27.3,1.4,1.6,2.6,5.9,40.2,35.7,16.4,1.9,0,31,69,46404,63737
"5047",6067005509,"06","067","005509",1910,38.585097,-121.413,"Census Tract 55.09, Sacramento County, California",144800,1091,153,3.4,1.66,2.33,0.6,0,4.9,18,51.5,13.4,4.1,3.4,4.1,1.3,48.9,37.2,12.6,0,0,5.3,94.7,36991,44048
"5048",6067005510,"06","067","005510",4291,38.585179,-121.405893,"Census Tract 55.10, Sacramento County, California",147200,2597,345,3.4,1.29,1.89,2.2,4.3,3.2,18.9,47.3,8.6,13.9,0.8,0.8,5.7,48.8,41.2,3.8,0.5,0,9.3,90.7,39195,44360
"5049",6067005601,"06","067","005601",4822,38.602861,-121.391618,"Census Tract 56.01, Sacramento County, California",271600,2363,163,4.7,2.03,1.99,1.2,0.6,0,11.9,28.1,7.5,42,7.2,1.4,1.6,19.4,43,24.4,9.2,2.4,34.9,65.1,35943,53048
"5050",6067005605,"06","067","005605",3124,38.591833,-121.392448,"Census Tract 56.05, Sacramento County, California",203700,1475,256,4.7,2.37,2.27,0.5,0,3.3,6.6,21.6,18.8,46,2.6,0.6,0.9,17.2,30.4,43.9,5.7,2,37.6,62.4,35786,44591
"5051",6067005606,"06","067","005606",4029,38.583807,-121.392116,"Census Tract 56.06, Sacramento County, California",300300,1967,166,5.1,2.27,2.17,2,6.2,2.1,3.9,18.8,14,36.6,12,4.4,0.3,15.3,29.3,43.9,8.8,2.4,59.9,40.1,51272,96203
"5052",6067005701,"06","067","005701",3060,38.6045,-121.372541,"Census Tract 57.01, Sacramento County, California",385800,1366,46,5.8,2.28,2.56,0,1.2,0,2.8,9.7,12.4,67.5,5.7,0.8,0,1.2,36.2,46.6,12,4,73.8,26.2,74353,112413
"5053",6067005702,"06","067","005702",4795,38.586975,-121.37435,"Census Tract 57.02, Sacramento County, California",554500,1948,66,6.6,2.66,3.12,0,0,1.1,1.2,1.6,6.4,70.9,18.8,0,0,0,5.7,59,30.7,4.5,89.7,10.3,123226,135008
"5054",6067005801,"06","067","005801",5050,38.602846,-121.354625,"Census Tract 58.01, Sacramento County, California",321200,2331,80,5.7,2.39,1.97,0,0.8,1.3,1.9,24.8,5.4,63.2,1.7,0.9,0,4.2,16,60,15.9,3.9,80.1,19.9,60847,76398
"5055",6067005803,"06","067","005803",3545,38.584005,-121.358349,"Census Tract 58.03, Sacramento County, California",644200,1518,49,7,2.35,1.87,0,3,0.5,3.5,22.3,34.5,28.9,6.7,0.7,0.9,0.4,11.6,41.5,34.5,11.2,88.8,11.2,114712,161485
"5056",6067005804,"06","067","005804",2585,38.588244,-121.342889,"Census Tract 58.04, Sacramento County, California",555800,1158,49,7,2.6,1.44,0,0,1.3,6.6,39.6,38.9,10.2,2.5,0.9,0,9.2,14.5,32.7,30.2,13.4,76.4,23.6,89293,115094
"5057",6067005901,"06","067","005901",5892,38.63518,-121.357111,"Census Tract 59.01, Sacramento County, California",325300,2592,119,5.8,2.27,2.52,1,3.6,14.4,13.3,14.9,22.3,25.8,1.9,2.8,0,5.4,22,49.4,21.5,1.7,70.4,29.6,64696,82978
"5058",6067005903,"06","067","005903",2277,38.614778,-121.350163,"Census Tract 59.03, Sacramento County, California",368600,1276,110,4,2.47,1.83,0.3,0,2.1,29,22.7,27.9,12.4,5.6,0,3.5,35.7,37.3,13.5,10,0,20.2,79.8,40915,55950
"5059",6067005904,"06","067","005904",4825,38.620845,-121.35597,"Census Tract 59.04, Sacramento County, California",332100,2131,259,5.5,2.35,2.27,0,2.2,2.3,11.4,18.4,21.9,28.7,14.4,0.7,0.5,13.8,22.8,51.1,11.3,0.5,62.7,37.3,54758,69347
"5060",6067006002,"06","067","006002",4624,38.616119,-121.374237,"Census Tract 60.02, Sacramento County, California",278400,2209,142,4.7,2.18,2.13,0,0,3.5,7.8,21.3,16.5,33,17.1,0.8,0.9,21.5,37.8,33.3,5.9,0.5,43.5,56.5,39889,58046
"5061",6067006003,"06","067","006003",4461,38.634431,-121.376869,"Census Tract 60.03, Sacramento County, California",265300,1976,179,4.6,2.34,2.89,0.9,0.4,0,25.2,18.9,15.4,33.5,2.6,3.1,3,20.7,29.7,35,8.5,3.1,41.7,58.3,46139,62827
"5062",6067006004,"06","067","006004",2319,38.625195,-121.374856,"Census Tract 60.04, Sacramento County, California",357500,1078,66,6,2.47,1.7,0,0,0,1.5,13.7,39.1,42.7,1.1,1.9,0,4.4,14.4,59.6,15,6.6,77.7,22.3,75450,94113
"5063",6067006101,"06","067","006101",4608,38.627839,-121.392966,"Census Tract 61.01, Sacramento County, California",285400,2271,367,4.3,2.24,2.21,1.6,0,0.7,7,19.4,22.8,29.9,17.5,1.1,1.1,32.1,31.5,29.2,4.6,1.4,50.1,49.9,32791,51825
"5064",6067006102,"06","067","006102",3114,38.613866,-121.393559,"Census Tract 61.02, Sacramento County, California",282800,1909,155,4.4,1.71,2.35,0,0,1.4,10.5,19.2,26.3,40.3,2.3,0,6.1,24.6,43,24.3,2,0,32.5,67.5,44257,52050
"5065",6067006201,"06","067","006201",6290,38.620187,-121.407664,"Census Tract 62.01, Sacramento County, California",223700,2878,383,4.1,2.42,2.08,0,1.3,9.3,12.3,11.7,17.9,31.7,11.5,4.4,4.5,27.2,39.4,23.8,4.5,0.6,43,57,33170,45624
"5066",6067006202,"06","067","006202",3599,38.615955,-121.420939,"Census Tract 62.02, Sacramento County, California",160300,1712,84,4,2.47,2.35,0.5,1.8,7.9,8.7,7.7,12.3,33.9,20.6,6.7,3.2,27.2,48.5,17.2,3.9,0,27.7,72.3,26797,35342
"5067",6067006300,"06","067","006300",4592,38.62276,-121.431339,"Census Tract 63, Sacramento County, California",186600,1762,236,5,2.91,3.38,3.3,2.7,2,7.8,4.8,9.1,25.7,27.3,17.3,4.7,9.2,36.7,43.2,5.3,0.9,53.1,46.9,36292,45870
"5068",6067006400,"06","067","006400",5347,38.639291,-121.420992,"Census Tract 64, Sacramento County, California",89600,1984,323,4.7,2.96,3.43,2.5,1.7,4.9,4.8,15,5.4,24.7,38,3,0.4,10.4,49.8,30.2,6,3.1,53.6,46.4,35708,40234
"5069",6067006500,"06","067","006500",6637,38.641251,-121.439346,"Census Tract 65, Sacramento County, California",192900,2082,218,5,3.2,3.12,3.4,14.4,16,14,7.7,16.8,14.6,10.6,2.5,2.1,15.9,17.6,49.2,12.1,3.3,44.6,55.4,33636,46127
"5070",6067006600,"06","067","006600",6166,38.625216,-121.441267,"Census Tract 66, Sacramento County, California",163900,2309,281,4.8,3.08,2.6,1.3,2.4,1.6,4.4,3.3,14.1,29.1,30.5,13.3,1.3,13.4,42.9,26.7,12.3,3.3,44.8,55.2,28849,41621
"5071",6067006701,"06","067","006701",8370,38.648339,-121.458948,"Census Tract 67.01, Sacramento County, California",202500,2642,154,5.2,3.91,3.07,3.4,5.1,22.8,32.3,21.8,7,4.4,2.8,0.5,0.5,10,20.3,50.9,17.5,0.8,46.5,53.5,46567,53542
"5072",6067006702,"06","067","006702",7560,38.631181,-121.458941,"Census Tract 67.02, Sacramento County, California",208300,2078,298,5.2,3.87,4.27,1.7,13.2,14.4,11.3,6.1,21.8,15.4,7.6,8.5,1.4,5.5,19.2,45.1,27,1.7,44.4,55.6,33144,44755
"5073",6067006800,"06","067","006800",7455,38.61716,-121.455439,"Census Tract 68, Sacramento County, California",135900,2396,225,4.3,3.59,3.58,0.7,0.3,5.5,1.5,19.6,14.4,40.5,10.1,7.3,0,23.5,29.5,35,11.4,0.7,42.7,57.3,29422,38824
"5074",6067006900,"06","067","006900",4763,38.606796,-121.454047,"Census Tract 69, Sacramento County, California",226600,2443,311,4.2,2.43,1.91,2.2,1.3,4.8,6.2,16.4,20.8,13.9,15.4,19,0.2,33.5,32.8,30.8,2.7,0,46.9,53.1,40417,51684
"5075",6067007001,"06","067","007001",3842,38.618298,-121.472555,"Census Tract 70.01, Sacramento County, California",144400,1297,76,4.7,2.94,3.77,6.4,8.9,1.7,10.3,5.2,17.3,29.3,8.2,12.6,0.3,17.5,33.5,32.6,16.1,0,51.4,48.6,30563,45617
"5076",6067007004,"06","067","007004",7533,38.631149,-121.49307,"Census Tract 70.04, Sacramento County, California",179500,2792,379,4.6,2.66,2.75,6.4,0,11,55.6,18.2,7.3,0,0.5,1,0.5,10.8,48.4,31.9,8.5,0,46.5,53.5,45504,54532
"5077",6067007007,"06","067","007007",5356,38.616701,-121.479601,"Census Tract 70.07, Sacramento County, California",225000,1699,139,5.8,3.48,3.4,1.5,4.8,4.7,16.4,27.2,9,32,3.6,0.7,0.5,5.1,13.7,39.4,34.6,6.7,63,37,51210,57052
"5078",6067007010,"06","067","007010",3626,38.612017,-121.518828,"Census Tract 70.10, Sacramento County, California",341900,2006,156,3.8,2,1.97,7.4,11.4,27.3,37.3,14.9,0.7,0.9,0,0,0.6,26.6,56.1,15.7,0.9,0,9.5,90.5,54808,64099
"5079",6067007011,"06","067","007011",5788,38.619073,-121.508681,"Census Tract 70.11, Sacramento County, California",233400,2567,224,4.3,3.45,2.31,0,2.1,5.6,62.4,21.8,3.9,1.2,0.7,2.2,0,27.5,34,23,15.5,0,29.5,70.5,47338,58194
"5080",6067007012,"06","067","007012",3345,38.620236,-121.501554,"Census Tract 70.12, Sacramento County, California",199900,1458,60,5.1,2.41,2.32,0,0,3.6,61.5,33.6,0,0.7,0.7,0,0,4.7,52,31.4,9.7,2.2,74.2,25.8,61964,69218
"5081",6067007013,"06","067","007013",2779,38.624805,-121.492015,"Census Tract 70.13, Sacramento County, California",203000,1053,89,4.9,2.58,2.46,0,0,0.7,67.5,18.3,10.4,1.7,0,1.4,0,9.8,32,48.7,9.5,0,49.8,50.2,60000,80874
"5082",6067007014,"06","067","007014",7342,38.614898,-121.491539,"Census Tract 70.14, Sacramento County, California",214000,2797,358,4.9,3.03,2.57,2.2,1.8,9.1,46.7,16.2,15.1,5.8,0.9,2.3,0,8.1,38.2,40.1,13.6,0,50.2,49.8,51421,57217
"5083",6067007015,"06","067","007015",4997,38.648903,-121.539209,"Census Tract 70.15, Sacramento County, California",251700,1827,118,4.5,2.89,2.34,39,44.1,3.8,0.7,6.7,0.8,0.5,0.6,3.7,0,23.3,33.7,24.9,12.2,6,43.5,56.5,51012,80341
"5084",6067007016,"06","067","007016",5537,38.634479,-121.529343,"Census Tract 70.16, Sacramento County, California",298500,1828,110,6.4,3.12,3.88,18.4,70.5,7.7,0,0.8,0,0.5,2.2,0,0,3.7,18,34.9,24.9,18.5,57.3,42.7,80405,88223
"5085",6067007017,"06","067","007017",2770,38.626028,-121.532499,"Census Tract 70.17, Sacramento County, California",297400,1058,150,5.7,2.65,2.89,54.3,30.3,0,8.5,1.1,0.9,1.8,1.8,1.2,0,1.1,14.4,66.7,14.7,3.1,89.9,10.1,88862,97194
"5086",6067007018,"06","067","007018",5083,38.643389,-121.512666,"Census Tract 70.18, Sacramento County, California",237800,2146,346,4.1,3.29,2.01,32.4,53.1,11.6,0.6,2.3,0,0,0,0,0,23.5,41.9,20.6,6.5,7.5,36,64,58902,70475
"5087",6067007019,"06","067","007019",1203,38.654773,-121.501791,"Census Tract 70.19, Sacramento County, California",NA,356,0,3.9,NA,2.53,23,46.3,19.7,0,0,8.7,0,0,2.2,0,32.3,47.2,18.3,2.2,0,0,100,43500,42628
"5088",6067007020,"06","067","007020",4034,38.608141,-121.534348,"Census Tract 70.20, Sacramento County, California",333800,1747,97,5.8,2.8,1.88,14,36.3,20.3,16.8,5.6,3.6,0.3,0,3,0,10.6,29.7,36.6,16.1,7.1,66.8,33.2,81641,106229
"5089",6067007101,"06","067","007101",253,38.694515,-121.576475,"Census Tract 71.01, Sacramento County, California",NA,77,0,5.1,3.11,1.93,0,55.8,0,16.9,18.2,9.1,0,0,0,0,0,18.2,81.8,0,0,81.8,18.2,165262,112214
"5090",6067007102,"06","067","007102",7195,38.678576,-121.526547,"Census Tract 71.02, Sacramento County, California",316800,3179,278,6,2.38,2.6,45.5,45.9,2.9,0,0.8,0,3.6,1.4,0,2.9,7.1,30.9,24.7,29.3,5.2,72.7,27.3,83882,89339
"5091",6067007103,"06","067","007103",3850,38.662804,-121.523535,"Census Tract 71.03, Sacramento County, California",243600,1720,108,4.4,2.73,2.26,38.1,50.8,5.7,0,2,0.4,0.8,0,2.2,0,31.2,20.8,31.4,11.6,4.9,41,59,65625,76389
"5092",6067007104,"06","067","007104",7689,38.672954,-121.518184,"Census Tract 71.04, Sacramento County, California",296600,2682,161,6.9,2.93,2.81,18.2,73.5,5.7,1.5,0,1.1,0,0,0,0.3,3.1,9.5,31.4,43.8,11.9,71.2,28.8,100568,97979
"5093",6067007105,"06","067","007105",6725,38.678134,-121.500285,"Census Tract 71.05, Sacramento County, California",259000,2479,211,5.9,2.92,3.05,21.5,68.3,0.2,4.1,0,2.9,0,0.7,2.3,0.8,2.6,14.6,45.5,29.5,7,65.2,34.8,76829,81232
"5094",6067007106,"06","067","007106",7161,38.663159,-121.499145,"Census Tract 71.06, Sacramento County, California",358700,2420,178,7.4,3.49,2.65,10.6,74.6,4.1,0,2,7.7,0,1,0,0,5,15,12.6,52.1,15.4,70.4,29.6,110637,119545
"5095",6067007107,"06","067","007107",3372,38.661463,-121.545928,"Census Tract 71.07, Sacramento County, California",354000,1347,99,6.4,2.83,3.31,24.8,70.7,2.6,0,1,0,0,1,0,1.6,5.2,9.6,31.8,36.2,15.6,75,25,92045,108173
"5096",6067007202,"06","067","007202",4065,38.681884,-121.425419,"Census Tract 72.02, Sacramento County, California",321700,1413,137,5.5,3.06,2.42,8.6,3.3,7.6,8.1,18.6,10.9,18.1,10.8,14,1.6,13,19.6,42.3,21.8,1.6,68.3,31.7,53795,64213
"5097",6067007204,"06","067","007204",4965,38.659267,-121.451624,"Census Tract 72.04, Sacramento County, California",196000,1573,83,5.7,3.37,3.46,3.9,1.3,38.1,28.2,8.6,5.3,7.5,5.6,1.4,0,2.1,10.4,67.1,19.1,1.3,70.5,29.5,56042,63206
"5098",6067007206,"06","067","007206",4131,38.716419,-121.440375,"Census Tract 72.06, Sacramento County, California",288000,1300,87,5.8,3.34,3.4,8.8,4.6,5.6,31.8,18.5,12.7,12.3,2.6,3.1,0.4,2.2,14.6,52.2,26.8,3.8,90.5,9.5,72900,87073
"5099",6067007207,"06","067","007207",4212,38.705648,-121.436269,"Census Tract 72.07, Sacramento County, California",248500,1451,59,5.6,2.76,3.12,0.8,2.5,11.4,28.4,22.8,16.8,8.3,2.9,6.1,0.8,1.1,13.9,68.8,13.7,1.7,72,28,56250,75465
"5100",6067007208,"06","067","007208",4495,38.685396,-121.463533,"Census Tract 72.08, Sacramento County, California",252200,1453,129,5.3,3.13,3.13,2.1,10.2,9.1,20.1,23.1,12.9,14.8,2.2,5.6,0,4.1,22.5,60,13,0.4,77.3,22.7,61711,64348
"5101",6067007209,"06","067","007209",3695,38.69327,-121.449075,"Census Tract 72.09, Sacramento County, California",203800,1278,73,5.6,3.1,2.67,0,1.3,11.1,28.9,15.8,16,15,6.7,5.2,0,4.9,19.6,63.7,11,0.7,80.7,19.3,60903,63359
"5102",6067007301,"06","067","007301",4644,38.670421,-121.378856,"Census Tract 73.01, Sacramento County, California",124100,1697,33,4.9,3.01,3.64,5.9,1.2,2.9,6.1,10.4,13.3,50.7,6.7,2.9,0,8.8,43.4,42.5,4,1.2,38,62,38750,44186
"5103",6067007402,"06","067","007402",6180,38.68698,-121.375032,"Census Tract 74.02, Sacramento County, California",207900,2137,47,5.4,2.46,4.26,0,0,0.7,1.8,3.7,19.2,69.3,2.3,2.9,0.8,1.2,10.2,72.4,13.2,2.2,74.1,25.9,54447,55974
"5104",6067007403,"06","067","007403",4537,38.679142,-121.371502,"Census Tract 74.03, Sacramento County, California",183900,1483,221,5.7,2.89,3.53,1.8,0,0,0,13,11.5,68.9,3.6,1.1,0,0,13.4,57.2,27.6,1.8,73.7,26.3,48409,53602
"5105",6067007406,"06","067","007406",7626,38.69851,-121.375875,"Census Tract 74.06, Sacramento County, California",178500,2597,185,5.6,3,3.53,5.9,0.6,5.2,5.4,18.3,44.9,13.6,1,5,0.4,3,11,61.4,21.8,2.4,70.9,29.1,43172,52706
"5106",6067007413,"06","067","007413",5932,38.656494,-121.373468,"Census Tract 74.13, Sacramento County, California",107700,2569,404,4.4,2.2,3.04,2.6,2.7,6.5,5.4,40.1,27.4,14.5,0,0.9,2.8,15.8,49.1,25.8,6.5,0,49.3,50.7,29940,43458
"5107",6067007414,"06","067","007414",4317,38.689387,-121.358761,"Census Tract 74.14, Sacramento County, California",173100,1478,117,5,2.95,3.2,0,0,2.8,18.4,49.8,17.1,6,0,6,2.6,4.3,38.5,37.3,16,1.4,48.6,51.4,42861,49125
"5108",6067007415,"06","067","007415",3039,38.677943,-121.34731,"Census Tract 74.15, Sacramento County, California",204400,1220,72,6,2.62,3.08,0.3,0,1.3,3.8,47,34.8,8.9,2.9,1,0,1.3,21,37.2,31.6,8.9,80.1,19.9,53920,63162
"5109",6067007416,"06","067","007416",3866,38.680689,-121.353925,"Census Tract 74.16, Sacramento County, California",155800,1575,82,5,2.25,2.91,1,2.9,5.5,5.4,62.9,18.9,2.8,0.6,0,0.8,1.9,29.4,55.5,12.4,0,75.1,24.9,46212,52962
"5110",6067007417,"06","067","007417",3012,38.711635,-121.39193,"Census Tract 74.17, Sacramento County, California",222200,948,98,6.2,3.78,4.25,0,0,21.8,27.7,32.6,8.4,7.4,0,2,0.7,0,7.2,52,35.3,4.7,85.9,14.1,63682,77319
"5111",6067007421,"06","067","007421",9003,38.715582,-121.339166,"Census Tract 74.21, Sacramento County, California",268800,2748,256,6,3.22,3.72,0.9,41.3,42.9,9.5,4,0.6,0.7,0,0,0.4,0,7.9,44.7,30.7,16.3,88,12,85724,100519
"5112",6067007422,"06","067","007422",2692,38.690928,-121.340763,"Census Tract 74.22, Sacramento County, California",207100,935,152,5.1,3.08,2.93,0,7.1,6.5,3.3,57.4,17.2,5.5,0,3,8,7.5,28.7,45.2,10.6,0,43.8,56.2,49767,65061
"5113",6067007423,"06","067","007423",5313,38.67196,-121.362513,"Census Tract 74.23, Sacramento County, California",136700,2226,352,4,2.06,2.96,1.5,3.5,2.2,38,31.5,18.3,3.3,0.7,0.9,0,17.4,67.2,11.3,4.1,0,24.1,75.9,28646,33836
"5114",6067007424,"06","067","007424",3508,38.665061,-121.365943,"Census Tract 74.24, Sacramento County, California",172300,1419,161,4.7,2.43,3.05,0.7,6.3,2.4,26.5,25.4,19.4,13.3,3.2,2.8,0,6.8,52.5,31,7.3,2.5,38.3,61.7,41509,44792
"5115",6067007426,"06","067","007426",2234,38.708537,-121.38039,"Census Tract 74.26, Sacramento County, California",218700,835,69,5.6,2.53,3.5,0,0,9.7,62.9,11.1,0,9,7.3,0,0,3.1,26.2,42.2,26.5,2,47.5,52.5,57839,56948
"5116",6067007427,"06","067","007427",6840,38.7116,-121.375679,"Census Tract 74.27, Sacramento County, California",234000,2289,0,5.3,2.7,3.41,0,6.5,16.3,50.5,5,2.3,19.4,0,0,0,4.7,23.7,51.6,20,0,51.5,48.5,49306,62553
"5117",6067007428,"06","067","007428",3451,38.70033,-121.347819,"Census Tract 74.28, Sacramento County, California",191900,1333,47,5.4,2.56,3.1,0,2.9,15.7,54.3,24.4,1.1,0,0,1.6,0,1.2,17.7,66,15.1,0,69.8,30.2,58929,72123
"5118",6067007429,"06","067","007429",4889,38.698534,-121.358541,"Census Tract 74.29, Sacramento County, California",220400,1927,151,4.5,2.79,3.04,1.1,0,18.7,62.8,14,2.7,0,0,0.7,0,17.7,34.5,38,9.8,0,41.4,58.6,48968,58265
"5119",6067007430,"06","067","007430",7805,38.721408,-121.372863,"Census Tract 74.30, Sacramento County, California",259900,2632,169,6.1,3.37,3.29,0,5.9,74,17.5,0.9,1.1,0.6,0,0,0.6,2.9,12.9,48.4,29.6,5.6,68.5,31.5,70780,72777
"5120",6067007431,"06","067","007431",3355,38.722887,-121.387625,"Census Tract 74.31, Sacramento County, California",272800,1143,62,6.2,2.94,2.93,1.1,1.3,56.2,41.4,0,0,0,0,0,0,0,3.4,56.8,37.2,2.6,90.1,9.9,86991,99430
"5121",6067007432,"06","067","007432",5040,38.722718,-121.355754,"Census Tract 74.32, Sacramento County, California",269600,1599,52,5.9,3.08,3.57,3.3,0,70.2,25,0,1.2,0,0.4,0,0,0,11.3,60.2,27.3,1.2,78.7,21.3,84654,93132
"5122",6067007433,"06","067","007433",7656,38.712867,-121.357613,"Census Tract 74.33, Sacramento County, California",271600,2815,91,5.4,2.93,3.34,17.4,8.1,47.9,23.2,1.5,0,1.9,0,0,0,3,33.3,40.2,14.4,9.2,71.5,28.5,72232,83385
"5123",6067007501,"06","067","007501",6067,38.668665,-121.343762,"Census Tract 75.01, Sacramento County, California",240100,2639,352,4.7,2.59,2.56,0,0,2.7,26.3,26.3,11.1,30.4,0.9,2.3,0,14.3,42.4,34,8.9,0.3,34.9,65.1,36094,47035
"5124",6067007503,"06","067","007503",4912,38.656706,-121.349654,"Census Tract 75.03, Sacramento County, California",232500,2155,108,4.7,2.2,2.79,2.1,4.6,11,15.5,28.4,23.3,10.4,3.2,1.5,1.1,16.2,48.4,25.5,8.6,0.3,34.4,65.6,43311,47493
"5125",6067007504,"06","067","007504",2054,38.650012,-121.357934,"Census Tract 75.04, Sacramento County, California",277500,870,153,4.9,2.67,2.36,1.3,7.5,12.3,3.2,32,18.2,17.5,7.2,0.9,0.8,12.6,37.9,25.3,14.5,8.9,68.9,31.1,62820,92664
"5126",6067007601,"06","067","007601",6416,38.649536,-121.334085,"Census Tract 76.01, Sacramento County, California",304300,3104,226,4.7,2.33,2.08,1.1,3.1,4,11.5,30,37.6,10.5,0.6,1.4,5.3,18.9,29.4,25.8,18.3,2.3,51.2,48.8,43766,66581
"5127",6067007602,"06","067","007602",4619,38.632209,-121.337334,"Census Tract 76.02, Sacramento County, California",245700,2099,178,5.4,2.42,2.14,3,0.3,1.4,12.8,34,15.4,25.6,4.4,3.1,0,8.5,30.2,46,12.5,2.9,53.5,46.5,54290,65732
"5128",6067007701,"06","067","007701",6126,38.616904,-121.337874,"Census Tract 77.01, Sacramento County, California",309300,2886,371,4.9,2.71,2.36,1.6,2.5,11.2,10.5,33.6,11,18.3,6.5,4.7,1.6,17.5,36.4,32,8.6,3.8,36,64,46612,56018
"5129",6067007702,"06","067","007702",4306,38.603727,-121.338081,"Census Tract 77.02, Sacramento County, California",432800,2078,149,5.9,2.34,1.79,2.8,2.4,10.7,12.8,27,17.5,19.5,5,2.5,2.7,17.2,12.7,38.1,22.7,6.6,64.5,35.5,77364,107537
"5130",6067007801,"06","067","007801",5481,38.630954,-121.31375,"Census Tract 78.01, Sacramento County, California",349200,2584,130,5.2,2.62,2.32,2.9,5,8.7,18.3,16.1,19.6,22.8,4.3,2.3,3.5,20.8,24.8,26.6,21.4,2.9,52.7,47.3,46917,92748
"5131",6067007802,"06","067","007802",4808,38.61626,-121.32172,"Census Tract 78.02, Sacramento County, California",476000,2170,188,5.5,2.59,2.03,2,0.9,5.3,8.1,26.8,18.6,26.4,7.2,4.7,0,14.8,35.3,28.1,15.8,5.9,53.1,46.9,49902,84997
"5132",6067007903,"06","067","007903",4576,38.655943,-121.318355,"Census Tract 79.03, Sacramento County, California",312400,2017,146,6,2.55,2.39,2.2,11.6,3.1,3.2,22.6,38.1,16,1.8,1.4,0,6.6,19.2,48.9,19.8,5.5,69.6,30.4,65553,72148
"5133",6067007904,"06","067","007904",4797,38.656631,-121.300681,"Census Tract 79.04, Sacramento County, California",303700,1965,200,6.1,2.7,2.71,0,1.2,5.6,8,18.7,32.2,30.3,3.3,0.7,0,1.4,15.2,44.6,33.8,5,83.8,16.2,73707,81445
"5134",6067007905,"06","067","007905",4225,38.642213,-121.300983,"Census Tract 79.05, Sacramento County, California",375400,1778,76,6.3,2.52,1.98,0,2,4.8,11,30.7,23.6,19.6,3.8,4.5,0.4,9,16.1,34.4,37.2,2.8,75.1,24.9,73816,93297
"5135",6067007906,"06","067","007906",3525,38.642972,-121.319648,"Census Tract 79.06, Sacramento County, California",350800,1647,118,5.5,2.48,1.91,0,0.4,6.9,24.2,17.5,38.3,9.6,2.6,0.5,0,17.7,25.7,41,13.9,1.6,57,43,53750,74202
"5136",6067008005,"06","067","008005",4715,38.655525,-121.218025,"Census Tract 80.05, Sacramento County, California",448200,1914,132,7.2,2.65,3.23,0,2.1,21.4,31.2,28.2,11,5.1,0,1,0,0,5.3,45.9,38.6,10.1,90.1,9.9,111574,130301
"5137",6067008006,"06","067","008006",5718,38.652233,-121.234521,"Census Tract 80.06, Sacramento County, California",470700,2511,53,6.6,2.59,1.68,1.8,20,12,13.3,22.5,17.2,11.4,1.3,0.6,0,10.4,17.5,35.9,29,7.2,69.3,30.7,81058,95461
"5138",6067008007,"06","067","008007",3151,38.656624,-121.282206,"Census Tract 80.07, Sacramento County, California",362400,1515,190,5,2.06,2.26,5.1,1.3,3,9.1,48.2,17.4,9.2,4,2.6,0,2.4,51.9,25.9,15.7,4.1,55.2,44.8,46307,69196
"5139",6067008008,"06","067","008008",4610,38.658626,-121.25923,"Census Tract 80.08, Sacramento County, California",389700,1943,59,6.2,2.31,2.57,2.2,8.1,5.8,9.9,38.1,21,10.8,2.9,1.2,0,10.4,14.1,38.1,33.5,3.9,72.9,27.1,84091,105256
"5140",6067008009,"06","067","008009",4407,38.646469,-121.26172,"Census Tract 80.09, Sacramento County, California",452900,2073,188,5.4,2.35,1.79,4.7,3.5,4.4,16.1,14.2,24.8,12.3,12,8,0.6,19.1,24.6,28.1,20.9,6.8,56.9,43.1,58568,88191
"5141",6067008010,"06","067","008010",4890,38.642781,-121.282588,"Census Tract 80.10, Sacramento County, California",399200,2149,142,5.6,2.58,1.72,0.3,4.3,7.4,17.9,21.7,18.1,20.7,4,5.4,0,13.3,23.9,38.6,19.6,4.7,70.4,29.6,65360,87171
"5142",6067008111,"06","067","008111",6153,38.69848,-121.301333,"Census Tract 81.11, Sacramento County, California",200000,2343,118,5.4,2.53,3.34,0,0,0,16.7,49.2,15.5,16.9,1.7,0,0,3.2,18.7,57.8,17.8,2.5,77.6,22.4,64550,72600
"5143",6067008113,"06","067","008113",3752,38.714498,-121.296459,"Census Tract 81.13, Sacramento County, California",161400,1457,127,4.8,2.7,2.82,0,0,4.1,24.8,21.3,14.8,34,0,0.9,0.8,19.6,16.3,54.4,7.5,1.4,57.7,42.3,52112,56965
"5144",6067008117,"06","067","008117",2084,38.665272,-121.319248,"Census Tract 81.17, Sacramento County, California",242900,849,0,5.4,2.22,3.09,1.2,1.3,0,3.3,4.4,29,60.9,0,0,0,1.5,5.4,85,6.9,1.1,72.4,27.6,52533,65211
"5145",6067008119,"06","067","008119",5668,38.671694,-121.300202,"Census Tract 81.19, Sacramento County, California",254500,2201,209,5.3,2.89,2.34,0.6,0.5,1.2,13.7,42.9,24.8,12.5,1.6,2.1,0.5,1.8,22.3,59,16.5,0,71.4,28.6,63519,67827
"5146",6067008120,"06","067","008120",4873,38.690292,-121.266379,"Census Tract 81.20, Sacramento County, California",245000,1950,145,4.7,3.08,2.38,0,0.5,4.2,36.9,54.6,3.8,0,0,0,1.5,18.4,32.8,28.1,13.2,6.1,43.9,56.1,51250,64152
"5147",6067008122,"06","067","008122",3384,38.671839,-121.256902,"Census Tract 81.22, Sacramento County, California",352300,1474,62,5.8,2.2,2.47,6.4,2.1,2.8,21.6,40.2,15.9,7.5,1.3,2.2,0,15.1,15.9,41.6,26.1,1.4,57.9,42.1,64444,81037
"5148",6067008124,"06","067","008124",4478,38.714049,-121.259711,"Census Tract 81.24, Sacramento County, California",298800,1597,86,6.6,2.67,2.17,0,2.2,2.4,21.4,54,12.6,5.3,1.9,0.2,0,0,5,45.1,41.3,8.6,93,7,80495,81930
"5149",6067008125,"06","067","008125",5265,38.706114,-121.255647,"Census Tract 81.25, Sacramento County, California",263400,2101,88,5.9,2.53,3.06,1.3,0,13.6,43.6,31.1,6.7,1,2.6,0,0,3.3,19.2,50.5,25.7,1.3,81.3,18.7,73460,81720
"5150",6067008127,"06","067","008127",4792,38.712244,-121.314844,"Census Tract 81.27, Sacramento County, California",229200,1715,91,5.4,3.01,3.3,0,0.7,15.5,13,50.1,11.7,5.5,1.8,1.7,0,2.2,9.6,73.1,14.5,0.6,63.1,36.9,68633,76272
"5151",6067008128,"06","067","008128",2462,38.719168,-121.304885,"Census Tract 81.28, Sacramento County, California",179000,944,24,5.6,2.38,3.34,1,0.8,2.6,29,38.8,21.5,6.3,0,0,0,1.7,32.1,46,19.6,0.6,77.3,22.7,65446,61122
"5152",6067008129,"06","067","008129",3358,38.702441,-121.320937,"Census Tract 81.29, Sacramento County, California",188400,1303,40,5.7,2.32,2.53,0.8,0.8,0.9,18.4,67.8,6.1,4.5,0.7,0,0,5.6,22.6,50.5,20.4,0.8,65.8,34.2,51845,59383
"5153",6067008130,"06","067","008130",3761,38.695255,-121.330976,"Census Tract 81.30, Sacramento County, California",187000,1391,50,5.9,2.86,3.02,4.9,0,3.8,10.8,52.4,19.8,5.6,2.7,0,0,0.9,11.4,58.9,28.9,0,79.6,20.4,65424,68677
"5154",6067008131,"06","067","008131",4922,38.68114,-121.325898,"Census Tract 81.31, Sacramento County, California",179100,2439,218,4.8,2.49,2.48,0,3.9,8.9,39.1,28.1,15.5,4,0.5,0,0,22.7,31.3,32.9,10.5,2.6,58.2,41.8,45865,58475
"5155",6067008132,"06","067","008132",3710,38.694719,-121.313754,"Census Tract 81.32, Sacramento County, California",199100,1505,23,6,2.28,2.88,0,13,14.9,27.6,32.6,4.6,5.4,0,1.9,0,0,27,48.1,23.9,0.9,80.2,19.8,62823,69518
"5156",6067008133,"06","067","008133",2652,38.664876,-121.33119,"Census Tract 81.33, Sacramento County, California",203600,1284,107,4.4,1.79,2.06,0.6,0,5.5,12.2,46.3,22.6,8.8,3.3,0.5,2.4,33.5,31,31.2,1.2,0.6,28.9,71.1,24871,39289
"5157",6067008134,"06","067","008134",4647,38.672821,-121.319575,"Census Tract 81.34, Sacramento County, California",229900,2023,166,4.9,2.36,2.95,2.2,2,7.7,20,22.4,28.8,15.3,0,1.5,0,10.9,35.2,38.7,15.2,0,57.4,42.6,47405,58518
"5158",6067008135,"06","067","008135",4000,38.682385,-121.309257,"Census Tract 81.35, Sacramento County, California",203800,2148,81,4.3,2.01,1.98,0,7.6,1.3,20.8,53.9,9.5,5.1,1.9,0,6,19.1,37.2,29.1,8.7,0,52.4,47.6,42645,52024
"5159",6067008136,"06","067","008136",2339,38.687184,-121.295157,"Census Tract 81.36, Sacramento County, California",262300,1254,30,4.3,1.63,1.86,2.2,4.1,30.9,21.7,31.7,4.9,1.3,1.8,1.4,1.8,31.8,31,27.5,7.2,0.7,30.8,69.2,46117,52494
"5160",6067008137,"06","067","008137",2432,38.67267,-121.288716,"Census Tract 81.37, Sacramento County, California",278600,952,27,4.9,2.31,2.51,1.5,9.3,10.2,15.3,27.2,14.5,14.5,5.4,2.1,0,22.8,24.8,42.8,8.5,1.2,40.9,59.1,47476,63381
"5161",6067008138,"06","067","008138",3568,38.671829,-121.279088,"Census Tract 81.38, Sacramento County, California",283000,1396,164,5.6,2.67,2.59,0,0.6,7.3,10.9,40.5,20.2,18.1,1.3,1.1,0,14.5,19.4,47.4,17.8,0.9,67.5,32.5,64018,86333
"5162",6067008139,"06","067","008139",3360,38.67028,-121.266446,"Census Tract 81.39, Sacramento County, California",253500,1842,75,3.9,1.62,2.13,1.6,4.2,10.3,30.3,42.2,6.4,5,0,0,2.6,34.6,44.8,11.7,6.3,0,19.6,80.4,38862,48218
"5163",6067008140,"06","067","008140",2894,38.694835,-121.278229,"Census Tract 81.40, Sacramento County, California",244300,1130,182,5.4,2.54,2.1,0.4,0.6,6.3,18,38.1,21.4,13.4,0,1.8,5,8.2,16.6,48.1,15.3,6.7,63.6,36.4,67692,67796
"5164",6067008141,"06","067","008141",6799,38.68328,-121.279891,"Census Tract 81.41, Sacramento County, California",286900,2784,224,4.6,3.09,2.76,0.8,6.5,15.6,13.9,33.2,16.3,11.1,1,1.6,2.7,16.9,46.3,27.1,2.6,4.5,30.8,69.2,42458,53662
"5165",6067008142,"06","067","008142",3353,38.703286,-121.282951,"Census Tract 81.42, Sacramento County, California",259100,1400,41,4.3,2.87,2.44,2.5,0,14.7,34.6,14.9,7.5,10.9,9.6,5.4,1.3,24.7,42.4,22.3,9.3,0,32,68,49844,53200
"5166",6067008143,"06","067","008143",4248,38.713572,-121.279286,"Census Tract 81.43, Sacramento County, California",251600,1721,78,4.8,2.81,2.41,0,3.2,10.5,25.8,10.5,14.9,18.9,12.2,4,0,18.7,34.7,37.2,7.1,2.3,42.4,57.6,52238,56321
"5167",6067008144,"06","067","008144",2541,38.685411,-121.256404,"Census Tract 81.44, Sacramento County, California",280400,1014,60,6,2.58,3.58,2.4,1.3,2.9,25.3,44.2,16.2,6.5,0,1.3,0,0,9.7,53.4,34,3,87.4,12.6,73370,83718
"5168",6067008145,"06","067","008145",7345,38.691257,-121.249069,"Census Tract 81.45, Sacramento County, California",309800,2713,109,6,2.68,3.17,0,2.2,4.7,15,48.9,15.7,11.4,1.4,0.7,0,2.8,6,56,28.3,6.7,83.2,16.8,74236,85432
"5169",6067008203,"06","067","008203",4760,38.694605,-121.233581,"Census Tract 82.03, Sacramento County, California",349400,1831,73,6.3,2.74,2.23,1.7,0.9,8.2,24.9,26.9,12.9,16.3,7.2,1.1,0,3.3,10.4,57.1,22.4,6.8,85.7,14.3,71771,91856
"5170",6067008204,"06","067","008204",4495,38.671215,-121.234761,"Census Tract 82.04, Sacramento County, California",307900,1754,80,6,2.45,2.1,0,7.3,9.1,19.3,15.5,21.8,24.1,3,0,0,3.4,11.2,54.8,26.2,4.4,79.5,20.5,67262,82152
"5171",6067008206,"06","067","008206",5638,38.671681,-121.214507,"Census Tract 82.06, Sacramento County, California",280500,2202,278,5.5,2.73,2.63,2.4,0,5.6,30.2,24.1,21.3,14.1,0.3,1.9,0,11.1,17.3,49,21.3,1.3,68.5,31.5,70682,74060
"5172",6067008207,"06","067","008207",4212,38.667245,-121.200496,"Census Tract 82.07, Sacramento County, California",324800,1858,56,5.8,2.52,2.72,0.9,2.5,3.3,16.8,42.4,19.6,13.9,0.6,0,0.7,1.6,18.6,53.8,22.8,2.5,71.1,28.9,72652,78310
"5173",6067008208,"06","067","008208",4598,38.683508,-121.212485,"Census Tract 82.08, Sacramento County, California",254300,1925,80,5,2.44,2.31,2.1,6.3,13,25.6,17.8,12.6,17.2,3.2,2.3,0,25.7,22.8,39.9,11.6,0,57.5,42.5,48116,59905
"5174",6067008209,"06","067","008209",4085,38.689859,-121.186358,"Census Tract 82.09, Sacramento County, California",475400,1785,93,6.7,2.49,1.7,0.4,0,11.8,73.7,9.5,3.4,1.1,0,0,0.9,15,16.9,29,31.4,6.9,67.1,32.9,80682,109602
"5175",6067008210,"06","067","008210",5472,38.703425,-121.180986,"Census Tract 82.10, Sacramento County, California",427500,2438,133,6.5,2.28,2.18,4.2,15.2,24.1,19.8,31.5,3.9,1,0,0.4,0,4.3,37.2,20.4,29.1,9.1,85.7,14.3,77622,107886
"5176",6067008211,"06","067","008211",2871,38.700034,-121.206634,"Census Tract 82.11, Sacramento County, California",461700,987,10,6.5,2.85,3.12,3.9,3.9,11.9,12.1,15.3,16.7,28.9,4.4,3.1,0,0,10.6,53.5,29.6,6.3,87,13,89019,102044
"5177",6067008402,"06","067","008402",5505,38.680467,-121.150617,"Census Tract 84.02, Sacramento County, California",355900,2008,68,5.9,2.57,2.42,0,1.5,1.1,54.3,23.2,6.2,13.6,0,0,4.3,6.2,10.3,57.9,20.1,1.3,67.6,32.4,78365,88981
"5178",6067008403,"06","067","008403",5246,38.66595,-121.164428,"Census Tract 84.03, Sacramento County, California",355900,2169,98,5.6,2.53,2.2,3.5,11.8,43,27.6,4.6,5.1,2.3,0,2.1,0.4,10.6,25.7,33.2,26.5,3.6,53.7,46.3,77660,91832
"5179",6067008404,"06","067","008404",3275,38.676043,-121.170656,"Census Tract 84.04, Sacramento County, California",311800,1511,192,4.5,2.26,2.07,6.2,1.3,6.2,5.7,5.4,22.9,22.2,9.3,21,3.6,22.3,42.7,26.5,5,0,46.4,53.6,46049,62130
"5180",6067008501,"06","067","008501",6228,38.687539,-121.126211,"Census Tract 85.01, Sacramento County, California",437100,2183,85,6.9,2.86,3.07,10.3,25.3,28.9,30.5,0.7,2.7,0.6,0.6,0.4,0,0,8.6,38.9,43.7,8.8,88.1,11.9,118333,123709
"5181",6067008504,"06","067","008504",4320,38.650208,-121.175728,"Census Tract 85.04, Sacramento County, California",385000,1679,108,6,2.87,2.32,6.8,2.3,74.2,13.5,2.3,0,1,0,0,0,10.3,17,30.3,32.1,10.3,76.4,23.6,114063,113778
"5182",6067008505,"06","067","008505",2186,38.662642,-121.145199,"Census Tract 85.05, Sacramento County, California",492500,740,0,7,2.71,3.53,10.7,14.1,74.3,0,0,0.9,0,0,0,0,0,0,44.6,39.9,15.5,90.1,9.9,116250,105807
"5183",6067008506,"06","067","008506",2520,38.670517,-121.140796,"Census Tract 85.06, Sacramento County, California",NA,1428,53,3.4,NA,1.71,16.2,53,20.3,1.9,0,5.8,2.8,0,0,2,48.8,47.4,1.8,0,0,0,100,57438,61832
"5184",6067008507,"06","067","008507",3687,38.650851,-121.132524,"Census Tract 85.07, Sacramento County, California",328700,1568,174,5.2,2.22,2.48,17,40.9,35.3,2.7,2.5,0,0.8,0.7,0,0,9.1,30.5,44.2,13.9,2.2,67.6,32.4,88804,100065
"5185",6067008508,"06","067","008508",6825,38.653227,-121.152338,"Census Tract 85.08, Sacramento County, California",455700,2287,76,6.6,3.32,2.65,1.5,36.3,58.2,0.4,0.8,0,0,0.5,2.2,0,9.5,10,31,34.7,14.8,71.1,28.9,115298,126379
"5186",6067008509,"06","067","008509",4711,38.678165,-121.122945,"Census Tract 85.09, Sacramento County, California",485800,1439,0,7.5,3.13,4.81,12.8,42.3,30,9,3.8,0,0.6,0.7,0.8,0,0,3.7,30,45,21.4,97.1,2.9,123098,134121
"5187",6067008510,"06","067","008510",4744,38.666603,-121.120032,"Census Tract 85.10, Sacramento County, California",485600,1573,61,7.6,2.8,2.22,5.7,24,31.9,38.3,0,0,0,0,0,0,0.3,8.2,22.6,66.5,2.4,95.4,4.6,108611,131354
"5188",6067008512,"06","067","008512",3819,38.67176,-121.102856,"Census Tract 85.12, Sacramento County, California",509000,1155,95,6.9,3.02,2.86,16.5,78.2,2.1,0,0,1.9,0,0,1.4,0,0,1.1,43.9,36.2,18.8,96.7,3.3,153750,155697
"5189",6067008513,"06","067","008513",2793,38.651148,-121.09991,"Census Tract 85.13, Sacramento County, California",466900,958,75,6.3,2.98,2.64,59,36.3,0,2.2,0,0,0,0,2.5,0,0,18.7,31.5,33.1,16.7,85.2,14.8,137750,139023
"5190",6067008600,"06","067","008600",6784,38.498422,-121.101604,"Census Tract 86, Sacramento County, California",464200,2995,223,7.1,2.53,3,4.6,15.8,28.5,29.5,14.1,2.8,0.9,2.5,1.4,0,0.3,17.7,39.7,34.6,7.8,91.7,8.3,98854,129651
"5191",6067008702,"06","067","008702",3082,38.629251,-121.244717,"Census Tract 87.02, Sacramento County, California",490300,1355,18,7,2.44,2.43,0,1.8,53.7,40.3,3.2,0,0,0,0.9,0,0,7.7,46.6,42.4,3.2,96.3,3.7,136411,173741
"5192",6067008703,"06","067","008703",4912,38.623517,-121.248218,"Census Tract 87.03, Sacramento County, California",391300,2517,124,5.9,2.49,1.79,7.8,15.7,38.5,32.7,4.2,1.1,0,0,0,0.6,13.8,27,28.7,27.5,2.5,73.2,26.8,80469,108307
"5193",6067008704,"06","067","008704",3231,38.553092,-121.236889,"Census Tract 87.04, Sacramento County, California",360300,1092,117,6.9,3.37,3.21,60.6,21.8,6.6,0,0,0,8,0,3,0,2.2,6.3,21.1,40.8,29.6,81,19,95068,100114
"5194",6067008705,"06","067","008705",4397,38.544457,-121.228436,"Census Tract 87.05, Sacramento County, California",375100,1296,31,7.4,3.08,4.16,91.5,3.9,1.7,1.3,1.5,0,0,0,0,0,0,2.9,16.4,54.9,25.8,85.7,14.3,101813,110398
"5195",6067008801,"06","067","008801",4436,38.547512,-121.280963,"Census Tract 88.01, Sacramento County, California",321100,1779,150,5.5,3.17,2.34,3.6,65.5,3.5,5.6,3.9,0,8.7,9.1,0,16.6,2.9,6.7,38.8,25.9,9.1,68.4,31.6,78468,81249
"5196",6067008905,"06","067","008905",4451,38.598007,-121.297147,"Census Tract 89.05, Sacramento County, California",222800,1785,188,5.1,2.54,3.19,0,0,3.2,10,17,20.2,46.2,2.4,1.1,0.8,13.7,19.6,52.1,13.9,0,58.5,41.5,44246,61758
"5197",6067008907,"06","067","008907",4835,38.612186,-121.282969,"Census Tract 89.07, Sacramento County, California",206600,1979,176,5.1,2.57,2.73,0,0,3.4,21.7,27.9,38.9,7.6,0.6,0,1.4,9.2,27.1,44.4,16.9,0.9,52.7,47.3,45290,55449
"5198",6067008908,"06","067","008908",4835,38.604639,-121.280437,"Census Tract 89.08, Sacramento County, California",153900,2139,386,4.9,2.34,2.87,1.4,1.3,3.6,14.8,34.9,27.1,11.4,0.8,4.9,0,8,51.7,29.1,10,1.2,63.4,36.6,52679,64340
"5199",6067008909,"06","067","008909",2358,38.582362,-121.325547,"Census Tract 89.09, Sacramento County, California",342500,889,116,6.3,2.79,2.81,1.2,0.9,3.6,31.6,50.8,10.6,1,0,0.2,0,0,30.9,35,22.5,11.6,73.1,26.9,74432,107456
"5200",6067008910,"06","067","008910",3486,38.59248,-121.310724,"Census Tract 89.10, Sacramento County, California",174100,1405,115,5.3,2.57,3.03,0,1.5,0,4.3,13.1,11.5,65.5,4.1,0,0,11.5,19.8,57.9,10.9,0,58.9,41.1,51538,58958
"5201",6067008911,"06","067","008911",2295,38.586227,-121.317154,"Census Tract 89.11, Sacramento County, California",221800,871,16,4.5,2.15,3.11,0,0,2.1,15.4,44.3,32.5,5.3,0.5,0,3.7,13.2,39.2,26.2,11.8,6,29.6,70.4,33924,43706
"5202",6067008912,"06","067","008912",3100,38.62052,-121.275996,"Census Tract 89.12, Sacramento County, California",261600,1332,109,6,2.05,3,0,0,0,42.4,43.6,10.7,2.4,0.9,0,2.6,1.7,13,63.4,16.7,2.6,78.6,21.4,73648,89534
"5203",6067008913,"06","067","008913",4145,38.610871,-121.296446,"Census Tract 89.13, Sacramento County, California",218300,1573,174,5.2,2.51,2.95,0,1.3,6.7,9.6,34.3,39.2,7.3,0,1.6,0,5,26.1,49.1,19.8,0,61.3,38.7,51827,64195
"5204",6067009004,"06","067","009004",3878,38.566891,-121.325712,"Census Tract 90.04, Sacramento County, California",218000,1314,165,5.6,3.14,3.69,2.1,1.1,0,9.7,51.8,20.9,9.9,0.6,4,0,0.8,14.7,62.1,19.1,3.3,72.1,27.9,61250,63272
"5205",6067009005,"06","067","009005",3165,38.558064,-121.325769,"Census Tract 90.05, Sacramento County, California",192600,1318,12,4.7,2.78,2.17,1.1,3.4,11.3,23.7,50.8,8.6,0,1,0,0.9,15.8,37.8,35.4,10.2,0,48.9,51.1,50428,61075
"5206",6067009006,"06","067","009006",4940,38.573442,-121.314655,"Census Tract 90.06, Sacramento County, California",68700,1983,185,4.8,2.41,2.73,7.7,5.9,15.9,16,39.7,6.2,7.5,0.5,0.7,0,11.3,47.3,26.4,13.7,1.3,52.5,47.5,37689,49048
"5207",6067009007,"06","067","009007",2818,38.57746,-121.301784,"Census Tract 90.07, Sacramento County, California",163700,1158,76,4,2.73,2.83,23.4,3.8,6,7.4,25.4,25.2,8.7,0,0,6.6,28.1,34.6,22.7,6.6,1.4,29.5,70.5,40722,44627
"5208",6067009008,"06","067","009008",4928,38.587516,-121.300155,"Census Tract 90.08, Sacramento County, California",200500,1681,130,4.9,2.58,3,0,0,3.2,1.5,36.3,18.5,36.6,3.2,0.6,0,11.6,37.1,39.8,10.8,0.7,51,49,37432,47695
"5209",6067009010,"06","067","009010",4866,38.581002,-121.292311,"Census Tract 90.10, Sacramento County, California",270200,2297,193,4.1,2.47,2.25,14.8,4.9,30.3,33.1,13.3,1.7,0,0,2,0.3,25,49.2,19.5,2.5,3.4,15.4,84.6,46786,80955
"5210",6067009011,"06","067","009011",3964,38.576705,-121.27843,"Census Tract 90.11, Sacramento County, California",312000,1309,98,6.3,3.41,4.91,30.6,64.7,1.8,0,2.5,0,0,0.4,0,0,0,1.4,47.1,48.1,3.5,78,22,92627,93133
"5211",6067009103,"06","067","009103",3495,38.55451,-121.341579,"Census Tract 91.03, Sacramento County, California",244200,1290,99,5.4,2.47,2.58,10.4,6.4,3.6,18.5,51.4,6.4,1,1.2,1.2,0,7.6,21,44,25.3,2.1,58.6,41.4,55313,59063
"5212",6067009105,"06","067","009105",2709,38.562064,-121.370365,"Census Tract 91.05, Sacramento County, California",212300,1199,50,5.2,2.1,3.29,0,0,1.3,6.5,45.7,42.9,2.9,0.7,0,0,3.1,33.3,49.5,13.3,0.8,42.1,57.9,42051,48860
"5213",6067009106,"06","067","009106",4143,38.565861,-121.365435,"Census Tract 91.06, Sacramento County, California",247200,1991,90,5.1,2.14,1.85,0,0,0.7,7.6,56.7,29.6,4.9,0.6,0,0,18,20.5,43.9,14.6,3,50,50,56632,69272
"5214",6067009107,"06","067","009107",3213,38.572342,-121.344352,"Census Tract 91.07, Sacramento County, California",233400,1361,27,5.8,2.51,2.58,0,0,1,9.6,85.8,2.8,0.8,0,0,0,5.3,6.8,54.7,30.9,2.3,70.6,29.4,66954,76872
"5215",6067009108,"06","067","009108",3693,38.550447,-121.35392,"Census Tract 91.08, Sacramento County, California",243500,1457,104,6,2.35,2.85,0.5,0.3,0,3.7,51.2,17.8,24.8,1.6,0,0,0.5,7.8,65.3,26.4,0,71.8,28.2,61719,72567
"5216",6067009109,"06","067","009109",4842,38.555583,-121.359811,"Census Tract 91.09, Sacramento County, California",254800,1791,48,6.2,2.67,3.6,0,0,2,4.2,72.2,5.1,15.6,0,0.8,0,0,2.1,53.4,39.2,5.4,84.1,15.9,79360,84405
"5217",6067009110,"06","067","009110",1482,38.5581,-121.368225,"Census Tract 91.10, Sacramento County, California",61400,814,206,3.5,2.64,2.35,0,0,1.1,5.5,32.3,55.5,2.5,2,1.1,0,10.2,86.2,2.5,1.1,0,25.8,74.2,29324,33631
"5218",6067009111,"06","067","009111",5539,38.542418,-121.363621,"Census Tract 91.11, Sacramento County, California",229500,2380,120,4.9,2.65,2.62,0,0,15,18.5,47.6,10.4,5.4,2.4,0.8,0,14.1,33.8,37.6,13.8,0.7,52.6,47.4,48173,57253
"5219",6067009112,"06","067","009112",3630,38.543349,-121.349846,"Census Tract 91.12, Sacramento County, California",237600,1440,51,5.2,2.88,2.6,7.5,3.5,4.6,24.9,51.4,3.9,4.2,0,0,0,8.2,17.9,49.9,19.9,4.2,63.3,36.7,63594,68865
"5220",6067009201,"06","067","009201",2293,38.498076,-121.351687,"Census Tract 92.01, Sacramento County, California",303800,901,103,5.3,2.85,2.67,25,0,7.7,2,28.4,8.5,13.1,9.2,6.1,0,6.7,41.2,34.7,14.2,3.2,72.2,27.8,51538,67963
"5221",6067009307,"06","067","009307",5241,38.417065,-121.363266,"Census Tract 93.07, Sacramento County, California",332000,1752,92,6.3,3,2.58,10,3.4,38.5,17.1,16.7,8.8,3.9,0.6,0.9,0.6,0.6,23.9,34.4,31.8,8.8,72.1,27.9,77174,85770
"5222",6067009308,"06","067","009308",6032,38.417169,-121.381223,"Census Tract 93.08, Sacramento County, California",264700,2132,115,5.8,3.06,2.5,2.1,4.5,6.9,43.2,31.3,4.8,6.7,0.6,0,1.9,2.9,4,56.4,28.6,6.2,76.6,23.4,55224,68524
"5223",6067009309,"06","067","009309",2282,38.402864,-121.378482,"Census Tract 93.09, Sacramento County, California",249800,866,0,6.3,2.59,3.18,0,1,4.8,18,63.7,4.2,8.2,0,0,1.6,0.8,17.6,39.4,35.5,5.2,90.9,9.1,69392,77253
"5224",6067009310,"06","067","009310",7000,38.398309,-121.365018,"Census Tract 93.10, Sacramento County, California",251700,2444,217,5.9,2.91,2.72,0,2.1,25.6,27.2,25.7,12.2,6.1,0,1.1,0,1.8,15.5,39.8,39.2,3.7,73.6,26.4,65956,80691
"5225",6067009311,"06","067","009311",6407,38.469217,-121.357555,"Census Tract 93.11, Sacramento County, California",286500,2069,77,6.2,2.96,3.85,2.9,45.4,26.5,13.5,5.7,3,2.4,0,0.5,0,1.9,4,52,31.2,11,79.1,20.9,76176,84807
"5226",6067009312,"06","067","009312",6535,38.459188,-121.362075,"Census Tract 93.12, Sacramento County, California",251900,2121,212,6,3.36,4.33,4.4,30.3,38,23,0.9,0,2.1,0.5,0.8,0,0.5,3.3,51.1,41.8,3.3,73,27,63598,76004
"5227",6067009314,"06","067","009314",5922,38.44404,-121.363668,"Census Tract 93.14, Sacramento County, California",311900,1686,135,6.6,3.25,3.78,10.3,22.4,48.9,1.6,12.9,2.4,0.6,1,0,0,0.5,7.7,41.7,38,12.1,79,21,77102,88216
"5228",6067009316,"06","067","009316",4605,38.477911,-121.380788,"Census Tract 93.16, Sacramento County, California",195800,1335,124,5.8,3.69,3.97,2.5,22.2,13.7,33.8,14.1,11.5,1.3,0,0.9,0,1.9,12.7,54.5,20.9,10,69.1,30.9,67311,68101
"5229",6067009317,"06","067","009317",5700,38.462165,-121.377631,"Census Tract 93.17, Sacramento County, California",246300,1825,99,6.5,3.05,3.8,0,2.1,21.6,70.7,4.3,1.3,0,0,0,1.3,1.1,5.6,41.1,41.2,9.8,74.6,25.4,77375,80951
"5230",6067009318,"06","067","009318",2620,38.477562,-121.403249,"Census Tract 93.18, Sacramento County, California",200000,697,29,5.9,4.16,4.92,0,0,9.5,72.7,12.2,2,2,1.6,0,0,1.3,0.6,54.1,44,0,63.8,36.2,59359,61656
"5231",6067009319,"06","067","009319",4864,38.470046,-121.400374,"Census Tract 93.19, Sacramento County, California",183900,1336,110,5.8,3.29,4.39,2.2,5.5,25.5,53.1,2.9,1.8,7.7,1.1,0,0,0,6.9,58.5,33.8,0.7,73.9,26.1,51567,62176
"5232",6067009320,"06","067","009320",4336,38.460521,-121.401724,"Census Tract 93.20, Sacramento County, California",191000,1494,37,5.4,3.36,3.31,1.9,9.2,44.6,34.4,3.3,2.9,2.2,0.7,0.7,0,8.1,12,51.7,26.4,1.7,50.5,49.5,62854,65798
"5233",6067009321,"06","067","009321",5573,38.460715,-121.388989,"Census Tract 93.21, Sacramento County, California",233700,1865,74,6.2,3.33,4.67,2.3,9.9,38.9,42.7,3.4,0.9,2,0,0,0,0.5,9.4,40.8,43.2,6,84.6,15.4,64973,77896
"5234",6067009322,"06","067","009322",13206,38.446032,-121.389443,"Census Tract 93.22, Sacramento County, California",275900,3704,189,6.1,3.58,4.08,17.6,29.7,48.4,0.8,0.6,2.2,0.3,0.4,0,0.9,2.6,8.7,38.1,38.3,11.3,67.4,32.6,69727,79378
"5235",6067009323,"06","067","009323",5321,38.432713,-121.382272,"Census Tract 93.23, Sacramento County, California",352400,1614,104,7.3,2.99,3.54,3.3,25,45.4,23,0.7,0,1.2,0,1.5,0,0,3.1,30.3,44.2,22.4,87,13,86735,101132
"5236",6067009324,"06","067","009324",2742,38.433354,-121.312714,"Census Tract 93.24, Sacramento County, California",642300,892,69,7.9,2.99,4.22,16,14.7,9.6,23,22.9,4.6,2.2,5.3,1.7,0,5.3,1.7,40.4,44.4,8.3,97.8,2.2,130350,151765
"5237",6067009325,"06","067","009325",836,38.427813,-121.291907,"Census Tract 93.25, Sacramento County, California",672500,255,0,5.9,3.03,2.04,0,4.7,19.6,23.5,27.1,0,25.1,0,0,0,0,32.5,34.1,11,22.4,67.8,32.2,69590,126946
"5238",6067009326,"06","067","009326",4804,38.459832,-121.315349,"Census Tract 93.26, Sacramento County, California",548300,1509,0,7.8,3.39,5.21,25.6,33,21.8,7.7,7.9,1.4,1.3,0,1.3,0,0,1.8,20.8,38.1,39.3,88.4,11.6,116122,132199
"5239",6067009328,"06","067","009328",5245,38.402336,-121.34556,"Census Tract 93.28, Sacramento County, California",330000,1373,0,6.8,3.46,4.06,21.4,60.3,0,11.7,5.2,0,0,0,1.4,0,0,4.4,38.5,32.8,24.3,88.5,11.5,80298,98556
"5240",6067009329,"06","067","009329",2300,38.459791,-121.349319,"Census Tract 93.29, Sacramento County, California",226300,755,26,5.2,3.18,3.6,11.7,32.6,44.1,0.8,7.2,3,0,0.7,0,0,6,14.3,46.2,33.5,0,65,35,59583,66857
"5241",6067009330,"06","067","009330",3818,38.471774,-121.315841,"Census Tract 93.30, Sacramento County, California",451600,1200,81,7.4,3.19,4.27,0.8,84.3,1.1,5.8,5,1.8,1.3,0,0,0,0,2.4,38.6,34.6,24.4,90.6,9.4,81528,98272
"5242",6067009331,"06","067","009331",7049,38.416416,-121.343534,"Census Tract 93.31, Sacramento County, California",345400,1949,56,7.1,3.94,4.03,6.7,86.5,1.7,0.9,0,1.1,1.6,0,1.5,0.8,0,0,18.5,59.9,20.8,80.2,19.8,98256,118211
"5243",6067009332,"06","067","009332",1425,38.439308,-121.337794,"Census Tract 93.32, Sacramento County, California",614000,412,46,7.9,3.31,2.12,14.1,14.6,22.1,19.2,19.9,5.8,0,0,4.4,0,0,10.4,18,35.2,36.4,85.8,14.2,144100,157259
"5244",6067009403,"06","067","009403",2038,38.35456,-121.273568,"Census Tract 94.03, Sacramento County, California",450000,734,99,6.1,3.08,3.76,1,17.6,16.1,22.8,19.1,7.1,9.1,1,6.4,0,9.1,13.9,37.5,24.3,15.3,65.8,34.2,62679,80462
"5245",6067009404,"06","067","009404",5921,38.398258,-121.214686,"Census Tract 94.04, Sacramento County, California",497000,2086,236,6.4,2.74,2.98,11.1,5.5,12.9,27.8,21.7,10.9,3.5,4.9,1.7,1.8,1.4,10.9,47.4,29.7,8.9,88.4,11.6,93839,100894
"5246",6067009406,"06","067","009406",2390,38.301389,-121.188133,"Census Tract 94.06, Sacramento County, California",517300,723,22,5.6,2.97,3.98,3.7,10.9,13.7,26,29.2,8,2.9,4.6,1,0,1.2,30.2,43.2,24.5,1,80.9,19.1,85938,94551
"5247",6067009407,"06","067","009407",9944,38.281714,-121.294789,"Census Tract 94.07, Sacramento County, California",284400,2999,74,5.7,3.4,3.77,13.4,23.9,44.1,9.8,4,0.5,2.5,0.6,1.2,0,0.9,11.9,51.4,26.6,9.2,73.7,26.3,65567,76844
"5248",6067009408,"06","067","009408",1783,38.268519,-121.279351,"Census Tract 94.08, Sacramento County, California",435800,527,74,5.8,3.65,3.31,18,13.7,12,7,9.7,10.6,8,15.2,5.9,0,0,21.8,44.2,22.4,11.6,90.7,9.3,96908,90020
"5249",6067009501,"06","067","009501",2772,38.246412,-121.31555,"Census Tract 95.01, Sacramento County, California",181000,811,50,5.3,3.31,3.54,1.5,2.7,26.3,21.3,35.6,3.7,3.5,5.4,0,0,3.5,8.8,75.1,12.7,0,73.5,26.5,46897,70270
"5250",6067009502,"06","067","009502",7055,38.257462,-121.31748,"Census Tract 95.02, Sacramento County, California",240300,2224,200,5.8,3.24,3.4,8.2,5.4,41.3,34.2,2.6,1.3,0.4,4,2.7,0.4,0.9,12.1,59.4,25.8,1.5,82.3,17.7,73248,81202
"5251",6067009503,"06","067","009503",3067,38.262757,-121.304072,"Census Tract 95.03, Sacramento County, California",176500,1156,26,4.9,2.32,2.56,1.1,0.7,15.2,11.9,26,18,18.8,0.8,7.5,3.6,7.8,37.6,45.3,4.8,0.8,62.4,37.6,39137,48504
"5252",6067009504,"06","067","009504",2059,38.248262,-121.298668,"Census Tract 95.04, Sacramento County, California",184100,654,25,5.1,2.55,3.56,0.6,7.2,9.3,6.7,23.7,19.9,17.9,6.7,8,3.8,9.6,25.2,50.8,8.7,1.8,53.4,46.6,48625,55777
"5253",6067009601,"06","067","009601",6621,38.469366,-121.45831,"Census Tract 96.01, Sacramento County, California",210900,1927,60,5.9,3.64,4.63,1.1,0,4.7,65,22.6,4.8,0.8,0.9,0,0,0,15.4,48.8,33.5,2.4,62.8,37.2,52621,56627
"5254",6067009606,"06","067","009606",7159,38.466307,-121.42657,"Census Tract 96.06, Sacramento County, California",202300,2595,253,4.6,3.24,2.47,0,2.5,19.7,15.9,33.7,21.8,2.5,2,1.9,3.6,16.9,34.5,29.5,14.1,1.4,38.6,61.4,32313,40820
"5255",6067009608,"06","067","009608",7597,38.444675,-121.415268,"Census Tract 96.08, Sacramento County, California",236200,2180,120,5.5,3.36,3.24,32.4,20.2,28.6,5.7,6.1,2.3,3.5,0,1.3,0,4.4,22.8,39.2,23.8,9.9,63.1,36.9,62706,70677
"5256",6067009609,"06","067","009609",5215,38.446931,-121.433837,"Census Tract 96.09, Sacramento County, California",233700,1530,62,5.9,3.61,3.54,1.3,8.8,53.6,30.9,2.2,0,2.9,0.4,0,0,1,15.5,41.8,30.3,11.4,60.8,39.2,59857,66648
"5257",6067009610,"06","067","009610",6072,38.455548,-121.438584,"Census Tract 96.10, Sacramento County, California",189700,1791,129,5.8,3.4,4.55,2.3,0.8,19.7,55.3,13.9,1.9,5.6,0.6,0,0,2.2,11.3,53,30.5,3,66.4,33.6,49800,62366
"5258",6067009611,"06","067","009611",3165,38.414416,-121.400359,"Census Tract 96.11, Sacramento County, California",281300,1062,22,5.4,2.97,3.46,3.9,5.9,82.1,6,0.5,0.8,0.8,0,0,1,6.1,12.9,50.8,25.3,3.9,60,40,70192,83003
"5259",6067009612,"06","067","009612",5073,38.416116,-121.41229,"Census Tract 96.12, Sacramento County, California",269900,1704,38,5.5,3.12,3.5,14.3,11.9,36.4,29.6,0,0.6,3.3,1,2.9,3.5,2.8,5.9,61,21.9,5,69.3,30.7,71085,81473
"5260",6067009614,"06","067","009614",6658,38.43669,-121.43228,"Census Tract 96.14, Sacramento County, California",269500,2196,57,6,3.07,3.39,1.2,21.6,66.4,10.4,0,0,0,0,0.4,0.5,0.9,16,46.5,31.6,4.5,74.5,25.5,66116,77257
"5261",6067009615,"06","067","009615",7864,38.428521,-121.433628,"Census Tract 96.15, Sacramento County, California",243500,2729,87,5.7,2.76,3.62,0.8,8.6,60.1,26,1.7,0.5,0,1.8,0.5,0.5,0.9,11.4,56.1,31.1,0,64.3,35.7,69485,75160
"5262",6067009616,"06","067","009616",5814,38.417422,-121.424905,"Census Tract 96.16, Sacramento County, California",271600,1920,92,6.2,2.88,3.37,0,5.1,25.1,68.1,0.8,0.5,0,0,0.4,0,0,5.7,50.2,42.3,1.8,79.4,20.6,80244,86706
"5263",6067009617,"06","067","009617",3545,38.416832,-121.44109,"Census Tract 96.17, Sacramento County, California",430200,1307,72,6.7,2.93,2.8,0,8.5,40.2,44.5,3.9,0,0.7,1.4,0.8,0,5.7,6,40.1,37.6,10.6,91.2,8.8,94276,117274
"5264",6067009618,"06","067","009618",4642,38.426426,-121.451967,"Census Tract 96.18, Sacramento County, California",282900,1517,12,6.5,3.12,3.19,0.7,8.8,62.4,12.5,5.5,2.2,3.4,3.8,0.9,0,3.2,11.5,35.5,47.4,2.4,74.4,25.6,77375,84818
"5265",6067009619,"06","067","009619",7824,38.421135,-121.471426,"Census Tract 96.19, Sacramento County, California",323200,2789,91,5.8,2.75,2.38,4.9,34.3,56.2,2.9,0,0.5,1,0,0,0,12.3,13.3,38.2,25.1,11.1,66.5,33.5,76953,88820
"5266",6067009622,"06","067","009622",7222,38.411469,-121.4663,"Census Tract 96.22, Sacramento County, California",321300,2693,217,6.1,2.9,2.97,9.7,36.9,49.1,1.9,0,0.5,0,1.9,0,0,5.5,23.9,26.8,32.6,11.2,75.1,24.9,103936,127236
"5267",6067009630,"06","067","009630",9389,38.387106,-121.44203,"Census Tract 96.30, Sacramento County, California",329400,2805,252,6.8,3.1,3.87,53.9,39.5,6.2,0.4,0,0,0,0,0,0,0,11.1,23.4,49.2,16.3,72.9,27.1,74194,90186
"5268",6067009632,"06","067","009632",6811,38.401335,-121.426174,"Census Tract 96.32, Sacramento County, California",367000,1889,287,6.8,3.68,3.34,25.7,63.3,3.6,1,2.1,3.4,0,0,0.8,0,1.7,7,20.9,49.9,20.5,74,26,89167,100011
"5269",6067009633,"06","067","009633",3309,38.463006,-121.438225,"Census Tract 96.33, Sacramento County, California",163800,1133,132,5.2,3.76,2.98,2.7,8.5,11.4,44.8,18.2,7.9,1.1,0,5.3,0,13.7,16,47.9,22.4,0,65.4,34.6,44602,58185
"5270",6067009634,"06","067","009634",4913,38.470588,-121.440342,"Census Tract 96.34, Sacramento County, California",171800,1568,116,4.8,3.43,2.85,0,1.3,2.9,39.2,40.6,10.7,0,3.6,1.7,3,14,26,36.9,20.2,0,53.8,46.2,44848,55355
"5271",6067009635,"06","067","009635",5941,38.401696,-121.473777,"Census Tract 96.35, Sacramento County, California",386000,1885,262,7,4.03,3.54,14.9,75,5.5,1.3,0,0.8,0,0.7,1.9,0,4.3,12.4,25.6,28.5,29.2,62.5,37.5,88778,105479
"5272",6067009636,"06","067","009636",7672,38.40181,-121.441673,"Census Tract 96.36, Sacramento County, California",350100,2291,193,6.3,3.48,3.64,21.3,66.2,7.9,1,2.1,0,0,1.6,0,0.3,0.2,2.7,33.5,48.9,14.3,83.9,16.1,92872,96107
"5273",6067009637,"06","067","009637",6003,38.385738,-121.42491,"Census Tract 96.37, Sacramento County, California",372500,1521,185,7.6,3.86,4.99,36.2,54,2.7,0,0,4.9,1,0,1.2,0,0,0,17.2,45.8,36.9,87.1,12.9,101500,109594
"5274",6067009638,"06","067","009638",4330,38.343088,-121.420716,"Census Tract 96.38, Sacramento County, California",352400,818,2,5.6,2.51,2.75,39.1,5.6,5.7,2.6,10.3,12,6.5,4.5,13.7,0,2.8,38.5,34.2,17.1,7.3,53.6,46.4,68555,74560
"5275",6067009639,"06","067","009639",3554,38.429749,-121.40719,"Census Tract 96.39, Sacramento County, California",264300,1105,16,5.9,3.15,2.87,11.1,52,32.7,2.9,0.7,0.5,0,0,0,0,9.7,9.3,35.5,38.1,7.4,55,45,43417,66573
"5276",6067009800,"06","067","009800",1984,38.139673,-121.624429,"Census Tract 98, Sacramento County, California",207200,963,187,4.6,2.25,1.64,7.4,9.6,9.9,6.3,32.5,3.6,8.8,14.5,7.4,6.3,17.3,46.5,24.4,5.4,0,74.1,25.9,41833,51490
"5277",6067009900,"06","067","009900",3976,38.277965,-121.539146,"Census Tract 99, Sacramento County, California",350400,1425,245,5.5,2.64,2.9,4.8,3.4,5.3,2.7,11.8,3.4,17,19.2,32.4,2.1,17.2,16.1,44.3,11.6,8.6,60.5,39.5,55403,71659
"5278",6067988300,"06","067","988300",6747,38.694494,-121.153436,"Census Tract 9883, Sacramento County, California",NA,22,0,4.6,NA,1.23,0,0,0,45.5,0,0,54.5,0,0,0,0,63.6,0,36.4,0,0,100,75536,58236
"5279",6069000100,"06","069","000100",5007,36.903321,-121.38237,"Census Tract 1, San Benito County, California",731600,1645,114,6.2,3.01,3.86,3.6,6.4,20.3,16.8,15.2,13.9,4.5,2.9,16.4,0,2.7,20,44,25,8.3,64.7,35.3,77375,98087
"5280",6069000200,"06","069","000200",6051,36.854929,-121.554568,"Census Tract 2, San Benito County, California",674200,1952,157,5.4,3.36,2.68,7.1,6.1,13.3,13.2,13.8,11.2,12.8,5.1,17.5,1.1,7.5,27.7,39,16.8,7.9,63.4,36.6,74522,106018
"5281",6069000300,"06","069","000300",4217,36.855703,-121.421664,"Census Tract 3, San Benito County, California",246900,1063,128,5.2,4.68,4.19,4,13.9,8.9,23.4,22.4,11.9,0.8,1.6,13,5.5,2.1,18.9,49,22.8,1.8,49.1,50.9,45815,56110
"5282",6069000400,"06","069","000400",5975,36.846445,-121.406209,"Census Tract 4, San Benito County, California",322300,2050,190,5,2.72,3.14,0.8,0.4,4.4,7.8,14,13.1,21.2,6,32.3,1.8,16.1,30.9,40.5,10.3,0.4,44.2,55.8,51250,61474
"5283",6069000501,"06","069","000501",5395,36.843162,-121.377724,"Census Tract 5.01, San Benito County, California",381700,1717,87,6.1,2.79,3.5,0.3,5.1,57.9,18.2,3.3,7.2,5,0.9,2.2,0,0,5.8,59.9,25.2,9.1,78,22,83000,88173
"5284",6069000502,"06","069","000502",6099,36.853487,-121.388637,"Census Tract 5.02, San Benito County, California",336300,1691,18,5.8,3.83,4.36,0,4.9,33.9,27.1,10.6,6,9.5,3.8,4.1,0.7,1.1,13.4,55.3,22.2,7.4,59.7,40.3,63625,73068
"5285",6069000600,"06","069","000600",8317,36.831387,-121.376509,"Census Tract 6, San Benito County, California",387200,2617,72,6,3.11,3.22,0.6,9.2,35.5,24.9,11.2,7.8,5.4,5,0.4,0.6,2.8,18.1,39,32.8,6.7,75,25,79139,83536
"5286",6069000701,"06","069","000701",3644,36.847105,-121.417893,"Census Tract 7.01, San Benito County, California",251500,1029,66,5,4.04,3.57,0,3.8,50.8,17.5,17.5,7.3,0,1.1,2,0,3.9,32.5,45.6,18.1,0,52.2,47.8,54156,54616
"5287",6069000702,"06","069","000702",4948,36.836297,-121.399395,"Census Tract 7.02, San Benito County, California",408400,1784,54,5,3.23,2.75,0.9,12.4,32,15.2,16,8.5,9.5,0.9,4.6,0,18.4,26.6,33.2,14.4,7.3,53.5,46.5,61103,78855
"5288",6069000801,"06","069","000801",3082,36.81127,-121.363704,"Census Tract 8.01, San Benito County, California",595500,1330,17,6.3,2.41,3.08,0.2,12,28.6,30.9,19.8,4.1,2.8,0,1.7,0,0,24.2,43.1,28.6,4.1,83.8,16.2,91771,99353
"5289",6069000802,"06","069","000802",2534,36.733192,-121.270927,"Census Tract 8.02, San Benito County, California",601900,977,167,5.9,2.63,3.05,1.5,12.6,24.3,13,18.8,4.7,4.9,3,17.2,1.4,7.1,21,44.4,24.1,2,71.7,28.3,83692,95187
"5290",6071000103,"06","071","000103",4740,34.013925,-117.749944,"Census Tract 1.03, San Bernardino County, California",464900,1712,144,5.4,3.05,2.81,0.1,0.6,12.1,82.9,3.6,0.7,0,0,0,0,8.5,37.1,23.5,23.2,7.6,70.3,29.7,82083,109140
"5291",6071000104,"06","071","000104",6117,34.006703,-117.745572,"Census Tract 1.04, San Bernardino County, California",597200,1865,61,7.1,3.57,3.63,0,6.1,17.5,75.4,0.5,0,0,0,0.5,1.2,2.7,13.1,23.6,43.4,16,77,23,90357,111277
"5292",6071000105,"06","071","000105",6676,33.990866,-117.743121,"Census Tract 1.05, San Bernardino County, California",591800,1922,65,6.8,3.42,3.07,0.4,11.1,62.1,22.7,0,1.9,1.4,0.4,0,2.3,3.3,6.5,30.9,41.8,15.1,85.6,14.4,114363,137563
"5293",6071000107,"06","071","000107",2957,33.987073,-117.724651,"Census Tract 1.07, San Bernardino County, California",471100,940,71,6.3,3.65,2.35,8.5,8.6,1,24.9,56,1.1,0,0,0,3.8,13.3,0.9,35.5,36.8,9.7,83.5,16.5,98125,105231
"5294",6071000108,"06","071","000108",5077,33.971681,-117.73698,"Census Tract 1.08, San Bernardino County, California",522900,1723,77,6,3.29,2.47,0,5.2,13.1,75,4.2,0.6,0,0.6,1.4,1,12.1,15.8,41.9,26.1,3.1,66.5,33.5,97273,104004
"5295",6071000109,"06","071","000109",6752,33.973208,-117.722939,"Census Tract 1.09, San Bernardino County, California",435300,2091,0,6.2,3.28,4.64,0,0,0,24.5,65,8.6,1.9,0,0,0,0.8,2.3,59.7,35.1,2.1,89.9,10.1,98375,104320
"5296",6071000111,"06","071","000111",2580,33.955316,-117.753466,"Census Tract 1.11, San Bernardino County, California",665200,897,14,7,3.39,3.84,12.7,3.1,14.8,33.7,10.8,10.6,2,3.8,8.5,1.6,1.9,8.8,29.9,39.4,18.5,79.4,20.6,120903,133761
"5297",6071000113,"06","071","000113",11112,33.971696,-117.70549,"Census Tract 1.13, San Bernardino County, California",354500,3327,167,5.5,3.65,3.17,3.1,4.2,29.2,26.2,14.7,6.7,12,3.6,0.4,1.7,7.8,20.8,44.6,21.3,3.8,69.6,30.4,69038,78412
"5298",6071000115,"06","071","000115",7114,33.951004,-117.677124,"Census Tract 1.15, San Bernardino County, California",561300,2134,46,6.8,3.63,2.06,2.9,60,31.9,4.8,0,0,0,0,0.5,2.8,3.6,7,37.6,34.1,14.9,88.6,11.4,119602,126828
"5299",6071000116,"06","071","000116",10856,33.944001,-117.687844,"Census Tract 1.16, San Bernardino County, California",560500,3307,133,6.7,3.27,2.48,10.8,20.7,39.1,27.8,0.4,0,1.2,0,0,0,3.4,9.1,40.3,35.2,12,88.2,11.8,114962,123262
"5300",6071000117,"06","071","000117",6959,33.979907,-117.758381,"Census Tract 1.17, San Bernardino County, California",590600,2213,164,7,3.27,3.44,0,0,63.8,25.4,9,0.7,0.3,0.7,0,0,1.9,12.1,26.3,46.6,13,89.6,10.4,117961,136651
"5301",6071000118,"06","071","000118",4541,33.990211,-117.766483,"Census Tract 1.18, San Bernardino County, California",638900,1332,101,7.2,3.57,4.28,1.8,4.4,77.2,12.4,2.3,0,1.9,0,0,0,0,3.3,36,33.6,27.1,91.8,8.2,114375,134809
"5302",6071000201,"06","071","000201",4195,34.086376,-117.702616,"Census Tract 2.01, San Bernardino County, California",258900,1285,103,4.7,3.15,3.9,0,1.4,3.6,30,20.9,21,20.6,2.5,0,0.9,1.8,49.6,37.6,10,0.2,54.2,45.8,52500,58986
"5303",6071000203,"06","071","000203",4474,34.07749,-117.702518,"Census Tract 2.03, San Bernardino County, California",316700,1192,39,5.7,3.76,3.99,0,2.5,1.8,3.6,17.8,19.3,42.8,8.6,3.5,3.4,6.3,9.9,51.3,28.8,0.3,68.1,31.9,59567,64340
"5304",6071000205,"06","071","000205",4736,34.079487,-117.687219,"Census Tract 2.05, San Bernardino County, California",292500,1455,126,5.6,3.76,3.52,0,0,0,11.8,12.8,35.5,35.7,0.5,3.7,2.8,8.9,17.8,44.2,25.4,0.8,62.8,37.2,48950,65655
"5305",6071000207,"06","071","000207",4635,34.069848,-117.707547,"Census Tract 2.07, San Bernardino County, California",283900,1116,0,5.7,4.2,3.83,0,1.3,3,9.1,27.4,18.6,36.4,1.3,2.9,1.8,4.1,13.4,49.1,31.6,0,72.1,27.9,55465,65501
"5306",6071000208,"06","071","000208",4124,34.070381,-117.68903,"Census Tract 2.08, San Bernardino County, California",279500,1084,130,5.5,3.7,3.42,2.4,0,0,0,7.6,25.6,52,12.1,0.3,0,0,8.4,81.2,8,2.4,78.9,21.1,47240,63506
"5307",6071000301,"06","071","000301",8795,34.065134,-117.703067,"Census Tract 3.01, San Bernardino County, California",273500,2357,163,4.3,3.93,4.73,1.1,8.6,10.6,28.8,25,13.2,10.5,1.8,0.4,1.6,8.1,52.8,30.4,7.2,0,32.3,67.7,45035,57098
"5308",6071000303,"06","071","000303",7169,34.050579,-117.715481,"Census Tract 3.03, San Bernardino County, California",189800,1920,117,5,4.47,4.22,2.4,1.5,1.4,30.3,28.5,11.4,14.4,9.9,0.3,1.8,9.9,33.8,40.7,11.3,2.6,64.7,35.3,48841,56130
"5309",6071000304,"06","071","000304",5871,34.05261,-117.694367,"Census Tract 3.04, San Bernardino County, California",339100,1666,49,4.8,3.66,4.01,11.6,2.7,8.2,18.1,22.3,20.2,13.9,2.6,0.4,4.5,8.2,31.2,27.1,23.8,5.2,68.1,31.9,63143,68481
"5310",6071000401,"06","071","000401",6387,34.01779,-117.722218,"Census Tract 4.01, San Bernardino County, California",408500,1923,125,6.5,3.52,2.82,0.3,3.1,3.6,11.1,47.2,12.4,15.6,6.1,0.5,0.9,0.3,9.2,42.1,41.6,5.9,83.3,16.7,75764,97376
"5311",6071000403,"06","071","000403",4678,34.038443,-117.71078,"Census Tract 4.03, San Bernardino County, California",291300,1434,38,6.1,3.3,2.18,4,3.5,7.1,13.5,32.1,17.3,13.7,5.9,2.9,1.9,1,24.1,36.7,25,11.3,89.5,10.5,85625,88344
"5312",6071000404,"06","071","000404",4419,34.039213,-117.691124,"Census Tract 4.04, San Bernardino County, California",386400,1755,116,4.3,3.53,2.43,0.6,7.1,12.9,30.1,25.9,9.2,13.4,0.7,0.1,3.2,26.2,29.6,21,18.2,1.7,33.4,66.6,51707,74600
"5313",6071000501,"06","071","000501",6785,34.025849,-117.705753,"Census Tract 5.01, San Bernardino County, California",384200,1916,38,6,3.95,2.92,3.1,5.3,8.5,13,18,34.2,13.4,4.5,0,2,4.2,9.7,47.7,26.9,9.5,76.7,23.3,76580,88102
"5314",6071000503,"06","071","000503",5270,34.015541,-117.704494,"Census Tract 5.03, San Bernardino County, California",367500,1608,89,4.8,2.84,3.63,0,5.6,21.5,25.5,27.4,10.8,3.7,3,2.5,0,9.5,43.5,29.4,7,10.7,51.3,48.7,57292,70158
"5315",6071000504,"06","071","000504",5450,34.008052,-117.693484,"Census Tract 5.04, San Bernardino County, California",383500,1474,18,6.8,3.66,3.72,0,0,4.1,28.2,49.6,10.7,2.4,5.1,0,0,0,5.2,29.5,62.8,2.4,93.1,6.9,91094,87053
"5316",6071000603,"06","071","000603",5576,34.029864,-117.685019,"Census Tract 6.03, San Bernardino County, California",395600,1659,225,5.1,3.27,3.16,0,3.5,2.2,24.6,28.3,38.9,2.5,0,0,5.3,14.3,26.1,30.4,22.4,1.4,55.1,44.9,51063,59630
"5317",6071000604,"06","071","000604",5682,34.022422,-117.683128,"Census Tract 6.04, San Bernardino County, California",339400,1781,61,5,3.6,2.88,0,0.7,2.4,23.3,25.3,13.5,26.1,4.9,3.9,0,17.7,26.7,34.8,16.6,4.3,60.5,39.5,58923,66344
"5318",6071000605,"06","071","000605",5274,34.015508,-117.689213,"Census Tract 6.05, San Bernardino County, California",269200,1252,158,4.9,4.35,3.34,2,1.8,8.2,12,8.7,10.9,13.5,16.3,26.6,3.3,22.4,25.1,35.2,7.8,6.2,55.8,44.2,38980,48030
"5319",6071000606,"06","071","000606",4374,34.015729,-117.675165,"Census Tract 6.06, San Bernardino County, California",401000,1161,0,5.4,4.39,4.12,4.8,19,3.8,17.5,24.8,7.2,19.1,1.3,2.4,0,8.8,22,34.6,21.1,13.5,69.6,30.4,63024,79801
"5320",6071000804,"06","071","000804",3255,34.153358,-117.659999,"Census Tract 8.04, San Bernardino County, California",538300,1342,34,6.3,2.89,2.46,3.9,1.3,2.9,7.2,25.7,27.9,17.1,6.3,7.7,0,0,13.8,39.8,33,13.4,84.9,15.1,98088,129875
"5321",6071000808,"06","071","000808",5840,34.112426,-117.639262,"Census Tract 8.08, San Bernardino County, California",351200,2004,100,6,2.94,3.59,0,1.8,1.5,13.7,28.5,19.4,23.7,4.9,6.5,0.5,0.4,33.3,36.7,27.2,1.8,75.6,24.4,78185,79335
"5322",6071000812,"06","071","000812",3845,34.120067,-117.619369,"Census Tract 8.12, San Bernardino County, California",391100,1353,45,5.9,2.8,3.24,4,4.8,3.3,10.2,34.1,24.6,15.7,1.8,1.5,0,2.1,12.3,50.4,31.6,3.5,82.2,17.8,90930,99110
"5323",6071000813,"06","071","000813",3449,34.142318,-117.676107,"Census Tract 8.13, San Bernardino County, California",498300,1286,15,6.9,2.77,1.38,0,0,3.3,89.8,1.1,1.2,0,2.3,2.3,0,0,3.5,41.2,46.7,8.6,96.7,3.3,96806,119740
"5324",6071000814,"06","071","000814",3832,34.142109,-117.661207,"Census Tract 8.14, San Bernardino County, California",625000,1327,39,7.4,2.91,9.7,2.4,0,1.7,35.3,46,13.6,0,0.9,0,0,0,2.7,31.3,54.4,11.6,99.2,0.8,118529,140671
"5325",6071000815,"06","071","000815",3584,34.126949,-117.676795,"Census Tract 8.15, San Bernardino County, California",522000,1260,0,7.2,2.99,3.35,3.3,11.5,1.7,48.6,27.9,5.7,1.4,0,0,0,0,8.7,28.8,52.5,10.1,94,6,106250,119532
"5326",6071000816,"06","071","000816",3906,34.12787,-117.662345,"Census Tract 8.16, San Bernardino County, California",517000,1401,103,7.2,3.02,4.04,0,0,4.2,8.9,42.7,35.1,5.9,1.3,1.9,0,0.9,1.9,39.7,43.9,13.6,96.2,3.8,104306,114478
"5327",6071000817,"06","071","000817",3264,34.114428,-117.674707,"Census Tract 8.17, San Bernardino County, California",414700,1317,38,5.9,2.65,2.28,3.6,0.8,0,26.5,46.5,15.5,5.5,0,1.6,0,5.5,34.1,25.8,29.1,5.5,72.2,27.8,71597,84157
"5328",6071000818,"06","071","000818",5428,34.114185,-117.661506,"Census Tract 8.18, San Bernardino County, California",474500,1904,64,7,2.95,3.37,0,0,1.9,8.1,48.6,26.4,11.8,1.3,1.8,0,0.5,5.9,38.7,44.6,10.2,82.4,17.6,93681,102495
"5329",6071000819,"06","071","000819",5077,34.126042,-117.631154,"Census Tract 8.19, San Bernardino County, California",530900,1893,97,6.4,2.76,3.21,14.8,15.3,25.5,26.9,13.2,3.3,1,0,0,0,0.8,25.6,38.6,23.4,11.6,78.9,21.1,85955,102412
"5330",6071000820,"06","071","000820",3958,34.132848,-117.646549,"Census Tract 8.20, San Bernardino County, California",595000,1327,63,6.9,3.11,2.59,0,2.6,3.9,31.5,29.1,27.8,4,1.1,0,0,2.6,1.4,32.2,58.6,5.4,97.5,2.5,115778,130043
"5331",6071000821,"06","071","000821",3478,34.098333,-117.689564,"Census Tract 8.21, San Bernardino County, California",369800,1240,115,3.7,3.43,2.49,37.1,3.5,6.4,20.2,6.6,11.5,2.3,8.7,3.8,0,25.7,64.4,8.1,1.8,0,7.2,92.8,45587,47898
"5332",6071000823,"06","071","000823",6658,34.101768,-117.673018,"Census Tract 8.23, San Bernardino County, California",315100,2596,291,4.2,2.23,3.18,0.6,0.4,2.9,30.9,33.4,21,10,0.5,0.3,3.3,23.7,48.2,19.5,5.4,0,25.9,74.1,43304,53113
"5333",6071000824,"06","071","000824",5092,34.100892,-117.657195,"Census Tract 8.24, San Bernardino County, California",366600,1904,188,4.2,2.22,3.05,0,0.6,5.5,13,28.8,27,15.2,0.6,9.3,6,22.2,45,22.5,4.3,0,22.9,77.1,52547,55003
"5334",6071000825,"06","071","000825",3905,34.091215,-117.676559,"Census Tract 8.25, San Bernardino County, California",225000,1567,106,3.6,2.62,2.52,0,1.3,3.3,22,51.3,7.2,9,5.9,0,6.2,43,33.6,15,2.2,0,17.7,82.3,42135,49616
"5335",6071000826,"06","071","000826",4075,34.09142,-117.660117,"Census Tract 8.26, San Bernardino County, California",316200,1400,109,5.3,3.33,3.15,0,0,3,15.4,22.6,27.6,24.2,3.4,3.8,2.3,16.6,16.1,43.3,20.8,0.9,49.9,50.1,68693,73602
"5336",6071000901,"06","071","000901",4600,34.103008,-117.639124,"Census Tract 9.01, San Bernardino County, California",263200,1699,120,4.8,2.93,2.32,0.5,6.5,12.3,12.1,16.7,12.2,13.6,9.1,17,2.5,21.7,40.8,25.9,9.1,0,47.8,52.2,49574,61479
"5337",6071000903,"06","071","000903",4338,34.096294,-117.636215,"Census Tract 9.03, San Bernardino County, California",297900,1551,0,4.3,3.71,2.84,0,10.4,15.8,29.1,11.5,7,9.6,6.2,10.4,0,25.4,42.9,19.7,10.6,1.4,22.1,77.9,56017,59196
"5338",6071000904,"06","071","000904",3248,34.089839,-117.642244,"Census Tract 9.04, San Bernardino County, California",279800,1119,0,4.6,2.9,3.06,0,9.5,6.3,5,19.6,15.4,13.4,21.6,9.3,0,17.6,49.2,30.6,2.7,0,44.5,55.5,49926,60270
"5339",6071001001,"06","071","001001",4990,34.080358,-117.675462,"Census Tract 10.01, San Bernardino County, California",297100,1570,161,5.2,3.27,2.9,5.3,3.2,1.7,12.6,21.3,19.6,33.6,1,1.7,0,13.6,24.7,41.3,16,4.5,57.4,42.6,46380,60657
"5340",6071001002,"06","071","001002",5530,34.067645,-117.675341,"Census Tract 10.02, San Bernardino County, California",225400,1412,58,4.9,4.32,3.89,1.6,0,1.3,2.6,26,29,32.4,4.5,2.4,4.2,13.9,28.4,41.9,11.6,0,45.7,54.3,47404,54324
"5341",6071001101,"06","071","001101",4092,34.06612,-117.662279,"Census Tract 11.01, San Bernardino County, California",343700,1307,212,4.4,4.49,3.95,0,0,2.8,16.8,10.3,25.9,28.4,8.3,7.5,5.5,25.4,41.8,19.2,2.4,5.7,33,67,47978,54655
"5342",6071001103,"06","071","001103",3997,34.077275,-117.656415,"Census Tract 11.03, San Bernardino County, California",313800,1356,55,5.9,3.11,2.86,1.4,2.3,2.7,4.2,5.2,15.1,44.3,16,8.8,0,8.7,18.2,58.1,12.1,2.9,70.2,29.8,67250,75130
"5343",6071001104,"06","071","001104",5058,34.076316,-117.665573,"Census Tract 11.04, San Bernardino County, California",298900,1726,163,5.7,3.47,3.35,0,14.8,6.5,2,12.3,8.1,53.7,1.7,0.9,2.4,9.9,27.7,35.3,22.2,2.5,57.1,42.9,61033,73101
"5344",6071001200,"06","071","001200",4730,34.078853,-117.645573,"Census Tract 12, San Bernardino County, California",310000,1624,46,5.6,2.99,3.12,0,0,0.6,1.3,7.9,2.8,36.8,15.8,34.9,0.8,6.5,28.6,51.1,12.6,0.4,76,24,61613,71473
"5345",6071001305,"06","071","001305",5348,34.083951,-117.628584,"Census Tract 13.05, San Bernardino County, California",204300,1420,139,4.9,4.15,4.99,1.5,1.8,0.8,15.4,25.4,21.2,33.9,0,0,2.2,8,35.1,45.4,9.4,0,60.3,39.7,45083,49732
"5346",6071001307,"06","071","001307",4163,34.088977,-117.620972,"Census Tract 13.07, San Bernardino County, California",284100,992,101,5.9,4.37,4.11,0,0,2.4,6,34.7,43.2,12.1,1.5,0,1.4,0,13.3,36.4,39.6,9.3,85.1,14.9,67472,62655
"5347",6071001308,"06","071","001308",5100,34.078525,-117.614787,"Census Tract 13.08, San Bernardino County, California",257300,1303,101,4.9,4.68,4.17,0,0,10.3,22.3,15.3,32.2,13.4,5,1.6,0,21.3,25,28.7,18.6,6.4,48.3,51.7,55542,60014
"5348",6071001309,"06","071","001309",4793,34.073546,-117.623412,"Census Tract 13.09, San Bernardino County, California",282400,1208,0,5.2,4.51,3.97,0,8.7,4.5,21.8,19.5,12,31.2,2.4,0,0,5.5,28.4,43.2,21.9,1,49.4,50.6,51627,63574
"5349",6071001310,"06","071","001310",5814,34.077443,-117.636786,"Census Tract 13.10, San Bernardino County, California",242300,1568,0,5.2,3.65,2.97,2.4,1.5,0,1,7.1,6.4,49.2,28.7,3.5,0,3.6,31.8,49.2,14.7,0.7,77.6,22.4,57500,62001
"5350",6071001311,"06","071","001311",3236,34.08394,-117.598505,"Census Tract 13.11, San Bernardino County, California",418900,935,16,6.9,3.72,3.58,7.6,30.9,20.6,13.8,20.3,0,5,1.7,0,0,0.7,2.6,31.6,49.3,15.8,89.2,10.8,90475,116982
"5351",6071001312,"06","071","001312",4645,34.082867,-117.6061,"Census Tract 13.12, San Bernardino County, California",267500,1423,81,5.5,3.52,2.82,3.2,6.1,10.3,48.8,30.3,0.4,1,0,0,0,0,27.8,53.9,18.3,0,79.7,20.3,56716,72118
"5352",6071001400,"06","071","001400",2923,34.067528,-117.65079,"Census Tract 14, San Bernardino County, California",267200,1085,107,3.4,4.66,2.11,10,2,11.5,2.5,10.6,21.8,13,6,22.6,11.2,48.6,20.6,12.4,5.9,1.4,25.2,74.8,35000,48777
"5353",6071001501,"06","071","001501",4052,34.066936,-117.640947,"Census Tract 15.01, San Bernardino County, California",305400,1029,157,4.5,4.44,3.51,5.2,2.3,0,9.3,10.9,0.7,11.5,9.8,50.3,2.4,14.7,49.2,28.5,5.2,0,52.4,47.6,33676,47159
"5354",6071001503,"06","071","001503",4195,34.066806,-117.632429,"Census Tract 15.03, San Bernardino County, California",110100,867,93,4.4,4.66,4.82,2.5,4.3,1.4,9.9,19.8,28.3,11.4,13.8,8.5,2.4,7.2,55.8,27.6,7,0,25.8,74.2,34097,44111
"5355",6071001504,"06","071","001504",5676,34.066984,-117.621257,"Census Tract 15.04, San Bernardino County, California",296400,1686,124,4.2,3.48,3.39,14,16,5.7,31.5,14.9,8.8,5.4,3.3,0.4,1,20.2,42.2,21.8,12.6,2.1,27.7,72.3,44706,51820
"5356",6071001600,"06","071","001600",6133,34.058303,-117.652923,"Census Tract 16, San Bernardino County, California",292300,1476,144,4.3,4.7,3.97,2.7,1.8,3.7,5.3,11.6,26.4,23.1,3.5,22,3.7,17,44.2,27.3,5.6,2.2,38.4,61.6,35000,40961
"5357",6071001702,"06","071","001702",4827,34.045647,-117.674284,"Census Tract 17.02, San Bernardino County, California",345600,1683,96,5,3.17,3.48,0.6,1.4,9.7,31,34.2,6.8,9.2,3.7,3.5,1.6,4,41.5,32.9,17.3,2.7,62.6,37.4,64302,80281
"5358",6071001703,"06","071","001703",5979,34.024967,-117.659523,"Census Tract 17.03, San Bernardino County, California",337700,1887,116,5.9,3.26,3.93,1.6,9.9,5.1,28.5,48.1,2.3,3.8,0.6,0,0,2,17.8,43.2,36.2,0.8,81.5,18.5,81430,89594
"5359",6071001704,"06","071","001704",5056,34.036415,-117.660099,"Census Tract 17.04, San Bernardino County, California",322700,1529,97,5.2,3.4,4.01,3.1,1.6,9.2,34.5,39.5,7.2,2.8,1.4,0.7,2,4.8,22.6,44.5,26.2,0,64.1,35.9,59522,74172
"5360",6071001706,"06","071","001706",6231,34.05241,-117.661451,"Census Tract 17.06, San Bernardino County, California",184300,1941,146,4.3,2.99,3.98,0,0,8.7,44.6,17.6,12.5,10.8,3.3,2.5,0,13.3,66.5,15.9,4.3,0,47.9,52.1,57785,59836
"5361",6071001707,"06","071","001707",5966,34.04524,-117.660769,"Census Tract 17.07, San Bernardino County, California",288800,1532,36,5.9,3.64,4.05,0,2.5,2.7,6.7,69.5,1.8,11.2,3.1,2.6,3.3,1.2,9.8,49.5,35.1,1.2,75.5,24.5,55223,71521
"5362",6071001803,"06","071","001803",2985,34.036227,-117.627551,"Census Tract 18.03, San Bernardino County, California",128300,1015,56,5.1,2.63,3.71,6.7,1.6,5,50.1,14.8,9.3,3.6,8.9,0,0.8,4.7,58.7,30.5,2,3.3,75.6,24.4,50457,56582
"5363",6071001804,"06","071","001804",5145,34.024684,-117.644157,"Census Tract 18.04, San Bernardino County, California",347700,1511,35,6,3.91,3.16,0,9.3,19.9,38.3,21.6,1.1,6.3,3.5,0,0.7,6.3,13.5,39.9,25.1,14.4,71.3,28.7,76806,90873
"5364",6071001806,"06","071","001806",4760,34.024638,-117.630799,"Census Tract 18.06, San Bernardino County, California",377500,1299,0,6.7,4.05,4.33,1.5,5.6,6.3,45.2,41.4,0,0,0,0,0,0,0.8,48.3,46.3,4.5,84.8,15.2,65439,76932
"5365",6071001808,"06","071","001808",4413,34.025662,-117.618392,"Census Tract 18.08, San Bernardino County, California",364100,1262,0,6.4,3.61,3.67,0,0,6.3,28.1,65,0.7,0,0,0,0,0,9.8,33.3,53,3.9,73.3,26.7,83378,79618
"5366",6071001809,"06","071","001809",4476,34.023903,-117.608023,"Census Tract 18.09, San Bernardino County, California",274300,1251,71,6.5,4.17,4.68,4.9,1.9,10.1,17.9,65.2,0,0,0,0,0,3.3,15.2,34.2,47.3,0,81.4,18.6,56711,66132
"5367",6071001810,"06","071","001810",4497,34.034195,-117.643973,"Census Tract 18.10, San Bernardino County, California",204000,1208,0,5.2,4.29,4.37,1,1.5,5.4,27.2,52.8,8.1,1.2,0,2.8,0,2.5,23.7,54.2,19.6,0,69.5,30.5,44470,57870
"5368",6071001812,"06","071","001812",4321,34.043171,-117.646302,"Census Tract 18.12, San Bernardino County, California",233300,1097,73,3.7,6.53,3.08,0,0,6.4,17,32.5,22.8,8.9,7.7,4.7,0,46.4,26.6,18.4,4.6,3.9,19.9,80.1,43095,54122
"5369",6071001813,"06","071","001813",4576,34.050187,-117.644492,"Census Tract 18.13, San Bernardino County, California",286600,996,69,4.5,5.68,4.82,4.1,0,4.3,12.6,22.5,14.2,25.5,9.9,6.9,2.7,4.7,57,17.1,10.8,7.6,45.5,54.5,41018,49037
"5370",6071001901,"06","071","001901",5753,34.009368,-117.662944,"Census Tract 19.01, San Bernardino County, California",441900,1675,0,6.7,3.53,3.01,8.9,13,19.3,29.4,25.1,1.6,0.6,2.1,0,0,3.2,9,33.3,38.9,15.6,82,18,85661,95409
"5371",6071001903,"06","071","001903",8028,33.963633,-117.632018,"Census Tract 19.03, San Bernardino County, California",400100,2036,447,6.3,3.33,3.38,67.5,26,0,1.2,1.5,3,0,0.7,0,2.2,2,23.3,32.6,24.8,15.3,80.7,19.3,106003,103949
"5372",6071001905,"06","071","001905",6389,34.010591,-117.644591,"Census Tract 19.05, San Bernardino County, California",409100,2059,119,6,3.35,4.07,22,19.3,37.3,19,0.4,1.2,0,0.7,0,0.9,3.9,18.8,42.7,28.8,4.9,78.9,21.1,86000,92901
"5373",6071001906,"06","071","001906",7060,34.012098,-117.586221,"Census Tract 19.06, San Bernardino County, California",433700,2216,129,6.1,3.64,3.08,5,10.5,50.1,27.8,4.6,0,0,0,2,2.3,12,23.7,10,32.8,19.2,63.5,36.5,81590,86837
"5374",6071002010,"06","071","002010",9013,34.158856,-117.477756,"Census Tract 20.10, San Bernardino County, California",370300,2244,119,7.2,3.96,3.68,24.2,19.1,54.7,1.5,0,0.5,0,0,0,0,0,0.7,25.9,61.2,12.2,88.6,11.4,110559,115856
"5375",6071002011,"06","071","002011",4006,34.153433,-117.616435,"Census Tract 20.11, San Bernardino County, California",598500,1305,63,7.3,3.15,2.93,0,10.5,2.7,18.4,54.8,12.3,0,0,1.3,2.1,0,4,22.1,59.8,12,94.3,5.7,102355,123594
"5376",6071002013,"06","071","002013",4207,34.137554,-117.606917,"Census Tract 20.13, San Bernardino County, California",423600,1677,34,5.9,3.13,1.93,0,3.2,0.9,27.9,46.9,18.7,2.4,0,0,3.7,11.3,20.5,23,36.3,5.2,69.8,30.2,70250,85424
"5377",6071002014,"06","071","002014",4846,34.144386,-117.625771,"Census Tract 20.14, San Bernardino County, California",523200,1568,55,7.4,3.24,1.35,0,0.8,14.7,12.8,67.9,3.8,0,0,0,0,0,1,29.7,65.1,4.3,97.8,2.2,118839,121387
"5378",6071002015,"06","071","002015",4777,34.127598,-117.607169,"Census Tract 20.15, San Bernardino County, California",367800,1600,35,5.9,3.06,4.17,0.8,1.2,9.8,18.8,28.9,28.8,5.8,3.4,2.6,0,1.6,8.8,54.4,32.9,2.3,70.5,29.5,74871,86791
"5379",6071002016,"06","071","002016",3883,34.114695,-117.607984,"Census Tract 20.16, San Bernardino County, California",330700,1297,0,5.6,3.08,3.85,0,0,0,33.5,25.4,28.7,11.3,1,0,0,0.9,3.4,85.4,8.6,1.6,80.6,19.4,93086,90851
"5380",6071002017,"06","071","002017",5826,34.152905,-117.592936,"Census Tract 20.17, San Bernardino County, California",642800,1834,41,7.4,3.13,4.34,1.9,11.2,11.8,37.5,33.8,3.9,0,0,0,1.5,1.1,3.2,19.5,58.3,16.4,93.9,6.1,110409,126836
"5381",6071002018,"06","071","002018",5342,34.142712,-117.584023,"Census Tract 20.18, San Bernardino County, California",454600,1737,67,6.4,3.17,3.39,2.1,7.3,11.7,47.3,17.9,10,3.7,0,0,0,0,7,47.4,42.3,3.3,84.6,15.4,87083,97066
"5382",6071002019,"06","071","002019",4757,34.140405,-117.568227,"Census Tract 20.19, San Bernardino County, California",422200,1743,55,5.5,3.17,2.74,0,3.8,29,56.7,8,0.7,0,1.7,0,0,18.1,25.9,20.7,30.6,4.8,55.9,44.1,87630,102958
"5383",6071002021,"06","071","002021",5201,34.146192,-117.557024,"Census Tract 20.21, San Bernardino County, California",485100,1610,78,7.4,3.27,3.84,7.3,16.4,11.9,54.8,9.6,0,0,0,0,0,0,2.2,32.2,48.4,17.2,89.1,10.9,123798,213953
"5384",6071002022,"06","071","002022",11426,34.14936,-117.51984,"Census Tract 20.22, San Bernardino County, California",632000,3124,71,8.1,3.62,2.92,15,42.3,37.2,3.2,0.4,1.9,0,0,0,1.5,0,0.4,16.8,48.9,32.4,95.8,4.2,138317,170173
"5385",6071002023,"06","071","002023",5118,34.129093,-117.59251,"Census Tract 20.23, San Bernardino County, California",256700,2391,135,4.3,2.97,2.38,3.6,8.7,7.4,52.4,27.1,1,0,0,0,0.8,23.8,45.3,26.6,3.4,0,33.3,66.7,46563,58466
"5386",6071002025,"06","071","002025",5056,34.12773,-117.582613,"Census Tract 20.25, San Bernardino County, California",304700,1888,47,6,2.6,2.67,0.7,11,7.1,19.4,56.2,2.8,0,0,2.9,1,4.3,23.1,38.7,30,2.9,85.4,14.6,54879,72340
"5387",6071002027,"06","071","002027",5543,34.113503,-117.595867,"Census Tract 20.27, San Bernardino County, California",303600,2102,45,5.4,3.09,2.88,8.4,8.9,4.6,19.2,38.4,13.9,1.4,0,5.2,0,12,22.8,43,19.3,2.9,73.4,26.6,62508,76733
"5388",6071002028,"06","071","002028",5282,34.113815,-117.583496,"Census Tract 20.28, San Bernardino County, California",353400,1543,23,5.7,2.97,2.7,9.3,0,0,14.8,58.1,6.7,10.3,0.8,0,2.1,4.1,7,57.5,29.4,0,70.5,29.5,78542,85994
"5389",6071002029,"06","071","002029",6077,34.131635,-117.566251,"Census Tract 20.29, San Bernardino County, California",398800,1948,130,6.7,3.18,3.71,0,1.8,10.4,80.4,4.7,0,0,0,2.8,0,0,1,42,51.7,5.2,88.1,11.9,90714,97239
"5390",6071002031,"06","071","002031",6281,34.12834,-117.552175,"Census Tract 20.31, San Bernardino County, California",418600,1885,58,6.7,3.32,4.08,0,11.1,53.6,31.5,0,0,3.2,0.6,0,0,0,0,36.6,51.2,12.2,90,10,126142,123031
"5391",6071002033,"06","071","002033",7663,34.128024,-117.533765,"Census Tract 20.33, San Bernardino County, California",405700,2444,0,6.2,3.24,2.98,2.9,29.9,15.9,45.1,3.4,0.2,1.9,0.7,0,0,4.4,13.5,35.4,35.5,11.2,84.8,15.2,90826,98010
"5392",6071002034,"06","071","002034",13758,34.117069,-117.527051,"Census Tract 20.34, San Bernardino County, California",462800,4641,224,5.6,3.33,2.47,32.1,47.1,6.6,1.7,8.5,1.7,1.4,0,0.9,0.6,11.6,26.2,20.8,28.1,12.7,63.7,36.3,84354,100837
"5393",6071002035,"06","071","002035",6874,34.119224,-117.561387,"Census Tract 20.35, San Bernardino County, California",352500,2460,0,5.6,3.06,2.69,8,19.6,28.3,39.1,4.6,0.4,0,0,0,2.3,5,13.5,54.7,16.1,8.5,76.5,23.5,99219,104081
"5394",6071002036,"06","071","002036",11640,34.113406,-117.560609,"Census Tract 20.36, San Bernardino County, California",390600,4671,381,4.2,2.68,2.26,14.3,32.8,33,14.5,2.1,2.4,0,1,0,0.2,18.6,45.1,30.7,3.7,1.7,27.5,72.5,67590,79993
"5395",6071002037,"06","071","002037",7739,34.115422,-117.507225,"Census Tract 20.37, San Bernardino County, California",341700,2122,105,6.7,4.09,6.22,2,22.7,24.2,50,1.1,0,0,0,0,0,0,4.3,37.1,50.4,8.2,84.9,15.1,95033,103232
"5396",6071002038,"06","071","002038",5366,34.112534,-117.495991,"Census Tract 20.38, San Bernardino County, California",367000,1470,39,7.3,3.99,3.84,0,12,80,8,0,0,0,0,0,0,1.4,0,28,55.9,14.7,87.1,12.9,92917,98729
"5397",6071002101,"06","071","002101",4399,34.098072,-117.624343,"Census Tract 21.01, San Bernardino County, California",240600,1273,30,5.1,2.94,3.25,1.7,0.7,26,4.6,18.1,14.7,24.9,2.2,7.1,0,2,42.3,46,8.1,1.6,61.1,38.9,57316,63809
"5398",6071002103,"06","071","002103",4646,34.103231,-117.608008,"Census Tract 21.03, San Bernardino County, California",244200,1982,323,3.9,2.35,2.81,3.4,4.4,16.4,57.5,14.5,2.5,1.2,0,0,1.6,21.7,63.4,11.4,1.8,0,30.3,69.7,46696,50708
"5399",6071002105,"06","071","002105",5036,34.100257,-117.604977,"Census Tract 21.05, San Bernardino County, California",270200,1832,138,5,2.6,2.87,2.1,10,7.8,31.4,27,5,13.2,3.5,0,0.9,8.1,42.9,29.1,18.2,0.7,80.7,19.3,48500,58267
"5400",6071002107,"06","071","002107",4970,34.099704,-117.586533,"Census Tract 21.07, San Bernardino County, California",239600,1982,12,4,2.63,2.45,0,3.5,11.4,31.2,32.1,8.7,11.3,0,1.8,4,38.8,24.9,18.8,13.4,0,45,55,41837,50602
"5401",6071002109,"06","071","002109",4626,34.074439,-117.577544,"Census Tract 21.09, San Bernardino County, California",259400,2181,239,3.8,1.88,2.24,31.5,10.3,31.2,14.8,1.5,0,5.9,2.8,1.9,0.5,39,47.7,11.2,1.6,0,12.1,87.9,53607,63384
"5402",6071002110,"06","071","002110",7020,34.092312,-117.572293,"Census Tract 21.10, San Bernardino County, California",363400,3369,372,3.2,3.49,2.02,18.2,47.5,12,13.3,2.5,1.6,0.3,1.3,3.4,1.5,49.6,39.6,5.4,3.3,0.7,6.1,93.9,55752,61654
"5403",6071002204,"06","071","002204",6139,34.100736,-117.501667,"Census Tract 22.04, San Bernardino County, California",279700,1742,200,5.5,4.7,4.69,1.5,10.7,32.5,24.5,13.3,0,11.7,3.2,2.6,1,8.8,22.4,31,30.2,6.5,59.1,40.9,53340,67527
"5404",6071002206,"06","071","002206",6656,34.024664,-117.584736,"Census Tract 22.06, San Bernardino County, California",312900,2076,22,6,3.35,3.47,0,0,9.2,56.6,33.5,0.7,0,0,0,0,5,7.1,58.9,25.6,3.4,79.3,20.7,69710,79339
"5405",6071002207,"06","071","002207",4461,34.089127,-117.525654,"Census Tract 22.07, San Bernardino County, California",200000,490,39,4.5,3.85,3.38,10.4,0,13.1,40,19.2,3.7,12.4,1.2,0,0,13.9,38.4,47.8,0,0,10.6,89.4,57279,61921
"5406",6071002301,"06","071","002301",9721,34.12302,-117.442762,"Census Tract 23.01, San Bernardino County, California",276700,2279,186,6,4.08,3.9,23.2,6.7,6.3,41,1.3,4.3,13,2.9,1.2,0.2,2.1,7.5,47.2,36.7,6.4,84.7,15.3,64595,69413
"5407",6071002304,"06","071","002304",18904,34.133189,-117.469033,"Census Tract 23.04, San Bernardino County, California",357200,4783,261,7.5,4.11,4.57,10.6,61.7,25,1,1.3,0,0.1,0,0.2,0,0,0.7,30.3,48,20.9,88.2,11.8,100186,108087
"5408",6071002305,"06","071","002305",10725,34.115596,-117.465662,"Census Tract 23.05, San Bernardino County, California",285800,2706,37,6.2,4.12,4.11,9.9,23.7,12.2,47.5,3.5,0.2,2.7,0,0.3,0.5,0.2,7.3,51.2,32.9,7.8,82.7,17.3,78987,83020
"5409",6071002306,"06","071","002306",4169,34.125299,-117.42144,"Census Tract 23.06, San Bernardino County, California",281700,1033,37,6.7,3.88,4.7,1.5,3.1,19.2,69.7,4.5,0,2,0,0,0,0,2.4,34.3,57.5,5.8,84.5,15.5,68676,79483
"5410",6071002307,"06","071","002307",5085,34.117946,-117.415882,"Census Tract 23.07, San Bernardino County, California",237400,1146,36,6.3,4.09,4.54,3.6,0.9,20,33.9,25.2,0,10.1,0,6.4,1.6,1.7,7,46.9,41.1,1.7,79.8,20.2,54224,66627
"5411",6071002401,"06","071","002401",8946,34.095284,-117.479119,"Census Tract 24.01, San Bernardino County, California",243200,2044,168,5.4,5.01,4.96,4,13.3,19.1,16.9,9.5,8.3,21.8,4.7,2.3,2.1,5.5,19.2,40.3,27.5,5.4,67,33,51701,56655
"5412",6071002402,"06","071","002402",8434,34.092205,-117.460944,"Census Tract 24.02, San Bernardino County, California",214800,1999,173,4.9,4.89,3.97,4,6.5,11.1,41.6,10.5,3.1,19.5,2.6,1.2,1,8.7,34.4,40.6,12.1,3.4,54.5,45.5,43083,51804
"5413",6071002501,"06","071","002501",5840,34.077141,-117.47798,"Census Tract 25.01, San Bernardino County, California",220400,1420,66,5.3,5.02,4.36,0,1.9,35.6,19.9,9.3,5.9,18.2,7.5,1.7,0.6,5.1,25.6,37,28.4,3.3,74,26,55082,62794
"5414",6071002502,"06","071","002502",8051,34.078216,-117.462721,"Census Tract 25.02, San Bernardino County, California",228600,1730,143,5.7,5.09,5.01,0.8,6.4,16.4,26.2,21.1,8.6,14.7,3.5,2.3,3.4,2.4,16.4,36,37.7,4.1,75.6,24.4,60317,64535
"5415",6071002601,"06","071","002601",10799,34.054895,-117.439863,"Census Tract 26.01, San Bernardino County, California",332300,2567,282,6.5,4.55,4.47,18.9,29.1,9.1,10.9,7.8,8.5,5.1,6.8,3.8,2.8,1.7,16.1,30.6,31.3,17.5,78.7,21.3,78380,82686
"5416",6071002602,"06","071","002602",7639,34.042609,-117.496324,"Census Tract 26.02, San Bernardino County, California",319600,1955,159,5.4,3.84,3.64,0,2.9,9.7,80.4,4,2.5,0.6,0,0,3.2,3.3,14.3,48.8,21.9,8.4,74.1,25.9,57210,73288
"5417",6071002604,"06","071","002604",5723,34.036307,-117.492357,"Census Tract 26.04, San Bernardino County, California",252700,1444,154,5.5,3.68,4.71,1.4,3.9,10.9,74.2,5.7,0,3.3,0,0.6,0,0,11,78.2,10.8,0,84.1,15.9,65672,68870
"5418",6071002606,"06","071","002606",7089,34.043816,-117.475928,"Census Tract 26.06, San Bernardino County, California",229100,1897,181,5.8,4.02,3.35,1.6,16,36.6,38.5,4.3,0,2.9,0,0,0,6.4,18.7,46.1,26.3,2.5,70.5,29.5,65638,74574
"5419",6071002607,"06","071","002607",7826,34.042631,-117.456112,"Census Tract 26.07, San Bernardino County, California",291400,1958,57,6.4,4.11,5.12,6.9,9.8,56.9,21.3,0.6,3.3,1.2,0,0,0,0.5,1.4,48.2,36.9,13,91.2,8.8,76772,82847
"5420",6071002703,"06","071","002703",5780,34.164734,-117.425928,"Census Tract 27.03, San Bernardino County, California",318300,1658,77,6,3.67,3.3,2.5,3.1,80.2,10.1,2.3,0.1,0,1,0.8,0,0,4.2,50.7,41.4,3.8,86.1,13.9,75893,80751
"5421",6071002704,"06","071","002704",10787,34.148901,-117.430486,"Census Tract 27.04, San Bernardino County, California",341000,2945,207,7.3,3.75,4.27,18.5,48.2,19.4,10.2,0,1.7,0.4,1.6,0,0,0.9,1.7,30,46,21.4,89,11,99571,103715
"5422",6071002705,"06","071","002705",5513,34.14381,-117.392399,"Census Tract 27.05, San Bernardino County, California",249600,1530,93,6.4,3.69,5.31,3.1,8.1,13.8,41.6,24.3,6.3,2.8,0,0,0,3.8,5.8,40.3,47,3.1,86.8,13.2,82731,81211
"5423",6071002706,"06","071","002706",6654,34.157519,-117.385517,"Census Tract 27.06, San Bernardino County, California",329000,1604,170,6.9,3.44,5.27,7.7,0,6.4,21.3,17,31.1,13.5,2.1,0.9,0.9,2.5,5.9,29.7,51.6,9.4,78,22,78961,83822
"5424",6071002801,"06","071","002801",5508,34.110266,-117.445139,"Census Tract 28.01, San Bernardino County, California",226400,1233,34,5.1,4.87,4.31,1,1.1,10.1,40.2,12.3,0.8,16.7,11.1,6.7,0,8.4,23.5,44,21.7,2.3,51.7,48.3,47781,61948
"5425",6071002803,"06","071","002803",3982,34.102021,-117.44667,"Census Tract 28.03, San Bernardino County, California",244900,1017,177,4.4,4.02,4.51,1.6,0,13.2,22.3,14.8,11.9,17,11,8.2,0,14.5,44.1,32.9,3.3,5.1,45.4,54.6,43021,48698
"5426",6071002804,"06","071","002804",5417,34.095688,-117.448218,"Census Tract 28.04, San Bernardino County, California",169500,1303,68,3.9,4.07,4.01,7.1,0,6.4,33.2,21.7,7.3,12.4,11.5,0.4,0,23.4,48.6,25.9,2.1,0,8.8,91.2,29721,31488
"5427",6071002901,"06","071","002901",4446,34.105076,-117.430664,"Census Tract 29.01, San Bernardino County, California",239300,1145,127,4.8,4.27,4.32,0,0,5.6,21.7,16,13.9,34.5,5.2,3.2,0.8,6.1,45.1,37.3,8.4,2.4,51.6,48.4,50533,51890
"5428",6071002902,"06","071","002902",6584,34.103457,-117.423117,"Census Tract 29.02, San Bernardino County, California",193600,1821,103,4.8,4.32,2.87,1.3,0,8.7,19.2,23.4,22.7,22.7,1.5,0.4,0.9,16.1,31.5,38.1,12.6,0.8,55.4,44.6,42361,52184
"5429",6071003000,"06","071","003000",3120,34.097769,-117.435515,"Census Tract 30, San Bernardino County, California",226100,1050,0,3.9,3.77,2.72,14.3,24.3,6.3,4.8,2.8,3.3,15.9,23.2,5.1,2.6,38.5,33,22.2,3.7,0,26.7,73.3,32783,41462
"5430",6071003101,"06","071","003101",5040,34.085841,-117.448684,"Census Tract 31.01, San Bernardino County, California",241500,1179,32,4.9,4.73,4.85,1.3,11.5,0.8,30.4,26.1,15.7,12.4,0.9,0.9,2.6,6.1,38.2,29.6,13.7,9.8,45.2,54.8,46344,75962
"5431",6071003102,"06","071","003102",5466,34.085499,-117.440259,"Census Tract 31.02, San Bernardino County, California",232600,1363,37,4,4.25,4.14,0,16.5,2.3,25.8,33.9,8.9,6.7,2.6,3.4,2.6,25.7,47,18.4,6.2,0,26.2,73.8,41974,42891
"5432",6071003200,"06","071","003200",8005,34.085212,-117.427359,"Census Tract 32, San Bernardino County, California",241700,2117,155,5.6,3.78,4.12,1.8,1.3,2.4,10.3,23.2,29,23.1,2.6,6.2,2.6,6.4,21.3,45.3,22.8,1.7,69,31,49648,59545
"5433",6071003301,"06","071","003301",4841,34.073728,-117.444116,"Census Tract 33.01, San Bernardino County, California",211700,1379,34,4.7,5.28,3.76,2,4.1,6.5,17.3,27.3,9.4,32.6,0,0.8,4.4,17.8,26.1,30.5,17.8,3.5,42.9,57.1,39625,51575
"5434",6071003302,"06","071","003302",6037,34.073475,-117.423862,"Census Tract 33.02, San Bernardino County, California",110700,1872,88,5,3.7,3.42,0,9.6,10.5,9.2,31.3,28.4,9.1,1.3,0.5,6.3,7.3,37.9,28.2,20.5,0,52.5,47.5,38800,48373
"5435",6071003401,"06","071","003401",7502,34.099619,-117.413923,"Census Tract 34.01, San Bernardino County, California",231500,1782,83,5.5,4.23,3.57,2,4,4.6,22,16.9,12.1,26.3,5.8,6.3,1.1,3.6,17.1,53.1,19.4,5.7,70.7,29.3,52886,61501
"5436",6071003403,"06","071","003403",4524,34.084634,-117.408947,"Census Tract 34.03, San Bernardino County, California",218400,1128,14,5.7,4.83,4.1,1.5,2.1,0,13.2,18.3,3.5,28.7,21.9,10.8,1.1,6.7,12.9,49.1,25.7,4.4,74.1,25.9,47941,61542
"5437",6071003404,"06","071","003404",4946,34.106606,-117.404813,"Census Tract 34.04, San Bernardino County, California",112300,1358,163,4.4,4.99,3.9,7.7,1.8,20.6,31.2,17.1,9.9,5.8,5.8,0,1.3,6.8,50.4,35.3,5.6,0.6,29.4,70.6,36534,45048
"5438",6071003405,"06","071","003405",5109,34.097498,-117.404455,"Census Tract 34.05, San Bernardino County, California",142200,1518,183,4.2,3.46,3.44,9.9,6.5,14.8,18.9,16.3,15.1,9.8,6.5,2.3,0,13.8,57.9,17.8,9.1,1.4,28.8,71.2,33075,38140
"5439",6071003503,"06","071","003503",5489,34.121362,-117.391364,"Census Tract 35.03, San Bernardino County, California",243800,1358,48,6.2,4.33,4.73,0,8.4,6.5,67.7,8.5,4.2,4,0,0.7,0,1.5,6.4,40.1,43.1,8.9,78.6,21.4,45814,64725
"5440",6071003505,"06","071","003505",5969,34.119858,-117.375833,"Census Tract 35.05, San Bernardino County, California",218200,1650,173,4.9,4.58,3.7,12.4,0,11.5,22,17.6,9.2,26.4,0,1,1.2,18.6,23,32.7,22.2,2.2,36,64,47554,53621
"5441",6071003506,"06","071","003506",4802,34.129055,-117.378191,"Census Tract 35.06, San Bernardino County, California",171600,1274,40,5.8,4.48,2.99,11.7,1.5,1.4,35.2,10.6,22.7,15,2,0,0,0,23.9,38,34.1,4.1,62.6,37.4,47688,55135
"5442",6071003507,"06","071","003507",4887,34.110991,-117.38968,"Census Tract 35.07, San Bernardino County, California",242600,1169,65,6.1,4.02,6.54,0,5,4.9,29.7,33.6,10.1,15.5,1.3,0,0,0,7.4,63.6,24.8,4.2,79.3,20.7,67879,76221
"5443",6071003509,"06","071","003509",4827,34.105878,-117.376839,"Census Tract 35.09, San Bernardino County, California",187700,1280,79,5,4.41,4.39,0,2.7,0.3,1.6,25.4,9.6,55.9,0.2,4.2,4.5,8,22.2,58.8,2.7,3.8,60.3,39.7,43072,47524
"5444",6071003510,"06","071","003510",4512,34.10373,-117.391312,"Census Tract 35.10, San Bernardino County, California",221100,1187,164,4.9,4.66,3.55,3.5,3.5,9.9,32.6,31.1,7.8,11.7,0,0,0,15.4,24.2,39.9,18.9,1.6,32.5,67.5,31997,42405
"5445",6071003603,"06","071","003603",4141,34.08841,-117.391778,"Census Tract 36.03, San Bernardino County, California",266400,951,107,6,5.06,6.45,0,0,8.9,61.3,28.2,0.4,0.4,0,0.7,0,0,1.7,46.8,46.9,4.6,92.3,7.7,68750,77465
"5446",6071003605,"06","071","003605",4223,34.081527,-117.39207,"Census Tract 36.05, San Bernardino County, California",250600,1089,37,5.9,4.56,5.44,1.3,5.6,10.2,52.6,21.2,5,4.1,0,0,1.4,0,3,62.4,33.2,0,96.3,3.7,55924,68759
"5447",6071003606,"06","071","003606",5109,34.073646,-117.397,"Census Tract 36.06, San Bernardino County, California",231300,1524,140,4.8,4.18,3.45,0,5.4,29.5,14.5,11,10.2,15.5,11.6,2.4,0,17.5,17.1,49.9,13.9,1.7,79.9,20.1,44672,51634
"5448",6071003607,"06","071","003607",5369,34.08902,-117.370606,"Census Tract 36.07, San Bernardino County, California",183000,1496,158,5.1,4.23,2.63,0,0,4,38.8,13.8,4.5,34.6,2.2,2.1,2.9,20.5,10.5,45.6,19.5,1,61.1,38.9,39237,49577
"5449",6071003609,"06","071","003609",4871,34.08013,-117.377264,"Census Tract 36.09, San Bernardino County, California",170000,1311,37,5.3,4.28,4.42,4.7,0,0.8,40.4,37.8,6.9,5.4,0,3.9,0,13,28.1,51.9,7,0,60.9,39.1,45280,55688
"5450",6071003611,"06","071","003611",4575,34.08083,-117.361972,"Census Tract 36.11, San Bernardino County, California",172500,1419,104,5.6,3.86,3.24,0,0,27.1,58,7.8,2.3,3.6,1.3,0,1.3,6.3,31.2,33.8,25.6,1.7,67.5,32.5,49191,53519
"5451",6071003612,"06","071","003612",4256,34.080939,-117.359349,"Census Tract 36.12, San Bernardino County, California",153200,1009,76,5.4,4.21,3.51,3.7,7.3,13.9,36.7,22.2,15.5,0.8,0,0,0,2.7,25.4,40.5,31,0.4,72.5,27.5,50068,57311
"5452",6071003700,"06","071","003700",3903,34.098679,-117.36979,"Census Tract 37, San Bernardino County, California",175600,1293,68,4.2,4.14,3.31,7.8,7.6,12.5,29.2,7.7,1.9,15.3,6.3,11.8,3.2,25.2,46.1,18.3,6.5,0.6,21.8,78.2,26875,34326
"5453",6071003801,"06","071","003801",4735,34.128151,-117.364405,"Census Tract 38.01, San Bernardino County, California",282300,1320,210,5.9,4.16,2.76,0,2.5,7.3,26.4,13.8,25.4,24.5,0,0,1.7,8.6,10.1,48.2,24.5,6.8,71.6,28.4,50938,64740
"5454",6071003803,"06","071","003803",4732,34.113305,-117.36462,"Census Tract 38.03, San Bernardino County, California",173600,1228,122,5.2,3.72,4.54,0,5.9,2.1,15.5,12.5,17.8,45.1,1,0,1,9.8,6.9,65.7,14.3,2.4,50.3,49.7,44048,52479
"5455",6071003804,"06","071","003804",4578,34.118997,-117.355635,"Census Tract 38.04, San Bernardino County, California",272200,1140,9,6.7,3.85,7.11,0,1.2,13.2,20.7,14.6,37.3,11.6,0,1.3,0,0,1.8,31.8,57.9,8.5,73.5,26.5,64458,75294
"5456",6071003900,"06","071","003900",5484,34.099659,-117.360921,"Census Tract 39, San Bernardino County, California",147800,1372,59,5.3,3.71,4.98,0,1.7,0.9,8.1,12.8,25.9,40.2,8.5,1.7,0.9,7,23,50.6,16.9,1.7,75.6,24.4,47230,59247
"5457",6071004001,"06","071","004001",4763,34.053686,-117.403679,"Census Tract 40.01, San Bernardino County, California",246600,1124,90,5.8,4.27,5.31,1.2,4.8,2.6,33.1,19,15.4,14.1,7.2,2.6,0,3.6,5.4,64.8,23.9,2.2,74.4,25.6,51754,59366
"5458",6071004003,"06","071","004003",6178,34.043569,-117.392495,"Census Tract 40.03, San Bernardino County, California",274500,1464,23,5.3,4.38,5.68,3.8,7,7.8,25,9.2,4,23.7,15.4,4.2,1.9,3.8,22.4,38.4,20,13.5,73.9,26.1,39384,54973
"5459",6071004004,"06","071","004004",5076,34.04638,-117.368413,"Census Tract 40.04, San Bernardino County, California",194600,1591,154,5.3,3.85,3.34,5.5,27.4,7,15.7,25.1,12.3,5,1.9,0,0.6,2.9,26.1,42.4,21.2,6.8,80.6,19.4,52994,65098
"5460",6071004101,"06","071","004101",5698,34.164551,-117.351452,"Census Tract 41.01, San Bernardino County, California",245700,1431,59,5.2,4.07,4.8,1.7,1.7,35.7,15.8,5.2,3.4,29.5,6.1,0.8,0,0,24.8,42.1,27.9,5.2,74.8,25.2,56985,57970
"5461",6071004103,"06","071","004103",5634,34.141186,-117.333233,"Census Tract 41.03, San Bernardino County, California",145400,1342,155,5,4.26,5.27,1.1,7.4,9.5,3.6,8.1,16.6,36,17.7,0,2.2,14.5,13.1,42.5,27.7,0,56.4,43.6,38665,41127
"5462",6071004104,"06","071","004104",5257,34.151664,-117.343507,"Census Tract 41.04, San Bernardino County, California",155700,1294,97,4.7,4.89,3.6,0,1.7,5.6,15.9,4.8,24.2,30.4,7.8,9.6,2.3,8.7,25.7,42,17.1,4.2,72.1,27.9,47620,51454
"5463",6071004201,"06","071","004201",6854,34.127939,-117.329527,"Census Tract 42.01, San Bernardino County, California",188300,1772,84,4.8,4.23,3.58,1.5,1.5,4.5,17.8,16.1,18.6,30.8,7.3,1.9,1.5,7.2,18.8,52.1,20.4,0,56,44,33721,42353
"5464",6071004202,"06","071","004202",5176,34.124565,-117.31842,"Census Tract 42.02, San Bernardino County, California",164400,1545,59,4.6,3.36,3.77,1.7,3.7,2.6,5,4.1,7.5,46.1,23.2,6.1,2.5,8.2,36.1,42.3,10.9,0,50.9,49.1,31780,39366
"5465",6071004301,"06","071","004301",4677,34.112292,-117.346755,"Census Tract 43.01, San Bernardino County, California",200400,1190,58,5.6,4.66,5.77,1.8,2.6,5.1,14.1,15.8,21.3,37.9,0,1.4,0,2.6,8.4,46.4,39.6,3,58,42,52708,58027
"5466",6071004302,"06","071","004302",4413,34.112822,-117.323035,"Census Tract 43.02, San Bernardino County, California",164400,1224,28,4.9,3.76,2.46,0,2,9.9,10.5,14.8,27.3,15.1,11.5,8.8,0,3.3,39.1,47.2,6.8,3.6,69.6,30.4,39493,53331
"5467",6071004401,"06","071","004401",4383,34.094545,-117.353335,"Census Tract 44.01, San Bernardino County, California",147200,1159,85,5.4,3.54,4.51,2.2,4.2,13,35.4,27.1,11.8,5.4,0.8,0,0,4.7,23.9,40.6,29,1.7,80.5,19.5,46688,56099
"5468",6071004403,"06","071","004403",5647,34.093657,-117.339998,"Census Tract 44.03, San Bernardino County, California",131100,1537,120,4.6,3.49,3.7,0,4,9.1,43.9,29.9,7.1,6,0,0,1.7,0.7,29.9,54.7,13,0,73,27,41015,47447
"5469",6071004404,"06","071","004404",5570,34.101633,-117.342589,"Census Tract 44.04, San Bernardino County, California",56100,1682,111,4.6,3.54,3.97,7.2,6.5,0,13.1,47.3,9.9,13.1,0.7,2.1,2.9,7.6,26.6,56.9,6.1,0,64,36,35719,41559
"5470",6071004503,"06","071","004503",3327,34.212762,-117.378091,"Census Tract 45.03, San Bernardino County, California",383000,1070,133,7.2,3.54,4.46,27.5,11.5,16.3,10.7,13.6,10.2,5.6,1.8,2.9,0.4,0.5,8.4,31.3,44.4,15,95.1,4.9,102390,116758
"5471",6071004504,"06","071","004504",8145,34.193327,-117.348196,"Census Tract 45.04, San Bernardino County, California",302100,2647,121,5.5,3.62,2.91,10.2,18.2,12.3,46.8,5.9,3.4,3,0,0,0,5.5,20,43.2,26,5.3,73.2,26.8,70643,83341
"5472",6071004505,"06","071","004505",4724,34.17073,-117.284373,"Census Tract 45.05, San Bernardino County, California",214600,1740,142,4.8,2.74,2.39,3.3,0,0,16,13.8,21,33.2,10.9,1.8,1,22.7,28.7,42.1,3.5,2,58.4,41.6,37010,49480
"5473",6071004507,"06","071","004507",5042,34.169242,-117.301452,"Census Tract 45.07, San Bernardino County, California",161400,1770,218,4.3,3.25,3.29,2.9,0.6,2,23.7,6,19.6,20.6,23.8,0.8,0.8,5.1,54.7,20.5,18.8,0,43.2,56.8,44426,49958
"5474",6071004509,"06","071","004509",4764,34.17708,-117.301295,"Census Tract 45.09, San Bernardino County, California",300600,1572,32,6.2,3.11,3.59,0.3,2.9,23.9,20.5,17.1,9.7,17.6,5.3,2.9,0,1,13.6,53,28.6,3.9,70.3,29.7,65208,69979
"5475",6071004510,"06","071","004510",5178,34.178314,-117.319132,"Census Tract 45.10, San Bernardino County, California",228400,1453,99,4.7,2.8,2.72,0,4.2,34.4,35.2,21.3,3.9,1,0,0,3.1,6.7,38.6,31.9,16.5,3.2,44.5,55.5,46154,58739
"5476",6071004601,"06","071","004601",7032,34.171818,-117.332426,"Census Tract 46.01, San Bernardino County, California",187700,2507,106,4.6,3.17,2.55,0,0,14.9,54,13.6,2.4,9.1,6,0,0,15.8,29.1,37.2,16,1.9,47.4,52.6,54832,66897
"5477",6071004603,"06","071","004603",5717,34.15602,-117.305664,"Census Tract 46.03, San Bernardino County, California",250800,2416,121,4.6,2.46,2.55,3.5,0.9,29.6,26.2,8.7,4.9,11.3,9.6,5.3,0,18.3,38.8,25.1,15.4,2.4,55.3,44.7,50452,62730
"5478",6071004604,"06","071","004604",5177,34.143154,-117.309066,"Census Tract 46.04, San Bernardino County, California",218300,1699,108,5.1,3.6,4.22,0,5.5,1.3,1.9,3.2,11,26.4,42.4,8.2,2.6,1.5,35.2,53,5.8,1.8,64.4,35.6,50784,55991
"5479",6071004700,"06","071","004700",5791,34.124563,-117.308959,"Census Tract 47, San Bernardino County, California",139300,1601,159,4.1,3.18,4.31,1.6,0,3.2,3.9,15.2,9,16.7,21,29.4,0,2.1,51.7,39.7,6,0.5,50.8,49.2,30766,38631
"5480",6071004800,"06","071","004800",3282,34.112168,-117.308628,"Census Tract 48, San Bernardino County, California",201100,948,153,4.5,3.24,4.39,2.2,1.4,5.8,3.3,4,13.5,21.2,15.8,32.8,1.5,9.8,37.7,46.3,3.3,1.5,53.6,46.4,28521,35798
"5481",6071004900,"06","071","004900",7590,34.09868,-117.315017,"Census Tract 49, San Bernardino County, California",118300,2052,288,4.1,3.89,3.61,1.5,3.4,7.4,21.1,8.5,7.6,9.6,15.3,25.7,3.8,17.3,38.5,32.9,6.6,0.9,44.1,55.9,27191,34106
"5482",6071005100,"06","071","005100",7749,34.157495,-117.284059,"Census Tract 51, San Bernardino County, California",233100,3013,195,5.5,3.37,2.78,0,0,1,6.5,14.3,17.1,38.7,14.8,7.7,1.7,7.3,29.9,47.7,10,3.4,60.1,39.9,58353,68415
"5483",6071005200,"06","071","005200",4141,34.14525,-117.28366,"Census Tract 52, San Bernardino County, California",198300,1466,142,5,2.43,2.81,0,0,2,1.2,11.9,13.4,28.4,23.3,19.8,4.8,8.5,40.2,33.5,11.3,1.7,53.6,46.4,50297,62822
"5484",6071005300,"06","071","005300",5516,34.139728,-117.290506,"Census Tract 53, San Bernardino County, California",168700,1866,230,4.5,3.33,4.21,4.1,0,3.6,2.9,9.4,8.5,28.5,22.8,20.3,2.1,21.1,32.3,33.4,9.7,1.3,51.9,48.1,40373,46528
"5485",6071005400,"06","071","005400",6590,34.132073,-117.289759,"Census Tract 54, San Bernardino County, California",143000,2069,212,4.5,4.51,3.49,0.4,0,1.7,5.6,6.5,17,22.3,23.4,23.2,2.4,24.6,34.3,31.1,5.7,2.1,34.1,65.9,27649,36506
"5486",6071005500,"06","071","005500",8618,34.125325,-117.289466,"Census Tract 55, San Bernardino County, California",201800,2815,462,3.6,3.91,3.41,3,1.5,4.2,10.7,8.6,8.7,24,21.9,17.4,3.9,33.2,38.7,22.8,1.5,0,18.7,81.3,23813,31513
"5487",6071005600,"06","071","005600",7101,34.117399,-117.291223,"Census Tract 56, San Bernardino County, California",98900,2037,303,3.8,3.92,3.67,1.6,0.5,0,1.3,6.9,10.7,25.4,15.5,38.2,5.4,19.5,49,24.4,1.2,0.4,27.1,72.9,25500,30084
"5488",6071005701,"06","071","005701",2216,34.103288,-117.292379,"Census Tract 57.01, San Bernardino County, California",108600,1047,105,3.1,2.81,2.24,1.5,11.1,1.6,23,15.9,12,10.7,7.6,16.5,4,52.5,35.3,3.1,3.5,1.5,6.1,93.9,17760,22189
"5489",6071005800,"06","071","005800",3981,34.107472,-117.284193,"Census Tract 58, San Bernardino County, California",147500,1420,278,3.4,3.69,2.82,4.8,1.3,2.3,10,11.7,15,29.6,12.5,12.9,8.5,33.5,35.1,15.2,7.6,0,18.4,81.6,17467,27666
"5490",6071006100,"06","071","006100",8346,34.156064,-117.255537,"Census Tract 61, San Bernardino County, California",255000,3014,409,5.6,3.26,3.59,6.3,2,6.7,0.3,14.8,18.6,45,5.9,0.4,0.8,4.3,23.1,45.1,24.8,1.9,66.3,33.7,55184,67716
"5491",6071006201,"06","071","006201",3583,34.142311,-117.26621,"Census Tract 62.01, San Bernardino County, California",235800,1167,85,5,3.26,3.62,0,0,2.9,0.9,25.6,16,52.8,1.1,0.6,0,2.1,29.6,60.4,7.9,0,72.4,27.6,52130,60626
"5492",6071006203,"06","071","006203",4771,34.145759,-117.252304,"Census Tract 62.03, San Bernardino County, California",151900,1731,213,3.9,2.47,3.4,0,1.3,6.5,16.9,37.8,9.4,23.2,0,4.7,3.7,19.9,46.4,27.8,2.2,0,37.2,62.8,25170,28763
"5493",6071006204,"06","071","006204",4495,34.139457,-117.254742,"Census Tract 62.04, San Bernardino County, California",226200,1622,169,3.4,3.25,3.24,0,0.7,6.1,17.1,35.8,11.5,24.5,2.3,2,2.8,35.3,44.5,14.8,2.5,0,16.7,83.3,28224,32242
"5494",6071006301,"06","071","006301",5324,34.128636,-117.271116,"Census Tract 63.01, San Bernardino County, California",173000,1672,170,4,3.36,3.25,0,2.1,1.4,11.6,4.5,15,51.4,5,9,4.7,28.2,29.4,34.4,3.3,0,40.9,59.1,27296,38684
"5495",6071006302,"06","071","006302",8815,34.126723,-117.254512,"Census Tract 63.02, San Bernardino County, California",175600,2485,229,4.7,3.97,3.66,1.2,0,0,8.4,11.5,14.6,24.5,33.1,6.6,1.2,11.1,39.4,34.7,11.7,1.9,47.7,52.3,34134,41600
"5496",6071006401,"06","071","006401",3343,34.117938,-117.27108,"Census Tract 64.01, San Bernardino County, California",34100,956,77,4,3.37,3.42,15.9,7,3.8,7.6,25,11.5,7.5,11.4,10.3,4.6,21.1,37.7,27.7,8.9,0,44.3,55.7,20465,31308
"5497",6071006402,"06","071","006402",4951,34.115557,-117.250384,"Census Tract 64.02, San Bernardino County, California",237200,1301,192,4.3,3.96,4.19,0,0,4.3,17.5,16.3,13.8,24.2,12.3,11.5,3.2,9.5,46,37,3.9,0.5,41,59,35716,40103
"5498",6071006500,"06","071","006500",8386,34.104119,-117.266449,"Census Tract 65, San Bernardino County, California",146600,2004,279,3.8,4.03,3.43,2.7,0,6.6,22.7,20,13.6,13.5,12.5,8.4,1.7,23.9,42.1,29.4,2.9,0,34.8,65.2,31689,37968
"5499",6071006601,"06","071","006601",4564,34.073008,-117.335362,"Census Tract 66.01, San Bernardino County, California",204000,1359,138,4.8,3.85,3.63,0,0,3.1,5.1,12.9,5.3,41.6,19.6,12.4,0,20.7,32.4,40,5.9,1.1,60.5,39.5,45885,48811
"5500",6071006603,"06","071","006603",4958,34.082228,-117.336696,"Census Tract 66.03, San Bernardino County, California",238000,1370,102,6,3.92,2.79,0,8.4,15,5,2.4,17.6,37.8,9.3,4.6,0,1.5,14.2,34.5,44.1,5.7,79.7,20.3,43942,62533
"5501",6071006604,"06","071","006604",4278,34.090269,-117.334325,"Census Tract 66.04, San Bernardino County, California",152600,1232,53,5,3.39,2.82,0,0,20.9,17.4,26.5,17.1,13.8,4.3,0,10.9,7.5,17.2,46.4,18,0,63.1,36.9,34215,42660
"5502",6071006700,"06","071","006700",4486,34.082797,-117.321021,"Census Tract 67, San Bernardino County, California",173700,1191,119,4.9,4.18,3.97,1.8,0,7.1,5.7,5.4,3.8,29.1,25.8,21.3,0.7,11.5,41.6,37.4,7.8,1.1,65,35,43472,53497
"5503",6071007000,"06","071","007000",7898,34.074786,-117.312601,"Census Tract 70, San Bernardino County, California",184100,2243,354,4.3,3.48,3.3,0,2.8,11.9,11.3,13.2,9.1,21.3,13.8,16.5,4.4,17.6,45.4,25.1,4.9,2.6,46.2,53.8,35206,40577
"5504",6071007104,"06","071","007104",4093,34.029253,-117.306274,"Census Tract 71.04, San Bernardino County, California",294300,1550,27,6.1,2.93,2.7,0,3.7,5,31,30.1,26,3.2,0,1.1,1.4,3,12.7,41.2,38.3,3.5,80.8,19.2,82575,99615
"5505",6071007105,"06","071","007105",2715,34.035903,-117.286039,"Census Tract 71.05, San Bernardino County, California",262400,1245,64,5.1,2.34,3.21,2.8,0.8,16.5,43.3,15.5,13.6,4.9,1.7,0.9,4.3,8.4,45.3,23.7,12.1,6.1,58.8,41.2,63854,83069
"5506",6071007106,"06","071","007106",3943,34.026128,-117.318584,"Census Tract 71.06, San Bernardino County, California",305100,1518,38,5.5,2.9,2.43,3.1,4.1,0.7,27.1,38.8,16.3,4.2,2.6,3.1,5.3,6.5,21.5,44.8,18.8,3,64.4,35.6,68446,77436
"5507",6071007107,"06","071","007107",3302,34.043276,-117.319243,"Census Tract 71.07, San Bernardino County, California",86700,1248,161,4.7,2.71,3.38,3.1,6,10.1,47.4,17,4.1,3,3.6,5.8,0.4,21.2,40.7,31.6,6.2,0,48.1,51.9,32637,35887
"5508",6071007108,"06","071","007108",2202,34.050389,-117.313023,"Census Tract 71.08, San Bernardino County, California",140000,1101,88,3.4,2.12,2.12,0,0,12.3,54.8,25.4,0.9,5.8,0,0.8,14.4,42.1,33.8,9.7,0,0,9.9,90.1,31861,38085
"5509",6071007109,"06","071","007109",6064,34.043096,-117.306354,"Census Tract 71.09, San Bernardino County, California",303200,2628,247,4,2.69,2.72,2.5,3,19,45.4,13.7,10.3,5.5,0.5,0,6.6,25.6,43.5,17,4.4,2.9,26.8,73.2,38684,52844
"5510",6071007110,"06","071","007110",4831,34.054981,-117.289333,"Census Tract 71.10, San Bernardino County, California",252100,1525,0,5.8,3.73,3.42,0,12.2,28.3,53.8,3.4,0,2.3,0,0,0.9,0,10,47.4,35.7,6,78.8,21.2,81206,90287
"5511",6071007200,"06","071","007200",6798,34.073403,-117.255229,"Census Tract 72, San Bernardino County, California",203100,2012,163,4.8,3.33,4.07,1.7,2,8.9,20.1,19.6,15.2,19.8,9.9,2.7,0.7,6.8,36,43.9,12.1,0.5,55.8,44.2,39034,56339
"5512",6071007302,"06","071","007302",10039,34.042566,-117.246955,"Census Tract 73.02, San Bernardino County, California",383200,3721,290,6.2,3,2.14,9.5,13.4,13.4,36,13.4,8.1,4.8,0.8,0.7,0,9.2,19.7,28.2,33,9.9,67.1,32.9,86705,106675
"5513",6071007303,"06","071","007303",4828,34.053586,-117.269392,"Census Tract 73.03, San Bernardino County, California",107000,2203,168,3.9,2.35,2.21,1.3,1,7.7,27.1,19.1,8.4,16.5,6.3,12.5,5.7,31.9,42.2,16.1,3.4,0.7,10.2,89.8,36857,49979
"5514",6071007305,"06","071","007305",4060,34.059103,-117.251375,"Census Tract 73.05, San Bernardino County, California",298300,1348,132,4.3,4.1,3.57,1.2,4.4,1.1,19.4,27.1,36.6,10.2,0,0,0,4.2,58.8,21.3,15.7,0,22.3,77.7,45071,55309
"5515",6071007306,"06","071","007306",5859,34.053414,-117.242404,"Census Tract 73.06, San Bernardino County, California",286800,2309,139,4.4,2.99,2.16,11.6,15.2,15.6,27.1,14.2,10,4.5,0.4,1.4,4.3,14.6,38.5,22,13.9,6.7,34.9,65.1,63024,78996
"5516",6071007403,"06","071","007403",6947,34.144392,-117.23625,"Census Tract 74.03, San Bernardino County, California",253600,2633,96,5.8,3.18,3,1.4,2.8,5.2,20.3,18.4,36.7,12.9,1.9,0.4,0.6,9.3,28.1,18,36.5,7.5,68.2,31.8,62075,68893
"5517",6071007404,"06","071","007404",4406,34.142377,-117.209133,"Census Tract 74.04, San Bernardino County, California",240300,1817,167,6.2,2.74,1.98,1.7,0.5,2.3,32.4,45.3,11.8,3,1.9,1.1,0,1,26.3,26.7,41.6,4.3,85.6,14.4,66979,74515
"5518",6071007407,"06","071","007407",2940,34.131899,-117.236535,"Census Tract 74.07, San Bernardino County, California",191700,945,134,4.5,4.2,3.63,3.4,2.8,11,23.6,25.5,15,10.4,5.9,2.4,1.4,18.2,36,27.5,16.9,0,23.7,76.3,26105,30826
"5519",6071007408,"06","071","007408",4181,34.123776,-117.234736,"Census Tract 74.08, San Bernardino County, California",155500,1240,102,4.5,3.72,3.77,1.5,0,7.1,25.9,35.2,14,10.7,2.8,2.7,1.3,15.2,44.7,21.2,16.6,1,35.9,64.1,31570,43279
"5520",6071007409,"06","071","007409",5760,34.124825,-117.212177,"Census Tract 74.09, San Bernardino County, California",205800,1712,172,5.8,3.58,3.74,0,0,7,5.7,11.3,32.1,26.8,2,15,0.4,8.4,12.3,42.9,31.2,4.8,67.4,32.6,71618,77048
"5521",6071007410,"06","071","007410",5519,34.132809,-117.211754,"Census Tract 74.10, San Bernardino County, California",195800,2201,116,4.5,2.34,2.88,2.8,6.7,9.2,28.2,37.8,11.4,2,0,1.9,0.6,5,67.2,14.6,11.3,1.3,42.5,57.5,41755,57609
"5522",6071007601,"06","071","007601",7277,34.11671,-117.235446,"Census Tract 76.01, San Bernardino County, California",146000,1976,178,4.1,4.38,3.33,0.5,0.4,8.7,8.5,13.2,21.5,32.1,8.7,6.6,0.5,10.4,62.4,23.4,2.6,0.6,40.8,59.2,29663,36307
"5523",6071007603,"06","071","007603",4605,34.115592,-117.220427,"Census Tract 76.03, San Bernardino County, California",170900,1568,107,4.8,3.59,2.8,1.8,16.3,6.4,11.4,12.1,17.2,24.4,1.8,8.5,1.5,16.2,37.2,38.1,7,0,51.1,48.9,42690,42894
"5524",6071007604,"06","071","007604",4306,34.115213,-117.205548,"Census Tract 76.04, San Bernardino County, California",187800,1261,145,5.4,3.06,4.37,5.6,0,24.5,20.7,3.3,15,18.2,8.4,4.3,0.8,3.4,7,69.6,19.2,0,72.8,27.2,59375,66503
"5525",6071007800,"06","071","007800",4912,34.054077,-117.212711,"Census Tract 78, San Bernardino County, California",266200,2189,343,3.7,2.15,2.44,8,2.9,16.7,46,18.4,3.9,0.4,0,3.6,0.7,32.9,44.8,21,0.6,0,23.8,76.2,51239,60897
"5526",6071007901,"06","071","007901",7908,34.126479,-117.172954,"Census Tract 79.01, San Bernardino County, California",394900,2563,45,7,3.32,3.57,15.4,15.8,38,22.8,5.2,0.9,0.7,0.9,0.4,0,0.9,4.2,36.9,44.4,13.6,92.5,7.5,114688,130053
"5527",6071007903,"06","071","007903",4365,34.115472,-117.180214,"Census Tract 79.03, San Bernardino County, California",290400,1359,84,6.6,3.4,3.73,1.1,6.3,25.8,57.6,4,0.6,1.3,3.2,0,0,0,2.4,35.8,60.1,1.6,88,12,85806,101459
"5528",6071007904,"06","071","007904",6697,34.113667,-117.156676,"Census Tract 79.04, San Bernardino County, California",366400,2032,0,6.6,3.41,3.09,1.9,34.2,48.9,11.1,1.8,0,0.5,0,1.6,0,1.2,7.3,35,46.6,9.9,88.5,11.5,110333,109801
"5529",6071008001,"06","071","008001",6513,34.078421,-117.184371,"Census Tract 80.01, San Bernardino County, California",223700,2006,99,5.5,3.26,3.44,9.9,4.3,9,31.6,10.4,13.7,14.9,2.6,3.6,1,6.9,23.6,42.5,20.6,5.4,69.1,30.9,57985,64293
"5530",6071008002,"06","071","008002",7256,34.066707,-117.181725,"Census Tract 80.02, San Bernardino County, California",188300,2241,290,4.8,3.22,3.79,0,1.2,4.6,18.3,13.6,13.2,21.7,12.9,14.6,0,9.9,43.1,36.2,8.6,2.2,34.4,65.6,40478,47051
"5531",6071008100,"06","071","008100",3182,34.053218,-117.193632,"Census Tract 81, San Bernardino County, California",228300,1603,159,3.7,1.95,2.02,0,0.4,4.4,9.7,27.5,23.1,13.5,5.9,15.5,5.4,33.1,46.5,12.4,1.2,1.5,16.5,83.5,41366,52167
"5532",6071008200,"06","071","008200",5147,34.047996,-117.178239,"Census Tract 82, San Bernardino County, California",333400,2676,127,4.7,2.43,1.56,1.5,5.5,5.4,7.7,12,8.3,24.3,5.8,29.5,2.7,31.1,27.2,23.2,13.9,2,45.8,54.2,53401,72963
"5533",6071008301,"06","071","008301",6340,34.044185,-117.20073,"Census Tract 83.01, San Bernardino County, California",374700,2703,140,5.5,2.65,2.23,1.8,3.7,6.6,21.5,18.4,14.2,21.5,5.1,7.2,0.7,20.9,23.9,26.2,24.2,4.1,60.3,39.7,79340,109475
"5534",6071008302,"06","071","008302",3106,34.034486,-117.188473,"Census Tract 83.02, San Bernardino County, California",417800,1298,99,6.6,2.55,2.14,1.9,1.5,5.8,5.2,22.8,14,32.7,2.3,13.7,1.5,5.4,9.8,35.6,36.4,11.3,89.5,10.5,110644,130662
"5535",6071008401,"06","071","008401",9953,34.072094,-117.16331,"Census Tract 84.01, San Bernardino County, California",313900,3125,280,5.7,2.89,2.93,5.2,15.4,13.2,20.3,20.8,6.9,10.1,3.8,4.3,0.7,3.1,27.8,37.1,25.6,5.8,77.9,22.1,64884,82557
"5536",6071008402,"06","071","008402",6448,34.063368,-117.148179,"Census Tract 84.02, San Bernardino County, California",274400,2266,19,5.9,2.8,3.31,0.4,0,4.6,33.1,40,12.5,6.3,0,3.2,0.6,0.9,17,47.3,33.6,0.6,86.3,13.7,85127,85516
"5537",6071008403,"06","071","008403",5833,34.049237,-117.154699,"Census Tract 84.03, San Bernardino County, California",382600,2122,72,6.8,2.82,2.79,1.4,3.1,8.2,33.4,28.8,13.1,10.2,0.3,1.4,0,2.8,10,41.3,38.8,7.1,83.7,16.3,98309,117497
"5538",6071008404,"06","071","008404",2729,34.058516,-117.162812,"Census Tract 84.04, San Bernardino County, California",243600,1176,162,4.2,3.98,2.59,0,0.3,5.8,14.4,28.7,30.4,11.1,1.4,8,0.6,15.7,67.7,10.6,4.7,0.7,15.1,84.9,41458,47297
"5539",6071008500,"06","071","008500",8316,34.027216,-117.151036,"Census Tract 85, San Bernardino County, California",589800,3235,198,7.6,2.89,3.22,4.4,9.1,8.3,6.9,13.4,29.1,23.1,2.4,3.4,0,1.1,9.3,32.3,39.5,17.8,82.7,17.3,111216,153132
"5540",6071008601,"06","071","008601",5618,34.068336,-117.129565,"Census Tract 86.01, San Bernardino County, California",252500,2247,296,5,3.33,2.4,3.2,4.3,13.3,38.4,10.2,7.7,9.5,5.5,7.9,1.5,15.2,30,36.6,12.3,4.4,56.4,43.6,57385,69992
"5541",6071008602,"06","071","008602",3564,34.068871,-117.103604,"Census Tract 86.02, San Bernardino County, California",268800,1448,120,5.2,2.59,2.15,7.1,2.6,14.4,16.7,11.1,9.8,16.4,16.6,5.2,1.1,10.4,35.2,31.6,18.2,3.7,69.5,30.5,53162,70070
"5542",6071008703,"06","071","008703",7745,34.03247,-117.011084,"Census Tract 87.03, San Bernardino County, California",455700,2927,156,7,2.89,2.88,6.7,16.2,17.7,19.6,21.9,5.3,6.4,3.3,2.8,0,2.7,16.4,34,36.5,10.4,92,8,106005,117891
"5543",6071008704,"06","071","008704",7789,34.020736,-117.065606,"Census Tract 87.04, San Bernardino County, California",235200,3050,341,5.6,2.83,2.74,3.9,3.2,18.5,10.6,23.2,25,9.6,1.8,4.2,1,14.3,30.6,24.8,21.2,8.1,76.7,23.3,50417,68727
"5544",6071008705,"06","071","008705",4617,34.027739,-117.095101,"Census Tract 87.05, San Bernardino County, California",243100,1706,302,4.9,3.42,3.02,1.1,6.8,8.3,15.8,19.6,20.9,16.3,9.5,1.8,4.4,7.2,41.4,27,16.1,3.8,54.6,45.4,54318,62795
"5545",6071008706,"06","071","008706",12298,34.043635,-117.06167,"Census Tract 87.06, San Bernardino County, California",291500,4443,512,6.1,3,2.84,14.2,27.4,10.8,6.8,20.1,14.6,3,1.8,1.4,0,4.6,23.4,30.7,32.3,9,84.3,15.7,78917,87319
"5546",6071008708,"06","071","008708",4352,34.014104,-117.030998,"Census Tract 87.08, San Bernardino County, California",249500,1457,68,5.8,2.96,3.08,5.6,10.9,19.1,9.7,13.3,11.1,21.4,8.2,0.6,0,0,30.1,41,27.2,1.8,83.7,16.3,75496,87132
"5547",6071008709,"06","071","008709",4162,34.012572,-117.046204,"Census Tract 87.09, San Bernardino County, California",132800,1714,217,4.8,2.59,2.83,0,3.4,10.9,9.9,12.1,30.7,22.1,8.5,2.4,0.8,24.7,37.3,30.5,6.7,0,62.9,37.1,38417,46849
"5548",6071008710,"06","071","008710",4442,34.025509,-117.04847,"Census Tract 87.10, San Bernardino County, California",38000,1830,248,4.4,2.63,2.22,2.7,1.3,4.6,9.3,46.7,17.8,16.8,0,0.7,0,25.6,43.3,20.2,10.9,0,71.1,28.9,33661,40663
"5549",6071008800,"06","071","008800",6382,34.034428,-117.037419,"Census Tract 88, San Bernardino County, California",258100,2328,296,5.2,3.19,3.32,0.5,1.2,7.3,6.2,16,26.8,29,4.5,8.4,1.5,7.9,39.2,36.4,11.2,3.8,61.7,38.3,61530,69338
"5550",6071008901,"06","071","008901",2174,35.732401,-117.417408,"Census Tract 89.01, San Bernardino County, California",56700,1466,429,5,2.48,2.41,0.3,0.5,1.4,7.2,22.2,22.4,20.1,20.5,5.5,0,13.6,30.3,45.4,9.5,1.2,73.6,26.4,45650,56507
"5551",6071009107,"06","071","009107",7272,34.439806,-117.62383,"Census Tract 91.07, San Bernardino County, California",189900,2687,365,5.3,2.78,2.31,3.9,13.6,12.2,44.4,9.1,5.9,5.1,3.9,2,1,8.6,24.6,46,19.4,0.4,69.9,30.1,38140,68684
"5552",6071009108,"06","071","009108",6825,34.470319,-117.541796,"Census Tract 91.08, San Bernardino County, California",204400,2184,274,5.6,2.66,3.96,12.8,8.2,26.3,35.9,8.8,5,3,0,0,0.6,5.1,18.3,54.7,21.2,0,71.5,28.5,57414,62571
"5553",6071009109,"06","071","009109",6070,34.420719,-117.540318,"Census Tract 91.09, San Bernardino County, California",208000,2225,252,5.8,2.8,2.63,0.6,11.4,20,47.1,8.6,3.5,5.8,0,3,0,2.7,22.5,52.7,20.3,1.8,66.2,33.8,43867,64671
"5554",6071009110,"06","071","009110",15578,34.529313,-117.357374,"Census Tract 91.10, San Bernardino County, California",178300,4513,455,6.8,3.46,4.4,32.9,31.2,15.3,10.9,4.2,0.2,2.5,1,2,0,1.2,8.6,33.2,40.4,16.6,73.6,26.4,62195,72798
"5555",6071009112,"06","071","009112",8744,34.515182,-117.417455,"Census Tract 91.12, San Bernardino County, California",118100,2287,229,5.8,3.98,4.43,10.4,29.1,56.5,0.1,0,0,0.6,0,3.2,0,0,6.7,56.8,28.3,8.2,78.5,21.5,46661,51131
"5556",6071009114,"06","071","009114",10232,34.527294,-117.416717,"Census Tract 91.14, San Bernardino County, California",126300,2818,532,6.4,3.97,5.01,26.5,29.5,39.9,2.2,0.5,0,0,0,1.4,0,0.8,4.7,34.6,46.5,13.4,68.9,31.1,58667,55674
"5557",6071009116,"06","071","009116",6717,34.583756,-117.416561,"Census Tract 91.16, San Bernardino County, California",130400,2299,448,4.4,3.11,3.59,10.3,4.6,3,20.6,26.6,18.4,10.1,4.1,2.3,1.3,19.2,42.8,28.3,6.1,2.3,31.4,68.6,22330,33361
"5558",6071009117,"06","071","009117",8267,34.564738,-117.472771,"Census Tract 91.17, San Bernardino County, California",99700,1898,416,5.5,4.02,4.5,12.6,4.4,39,22.8,3.3,9.9,5.7,0.6,1.6,3.9,5.3,13,56.9,18.4,2.5,69.8,30.2,30686,43421
"5559",6071009118,"06","071","009118",22862,34.487971,-117.395023,"Census Tract 91.18, San Bernardino County, California",173600,6157,621,7,3.51,4.32,33.8,32.2,25.6,2.7,3.4,1.9,0.5,0,0,0.2,0,1.8,29.1,46,23,77.1,22.9,65897,74121
"5560",6071009119,"06","071","009119",5729,34.434446,-117.446396,"Census Tract 91.19, San Bernardino County, California",278200,2158,489,5.8,3.21,4.76,4.6,14.6,30.6,24.3,18.4,0,1.8,1.5,4.2,0,3,25.1,41.4,28.8,1.7,89.7,10.3,66295,83212
"5561",6071009201,"06","071","009201",4557,34.355768,-117.628978,"Census Tract 92.01, San Bernardino County, California",321000,2781,881,5.2,2.41,2.34,1.1,5.2,6.7,19.7,15.3,21.5,15.7,2.9,11.9,2.3,11.2,26.2,45.1,11.8,3.5,83.4,16.6,80793,86186
"5562",6071009202,"06","071","009202",2295,34.254315,-117.551054,"Census Tract 92.02, San Bernardino County, California",414800,1050,325,5.3,2.65,3.57,13.6,3.3,9.5,16.9,9.9,6.3,4.6,5.9,30,3.2,14.8,25.8,24.1,20,12.1,88,12,72083,121354
"5563",6071009300,"06","071","009300",1257,34.910245,-117.025091,"Census Tract 93, San Bernardino County, California",281500,607,154,4.6,2.85,2.7,0,0,1.8,7.6,18.1,24.9,30,15,2.6,13.8,9.7,25,44.2,7.2,0,59.2,40.8,34680,59876
"5564",6071009400,"06","071","009400",3493,34.897887,-117.024223,"Census Tract 94, San Bernardino County, California",79200,1729,558,3.7,2.59,2.58,9.6,3,0,4.7,5,17.8,29.6,18.7,11.6,18.4,26.1,25.9,23,6.7,0,24.2,75.8,22391,31004
"5565",6071009500,"06","071","009500",7094,34.891481,-117.019874,"Census Tract 95, San Bernardino County, California",122300,3131,512,4.9,2.75,2.63,1,0,2.3,15.6,13.7,15.7,44.6,5.5,1.6,4.9,15,29.2,41,8,1.9,48,52,33472,49215
"5566",6071009707,"06","071","009707",5920,34.451146,-117.231187,"Census Tract 97.07, San Bernardino County, California",226700,3104,315,5.2,1.96,2.53,44.4,14.9,13.7,20.6,4,0,2.5,0,0,2.6,3.1,57.9,19.3,15.2,1.9,79.5,20.5,40868,52577
"5567",6071009708,"06","071","009708",5221,34.427758,-117.159878,"Census Tract 97.08, San Bernardino County, California",228700,2222,595,5.4,2.58,2.32,9.7,10.2,14.1,15,10.8,9.8,23.8,4.2,2.4,3.1,11.2,31.1,32.1,18.9,3.6,85,15,61393,69650
"5568",6071009709,"06","071","009709",6356,34.456119,-117.197726,"Census Tract 97.09, San Bernardino County, California",153600,2069,172,5.4,2.98,3.87,9.7,8.3,17.4,51.7,8.9,2.1,1.4,0.5,0,0,1.5,15.9,67.7,13.5,1.5,70.2,29.8,40958,52339
"5569",6071009710,"06","071","009710",7120,34.486745,-117.199201,"Census Tract 97.10, San Bernardino County, California",187000,2371,200,5.3,3.26,3.62,15.6,4,11,32.9,19.9,9.4,6.5,0.6,0,0,3,31.3,46,10.1,9.7,54.2,45.8,42997,50379
"5570",6071009711,"06","071","009711",9401,34.486791,-117.226842,"Census Tract 97.11, San Bernardino County, California",296300,3263,326,7.3,3.24,3.16,7.4,19.9,34,23.9,8.8,2.6,2.6,0.4,0.4,0,1.6,5.6,40.5,34.6,17.6,86.8,13.2,91222,99969
"5571",6071009712,"06","071","009712",5978,34.486155,-117.173596,"Census Tract 97.12, San Bernardino County, California",96800,2262,200,5.4,3,2.59,2.6,13.7,10.4,27.2,26.3,10.1,9.7,0,0,3.8,7.8,31.3,36.4,20.2,0.5,65.3,34.7,24854,36254
"5572",6071009713,"06","071","009713",7063,34.526345,-117.17873,"Census Tract 97.13, San Bernardino County, California",171900,2408,176,5.9,2.87,3.61,14.8,5.4,14.4,32.4,12.1,11.5,6.9,1,1.5,0,3,6.1,74.2,15.3,1.4,78.3,21.7,53015,56393
"5573",6071009714,"06","071","009714",3606,34.525584,-117.200602,"Census Tract 97.14, San Bernardino County, California",214900,1325,264,6.1,3.09,5.16,2.8,15.4,10.1,39.7,15.5,7.5,6.6,2.4,0,3.3,0,8.2,69.5,16.2,2.9,78.8,21.2,52782,57987
"5574",6071009715,"06","071","009715",8260,34.517709,-117.233997,"Census Tract 97.15, San Bernardino County, California",255400,3079,330,6.6,2.97,2.88,2.7,4.4,6.8,39.7,24.6,11,8.5,0,2.3,0,0,11.6,54,26.7,7.7,78.3,21.7,85497,93697
"5575",6071009716,"06","071","009716",6974,34.540325,-117.223773,"Census Tract 97.16, San Bernardino County, California",168800,2728,388,4.8,2.69,3.05,6.2,9.8,6.8,31.7,19.5,15,5.3,5.8,0,1.6,5.6,50.3,30.8,7.3,4.5,41.5,58.5,30714,47117
"5576",6071009717,"06","071","009717",4018,34.517125,-117.257415,"Census Tract 97.17, San Bernardino County, California",272600,1450,168,6.9,3,2.81,1,18.5,15,30,19.4,5.7,6.2,0.8,3.5,0,5.2,13.5,44.2,33,4.1,77.7,22.3,76042,94319
"5577",6071009800,"06","071","009800",5017,34.534583,-117.302093,"Census Tract 98, San Bernardino County, California",131000,1649,223,4.7,3.71,2.99,1.5,0,2.3,8.5,21.8,25.7,19.8,15,5.3,3.2,21.8,26.8,31.8,14.6,1.9,36.3,63.7,30743,37077
"5578",6071009904,"06","071","009904",10960,34.516986,-117.337968,"Census Tract 99.04, San Bernardino County, California",144600,3709,713,4.9,3.11,3.52,10.9,19.5,12.9,30.8,14.6,6.9,0.8,2.5,1.1,1.6,4.7,43.9,33.9,14.6,1.2,45.8,54.2,34808,39852
"5579",6071009905,"06","071","009905",7575,34.540316,-117.323725,"Census Tract 99.05, San Bernardino County, California",222000,2224,235,5.5,3.6,4,23.2,13.6,11.2,29.5,14.2,3.1,2.5,2.8,0,0.5,2,17.5,44.5,21.2,14.3,58.4,41.6,38250,51557
"5580",6071009906,"06","071","009906",4941,34.477567,-117.371657,"Census Tract 99.06, San Bernardino County, California",182600,1559,287,6.7,4,4.26,1.5,9.2,64.7,24.6,0,0,0,0,0,0,0,3.1,40.7,34.6,21.5,79.4,20.6,65313,82398
"5581",6071009908,"06","071","009908",4817,34.478625,-117.356087,"Census Tract 99.08, San Bernardino County, California",181800,1559,127,6.4,3.09,3.71,1.4,8,35.4,53,1.9,0,0,0,0.4,1.1,0,7.8,35.3,42.4,13.4,80.5,19.5,51210,69987
"5582",6071009910,"06","071","009910",4653,34.488548,-117.341672,"Census Tract 99.10, San Bernardino County, California",162300,1562,13,6.6,3.01,4.46,0.5,0,29.7,53.3,3.8,9.5,3.2,0,0,0.8,0,3.6,51.1,28.7,15.8,76.8,23.2,66163,62397
"5583",6071009911,"06","071","009911",6456,34.491463,-117.35953,"Census Tract 99.11, San Bernardino County, California",193300,1985,244,6.9,3.48,3.76,1,31.3,30.1,29.4,4.3,3.9,0,0,0,0,0,5.8,32.8,51.7,9.7,74.4,25.6,70489,69502
"5584",6071009912,"06","071","009912",4762,34.507085,-117.31163,"Census Tract 99.12, San Bernardino County, California",121600,1896,63,5.1,2.8,2.63,1.4,1.4,4.9,17.7,42.7,27.5,0.4,1.7,2.4,0,8.6,42.8,38.9,9.7,0,54.2,45.8,29875,48822
"5585",6071009913,"06","071","009913",6068,34.514758,-117.300498,"Census Tract 99.13, San Bernardino County, California",151000,1867,191,5.4,2.75,3.83,8.1,1.6,2.5,23,23.6,15.3,23.4,1.8,0.7,2.2,9.5,22.9,39.4,21.2,4.8,44.2,55.8,30856,39212
"5586",6071010004,"06","071","010004",8437,34.490126,-117.267173,"Census Tract 100.04, San Bernardino County, California",290700,3411,401,6,2.53,3.52,2.9,3.5,17.8,56.8,14.7,1.6,2.7,0,0,0.7,0.6,9.3,63.1,21.5,4.7,81.2,18.8,53625,65153
"5587",6071010009,"06","071","010009",3511,34.454816,-117.382759,"Census Tract 100.09, San Bernardino County, California",138900,1191,128,6.1,3,4.1,19.1,8.9,14.1,54.7,0.9,2.4,0,0,0,2.4,10.2,12.9,34.8,35.3,4.5,81.3,18.7,59449,68543
"5588",6071010010,"06","071","010010",6446,34.459527,-117.334171,"Census Tract 100.10, San Bernardino County, California",187800,1876,109,5.9,3.28,3.93,10.8,13.1,17,31.7,18.6,4.5,2.6,0.4,1.3,0,4.2,17.1,47.5,29.9,1.2,64.5,35.5,49464,56362
"5589",6071010011,"06","071","010011",5221,34.462636,-117.297828,"Census Tract 100.11, San Bernardino County, California",206000,1515,162,5,3.33,3.59,8.4,9.5,7.6,36.7,18.5,7.1,10.5,1.7,0,1.7,8.3,33.5,34.9,17.2,4.5,51.9,48.1,36523,47412
"5590",6071010012,"06","071","010012",4877,34.456433,-117.266659,"Census Tract 100.12, San Bernardino County, California",208000,1486,105,5.9,3.4,3.78,9.9,10.2,14.5,35.7,22.7,3.2,3,0.9,0,0,4.3,15.1,60.5,14.1,6,76.2,23.8,55922,63434
"5591",6071010013,"06","071","010013",8022,34.42454,-117.261605,"Census Tract 100.13, San Bernardino County, California",157400,2434,181,5.9,3.16,4.69,9.1,5.7,9.5,40.8,22.9,5.8,3.7,1.1,1.4,0,1,14.5,65.2,15.2,4,76.2,23.8,52063,62284
"5592",6071010014,"06","071","010014",4800,34.431409,-117.306704,"Census Tract 100.14, San Bernardino County, California",141800,1396,222,4.8,4.02,3.66,5.2,3.7,4.3,20.1,43.8,6.7,11.4,3.2,1.6,6.8,8.5,35.4,38.8,10.2,0.4,43.2,56.8,32866,38061
"5593",6071010015,"06","071","010015",5434,34.438985,-117.326969,"Census Tract 100.15, San Bernardino County, California",197700,1651,78,5.7,3.41,2.88,5.6,11.4,19.7,33.8,19,3.9,5.9,0.6,0,0.9,8.5,17.7,51.5,20.3,1,68.3,31.7,39538,55822
"5594",6071010016,"06","071","010016",5584,34.436071,-117.349328,"Census Tract 100.16, San Bernardino County, California",173000,1618,160,5.3,3.73,4.03,4.7,9.6,14.6,45.5,17.7,7.2,0.7,0,0,0,2.4,28.9,52.7,13.1,2.8,52.2,47.8,49015,54622
"5595",6071010017,"06","071","010017",14798,34.399137,-117.383216,"Census Tract 100.17, San Bernardino County, California",292700,4557,562,7,3.46,4.46,31.7,24.2,18,18.7,3.5,0,1.8,1.3,0.8,0.2,1,6.4,36.7,42.2,13.4,83.1,16.9,68807,84209
"5596",6071010018,"06","071","010018",7068,34.415555,-117.346026,"Census Tract 100.18, San Bernardino County, California",166300,2088,113,6.2,3.86,4.19,20,18.9,10.1,23.6,18.4,4.3,4.7,0,0,1.9,1.2,11.6,44.8,36.9,3.6,70.6,29.4,53480,63019
"5597",6071010019,"06","071","010019",5235,34.408098,-117.316739,"Census Tract 100.19, San Bernardino County, California",258800,1583,205,5.7,3.64,3.89,3.8,8.3,9,26.1,26.7,14.1,12,0,0,2.1,7.3,24.3,42.5,19.4,4.5,57.6,42.4,41875,55885
"5598",6071010020,"06","071","010020",7471,34.405613,-117.298016,"Census Tract 100.20, San Bernardino County, California",146200,2532,271,4.6,3.07,2.98,11.5,17,12.6,22.6,17.3,12.4,3.9,2.3,0.4,0.7,16.4,37.2,33.9,11.8,0,46.9,53.1,31890,43307
"5599",6071010021,"06","071","010021",6437,34.40146,-117.271952,"Census Tract 100.21, San Bernardino County, California",226600,2072,268,5.8,3.46,4.1,4.8,8.1,9.8,47.2,13.9,6.7,6.1,0,3.4,0.6,2,15.9,66,14.5,0.9,83.1,16.9,46360,65253
"5600",6071010022,"06","071","010022",4084,34.402644,-117.252332,"Census Tract 100.22, San Bernardino County, California",198300,1456,82,6.2,3.15,2.65,6.6,14.8,6.8,44.7,19.6,6.5,0,0,1.1,0,0,16.1,62.9,16.4,4.5,82.5,17.5,44941,63631
"5601",6071010023,"06","071","010023",5949,34.382758,-117.334591,"Census Tract 100.23, San Bernardino County, California",196500,1832,165,6,3.12,4.14,5.9,8.5,36.5,30.8,11.4,4.5,2.4,0,0,0,0,16.3,55.2,27.5,1,84.1,15.9,77350,73974
"5602",6071010024,"06","071","010024",5359,34.382966,-117.288671,"Census Tract 100.24, San Bernardino County, California",246500,1658,58,6.5,3.12,3.22,6.5,19.3,11.9,43.8,9.5,6.5,0.8,0.5,1.1,0,0.5,3.9,62.5,32,1.1,88.5,11.5,59000,71281
"5603",6071010025,"06","071","010025",7405,34.484751,-117.321221,"Census Tract 100.25, San Bernardino County, California",120700,2605,385,4.8,3.17,3.16,10.7,10.4,12.6,38.3,23.1,4,0.9,0,0,2.5,4.1,41,31.2,15.7,5.6,54.7,45.3,46156,50775
"5604",6071010026,"06","071","010026",10495,34.484768,-117.298138,"Census Tract 100.26, San Bernardino County, California",197600,3660,428,5.9,3.5,3.53,15.8,25.7,24.7,26.9,3.3,0.3,0.6,2.5,0.2,0,6.7,14.7,40.1,26.9,11.5,54.7,45.3,50155,56404
"5605",6071010300,"06","071","010300",3846,34.983652,-116.478116,"Census Tract 103, San Bernardino County, California",157100,2064,579,5,2.31,3.31,3.9,1.2,10.3,31.2,27.3,7.2,12.4,0,6.5,1,12.7,35.7,42.9,6.5,1.2,68.7,31.3,35218,43104
"5606",6071010402,"06","071","010402",8442,34.227198,-116.056353,"Census Tract 104.02, San Bernardino County, California",558800,1794,163,4.9,1.13,3.35,8.8,17.4,32.3,25.6,6.2,6.1,3.6,0,0,4.1,1.9,46.3,39,8.8,0,3.2,96.8,43954,53272
"5607",6071010409,"06","071","010409",3018,34.147634,-115.970454,"Census Tract 104.09, San Bernardino County, California",155800,2424,1226,4,2.29,2.1,3.1,1,3.7,7.8,12,13.4,31.3,26.2,1.5,12.7,25.6,30,24.9,6.8,0,67.2,32.8,52177,58229
"5608",6071010410,"06","071","010410",3105,34.189027,-116.388269,"Census Tract 104.10, San Bernardino County, California",137700,1598,396,4.8,2.16,3.5,7,5.3,9.9,26,14.3,13,21.2,2.4,0.9,4.1,17.3,39,33.5,5.9,0,70.5,29.5,38810,55137
"5609",6071010411,"06","071","010411",6752,34.135579,-116.417879,"Census Tract 104.11, San Bernardino County, California",158500,3308,548,4.9,2.28,2.9,5.6,9.4,4.4,17.6,31.8,20.4,8.6,2.2,0,1.5,8,45.7,34.7,9.8,0.3,61.3,38.7,35275,46915
"5610",6071010412,"06","071","010412",7720,34.108493,-116.400196,"Census Tract 104.12, San Bernardino County, California",223600,3266,528,5.7,2.36,2.8,7.6,13.3,8.5,28.8,24.2,11.1,5.8,0.7,0,0.9,2.8,25.7,52.2,15.3,3,69.8,30.2,56019,63703
"5611",6071010413,"06","071","010413",5979,34.108872,-116.441162,"Census Tract 104.13, San Bernardino County, California",169300,2753,308,5,2.59,2.63,6.3,1.3,4.1,14.1,37.8,21,10.8,2.6,2,3.7,5.5,48.6,34.5,4.2,3.4,57.5,42.5,41482,53138
"5612",6071010415,"06","071","010415",5682,34.142915,-116.089541,"Census Tract 104.15, San Bernardino County, California",157000,2430,670,4.9,2.68,2.93,8.1,4.2,4.4,22.4,24.2,6,24.2,6.2,0.3,2.5,11.8,24.4,49.6,11,0.6,53.6,46.4,48636,59555
"5613",6071010416,"06","071","010416",3433,34.171478,-116.158084,"Census Tract 104.16, San Bernardino County, California",173200,2546,1073,4,2.03,3.41,4.8,3.5,5.3,11.8,17.8,13.6,28,12,3.2,13.3,32.5,24.4,25.9,3.4,0.5,64.6,35.4,46228,51879
"5614",6071010417,"06","071","010417",3251,34.060665,-116.572602,"Census Tract 104.17, San Bernardino County, California",170500,1892,315,4.6,2.13,2.34,0,1.4,5.6,14.1,21.6,28.3,16,10,3,4,17.2,44.6,27,6.2,1.1,70.3,29.7,40464,49012
"5615",6071010419,"06","071","010419",4921,34.120471,-116.321157,"Census Tract 104.19, San Bernardino County, California",190400,2619,434,5.1,2.08,2.19,8.2,5.6,11.8,26.5,17,8.9,17.7,3.7,0.5,3.4,7.8,42.9,41.9,3.6,0.5,73.8,26.2,49506,62718
"5616",6071010420,"06","071","010420",4103,34.162309,-116.305046,"Census Tract 104.20, San Bernardino County, California",134200,2402,581,4.3,2.13,2.54,3.6,5.8,6.7,22.9,20.9,8.8,25.8,5.5,0,0.8,27.4,40.2,29,2.5,0,66.1,33.9,32293,45635
"5617",6071010421,"06","071","010421",6057,34.140257,-116.05277,"Census Tract 104.21, San Bernardino County, California",126400,2876,489,4.2,2.39,2.67,7.6,2.2,15,25.1,13.3,16.9,9.4,6.9,3.7,5,17.6,41.6,33.8,1.3,0.8,25,75,33457,50052
"5618",6071010422,"06","071","010422",1645,34.166068,-116.055799,"Census Tract 104.22, San Bernardino County, California",179000,767,240,4.9,1.99,2.62,7,5.7,0,14.3,20.9,21.6,19.6,9.6,1.2,0,23.5,24.1,40.9,11.5,0,58.1,41.9,44375,54863
"5619",6071010423,"06","071","010423",3786,34.265564,-116.413719,"Census Tract 104.23, San Bernardino County, California",123600,2918,1136,3.8,1.99,2.73,0.7,3.5,5.9,8.9,8.7,24.2,37.8,8.3,2.1,15.9,24,40.7,16.3,3.2,0,86.1,13.9,25978,45557
"5620",6071010424,"06","071","010424",1966,34.274028,-116.616939,"Census Tract 104.24, San Bernardino County, California",210800,1777,962,3.8,1.63,1.7,0,1.7,7.9,22.7,18.1,15.1,26.8,7.4,0.4,21.4,14.5,42,19.4,2.6,0,78.5,21.5,27182,42667
"5621",6071010700,"06","071","010700",3798,34.831359,-114.613151,"Census Tract 107, San Bernardino County, California",155800,2034,437,4.5,2.62,2.64,0,2.4,10.2,16.1,13.6,12.1,20.5,6.6,18.5,3.3,13.4,42.7,23,16.6,1.1,51,49,31707,51875
"5622",6071010802,"06","071","010802",5338,34.240906,-117.304638,"Census Tract 108.02, San Bernardino County, California",225500,3371,1806,4.8,2.41,2.72,3,1.2,7.1,9,19,13.9,10.5,14.6,21.6,2.3,20.6,32,36.1,7.5,1.5,75.1,24.9,53028,63859
"5623",6071010803,"06","071","010803",3375,34.23626,-117.269044,"Census Tract 108.03, San Bernardino County, California",230800,2631,1700,5.1,2.61,3.61,0,1.9,2,25.5,15.4,27.5,10.3,13.7,3.8,1,6.6,37.8,41.2,12.5,1,80.7,19.3,51884,60834
"5624",6071010804,"06","071","010804",2947,34.244743,-117.275895,"Census Tract 108.04, San Bernardino County, California",198000,2036,839,4.8,2.09,3.46,1.2,1.3,13.3,26.7,11.8,17.1,16.7,6.7,5.2,0,12.9,28.7,52.3,4.8,1.4,73.7,26.3,55440,66152
"5625",6071010901,"06","071","010901",5321,34.254935,-117.219672,"Census Tract 109.01, San Bernardino County, California",358000,4517,2988,6.2,2.4,3.84,0.7,5.2,18.9,19.2,28.6,13.5,3.7,2.8,7.5,0,6.7,12.5,47.6,23.7,9.5,89.1,10.9,53105,105389
"5626",6071010902,"06","071","010902",3714,34.265401,-117.181605,"Census Tract 109.02, San Bernardino County, California",375100,4118,3099,6.3,2.66,2.65,0.4,3.3,22.4,14.3,19.7,18.4,4.4,2.3,14.8,0,1.3,20.1,47,24.7,6.8,85.1,14.9,83207,94297
"5627",6071011001,"06","071","011001",2390,34.239497,-117.207976,"Census Tract 110.01, San Bernardino County, California",233100,2688,1833,5,2.34,2.5,1.2,2.3,8.3,7.7,13.9,17.4,23,8.3,17.9,1.2,12.4,32.5,37.6,12.2,4.1,68.4,31.6,51883,65559
"5628",6071011002,"06","071","011002",1673,34.210949,-117.209933,"Census Tract 110.02, San Bernardino County, California",249400,1311,785,5.3,3.03,2.81,0.7,5,10.5,26,9.5,18.8,12.6,7.7,9.3,0,5.4,27.2,46.1,14.3,6.9,66.2,33.8,63000,82063
"5629",6071011101,"06","071","011101",3771,34.204714,-117.117039,"Census Tract 111.01, San Bernardino County, California",254600,2765,1319,5.4,2.18,3.4,2.6,1.8,8.6,14.3,29.7,26.7,11.4,3.1,1.8,3.3,8.1,26.2,49.5,9.9,3,77.7,22.3,64714,80709
"5630",6071011102,"06","071","011102",2031,34.21926,-117.098671,"Census Tract 111.02, San Bernardino County, California",231400,2759,1963,5,2.47,2.77,2,1.1,1.3,12.5,33.3,15.9,20.6,5.4,8,1.8,9.8,31.1,47.4,9.2,0.7,70.6,29.4,47054,55088
"5631",6071011203,"06","071","011203",1593,34.24656,-116.885993,"Census Tract 112.03, San Bernardino County, California",424700,2174,1540,5.2,1.86,2.92,0,6.2,11.8,19,36.7,18.8,3.5,0.6,3.4,2.7,2.9,39.6,43.7,9.1,2,64.8,35.2,30694,49316
"5632",6071011204,"06","071","011204",1271,34.23903,-116.866414,"Census Tract 112.04, San Bernardino County, California",377200,3138,2496,5.1,2.2,2.98,0.7,3.4,9.9,24.9,35.6,19.9,5.2,0,0.4,1,2.5,40,45.7,8.8,1.9,68.4,31.6,39276,65023
"5633",6071011205,"06","071","011205",1239,34.24156,-116.906609,"Census Tract 112.05, San Bernardino County, California",160500,1529,961,3.9,2.18,2.17,0,5.3,8,10.2,16,30.2,13.1,8.9,8.2,3.6,23,44,21.9,5.2,2.4,23.9,76.1,22419,30610
"5634",6071011206,"06","071","011206",995,34.242174,-116.933992,"Census Tract 112.06, San Bernardino County, California",438900,2736,2396,4.7,2.5,2.81,0,10.6,5.7,15.1,12.1,16,20.2,14.8,5.5,2.1,15.9,35.3,36.6,2.6,7.6,44.4,55.6,33889,71870
"5635",6071011300,"06","071","011300",1408,34.27028,-116.886315,"Census Tract 113, San Bernardino County, California",364000,2266,1551,5.4,2.21,1.55,0,8.2,7.8,11.3,26.6,12.3,11.9,12.4,9.5,0,6.7,34,38.8,13.9,6.5,84.3,15.7,38810,56433
"5636",6071011401,"06","071","011401",4394,34.261324,-116.848611,"Census Tract 114.01, San Bernardino County, California",278900,4596,3276,4.5,2.61,2.83,2.6,5.1,5.2,17.7,38.3,8.9,10.2,2.3,9.6,0,13.9,47,28.9,9.3,0.9,57.4,42.6,39419,48578
"5637",6071011403,"06","071","011403",3350,34.245824,-116.826143,"Census Tract 114.03, San Bernardino County, California",197800,4234,3017,4.7,1.97,2.98,0.8,4.5,12.1,29.8,37.6,4.3,6.3,1.6,2.9,0,11.6,52.4,34.1,1.9,0,60.5,39.5,35890,43459
"5638",6071011404,"06","071","011404",3692,34.253794,-116.804316,"Census Tract 114.04, San Bernardino County, California",279100,2464,898,4.4,2.46,3.24,1.3,1.8,17,28.2,28.3,18.6,3.6,0,1.3,0,5.2,48,35.2,11.5,0,78,22,48895,58655
"5639",6071011500,"06","071","011500",1890,34.103806,-116.938864,"Census Tract 115, San Bernardino County, California",321500,1781,1195,4.6,2.08,1.65,2.2,0.8,8.8,17.8,4.9,7.7,13,9.3,35.4,6.3,27.5,31.1,28.2,6.9,0,78.3,21.7,70300,82091
"5640",6071011600,"06","071","011600",7444,34.784223,-117.249988,"Census Tract 116, San Bernardino County, California",237200,3362,933,5.6,2.3,3.46,8,14.5,18.3,34.7,14.4,6.7,1.8,0,1.6,0.8,3,26.5,48.4,17,4.3,80.6,19.4,61865,70888
"5641",6071011700,"06","071","011700",1768,34.687279,-117.307338,"Census Tract 117, San Bernardino County, California",133700,735,195,5,2.95,3.06,1.5,8.3,19.6,14.4,4.1,14.8,12.7,10.6,14,6.9,10.7,26.3,49,5.4,1.6,64.1,35.9,27083,47369
"5642",6071011800,"06","071","011800",7000,34.876241,-117.090668,"Census Tract 118, San Bernardino County, California",170000,3007,502,5,2.78,2.9,5.7,8.7,10.4,21.3,15.1,20.8,12.6,3.7,1.7,2.3,8.5,25.4,54.3,8.4,1,54.4,45.6,54555,62213
"5643",6071011900,"06","071","011900",3567,34.920153,-117.085911,"Census Tract 119, San Bernardino County, California",141300,1561,333,5.8,2.78,3.36,0.6,0.6,7,13.9,19.2,26.3,22.4,2.3,7.6,6.5,6,21.4,44.9,17.7,3.5,67,33,51196,63339
"5644",6071012001,"06","071","012001",5612,34.876782,-117.019458,"Census Tract 120.01, San Bernardino County, California",180300,2229,192,5.4,3.09,2.54,10.1,1.1,14.1,27.8,29.6,11,5.2,1,0,0.5,10.4,24.5,44.5,19.4,0.6,61.4,38.6,63710,68682
"5645",6071012002,"06","071","012002",5366,34.880807,-116.998315,"Census Tract 120.02, San Bernardino County, California",104900,2349,331,5.2,2.8,2.74,4.9,0,3,16.2,23.1,44.9,6,0.4,1.5,0,11,29.2,48.8,10.3,0.6,62.2,37.8,54063,59099
"5646",6071012101,"06","071","012101",5565,34.556118,-117.247728,"Census Tract 121.01, San Bernardino County, California",341700,2184,275,6,2.66,2.8,8.3,14.9,16,40.1,7.7,3,4.2,2.9,2.7,0,6,21.6,39.6,28.4,4.4,68.8,31.2,68083,84741
"5647",6071012103,"06","071","012103",3828,34.422638,-116.947584,"Census Tract 121.03, San Bernardino County, California",156800,1890,391,5,2.83,2.44,6,2.5,8.9,18.6,7.7,17.8,21.8,6.3,10.3,1.1,14.4,41.3,24.8,16.8,1.6,88.6,11.4,24145,45144
"5648",6071012104,"06","071","012104",5110,34.538599,-117.034792,"Census Tract 121.04, San Bernardino County, California",143500,2235,398,5.1,3.27,2.88,9,6.6,3.6,25.4,13.8,14.6,15.9,7.7,3.4,5.6,11.1,24.2,45.1,11.6,2.4,77.8,22.2,37887,49369
"5649",6071012200,"06","071","012200",6076,33.984513,-117.665826,"Census Tract 122, San Bernardino County, California",368000,361,0,6.1,3.7,2.58,82,0,0,0,14.4,1.1,2.5,0,0,0,1.1,0.8,49,38,11.1,78.9,21.1,100694,106602
"5650",6071012300,"06","071","012300",1513,34.139017,-117.219758,"Census Tract 123, San Bernardino County, California",NA,0,0,NA,NA,NA,NA,NA,NA,NA,NA,NA,NA,NA,NA,NA,NA,NA,NA,NA,NA,NA,NA,NA,NA
"5651",6071012400,"06","071","012400",3617,34.082854,-117.303781,"Census Tract 124, San Bernardino County, California",172700,1042,143,5,4.16,4.34,0,4.4,27,5.6,6.4,17.9,12.5,19.8,6.5,2.3,6.9,41.5,30,19.3,0,54.3,45.7,44441,50249
"5652",6071012500,"06","071","012500",4268,34.062447,-117.32577,"Census Tract 125, San Bernardino County, California",209500,1260,220,4.9,4.41,3.87,0,0.3,4,9.1,6.4,9.5,22.6,14.8,33.3,1.2,11.7,38.4,42.9,5.8,0,52.2,47.8,33909,40526
"5653",6071012700,"06","071","012700",4052,34.022569,-117.568519,"Census Tract 127, San Bernardino County, California",265600,1488,39,5.1,3.03,3.33,0,0,10.3,83.7,3.8,0,0.8,1.5,0,5.2,5.8,26.9,48.3,13.8,0,66.3,33.7,77157,77293
"5654",6071025000,"06","071","025000",8850,35.262553,-116.694966,"Census Tract 250, San Bernardino County, California",NA,2828,525,5.3,2,3.47,38.6,19.1,10.9,17,8.5,4.3,1.2,0,0.3,2.4,2.2,34.6,47,13.9,0,0.9,99.1,52798,58762
"5655",6071025100,"06","071","025100",1688,34.70863,-114.528292,"Census Tract 251, San Bernardino County, California",96000,2166,1657,4.2,2,1.95,4.8,14.5,14.7,17.2,24,7.4,10.8,4.8,1.8,1.7,24.8,34.5,34.4,3,1.6,65.6,34.4,29280,37420
"5656",6071940100,"06","071","940100",1520,34.137843,-114.36029,"Census Tract 9401, San Bernardino County, California",84500,1741,1020,4.3,1.86,1.77,0.9,2.5,16.7,25.3,44.9,6.8,2.7,0.2,0,3,15.5,51.9,27.1,2.5,0,83.1,16.9,29911,44111
"5657",6071980100,"06","071","980100",0,34.097865,-117.239834,"Census Tract 9801, San Bernardino County, California",NA,0,0,NA,NA,NA,NA,NA,NA,NA,NA,NA,NA,NA,NA,NA,NA,NA,NA,NA,NA,NA,NA,NA,NA
"5658",6071980200,"06","071","980200",4499,34.568186,-117.356418,"Census Tract 9802, San Bernardino County, California",NA,0,0,NA,NA,NA,NA,NA,NA,NA,NA,NA,NA,NA,NA,NA,NA,NA,NA,NA,NA,NA,NA,NA,NA
"5659",6073000100,"06","073","000100",3029,32.752611,-117.185491,"Census Tract 1, San Diego County, California",941600,1427,181,6.5,2.32,1.99,0,1.7,1.5,5.5,12.3,5.7,9.7,5.5,58.1,2.6,7.8,19.5,37.5,23.6,9,88.3,11.7,110500,153032
"5660",6073000201,"06","073","000201",1801,32.752469,-117.173463,"Census Tract 2.01, San Diego County, California",751400,1062,66,4.7,2.32,1.55,4.2,4.7,3.9,7.8,17.1,2.2,7.7,6.9,45.5,21.1,25.5,22.8,21.4,8.2,1,42.8,57.2,52217,99639
"5661",6073000202,"06","073","000202",4208,32.745228,-117.174563,"Census Tract 2.02, San Diego County, California",652100,2415,123,4.6,2.09,1.69,0.4,0,1.7,11.6,16.4,13.6,15.9,6.6,33.8,7.6,19.6,42.8,17.8,6.7,5.5,45.1,54.9,72115,105367
"5662",6073000300,"06","073","000300",4732,32.744548,-117.16263,"Census Tract 3, San Diego County, California",548100,3015,378,3.9,1.87,1.63,4.1,6,4.6,15.2,22.1,11.5,10.7,5.2,20.5,5,37.3,42.1,10.6,3.1,1.8,29.2,70.8,58688,77530
"5663",6073000400,"06","073","000400",3669,32.752161,-117.162427,"Census Tract 4, San Diego County, California",434500,2367,78,3.4,1.59,1.5,1.9,5.4,10.9,12.8,21.7,20.7,8.3,5.2,13.2,10.3,44.4,40.8,4.5,0,0,16.7,83.3,57846,73343
"5664",6073000500,"06","073","000500",2722,32.759862,-117.150085,"Census Tract 5, San Diego County, California",719600,1716,187,4,1.97,1.67,0,0.3,1,10.5,19.9,8.4,8.6,16.6,34.7,6.4,38.9,31.7,18.2,4.5,0.3,34.7,65.3,62083,84795
"5665",6073000600,"06","073","000600",3108,32.752465,-117.150763,"Census Tract 6, San Diego County, California",415200,1937,195,3.8,1.72,1.59,2.2,3.2,15.6,17.7,14,12.3,4.7,10.8,19.5,6.7,36.7,46.2,9.5,0.9,0,36.3,63.7,65385,77593
"5666",6073000700,"06","073","000700",3754,32.745381,-117.150034,"Census Tract 7, San Diego County, California",502200,2410,234,3.6,1.83,1.65,6.8,0.9,4.8,9,16.4,8.7,9.3,4.9,39.2,6.3,44.5,37.7,8.3,2.8,0.4,33.6,66.4,53642,72513
"5667",6073000800,"06","073","000800",4280,32.745192,-117.142818,"Census Tract 8, San Diego County, California",439200,2699,284,3.6,1.63,1.49,1.1,0.6,3.6,25,18.3,4.9,7.1,17,22.3,6.7,39.4,41.8,11,0.7,0.4,33.7,66.3,44468,57749
"5668",6073000900,"06","073","000900",5178,32.75135,-117.141809,"Census Tract 9, San Diego County, California",325600,3124,247,3.6,1.62,1.76,0.6,0,4.6,18.3,22.2,19.1,7.4,12.8,14.9,10.2,41.1,42.6,5.6,0.4,0,18.8,81.2,37620,51558
"5669",6073001000,"06","073","001000",4733,32.759261,-117.141525,"Census Tract 10, San Diego County, California",388200,2635,33,3.8,1.53,1.94,0,0,0,16.4,17.4,15.6,13.2,10.7,26.7,6.5,26.6,59.6,6.9,0,0.5,14.6,85.4,49381,55947
"5670",6073001100,"06","073","001100",3098,32.763529,-117.132833,"Census Tract 11, San Diego County, California",313300,1756,154,3.9,1.69,2.05,1.5,2.5,5.9,9.6,30.5,8,14.5,6,21.5,1.9,45.8,43.7,7.9,0,0.7,28,72,44075,59941
"5671",6073001200,"06","073","001200",5660,32.75827,-117.132114,"Census Tract 12, San Diego County, California",304000,3063,139,3.8,1.69,1.92,3.3,3.8,4,24.6,15.6,11.5,14,11.5,11.6,1.8,37.7,51.2,9.3,0,0,17.1,82.9,38472,61360
"5672",6073001300,"06","073","001300",6197,32.751474,-117.132003,"Census Tract 13, San Diego County, California",231400,3479,185,3.7,1.89,2.12,7.3,0.9,8.5,18.5,26.7,12.3,9.1,4.5,12.3,3,43,50.5,3.5,0,0,13.4,86.6,41006,48783
"5673",6073001400,"06","073","001400",3084,32.744914,-117.133834,"Census Tract 14, San Diego County, California",561300,1593,154,4.4,2.17,1.73,0.6,0,1,9.3,14.6,3.7,7.3,9.7,53.9,7.1,20.6,48.3,18.6,5.3,0,42,58,65709,79020
"5674",6073001500,"06","073","001500",3934,32.743994,-117.123847,"Census Tract 15, San Diego County, California",466400,1980,241,4.3,2.31,2.01,0,1.4,2.8,12.8,10.3,11.4,11.1,11.4,38.9,6.5,27.4,47.7,17.8,0.6,0,33.6,66.4,60133,69265
"5675",6073001600,"06","073","001600",5651,32.752302,-117.120758,"Census Tract 16, San Diego County, California",233700,2478,158,3.9,2.88,2.38,2,0,5,18.6,14.7,27.7,13.3,6.5,12.3,0.5,40.2,46.7,11.9,0.7,0,14.7,85.3,43409,49056
"5676",6073001700,"06","073","001700",4772,32.758749,-117.1201,"Census Tract 17, San Diego County, California",268800,2325,148,3.9,1.49,1.94,0,0,4.8,19.7,19.9,7.4,9.5,12.1,26.7,6.7,29,58.6,5.2,0.4,0,30.8,69.2,46752,56229
"5677",6073001800,"06","073","001800",5319,32.762958,-117.119276,"Census Tract 18, San Diego County, California",325700,2862,123,3.7,2.35,2.19,2.3,1.7,5.8,14.7,22.6,16.4,11.4,7.1,18.1,5.7,41.9,44.1,7.2,1.1,0,19.1,80.9,37690,47179
"5678",6073001900,"06","073","001900",2939,32.768627,-117.119504,"Census Tract 19, San Diego County, California",544100,1505,34,4.8,2.06,1.74,0,0,0.7,3.3,12.3,8.8,11.1,14.8,49,0.7,20,45.3,28,5.5,0.4,54.9,45.1,67212,86254
"5679",6073002001,"06","073","002001",3354,32.767804,-117.103912,"Census Tract 20.01, San Diego County, California",814800,1638,87,6.4,2.13,1.94,0,0.7,0.6,1.2,7.8,3.6,10.3,16.4,59.4,0,2.7,22.8,55.3,13.6,5.6,80.9,19.1,110066,133780
"5680",6073002002,"06","073","002002",2559,32.763029,-117.093015,"Census Tract 20.02, San Diego County, California",578500,1195,6,5.6,2.13,2.32,0,2.3,0,10.2,4.9,7.9,14.6,35.1,25,0,2.6,39.8,46.8,10.8,0,68.7,31.3,89122,105569
"5681",6073002100,"06","073","002100",5259,32.758234,-117.109267,"Census Tract 21, San Diego County, California",411400,2584,353,3.7,2.28,1.99,0,0.5,3.1,14.9,21.3,18.6,13.2,7.8,20.5,1.9,40,47.1,9,1.4,0.7,22.2,77.8,45509,52792
"5682",6073002201,"06","073","002201",3796,32.751971,-117.112584,"Census Tract 22.01, San Diego County, California",240800,1354,81,3.4,3.45,3.26,0,23,1.5,14.6,24.1,15.4,8.5,2.7,10.2,10.9,38,40.8,8.3,0.5,1.6,13.7,86.3,26638,47338
"5683",6073002202,"06","073","002202",4859,32.752354,-117.104507,"Census Tract 22.02, San Diego County, California",173200,1636,93,3.5,2.35,3,6.5,1.7,5.5,9.8,21.9,29,9.6,9.2,6.8,11.7,31.1,47.4,9.3,0.6,0,2,98,24948,35920
"5684",6073002301,"06","073","002301",2821,32.757399,-117.093456,"Census Tract 23.01, San Diego County, California",410400,1203,89,3.7,1.75,2.68,0,4.5,3.2,9.3,15.4,12.6,29,22.5,3.4,0.6,43.9,47.1,6.5,1.9,0,9.5,90.5,31695,38740
"5685",6073002302,"06","073","002302",6589,32.752494,-117.096534,"Census Tract 23.02, San Diego County, California",212000,2244,170,3.3,3.02,3.08,1.5,0.3,1.2,23.8,25.5,17.5,6,10.3,13.8,3.9,50.9,36.9,7.9,0,0.3,16,84,24732,33446
"5686",6073002401,"06","073","002401",4573,32.747698,-117.115642,"Census Tract 24.01, San Diego County, California",268100,1638,107,3.9,3.12,2.89,1.5,0.9,3.8,25.5,22.6,4.9,17.4,7.3,16.2,2.6,37.2,38.5,20.2,1.5,0,23.1,76.9,39620,46573
"5687",6073002402,"06","073","002402",5254,32.746865,-117.104377,"Census Tract 24.02, San Diego County, California",325000,1527,114,3.5,3.47,3.15,1.5,14.5,5.7,12.3,21.1,9.6,12.1,9,14.2,6,45.6,34.7,9.6,4.1,0,10.3,89.7,30012,36462
"5688",6073002501,"06","073","002501",5504,32.741059,-117.107687,"Census Tract 25.01, San Diego County, California",314600,1555,107,4.4,3.85,3.75,3.3,0,4.1,12.2,9.1,8.5,33.8,15.8,13.2,1.2,13.2,42.8,34.6,8.2,0,50.5,49.5,45179,54941
"5689",6073002502,"06","073","002502",6264,32.729554,-117.106808,"Census Tract 25.02, San Diego County, California",342600,2094,171,4.7,2.96,3.36,0.6,0.5,11,13.1,13,9.1,37.8,9.9,4.9,0.5,8.1,41.3,45.8,3.8,0.5,52.8,47.2,43563,60143
"5690",6073002601,"06","073","002601",6148,32.745473,-117.096191,"Census Tract 26.01, San Diego County, California",281700,1714,128,4.1,2.97,4.19,0,2.7,5.1,14.5,19.2,15.9,12.4,12.1,18.1,3,24,48.1,19.1,5.8,0,34.7,65.3,36042,41241
"5691",6073002602,"06","073","002602",4450,32.735878,-117.097413,"Census Tract 26.02, San Diego County, California",317400,1250,114,4,3.37,3.65,0,2.8,3.6,17.2,24.4,23.3,15.8,10.8,2.2,2.8,15.6,56.3,24.6,0.7,0,18.4,81.6,39266,42699
"5692",6073002702,"06","073","002702",5180,32.754207,-117.072803,"Census Tract 27.02, San Diego County, California",335200,2079,248,4.4,2.4,2.96,4.2,1.6,4.1,22,14.6,14.4,18.9,12.9,7.3,1.5,16.4,45.8,30.6,3.8,1.9,41.6,58.4,50038,63666
"5693",6073002703,"06","073","002703",6900,32.745421,-117.067393,"Census Tract 27.03, San Diego County, California",296500,2374,152,4.7,2.92,3.07,1.2,0,0.8,31.8,10,12.8,40.1,1.9,1.3,0,6.6,46.3,39.1,7.2,0.7,55.2,44.8,51143,64184
"5694",6073002705,"06","073","002705",4300,32.734304,-117.083502,"Census Tract 27.05, San Diego County, California",310800,1331,0,5.1,2.83,2.66,0,3.2,1.1,20.1,15,8.4,39,12.5,0.8,0,6.8,34.2,47.9,6.1,5,64,36,47050,52571
"5695",6073002707,"06","073","002707",5369,32.753013,-117.089622,"Census Tract 27.07, San Diego County, California",340600,1575,156,3.5,2.76,3.63,0.8,0,3.4,13.8,15.2,20.5,22.5,14.2,9.6,7.2,36.4,40.1,15.1,1.1,0,10.3,89.7,36955,37312
"5696",6073002708,"06","073","002708",5689,32.754014,-117.08422,"Census Tract 27.08, San Diego County, California",197100,1994,76,3.5,3.33,3.03,7,4.8,6.2,21.7,30.3,12,11,6.3,0.7,4.3,44.6,41.9,5.6,3.6,0,6.4,93.6,24294,27813
"5697",6073002709,"06","073","002709",3945,32.744949,-117.089326,"Census Tract 27.09, San Diego County, California",353400,1175,110,4.1,2.94,3.1,0.9,0,4.3,27.8,6.5,9.3,19.3,12.2,19.7,6.8,19.7,51,21.5,1,0,33.3,66.7,29048,45132
"5698",6073002710,"06","073","002710",4228,32.745747,-117.084393,"Census Tract 27.10, San Diego County, California",312100,1211,96,4,3.36,3.28,6.4,3,6.3,17.3,8.4,23.5,27.6,7.5,0,7,14.3,48,23.2,7.1,0.4,33.6,66.4,35223,40356
"5699",6073002711,"06","073","002711",3200,32.740272,-117.069304,"Census Tract 27.11, San Diego County, California",294700,961,53,5.1,3,3.67,6.9,2.1,34.5,1.8,3.4,0,39.5,10,1.8,1.2,4.7,31.8,43.9,13.2,5.1,39.5,60.5,54375,68118
"5700",6073002712,"06","073","002712",4652,32.728145,-117.076533,"Census Tract 27.12, San Diego County, California",267600,1855,162,4.3,2.45,2.95,1.4,0.6,8,8.7,37.6,11.3,21.3,4.5,6.6,1.6,19.7,43.1,25.7,7.9,1.9,49.1,50.9,47358,54568
"5701",6073002801,"06","073","002801",3068,32.77442,-117.08128,"Census Tract 28.01, San Diego County, California",614800,1123,224,4.4,2.26,3.08,0,19.1,13.4,7.3,11.1,31.9,14.7,2.5,0,4.4,15.4,39.6,25,13.1,2.5,29.8,70.2,22422,65990
"5702",6073002803,"06","073","002803",5370,32.761724,-117.083652,"Census Tract 28.03, San Diego County, California",391100,2582,291,4,2.21,1.98,2.9,5.2,7,15.6,21.9,18.3,10.5,12.7,5.9,7.2,27.8,38.3,23.6,2.4,0.7,32.9,67.1,48112,57296
"5703",6073002804,"06","073","002804",4638,32.765529,-117.073857,"Census Tract 28.04, San Diego County, California",474300,1523,88,5.5,2.56,2.84,0,0,1.6,0.7,6.6,12.5,44.2,17.1,17.3,1.4,13,16.5,51,11.2,7,62.9,37.1,59916,76819
"5704",6073002902,"06","073","002902",5272,32.76061,-117.058786,"Census Tract 29.02, San Diego County, California",406100,2417,171,4.6,2.64,2.3,0,0.7,4.3,11.1,10.3,20.6,20.3,28.3,4.3,2.2,23.4,38.5,32.6,3.4,0,37.8,62.2,50781,61030
"5705",6073002903,"06","073","002903",3717,32.748807,-117.055123,"Census Tract 29.03, San Diego County, California",337000,1424,75,5,2.83,3.21,0.6,0.8,0.6,0,14.2,13.4,61.3,9.1,0,0,7.2,39.5,47.3,6,0,66.3,33.7,58750,68357
"5706",6073002904,"06","073","002904",7316,32.770987,-117.063613,"Census Tract 29.04, San Diego County, California",422600,2163,283,4.5,2.44,2.94,2.2,0.8,6.8,7.5,25,18.3,32.7,6,0.6,0.8,30.3,22.1,33.2,5.7,8,32.2,67.8,34888,47812
"5707",6073002905,"06","073","002905",4022,32.770788,-117.049075,"Census Tract 29.05, San Diego County, California",365500,1749,182,4.6,2.45,2.51,0.5,0.5,4.5,13.4,24.2,10.6,28.9,9.1,8.3,3.8,14.2,45.1,33.6,2.7,0.7,37.8,62.2,53575,60643
"5708",6073003001,"06","073","003001",4226,32.716634,-117.076222,"Census Tract 30.01, San Diego County, California",287700,1290,48,5.3,2.62,3.78,1,2.6,2.2,6.7,24,16.5,40.2,5.2,1.4,0.5,4.5,21.2,51.7,17.9,4.2,68.7,31.3,38413,48783
"5709",6073003003,"06","073","003003",5062,32.724791,-117.056406,"Census Tract 30.03, San Diego County, California",355900,1585,74,5.6,3.25,3.94,2.1,0,3.8,6.4,13.3,23.7,32.7,9,8.8,0,1.8,25.8,52.7,17.5,2.3,80.5,19.5,54856,65408
"5710",6073003004,"06","073","003004",4940,32.712638,-117.061919,"Census Tract 30.04, San Diego County, California",263700,1369,102,4.7,3.93,4.12,4.6,1.4,5.8,2.3,7.3,13.1,32.6,21.8,11.1,2.5,10.4,37.5,38.5,9.6,1.5,52.3,47.7,37113,44530
"5711",6073003101,"06","073","003101",3785,32.699364,-117.080168,"Census Tract 31.01, San Diego County, California",313200,1128,56,5.4,3.33,3.73,0,0.7,0.8,6.6,3.5,16.3,67.9,2.5,1.7,0,3.3,15.7,64.1,13.6,3.4,72.8,27.2,42208,52196
"5712",6073003103,"06","073","003103",6256,32.706876,-117.043313,"Census Tract 31.03, San Diego County, California",326600,1718,112,5.6,3.75,4.36,0,0,0.6,11.5,23.1,44.8,10,9.4,0.6,0,1.9,7.7,61,23.1,6.3,77.4,22.6,54837,63678
"5713",6073003105,"06","073","003105",4167,32.710269,-117.028887,"Census Tract 31.05, San Diego County, California",300800,1088,140,5.3,4.47,3.99,0,0,0,5.9,14.6,19.9,56.3,0.7,2.6,0,0,10.8,68.6,16.5,4.1,78.4,21.6,43013,56521
"5714",6073003107,"06","073","003107",5992,32.705823,-117.023102,"Census Tract 31.07, San Diego County, California",336500,1683,71,5.5,3.43,4.03,2.7,0,1,8.7,50.1,29,7.4,0,1,1.1,4.9,7.4,48.4,31.9,6.2,71.4,28.6,65114,67800
"5715",6073003108,"06","073","003108",3520,32.707548,-117.016103,"Census Tract 31.08, San Diego County, California",277600,1032,63,5.8,3.51,4.13,1,0,2.3,9.6,19.7,36.1,31.3,0,0,3.7,6.4,13.3,66,8.3,2.3,65.6,34.4,61250,68304
"5716",6073003109,"06","073","003109",3358,32.691553,-117.055938,"Census Tract 31.09, San Diego County, California",375600,842,0,6,3.86,5.39,0,0,0.8,61.5,25.4,12.2,0,0,0,0,0,7.1,46.7,43,3.2,74.1,25.9,80208,84324
"5717",6073003111,"06","073","003111",6183,32.703,-117.076824,"Census Tract 31.11, San Diego County, California",323300,1791,110,4.4,3.89,3.62,0.7,6.9,14.1,20.1,18.2,6.4,32,0.9,0.7,2.5,19.4,32.1,25.4,18.3,2.4,32.8,67.2,38782,52902
"5718",6073003112,"06","073","003112",4574,32.706203,-117.063196,"Census Tract 31.12, San Diego County, California",241200,1282,94,5.4,3.6,4.67,3.4,1.1,0.9,40.7,41.5,4.8,4,3.1,0.6,1.6,3.5,20.4,44.7,13.7,16.2,64.2,35.8,59409,73822
"5719",6073003113,"06","073","003113",5043,32.695955,-117.064748,"Census Tract 31.13, San Diego County, California",307400,1335,108,6,4.08,4.7,0.7,0.8,6.2,22.9,38.7,26.7,3.4,0.6,0,0,1,3.4,44,43.7,8,78.8,21.2,71302,91002
"5720",6073003114,"06","073","003114",3341,32.700071,-117.044618,"Census Tract 31.14, San Diego County, California",375000,832,31,6.4,4.4,5.68,0,2,9,65.5,11.7,7.3,2.4,2,0,0,0,0,35.2,58.8,6,85.4,14.6,77813,93937
"5721",6073003115,"06","073","003115",6454,32.696018,-117.036488,"Census Tract 31.15, San Diego County, California",315600,1837,131,5.5,3.78,3.94,0,1.7,1.8,30.7,16.2,37.7,11.3,0.6,0,1.4,1,12.3,53,27.2,5.1,60.7,39.3,52473,68241
"5722",6073003201,"06","073","003201",4932,32.682666,-117.062352,"Census Tract 32.01, San Diego County, California",348500,1527,183,5.5,3.5,3.6,0,5.9,30.6,8.4,22.1,7.7,15.5,7.3,2.6,0.6,1,36.7,36,21,4.8,33,67,53125,62354
"5723",6073003202,"06","073","003202",4551,32.672676,-117.06469,"Census Tract 32.02, San Diego County, California",302200,1403,102,5.2,3.33,4.41,2.5,0.8,2.3,7.3,26.4,16.5,28.6,14.3,1.4,1.4,6.4,25.9,47.9,15.2,3.2,72.9,27.1,48942,60802
"5724",6073003204,"06","073","003204",3453,32.658192,-117.059284,"Census Tract 32.04, San Diego County, California",422400,1155,104,5.8,3.17,2.08,3.4,8.3,9.7,9.2,15.4,28.7,21.5,2.3,1.5,0,2.9,22.9,46.7,22.3,5.3,88.7,11.3,65583,79299
"5725",6073003207,"06","073","003207",5890,32.6744,-117.031292,"Census Tract 32.07, San Diego County, California",498000,2249,53,6,2.7,3.01,5.2,0.7,5.2,24.1,46,12.2,4.4,2.1,0,0,10.9,25.2,24.3,30.6,8.9,69.6,30.4,65116,83850
"5726",6073003208,"06","073","003208",6619,32.680214,-117.045152,"Census Tract 32.08, San Diego County, California",289800,2338,195,4.7,3.06,2.69,0.5,1,7.3,25.7,58.6,5.5,0.8,0,0.7,0.4,11.7,47.4,31.4,8.8,0.3,57.8,42.2,58680,63240
"5727",6073003209,"06","073","003209",5385,32.68365,-117.039307,"Census Tract 32.09, San Diego County, California",275000,1830,154,4.9,3.14,3,1.5,0.6,6.4,54.1,35.3,1.4,0.7,0,0,0,17.9,32.7,35.1,12.5,1.9,40.9,59.1,53229,67396
"5728",6073003211,"06","073","003211",3165,32.677805,-117.054746,"Census Tract 32.11, San Diego County, California",342500,908,24,6,3.15,5.47,0,0.7,1.3,4.7,19.2,12.4,53.1,5.5,3.1,0,0.7,6.5,65,26.7,1.2,86.7,13.3,59457,72188
"5729",6073003212,"06","073","003212",4053,32.670078,-117.05343,"Census Tract 32.12, San Diego County, California",393400,1127,10,5.9,3.88,4.48,0.6,0,0.9,3.5,35.6,32.4,26.5,0.4,0,0,0,5.1,52.5,35,7.3,85.8,14.2,76625,84717
"5730",6073003213,"06","073","003213",4193,32.687904,-117.031437,"Census Tract 32.13, San Diego County, California",379600,1096,58,6.3,3.76,4.26,0,0,1.6,59.6,20.7,15.6,2.6,0,0,0,0,0,42.3,44.6,13,81.1,18.9,87092,94848
"5731",6073003214,"06","073","003214",4610,32.69484,-117.020834,"Census Tract 32.14, San Diego County, California",296200,1569,45,5.7,3.1,3.89,0,0,8,47.1,42.7,2.2,0,0,0,1.5,4.6,26.1,42.4,23.5,2,64.7,35.3,69408,71127
"5732",6073003301,"06","073","003301",3337,32.700468,-117.101463,"Census Tract 33.01, San Diego County, California",248500,982,41,4.4,3.79,3.71,0,0,4.9,18.9,7.6,23.9,17.9,16.8,9.9,1.3,13.5,43.1,34.8,5.8,1.4,39.9,60.1,28527,41541
"5733",6073003303,"06","073","003303",4193,32.692411,-117.099435,"Census Tract 33.03, San Diego County, California",237200,1244,93,4.1,3.63,3.69,5.9,2.7,7.2,16.5,12.9,9.9,14.6,15.8,14.7,2.9,17.5,54.3,17.8,6.5,0.9,25.3,74.7,31675,38332
"5734",6073003304,"06","073","003304",3563,32.706902,-117.090344,"Census Tract 33.04, San Diego County, California",24200,1080,98,3.8,4.19,3.06,1.1,10.7,0,13.3,45.6,8.7,9,11.6,0,5,30,45.6,11.9,7.5,0,28.2,71.8,32647,40327
"5735",6073003305,"06","073","003305",5738,32.697216,-117.089024,"Census Tract 33.05, San Diego County, California",313900,1588,98,5,4.4,3.43,0,10.2,5.4,15.2,33.7,12.1,18.2,2.7,2.6,0,17,16.6,51.4,13.6,1.4,41.2,58.8,25263,45090
"5736",6073003401,"06","073","003401",6065,32.726255,-117.093328,"Census Tract 34.01, San Diego County, California",302000,2121,205,4.7,3.02,3.31,2.1,3.3,7.7,5.7,19.7,11.7,36.1,9.5,4.1,1.8,6.9,46.2,35.6,6.7,2.7,62.1,37.9,47500,56007
"5737",6073003403,"06","073","003403",4283,32.713183,-117.106552,"Census Tract 34.03, San Diego County, California",272100,1111,85,4.6,4.74,3.52,0,0,9.5,10,14.2,7.4,36.7,12.6,9.5,0.5,17,34.8,39.3,6.3,2,46.9,53.1,42375,47587
"5738",6073003404,"06","073","003404",4634,32.713271,-117.094151,"Census Tract 34.04, San Diego County, California",241500,1158,49,4.4,4.68,3.5,0,1.2,5.9,2.8,9.2,16.8,55,3.7,5.4,1.6,3,54.3,29.4,10.2,1.6,39.9,60.1,41867,45341
"5739",6073003501,"06","073","003501",4255,32.704909,-117.115619,"Census Tract 35.01, San Diego County, California",275900,1093,90,4.3,4.06,3.8,0,0,15.5,3.7,14.7,16.9,21.3,7.1,20.8,3.6,13,43.5,27.4,11.7,0.7,31.6,68.4,31560,34904
"5740",6073003502,"06","073","003502",4946,32.69857,-117.113278,"Census Tract 35.02, San Diego County, California",322000,1299,69,4.4,4.16,4.04,0,0.8,7.5,4.8,13.4,15.9,33.9,10.5,13.2,1.7,25.6,29.5,30.9,11.4,1,36.3,63.7,29286,37703
"5741",6073003601,"06","073","003601",3250,32.692214,-117.115428,"Census Tract 36.01, San Diego County, California",286500,807,77,4.6,4.01,4.21,4.1,4,11.5,16.5,2.4,9.5,15,15.7,21.3,0,17.5,37.2,27,18.3,0,40.8,59.2,26008,35722
"5742",6073003602,"06","073","003602",3079,32.693313,-117.108037,"Census Tract 36.02, San Diego County, California",354800,752,0,4.9,3.75,4.16,1.3,1.3,3.5,24.5,8.1,13.3,26.5,10.8,10.8,0.8,8.2,34.6,38,10.5,7.8,41.4,58.6,29415,37099
"5743",6073003603,"06","073","003603",4228,32.686763,-117.107471,"Census Tract 36.03, San Diego County, California",351500,1105,35,4.3,3.6,3.88,1.5,2.6,0.7,7.6,11.6,21,22.8,14.7,17.5,2.9,17.7,38,38.6,1.8,1,29.3,70.7,36143,44438
"5744",6073003800,"06","073","003800",6530,32.686458,-117.124518,"Census Tract 38, San Diego County, California",NA,11,0,NA,3,NA,0,0,100,0,0,0,0,0,0,0,0,0,0,100,0,100,0,NA,NA
"5745",6073003901,"06","073","003901",4241,32.703339,-117.127328,"Census Tract 39.01, San Diego County, California",234400,1026,134,4.6,4.74,4.86,2.5,7.4,4.4,4.9,10.5,13.4,25.3,9.6,22,3.1,15.5,31,37.1,12.3,1,26.7,73.3,25144,33719
"5746",6073003902,"06","073","003902",4927,32.697316,-117.126688,"Census Tract 39.02, San Diego County, California",339700,1282,133,4.2,4.72,3.39,0,0,0,8.5,13.3,10.4,20.4,22.5,25,1.3,25.4,37.6,25.2,6.7,3.7,28.7,71.3,34418,38256
"5747",6073004000,"06","073","004000",5160,32.708744,-117.12747,"Census Tract 40, San Diego County, California",338400,1254,72,4.3,3.76,4.14,0,4.3,5.8,15.8,7.5,5.4,25.8,7.2,28.2,3.1,21.1,41.7,29.1,4.9,0,30.2,69.8,25976,48177
"5748",6073004100,"06","073","004100",6546,32.715621,-117.131876,"Census Tract 41, San Diego County, California",309500,2789,246,3.7,2.84,2.36,2.5,1.1,11.3,19.1,21.2,14.3,5.5,3.2,21.8,8.9,33,40.7,10.4,6.4,0.7,24.5,75.5,39334,50335
"5749",6073004200,"06","073","004200",5673,32.729453,-117.120076,"Census Tract 42, San Diego County, California",561800,2491,216,5.5,2.54,2.32,0.8,0,1.8,11.3,11.3,12.4,20.4,15.1,26.8,0.6,7.9,32.2,48.2,8.4,2.7,66.2,33.8,81811,90238
"5750",6073004300,"06","073","004300",3665,32.735991,-117.129047,"Census Tract 43, San Diego County, California",694200,1850,192,4.6,2.47,2.13,0,0,1.1,7.7,3.9,8.7,11.2,13.4,53.9,1.5,25.3,40.5,23.8,5.6,3.3,43.5,56.5,72500,95854
"5751",6073004400,"06","073","004400",3866,32.72476,-117.129425,"Census Tract 44, San Diego County, California",567400,1872,89,4.2,2.67,2.04,1.4,0.8,0,1.3,9.3,6.8,10.7,10.5,59,3.1,32.5,44.6,13.8,2.7,3.3,36.3,63.7,51432,73083
"5752",6073004501,"06","073","004501",2875,32.717504,-117.137682,"Census Tract 45.01, San Diego County, California",640400,1476,230,3.3,2.49,2.25,0,2,5.5,19,12.9,17.6,17,4.5,21.5,12.2,50.8,26.6,3.3,3.2,3.9,22.1,77.9,42123,58631
"5753",6073004600,"06","073","004600",1940,32.715865,-117.144443,"Census Tract 46, San Diego County, California",546200,1141,93,3.1,2.16,1.65,2.4,2.7,1.6,11.7,2.7,5.6,9.6,5.3,58.5,13,54.6,26.9,5.5,0,0,7.2,92.8,40032,54579
"5754",6073004700,"06","073","004700",1858,32.708866,-117.144894,"Census Tract 47, San Diego County, California",376200,751,135,3.4,1.71,2.93,0,0,0,4.9,1.5,10.8,6.7,12.3,63.9,13.8,32.9,32.6,12.1,4.1,4.4,18.2,81.8,24489,35841
"5755",6073004800,"06","073","004800",4115,32.708604,-117.138342,"Census Tract 48, San Diego County, California",329600,1186,149,3.9,3.37,3.76,0,4,1.7,1.5,8.9,3.5,17.2,22.8,40.4,4.6,34.5,33.3,23.1,3.8,0.8,18,82,34852,40520
"5756",6073004900,"06","073","004900",5028,32.70197,-117.137919,"Census Tract 49, San Diego County, California",358700,1431,99,3.8,4.14,3.6,0,1,3.8,11.5,6.9,9.6,15.9,10.5,41,6.5,34.6,38.4,12.4,7.3,0.8,16.5,83.5,27174,48083
"5757",6073005000,"06","073","005000",2227,32.697241,-117.140956,"Census Tract 50, San Diego County, California",236200,658,149,4,4.22,3.35,0,1.2,23.9,16.7,19.6,6.4,6.5,11.1,14.6,9.9,24.9,32.2,29.5,3.5,0,14.3,85.7,21792,30706
"5758",6073005100,"06","073","005100",7140,32.707712,-117.151174,"Census Tract 51, San Diego County, California",414200,3004,293,2.6,1.63,1.56,30.3,43.5,9.8,2.9,0.8,3.2,0.5,2.8,6.2,35.2,40,19.3,5,0,0.4,14.6,85.4,30103,50859
"5759",6073005200,"06","073","005200",4563,32.715204,-117.153497,"Census Tract 52, San Diego County, California",354800,2872,652,2.7,2.12,1.69,21.2,25.6,10.8,15.8,11,2.1,1.2,2.2,10.1,31.7,36.5,27.6,3.3,0,1,12.1,87.9,39612,60265
"5760",6073005300,"06","073","005300",6667,32.714757,-117.162496,"Census Tract 53, San Diego County, California",643400,2989,485,2.6,2.04,1.32,6.5,20.9,13.5,19.9,3.3,4.9,3.7,4.7,22.6,31.5,43.5,20,2.9,0,2.1,17.7,82.3,30843,67254
"5761",6073005400,"06","073","005400",7435,32.712525,-117.165037,"Census Tract 54, San Diego County, California",681300,5729,1110,3.4,1.58,1.57,12.8,36.7,24.4,13.1,7,1.8,0.7,0.2,3.3,18.3,30.9,43.2,6.9,0,0.6,41.3,58.7,75440,132804
"5762",6073005500,"06","073","005500",198,32.724946,-117.146281,"Census Tract 55, San Diego County, California",NA,0,0,NA,NA,NA,NA,NA,NA,NA,NA,NA,NA,NA,NA,NA,NA,NA,NA,NA,NA,NA,NA,NA,NA
"5763",6073005600,"06","073","005600",4463,32.721594,-117.160962,"Census Tract 56, San Diego County, California",449800,2867,550,2.9,1.73,1.32,15.2,38.9,3.4,7.2,7.9,7.4,4.3,1.9,13.8,21.6,45.6,27.4,3.7,1.7,0,30,70,62228,83155
"5764",6073005700,"06","073","005700",1948,32.724822,-117.162601,"Census Tract 57, San Diego County, California",350000,914,99,2.9,2.02,1.41,0,0.8,0,14,25.2,16.6,11.4,10.9,21.1,26.5,55.5,10.9,5.3,1.1,0.8,8,92,38125,45238
"5765",6073005800,"06","073","005800",2725,32.722743,-117.16842,"Census Tract 58, San Diego County, California",415700,2133,514,3,1.46,1.6,10,53.9,17.6,3.1,4.3,2,0.4,3.1,5.6,16.1,43,35.4,4,1.1,0.3,22.3,77.7,62317,78327
"5766",6073005900,"06","073","005900",2821,32.729457,-117.163722,"Census Tract 59, San Diego County, California",403700,2051,361,3.3,1.54,1.58,3,9.5,5.6,5.1,13.7,14,11.2,6.5,31.5,21.9,39.8,30.3,6.9,1,0,18.8,81.2,53426,60778
"5767",6073006000,"06","073","006000",3536,32.735724,-117.163974,"Census Tract 60, San Diego County, California",628400,2161,141,3.9,1.65,1.51,5.5,4.1,8.4,10.1,19.2,14.4,8.8,7.5,21.8,11.4,33.3,36.4,14.5,3.3,1.2,32.5,67.5,62014,88511
"5768",6073006100,"06","073","006100",2237,32.737369,-117.172535,"Census Tract 61, San Diego County, California",757100,1273,130,4.3,2.12,1.89,2,3,5.4,20,10.4,15.5,22.2,8.7,12.8,2,30.6,41.9,22.8,2.7,0,38.4,61.6,58125,87510
"5769",6073006200,"06","073","006200",144,32.727795,-117.193144,"Census Tract 62, San Diego County, California",NA,0,0,NA,NA,NA,NA,NA,NA,NA,NA,NA,NA,NA,NA,NA,NA,NA,NA,NA,NA,NA,NA,NA,NA
"5770",6073006300,"06","073","006300",3435,32.74027,-117.197515,"Census Tract 63, San Diego County, California",NA,0,0,NA,NA,NA,NA,NA,NA,NA,NA,NA,NA,NA,NA,NA,NA,NA,NA,NA,NA,NA,NA,NA,NA
"5771",6073006500,"06","073","006500",2569,32.750433,-117.199592,"Census Tract 65, San Diego County, California",491700,1515,138,3.2,1.93,1.53,0,0.5,6,26.9,22.2,10.9,16.5,5,11.9,7.4,59.3,24.8,8.1,0.4,0,16.3,83.7,30082,47875
"5772",6073006600,"06","073","006600",1920,32.744887,-117.206995,"Census Tract 66, San Diego County, California",NA,468,0,5.6,NA,4.11,17.5,44,18.4,5.6,3,6.2,5.3,0,0,1.7,1.1,14.1,74.4,8.8,0,0,100,44899,45871
"5773",6073006801,"06","073","006801",2503,32.754399,-117.229452,"Census Tract 68.01, San Diego County, California",340200,1453,50,3.7,1.91,1.95,0,0,2.8,17.7,23.6,51.3,2.9,1.7,0,0.5,42.3,45.8,11.4,0,0,35.9,64.1,52610,66306
"5774",6073006802,"06","073","006802",5032,32.750499,-117.219225,"Census Tract 68.02, San Diego County, California",352500,2437,145,3.8,1.94,2.27,5,0,1.2,14,31.4,29.4,10.4,1.5,7.1,1.5,39.6,46.9,9.4,1.2,1.5,21.1,78.9,51154,57709
"5775",6073006900,"06","073","006900",5148,32.74358,-117.222228,"Census Tract 69, San Diego County, California",793900,2256,120,5.5,2.46,2.45,2.3,0,0,5.3,6.4,20,23.7,11.2,31.1,1,14.8,33.2,28.5,21.2,1.3,64.2,35.8,86629,112389
"5776",6073007002,"06","073","007002",2947,32.733172,-117.235605,"Census Tract 70.02, San Diego County, California",824100,1275,38,6.1,2.51,2.77,1,0.5,0,0,7.1,15.6,50.1,18.7,6.9,0,0,16.5,53,26,4.5,89.6,10.4,105066,129411
"5777",6073007100,"06","073","007100",5029,32.71777,-117.237885,"Census Tract 71, San Diego County, California",NA,2386,263,6.3,2.16,1.71,1.6,2.6,2.3,10.8,12.6,12.4,28.5,17.9,11.4,4.1,10.6,24.6,35.7,20.6,4.4,74.1,25.9,117257,156777
"5778",6073007200,"06","073","007200",5493,32.723425,-117.251152,"Census Tract 72, San Diego County, California",968800,1625,34,6.4,2.43,2.46,0,0,1.6,1.2,4.1,9,59.4,19.1,5.5,0,1.6,10.6,56.3,29.7,1.8,83.6,16.4,95363,133760
"5779",6073007301,"06","073","007301",4948,32.741407,-117.251705,"Census Tract 73.01, San Diego County, California",579400,3041,323,3.8,1.75,1.78,0,3.4,0,7.7,29.2,12.5,21.1,16.6,9.4,4,33.7,52.8,8.3,1.2,0,16,84,61216,73461
"5780",6073007302,"06","073","007302",2060,32.736039,-117.244683,"Census Tract 73.02, San Diego County, California",835000,896,62,5.7,2.38,2.41,1.6,0,0,0.7,4.8,8.4,30.9,50.9,2.8,1.2,10.5,27.1,38.4,18.6,4.1,81.2,18.8,88041,107837
"5781",6073007400,"06","073","007400",6590,32.746081,-117.234535,"Census Tract 74, San Diego County, California",551000,3242,204,4.2,2.21,1.93,1,0.5,2.1,12.2,33.7,14.7,15.3,13.8,6.7,2.2,21.5,46.7,26.8,1.6,1.2,44.4,55.6,61791,81917
"5782",6073007501,"06","073","007501",4040,32.750984,-117.244438,"Census Tract 75.01, San Diego County, California",532900,2330,234,3.6,2.08,1.89,0,0.8,0.6,4.5,13.8,13.7,26.1,22.1,18.5,6.7,38.8,42.2,9.6,2.7,0,19.6,80.4,48654,58189
"5783",6073007502,"06","073","007502",3227,32.747604,-117.247749,"Census Tract 75.02, San Diego County, California",490300,1821,206,3.6,1.77,1.63,0,0,2.6,6.8,18.5,12.2,30.8,11.4,17.7,1.6,49.1,38.8,5,5,0.4,12.7,87.3,52879,67391
"5784",6073007600,"06","073","007600",5607,32.777508,-117.247009,"Census Tract 76, San Diego County, California",760800,4030,1460,4.1,1.74,1.98,1.8,3.5,7.5,13.7,20.3,18.3,12.3,9.2,13.2,3,23.8,49.8,18,5,0.4,34,66,55542,78121
"5785",6073007701,"06","073","007701",3703,32.789904,-117.240397,"Census Tract 77.01, San Diego County, California",749300,2676,402,3.7,1.84,1.75,0.6,0.4,1.2,20,40.7,21.4,8.9,6.3,0.4,14.5,27.2,35.2,20.5,1.9,0.7,28.5,71.5,75643,92739
"5786",6073007702,"06","073","007702",3849,32.790646,-117.235045,"Census Tract 77.02, San Diego County, California",759900,2267,253,3.7,1.74,1.89,3.5,2.5,7.2,4.6,31.5,17.8,18.6,9.7,4.6,11.2,32.3,34.8,18.8,2.4,0.4,17.9,82.1,57000,67693
"5787",6073007800,"06","073","007800",5724,32.803489,-117.225606,"Census Tract 78, San Diego County, California",625000,2690,247,3.9,2.45,2.3,0.9,3.3,4.5,6.9,27.8,24.5,25.7,5.4,1,4.2,33.4,38,20.2,2.7,1.5,21.4,78.6,49170,60823
"5788",6073007903,"06","073","007903",4487,32.803149,-117.238419,"Census Tract 79.03, San Diego County, California",283500,2933,406,3.7,1.95,1.87,0,1.6,1.6,12.4,42.9,13.5,14.7,10.1,3.2,6.8,42.4,28.4,19.9,2.5,0,27.8,72.2,54290,71913
"5789",6073007905,"06","073","007905",2584,32.79974,-117.253165,"Census Tract 79.05, San Diego County, California",548500,1679,384,3.8,1.79,1.88,3,0.7,0,13.8,28.6,21.3,16.3,12.4,3.9,2.1,35.8,45.8,15.4,0.8,0,21.2,78.8,56223,65564
"5790",6073007907,"06","073","007907",3048,32.796218,-117.241777,"Census Tract 79.07, San Diego County, California",509300,1732,287,3.3,2.13,1.84,0,0,1.3,12.4,32.8,31.6,14.6,3.9,3.3,15,42.7,31.3,11.1,0,0,12,88,55716,74826
"5791",6073007908,"06","073","007908",2819,32.797866,-117.234245,"Census Tract 79.08, San Diego County, California",455700,1540,175,4,1.72,1.92,2.3,3.1,11.8,7.7,27.8,23.5,15.6,6.5,1.7,0,37.1,39.5,19.4,4,0,26.2,73.8,64693,79624
"5792",6073007910,"06","073","007910",2797,32.79477,-117.249429,"Census Tract 79.10, San Diego County, California",671900,1707,78,3.6,1.86,1.79,8,3.1,1.2,10.9,33.2,15.7,9,12.8,6.1,7.4,34.8,40.6,16.3,0.8,0,20,80,52697,73903
"5793",6073008002,"06","073","008002",2522,32.807562,-117.241934,"Census Tract 80.02, San Diego County, California",854900,1090,58,5.7,2.36,2.57,0,4.3,2.3,3.1,11.4,16.1,35,22.8,5,1.8,4.1,32.3,37.5,18.7,5.5,68.7,31.3,102179,142287
"5794",6073008003,"06","073","008003",3334,32.804854,-117.255033,"Census Tract 80.03, San Diego County, California",805500,1870,289,4,2.16,1.82,0,0.9,3.9,6.6,24.2,13.4,30.2,18.2,2.7,1.2,29.4,43.2,18.6,6.6,1.1,30.8,69.2,77470,91348
"5795",6073008006,"06","073","008006",3805,32.809569,-117.259607,"Census Tract 80.06, San Diego County, California",815600,2115,280,4.1,2.21,1.79,4.1,8.3,7.9,7.8,25.3,9.9,27.8,5.1,3.8,8.1,18.9,46.2,16.5,7.2,3,36.3,63.7,75380,104249
"5796",6073008101,"06","073","008101",4009,32.832947,-117.276666,"Census Tract 81.01, San Diego County, California",NA,2329,631,4.8,2,2,7.6,7.9,2.5,3,15.5,12.5,21.7,13.1,16.1,6.1,24.7,26.5,29.8,11.4,1.4,40.1,59.9,92500,127893
"5797",6073008102,"06","073","008102",3395,32.81912,-117.271179,"Census Tract 81.02, San Diego County, California",NA,1561,194,6.1,2.57,2.08,1.5,1.5,4,5.4,11.1,13.4,29.7,24.7,8.6,0,9.9,28.8,36.3,18.4,6.7,76.4,23.6,128576,180510
"5798",6073008200,"06","073","008200",3022,32.843141,-117.275556,"Census Tract 82, San Diego County, California",NA,2353,705,4.3,1.84,1.57,4.6,3,4.5,6.3,24,16.7,9.1,6.5,25.4,7,20.4,49.7,15,7.1,0.8,41.5,58.5,82750,125102
"5799",6073008301,"06","073","008301",3094,32.816377,-117.231967,"Census Tract 83.01, San Diego County, California",882800,1330,131,6.8,2.45,1.56,2.6,0,0,6.5,41.1,42.9,6.2,0,0.8,0,4.7,9.2,41.4,32,12.9,83.3,16.7,93405,127351
"5800",6073008303,"06","073","008303",3446,32.840801,-117.258251,"Census Tract 83.03, San Diego County, California",NA,1766,380,7,2.39,2.99,9.9,3.9,5.5,4.3,28.5,20,13.4,3.7,10.7,0.5,6.6,15.7,28.1,33,16,81.7,18.3,144000,225118
"5801",6073008305,"06","073","008305",10482,32.874815,-117.23295,"Census Tract 83.05, San Diego County, California",426800,828,22,4.1,1.52,2.71,0.5,1,9.5,17.9,43.5,20.4,6.4,0.5,0.4,0,1.7,86.2,4.1,8,0,14,86,42348,47001
"5802",6073008306,"06","073","008306",2997,32.846649,-117.225516,"Census Tract 83.06, San Diego County, California",695500,1203,18,6.9,2.42,3.5,0,0,0,2.5,28.7,63.6,4.2,0,1.1,0,0.7,1.1,34.4,57.9,5.9,90.4,9.6,109922,129756
"5803",6073008307,"06","073","008307",3794,32.852453,-117.211435,"Census Tract 83.07, San Diego County, California",634900,1587,6,6.3,2.37,2.21,0,1.4,0.8,10.6,17.8,67.3,1.5,0,0.5,1.9,8.8,11.3,34.7,31.7,11.6,80.4,19.6,90884,130376
"5804",6073008310,"06","073","008310",5392,32.822588,-117.247618,"Census Tract 83.10, San Diego County, California",NA,2534,296,6.5,2.31,2.37,3,4.9,8.4,17.8,33.2,21.4,10,1.2,0,0,1.2,11.4,52.4,26.2,8.8,94.3,5.7,131420,179846
"5805",6073008311,"06","073","008311",2884,32.824765,-117.263817,"Census Tract 83.11, San Diego County, California",NA,1200,162,7.5,2.66,3,1.8,2.3,5.6,5.8,9.8,26.1,38.3,7.7,2.7,0,0.8,9.4,36.6,37.3,15.8,92,8,145806,219425
"5806",6073008312,"06","073","008312",3629,32.863341,-117.251544,"Census Tract 83.12, San Diego County, California",NA,2024,437,5.9,2.19,1.91,0.9,4.4,8.4,15.2,24,17.5,21.3,4.5,3.7,5.4,15.6,24.1,25.6,17.2,12.1,64.7,35.3,119852,206457
"5807",6073008313,"06","073","008313",2225,32.858597,-117.24095,"Census Tract 83.13, San Diego County, California",NA,913,63,6.9,2.51,3.01,2.2,0,4.5,11.5,34.9,33.8,13,0,0,0,3.6,10.3,38.1,36.1,11.8,75.8,24.2,131538,171270
"5808",6073008324,"06","073","008324",6600,32.94594,-117.250538,"Census Tract 83.24, San Diego County, California",NA,3058,289,6.1,2.58,2.19,1,0.8,4.3,17.9,56.7,16.9,1.6,0,0.9,2.4,3.5,24.8,38.7,26.8,3.8,77.6,22.4,133419,200941
"5809",6073008327,"06","073","008327",5775,32.959795,-117.234383,"Census Tract 83.27, San Diego County, California",750200,2440,207,5.3,2.5,2.2,0,10.9,24.4,60.8,3,0.5,0,0,0.4,0,2.6,38.9,25.9,28.4,4.2,72.9,27.1,104004,132246
"5810",6073008328,"06","073","008328",5162,32.965256,-117.20398,"Census Tract 83.28, San Diego County, California",NA,1617,32,7.8,3.2,2.32,32.1,20.2,20.7,22,2,2.4,0.7,0,0,0,0,10.1,17.6,38.1,34.2,84.3,15.7,178109,227809
"5811",6073008329,"06","073","008329",6347,32.94514,-117.233351,"Census Tract 83.29, San Diego County, California",448500,3316,234,4.3,1.78,2.38,8.7,17.2,44.8,23.7,3.1,0.6,0.5,0,1.4,0,16.3,59.8,19.7,3.9,0.4,49.6,50.4,86803,93216
"5812",6073008330,"06","073","008330",5668,32.951474,-117.222638,"Census Tract 83.30, San Diego County, California",817800,2109,59,6,2.74,2.55,0,0.6,38.1,56.4,3.1,0.5,0,0,1.3,0,9.4,17.8,35.5,29,8.2,64,36,106361,129703
"5813",6073008331,"06","073","008331",2466,32.942603,-117.224834,"Census Tract 83.31, San Diego County, California",730700,901,22,6.5,2.89,3.05,2.6,1.6,24.8,71.1,0,0,0,0,0,0,0,12.4,47.7,35.3,4.6,88.6,11.4,134306,155900
"5814",6073008333,"06","073","008333",13748,32.924696,-117.216739,"Census Tract 83.33, San Diego County, California",997000,4685,394,6.3,3.47,2.34,8,58.8,28.5,3.3,0.9,0,0.2,0.2,0,0,12.9,23.9,15.1,26.9,21.2,59.2,40.8,144058,178736
"5815",6073008335,"06","073","008335",10541,32.967961,-117.145569,"Census Tract 83.35, San Diego County, California",684900,3321,59,6.9,3.25,3.48,5.3,49.8,10.8,32.3,1.5,0.3,0,0,0,0,2.9,6.4,30.2,39,21.5,81.1,18.9,137262,148383
"5816",6073008336,"06","073","008336",2332,32.968115,-117.133551,"Census Tract 83.36, San Diego County, California",606100,749,0,7.2,3.16,1.93,0,2.3,3.3,67.3,26,0.7,0,0,0.4,0,0,0,35.5,59.3,5.2,96.4,3.6,145694,145428
"5817",6073008337,"06","073","008337",4316,32.958254,-117.135458,"Census Tract 83.37, San Diego County, California",573400,1343,0,7.5,3.04,4.65,0.9,0,3.1,26.1,63.3,2.5,1.5,0,2.7,0.7,0,3.1,29.6,45.1,21.4,83.9,16.1,109659,127019
"5818",6073008339,"06","073","008339",1853,32.885253,-117.214778,"Census Tract 83.39, San Diego County, California",410100,871,80,4,2.31,2.43,0,8,8.7,15,59.8,3.9,0.8,2.6,1,12.1,26.2,24.6,35.5,1.7,0,23.6,76.4,68295,75107
"5819",6073008340,"06","073","008340",8988,32.868324,-117.202987,"Census Tract 83.40, San Diego County, California",607500,4768,484,3.9,1.95,2.21,14.7,12.4,39.1,23.4,9.3,1,0,0,0,1.5,35.4,47.7,11.9,3.4,0,23.4,76.6,82468,107015
"5820",6073008341,"06","073","008341",7614,32.869883,-117.218477,"Census Tract 83.41, San Diego County, California",377300,3997,461,3.6,1.58,2.14,9.4,29.6,29.9,22.1,7.2,1.5,0,0.4,0,2.4,41.2,49.5,6.9,0,0,19.9,80.1,70222,85978
"5821",6073008343,"06","073","008343",4587,32.862913,-117.216383,"Census Tract 83.43, San Diego County, California",359800,2003,86,3.8,1.83,2.64,2.7,8.8,7.1,19.1,52.6,5.3,0.5,2.9,0.8,0,32.7,35.2,24.8,6.9,0.4,17.7,82.3,52656,63189
"5822",6073008344,"06","073","008344",3462,32.857304,-117.196345,"Census Tract 83.44, San Diego County, California",640900,1280,48,6.2,2.94,3.36,0,0,0,2.7,59.5,31.7,0.7,0,5.3,0,0.4,9.4,51.3,32,7,71.3,28.7,104000,120793
"5823",6073008345,"06","073","008345",3254,32.85064,-117.194837,"Census Tract 83.45, San Diego County, California",607500,1612,69,5.2,2.43,2.12,2.9,0,0.8,11.8,23.9,51.1,7.1,2.4,0,2,15.3,25.4,30.9,23.8,2.6,57.6,42.4,74388,96496
"5824",6073008346,"06","073","008346",4615,32.920318,-117.176988,"Census Tract 83.46, San Diego County, California",612400,1597,41,6.6,3.3,4.12,0,2.6,73.6,20.6,3.2,0,0,0,0,0,0,16.7,23.3,45.5,14.5,83.7,16.3,128500,144709
"5825",6073008347,"06","073","008347",6358,32.925241,-117.154127,"Census Tract 83.47, San Diego County, California",445100,2006,0,6,2.97,4.14,0,2.5,17.7,25,49,4.8,0.5,0,0.4,0,0,18.1,29.2,47.9,4.8,68.7,31.3,99352,99289
"5826",6073008348,"06","073","008348",5259,32.913891,-117.162815,"Census Tract 83.48, San Diego County, California",435100,1843,132,5.3,2.78,3.49,0,1.1,28.8,37.9,24.4,6.3,0,0,1.6,0,9,25.8,30.6,34.3,0.3,69.8,30.2,86037,91294
"5827",6073008349,"06","073","008349",3514,32.917523,-117.148605,"Census Tract 83.49, San Diego County, California",425600,1049,66,5.5,3.81,2.73,0,0,9.4,9.6,70.6,9.2,1,0,0,0,6.2,7.3,56.1,24.6,5.7,68.9,31.1,83641,91843
"5828",6073008350,"06","073","008350",6493,32.904108,-117.161859,"Census Tract 83.50, San Diego County, California",448800,2232,134,5,3.35,3,0.4,0,16.1,66.6,14.8,1.5,0.6,0,0,7.6,7.3,28.4,28.4,26.5,1.7,54.6,45.4,95298,103548
"5829",6073008351,"06","073","008351",4261,32.90641,-117.150232,"Census Tract 83.51, San Diego County, California",384300,1401,74,5.3,3.4,3.2,0,0,2.6,35.6,54.5,5.7,1.6,0,0,0,7.7,23.5,41.5,20.5,6.8,55.8,44.2,78683,86753
"5830",6073008352,"06","073","008352",3517,32.926962,-117.138607,"Census Tract 83.52, San Diego County, California",380000,1146,20,4.9,3.26,3.3,0,0,0,11.8,83.9,2.3,0,2,0,0,17.1,28.1,26.4,26.4,1.9,54.4,45.6,79091,84310
"5831",6073008353,"06","073","008353",5048,32.932165,-117.132743,"Census Tract 83.53, San Diego County, California",448500,1606,29,6,3.28,3.16,0,0.8,8.5,7.6,80.4,2.1,0.6,0,0,0,0,11.9,46.7,32.1,9.3,75.3,24.7,91920,100207
"5832",6073008354,"06","073","008354",5972,32.933111,-117.119973,"Census Tract 83.54, San Diego County, California",495300,2137,164,5.1,3.17,2.9,0,16.3,62.2,19.1,2.3,0,0,0,0,0,5.2,37.5,24.9,28.7,3.7,48.5,51.5,101372,110025
"5833",6073008355,"06","073","008355",3365,32.922021,-117.127565,"Census Tract 83.55, San Diego County, California",473700,972,0,6.3,4.32,4.35,0,5.7,40.2,7.8,39,7.3,0,0,0,0,0,8.2,33.2,38.2,20.4,73.1,26.9,107339,123860
"5834",6073008356,"06","073","008356",3629,32.921007,-117.13965,"Census Tract 83.56, San Diego County, California",326700,1411,28,4.3,2.77,2.42,0,2.9,2.3,44.2,45.5,3.8,0.7,0.7,0,0,24,38.8,20.3,13.3,3.5,63.2,36.8,65583,76271
"5835",6073008357,"06","073","008357",4345,32.916602,-117.135444,"Census Tract 83.57, San Diego County, California",333700,1559,54,4.6,3.13,3.4,1.7,1,21.4,28.7,42.7,3.3,0,0,1.2,1,8.1,41.8,32.2,15.1,1.7,55,45,67629,80354
"5836",6073008358,"06","073","008358",6554,32.909399,-117.133703,"Census Tract 83.58, San Diego County, California",313200,2235,111,5,3.24,3.07,1.4,0.6,5.7,20,60.9,8.7,2,0,0.7,0.4,17,26.5,29.6,21,5.4,52,48,66500,78313
"5837",6073008359,"06","073","008359",3975,32.907396,-117.120657,"Census Tract 83.59, San Diego County, California",116000,1810,182,3.5,1.62,2.23,0.2,14.6,23.6,24.1,35.4,0.9,0.5,0,0.6,3.6,43.5,48.5,3.8,0.6,0,15.5,84.5,59573,64235
"5838",6073008360,"06","073","008360",5857,32.902709,-117.131755,"Census Tract 83.60, San Diego County, California",312300,2217,89,4.5,2.82,3.22,0,3.2,9.8,21.9,61.4,1.1,2.1,0,0.5,4.6,15.5,38,22.9,18.6,0.4,58.6,41.4,79300,88904
"5839",6073008361,"06","073","008361",2642,32.86699,-117.235272,"Census Tract 83.61, San Diego County, California",389400,1524,169,3.8,1.79,2.24,0,6,15.2,25.5,49.9,0.9,0.7,0,1.9,3.8,33.5,50.1,8.7,3.9,0,24.1,75.9,35114,49765
"5840",6073008362,"06","073","008362",3141,32.859016,-117.233283,"Census Tract 83.62, San Diego County, California",521000,1732,151,4.6,1.77,2.39,0.6,0,11.8,11,76.6,0,0,0,0,3,13.2,54.8,26.8,2.2,0,48.5,51.5,71074,88354
"5841",6073008363,"06","073","008363",4921,32.865644,-117.22286,"Census Tract 83.63, San Diego County, California",309600,2240,174,3.4,1.66,2.22,0,0.5,31.3,49.4,15.8,2.3,0.7,0,0,3.6,34.8,60.4,1.1,0,0,5.6,94.4,59000,58992
"5842",6073008364,"06","073","008364",4992,32.860298,-117.227566,"Census Tract 83.64, San Diego County, California",450000,2803,302,3.9,2.15,2.07,3.5,0.5,18.6,66.7,9.5,1.2,0,0,0,0,35.4,45.1,17.1,2.4,0,36.4,63.6,64879,82908
"5843",6073008365,"06","073","008365",2979,32.94259,-117.144026,"Census Tract 83.65, San Diego County, California",706100,908,0,7.5,3.22,3.75,7.6,1,72.8,16.5,0,0,2.1,0,0,0,0,0.9,14.2,67.2,17.7,93.3,6.7,145556,143428
"5844",6073008366,"06","073","008366",5881,32.947946,-117.146401,"Census Tract 83.66, San Diego County, California",638000,1797,39,6.9,3.34,3.43,0,6.7,44.2,42.3,4.9,1.1,0.8,0,0,0,0.6,2.7,26.9,53.9,15.9,86.7,13.3,136488,139550
"5845",6073008501,"06","073","008501",5271,32.831176,-117.221398,"Census Tract 85.01, San Diego County, California",462200,2247,25,5.2,2.42,3.02,0,1.6,0,10.4,27.5,11,48.8,0.7,0,0,4.8,26.9,50.3,16.1,1.9,65.5,34.5,78683,86521
"5846",6073008502,"06","073","008502",6241,32.835544,-117.206249,"Census Tract 85.02, San Diego County, California",456000,2415,38,5.5,2.46,3.03,1.1,0,0.5,1.3,13.3,18.5,59.3,6,0,0,6.5,19.8,54,15.3,4.3,61.7,38.3,60391,72120
"5847",6073008503,"06","073","008503",6599,32.818635,-117.211423,"Census Tract 85.03, San Diego County, California",497500,2990,222,5.2,2.3,2.35,0.7,0.3,1.8,11.4,21.2,19,40.8,4.6,0,2.2,11.3,31.6,43.6,11,0.3,62.5,37.5,74201,84003
"5848",6073008504,"06","073","008504",6021,32.823816,-117.195919,"Census Tract 85.04, San Diego County, California",488700,2395,143,5.4,2.45,2.71,0.3,1.2,4.8,3.5,10.8,21.5,57.6,0.4,0,2.7,5.8,28.2,40.1,21.2,2,68.4,31.6,57375,77954
"5849",6073008505,"06","073","008505",5605,32.838232,-117.184741,"Census Tract 85.05, San Diego County, California",442000,2204,68,5.6,2.8,2.74,0,0,0,4.9,13.1,39.9,40,2.2,0,5.3,4.1,16.9,50.5,21.5,1.7,64.8,35.2,65757,81994
"5850",6073008506,"06","073","008506",4042,32.831193,-117.186224,"Census Tract 85.06, San Diego County, California",423700,1559,30,5.8,2.75,2.85,0.4,0,0,5.9,21.5,33.9,36.3,2.1,0,1.5,8,17.5,45.7,24.5,2.8,64.6,35.4,68426,79898
"5851",6073008507,"06","073","008507",7627,32.825127,-117.174095,"Census Tract 85.07, San Diego County, California",467300,2884,141,5.2,2.74,2.54,2.9,1.7,12.6,5.9,27.7,37.7,9.3,2.3,0,1.6,14.1,24.8,32.4,25.6,1.5,57.4,42.6,58170,65291
"5852",6073008509,"06","073","008509",6647,32.815114,-117.173672,"Census Tract 85.09, San Diego County, California",432200,2790,135,5,2.51,2.45,0.5,0,3.3,17.8,30.1,40.4,6.9,0.5,0.4,0.9,11.5,29.9,33.3,21.6,2.8,55.7,44.3,60484,75325
"5853",6073008510,"06","073","008510",6626,32.808535,-117.160389,"Census Tract 85.10, San Diego County, California",376800,2899,258,4.4,2.52,2.58,0,0.5,3.8,19.4,26.7,21.5,25.3,2.3,0.5,2.6,25.7,27.3,32.1,11.2,1,49.6,50.4,52898,68619
"5854",6073008511,"06","073","008511",2633,32.827487,-117.148304,"Census Tract 85.11, San Diego County, California",315200,1353,127,4.6,2.34,1.97,29.9,29.6,12.2,1.6,5.3,18.2,1.6,0,1.6,0,19.8,48.9,30.1,1.2,0,57.7,42.3,77000,74576
"5855",6073008512,"06","073","008512",4193,32.810439,-117.186884,"Census Tract 85.12, San Diego County, California",467900,1686,53,6.1,2.32,4.17,0,0,0,5.4,19,32.9,38.7,3.6,0.4,0,0,5.9,59,27.2,7.9,86.3,13.7,78113,88399
"5856",6073008513,"06","073","008513",2691,32.802858,-117.18219,"Census Tract 85.13, San Diego County, California",514900,1125,0,5.7,2.24,2.88,0,1,0.8,35.7,3.6,41.5,16.6,0.8,0,0,0,13.2,64.4,22.5,0,80.8,19.2,96477,97498
"5857",6073008600,"06","073","008600",6864,32.789624,-117.175657,"Census Tract 86, San Diego County, California",278100,2027,192,4.7,3.17,3.91,1.2,0.5,5.3,9.4,20.5,13.5,27,20.2,2.3,6.1,9.8,39.8,33,10.7,0.6,40.8,59.2,46598,58262
"5858",6073008701,"06","073","008701",3361,32.797498,-117.162508,"Census Tract 87.01, San Diego County, California",369300,1289,33,4.4,2.64,2.54,1.3,2.4,7.8,12.3,45.8,20.4,8.1,0.7,1.2,8.1,32.4,12.5,37.3,9,0.7,14.6,85.4,52317,61785
"5859",6073008702,"06","073","008702",5206,32.792927,-117.155012,"Census Tract 87.02, San Diego County, California",386000,1815,161,4.4,2.47,2.61,0,1.2,0.9,14.3,28.7,37.3,16.5,1,0,0.9,14,43.9,27.5,12.6,1.1,42.7,57.3,64432,72213
"5860",6073008800,"06","073","008800",6188,32.783642,-117.165761,"Census Tract 88, San Diego County, California",398700,2008,81,4.6,2.54,3.59,0.5,0.5,2.4,13.7,18.8,25.6,26,9.6,2.8,2.8,12.3,35.2,38.9,9.2,1.6,37,63,48295,56084
"5861",6073008901,"06","073","008901",4805,32.772935,-117.172004,"Census Tract 89.01, San Diego County, California",335500,2386,129,4.1,2.03,2.23,1.9,0.4,6.5,32.7,35.3,6.5,5.3,11.4,0.1,3.1,25.9,50.5,14.1,5.5,1,47.5,52.5,54081,68964
"5862",6073008902,"06","073","008902",2221,32.763599,-117.180722,"Census Tract 89.02, San Diego County, California",337800,1499,201,3.8,1.62,1.94,14.5,5.9,2.1,48.6,26.6,2.3,0,0,0,5.1,31.1,43.6,19,1.3,0,63,37,63125,71269
"5863",6073009000,"06","073","009000",3861,32.778645,-117.177477,"Census Tract 90, San Diego County, California",453100,1354,35,4.7,1.97,3.19,3.2,0,1.4,31.8,19.9,27.3,5.5,7.6,3.4,0,13.7,44.7,33.1,8.1,0.4,37,63,54141,81612
"5864",6073009101,"06","073","009101",5318,32.799111,-117.203189,"Census Tract 91.01, San Diego County, California",637600,2388,93,5.2,2.6,2.14,1.5,0,5.6,11.1,21.8,19.6,37.6,1.8,1,1,4.2,33.5,39.2,19.4,2.7,62.7,37.3,76750,102629
"5865",6073009102,"06","073","009102",3537,32.802176,-117.194851,"Census Tract 91.02, San Diego County, California",391500,1812,95,3.7,2.6,2.14,3.1,3.4,2.2,15.5,27.6,7.9,38.2,2.1,0,2.3,39.6,41.3,12.4,4.1,0.4,22.1,77.9,52060,53700
"5866",6073009103,"06","073","009103",3679,32.788119,-117.19605,"Census Tract 91.03, San Diego County, California",598100,1707,123,5.6,2.52,2.08,0,0.6,0,8.1,17.5,15.1,48.7,8,2.1,0,9,21.4,45.6,18.7,5.2,72.1,27.9,75776,91263
"5867",6073009104,"06","073","009104",2775,32.779975,-117.197156,"Census Tract 91.04, San Diego County, California",572300,1180,25,6.1,2.35,2.72,2.5,0,6.5,1,4.6,25.8,36.4,14.2,8.9,0,0.6,28.1,47.3,22.4,1.6,78.8,21.2,84099,109619
"5868",6073009106,"06","073","009106",3882,32.773347,-117.196368,"Census Tract 91.06, San Diego County, California",626700,1012,84,4.9,2.3,1.89,4.3,3.2,3.2,5.5,21.3,10.3,43.1,6.1,3,3.7,20.7,33.3,33.6,8.1,0.7,60.6,39.4,68654,90524
"5869",6073009107,"06","073","009107",3688,32.767968,-117.188432,"Census Tract 91.07, San Diego County, California",371100,1957,108,4.3,1.81,2.05,6.9,7.1,5.6,23.1,40.9,9.7,3.7,3.1,0,0.8,15.1,59.2,23.4,1.5,0,34.8,65.2,50396,68049
"5870",6073009201,"06","073","009201",5014,32.802071,-117.144908,"Census Tract 92.01, San Diego County, California",391900,1768,146,5.6,2.37,3.43,18.3,19.4,7.1,3.2,10.1,10.5,31,0.5,0,0,6.4,22.3,55.9,15.4,0,37.9,62.1,52083,63927
"5871",6073009202,"06","073","009202",4428,32.788999,-117.141632,"Census Tract 92.02, San Diego County, California",463100,1856,99,5.7,2.34,1.98,8.9,27.1,1.4,2.2,4.7,20.1,35,0,0.5,0,5.4,20.4,51.3,18.4,4.5,69.9,30.1,83472,87825
"5872",6073009301,"06","073","009301",4164,32.802292,-117.133083,"Census Tract 93.01, San Diego County, California",384300,1810,135,4.8,2.43,3.21,0,0,1.4,16.2,31.5,16.6,33.1,1.2,0,4.1,13.3,25.7,42,13.8,1.1,56.2,43.8,63547,77938
"5873",6073009304,"06","073","009304",7944,32.774553,-117.142017,"Census Tract 93.04, San Diego County, California",336700,4868,693,3.8,1.82,1.85,5.4,30.6,30,18.7,12.3,1.7,1.3,0,0,1.9,30.9,62.2,5,0,0,24.3,75.7,67025,81584
"5874",6073009305,"06","073","009305",4488,32.789713,-117.128095,"Census Tract 93.05, San Diego County, California",455500,2195,210,4.8,2.54,1.75,3.5,34,22.3,1.1,4.3,3.7,31.1,0,0,2.6,18.8,34,32.2,7.5,5,52.2,47.8,82043,83451
"5875",6073009306,"06","073","009306",5589,32.800203,-117.121179,"Census Tract 93.06, San Diego County, California",482200,2546,117,5.1,2.44,2.29,1.1,28.1,30.9,2.9,11.2,3.4,21.2,1.2,0,0,7.9,34.8,40.1,13.7,3.5,55.8,44.2,83808,91258
"5876",6073009400,"06","073","009400",5028,32.888042,-117.128934,"Census Tract 94, San Diego County, California",875000,523,42,5.3,5.25,3.65,7.5,24.1,38.6,14.7,8.4,5.9,0,0,0.8,0,1.9,31,39.4,22.6,5.2,0.8,99.2,47708,53058
"5877",6073009502,"06","073","009502",3659,32.832099,-117.107506,"Census Tract 95.02, San Diego County, California",505700,1780,26,5.5,2.39,2.75,0,0,6.7,17.9,71.1,1.3,0.7,0,2.4,0,12.7,32.9,22.6,20.6,11.2,53,47,69141,84027
"5878",6073009504,"06","073","009504",5914,32.912657,-117.058352,"Census Tract 95.04, San Diego County, California",952000,1971,101,8.4,3.22,3.15,33.9,15,7,40.4,1.9,0,0,0.4,1.4,0,0.6,8.1,20.8,36.5,34,85.4,14.6,180833,205952
"5879",6073009505,"06","073","009505",6442,32.835413,-117.088519,"Census Tract 95.05, San Diego County, California",555400,2779,99,5.8,2.36,2.51,0.8,1.6,35,41.9,20,0.7,0,0,0,0,9.6,33.4,25.4,30.7,1,67.8,32.2,99032,107405
"5880",6073009506,"06","073","009506",4258,32.82483,-117.094188,"Census Tract 95.06, San Diego County, California",424000,1666,58,6,2.33,3.15,0.8,0.7,1.9,8.3,86.8,1.2,0,0.4,0,0.5,0.5,18.4,44.5,34,2,69,31,98547,102940
"5881",6073009507,"06","073","009507",3369,32.816716,-117.078046,"Census Tract 95.07, San Diego County, California",563600,1788,53,5.4,2.21,2.34,0,0.3,4.8,46,44.7,1.8,1.7,0.7,0,0,13.1,35.2,23.4,21.6,6.7,51.2,48.8,86033,106459
"5882",6073009509,"06","073","009509",4136,32.803571,-117.099445,"Census Tract 95.09, San Diego County, California",634100,2219,238,3.5,2.03,1.68,1.5,14.5,18.9,38.3,26.4,0.5,0,0,0,0,43.5,42.2,5.7,8.5,0,27,73,71411,82893
"5883",6073009510,"06","073","009510",5087,32.817047,-117.108403,"Census Tract 95.10, San Diego County, California",NA,1304,42,6.1,NA,4.03,3.7,2.6,15.4,17.3,50.4,2.6,3.8,2.6,1.6,0,0,16.3,44.5,34,5.2,0,100,59716,61033
"5884",6073009511,"06","073","009511",4427,32.804329,-117.108376,"Census Tract 95.11, San Diego County, California",NA,1059,40,7.1,NA,4.38,4.4,4.1,30.3,15.1,30.4,10.4,5.3,0,0,2.1,0,0.4,38.7,56.5,2.4,0,100,55778,68391
"5885",6073009602,"06","073","009602",3775,32.797479,-117.086825,"Census Tract 96.02, San Diego County, California",407900,1751,62,5.2,2.2,2.17,1.1,3.8,2.7,4.9,21.8,23.4,40.7,1.5,0,1,13.8,26,48.3,10.1,0.8,76.2,23.8,60104,87061
"5886",6073009603,"06","073","009603",4533,32.785287,-117.109621,"Census Tract 96.03, San Diego County, California",227100,2781,315,3.5,1.55,2,0,1.2,4.7,18.6,67.6,4.6,3.2,0,0,0.9,46.2,41.2,10.1,1.6,0,41.1,58.9,56927,64708
"5887",6073009604,"06","073","009604",3179,32.787412,-117.091028,"Census Tract 96.04, San Diego County, California",411300,1457,99,5,2.62,2.43,1.2,1,0.9,8.6,21.9,12.1,51.7,2.5,0,1.2,16.3,25.9,40.8,13.9,1.9,59.1,40.9,52232,67491
"5888",6073009703,"06","073","009703",3446,32.796649,-117.072875,"Census Tract 97.03, San Diego County, California",441700,1405,40,5.9,2.56,3.03,0,0.6,0,3.2,8.7,14.3,69.9,2.1,1.1,0,0.5,19.6,58.2,18.1,3.5,69.5,30.5,77083,88260
"5889",6073009704,"06","073","009704",5750,32.807115,-117.060814,"Census Tract 97.04, San Diego County, California",509700,2509,191,5.9,2.5,2.87,5.2,4.7,0.5,4.8,56.5,22.2,2.6,1.3,2.3,1.1,3.4,29.1,29.3,27.3,9.7,75.7,24.3,89805,105557
"5890",6073009705,"06","073","009705",3652,32.785349,-117.072883,"Census Tract 97.05, San Diego County, California",565500,1493,168,6.3,2.53,2.32,0.9,1.7,0,8.4,25.2,42.2,21.5,0,0,0,0,13.1,52.2,27.9,6.8,75.8,24.2,93388,100600
"5891",6073009706,"06","073","009706",6996,32.791916,-117.052922,"Census Tract 97.06, San Diego County, California",639200,2991,184,6.9,2.38,2.82,0.9,0,1.9,7.5,31.9,44,11.6,1.1,1.1,0.6,2.6,13.8,34.8,34.8,13.4,84.8,15.2,100638,134278
"5892",6073009801,"06","073","009801",4894,32.798543,-117.032009,"Census Tract 98.01, San Diego County, California",482300,2319,130,5.6,2.27,1.87,1.7,6.3,3.6,12.1,22.9,47.1,5.8,0.5,0,0.6,14.3,21.5,39.4,21.5,2.7,66.9,33.1,71422,81379
"5893",6073009802,"06","073","009802",6101,32.79739,-117.013275,"Census Tract 98.02, San Diego County, California",413700,2487,95,5.3,2.5,2.95,0,1.1,1.8,3.1,28.7,36.3,25.4,1.2,2.4,2.9,10.3,16.4,53.4,16.2,0.8,60.3,39.7,57760,70180
"5894",6073009804,"06","073","009804",4773,32.80863,-117.013969,"Census Tract 98.04, San Diego County, California",441900,1857,42,6.6,2.5,3.27,0,0,0,9.8,14.8,67.5,6.9,0.5,0.5,0,0.8,8.4,44.7,36.3,9.7,88.2,11.8,69299,79735
"5895",6073009805,"06","073","009805",4715,32.811845,-117.040641,"Census Tract 98.05, San Diego County, California",458500,2059,43,5.9,2.48,2.9,0,0,1.2,25.9,58.4,13.1,0.5,0,1,2.4,5.1,24.8,28.1,36.3,3.4,71.2,28.8,82372,90843
"5896",6073009901,"06","073","009901",626,32.679684,-117.239889,"Census Tract 99.01, San Diego County, California",NA,13,0,NA,NA,2.46,0,0,23.1,0,0,0,0,0,76.9,0,0,0,23.1,76.9,0,0,100,153375,NA
"5897",6073009902,"06","073","009902",2,32.725118,-117.212046,"Census Tract 99.02, San Diego County, California",NA,0,0,NA,NA,NA,NA,NA,NA,NA,NA,NA,NA,NA,NA,NA,NA,NA,NA,NA,NA,NA,NA,NA,NA
"5898",6073010001,"06","073","010001",4097,32.585878,-117.054724,"Census Tract 100.01, San Diego County, California",336300,1153,118,5.8,3.77,3.58,0.8,2.9,5.7,25.7,30.5,26.1,5.1,2.4,0.8,4.9,5.3,10.1,42.3,29.3,8.1,71.3,28.7,78845,85124
"5899",6073010003,"06","073","010003",5906,32.579155,-117.044543,"Census Tract 100.03, San Diego County, California",332400,1517,187,6.2,4.04,4.94,0,0,0,13.2,45.6,37.8,2.8,0,0.6,0,0.7,2.1,38.4,50.2,8.6,76.9,23.1,60602,70511
"5900",6073010004,"06","073","010004",4679,32.57133,-117.053605,"Census Tract 100.04, San Diego County, California",261600,1119,74,6.1,4.18,5.12,0,1.2,0,3.1,45.8,38.1,9.8,0,2,0,0,5.9,39.8,45.3,9,92.8,7.2,57396,72450
"5901",6073010005,"06","073","010005",7366,32.564361,-117.050357,"Census Tract 100.05, San Diego County, California",305400,1978,30,5,4.68,3.07,4.1,0.9,5.1,8.5,59.7,19.6,0.5,0.3,1.4,16.6,7.1,11.5,37.2,22.3,5.3,38.2,61.8,33345,47055
"5902",6073010009,"06","073","010009",6693,32.548144,-117.048133,"Census Tract 100.09, San Diego County, California",326100,1645,105,4.4,4.79,3.57,2.2,13.7,15.1,24.6,18.9,12.5,11.5,0,1.5,22.1,7.9,21.9,20.1,24.7,3.3,39.5,60.5,44764,58056
"5903",6073010010,"06","073","010010",5510,32.577713,-117.061926,"Census Tract 100.10, San Diego County, California",202000,1757,61,4.4,3.46,2.97,2.8,3.9,5,21.3,54.6,11.4,0,0,0.9,24,6.8,33.2,24.2,11.1,0.7,57.6,42.4,39190,50760
"5904",6073010011,"06","073","010011",3633,32.58023,-117.055477,"Census Tract 100.11, San Diego County, California",375500,959,91,5.7,4.02,4.39,0,0,5.9,3.6,48.1,33.2,8.6,0,0.6,12.2,4.6,5.7,37.6,31.2,8.7,71.9,28.1,67755,69199
"5905",6073010012,"06","073","010012",4581,32.55995,-117.058201,"Census Tract 100.12, San Diego County, California",252900,1275,63,3.6,3.66,3.49,1.9,0.7,9.3,31.3,45.4,5.3,5.6,0.5,0,30.5,15.1,22.5,20.9,10.4,0.5,34.4,65.6,42675,51925
"5906",6073010013,"06","073","010013",5484,32.555956,-117.04829,"Census Tract 100.13, San Diego County, California",221200,1523,104,3.5,3.09,3.72,2.2,0,10.4,15.9,24.7,20.3,13.7,4.5,8.4,20.3,25.7,40.4,8.1,3.1,2.4,6,94,28270,32846
"5907",6073010014,"06","073","010014",17679,32.58031,-116.998563,"Census Tract 100.14, San Diego County, California",391400,3682,115,5.8,3.78,3,11.7,76.8,10.7,0.7,0,0,0,0,0,8.4,4.9,18.8,17.7,32.3,17.8,67.4,32.6,83017,86795
"5908",6073010015,"06","073","010015",2803,32.561407,-117.030786,"Census Tract 100.15, San Diego County, California",432400,655,93,6,4.92,4.23,9.5,39.5,11.3,6.6,12.5,9.8,6.6,2,2.3,6.3,8.7,10.2,16.2,36.6,22,69.9,30.1,67132,72241
"5909",6073010103,"06","073","010103",5569,32.582213,-117.098262,"Census Tract 101.03, San Diego County, California",173000,1788,44,4.2,3.58,3.6,4.1,2.7,4.4,10.7,33.8,15.9,18.6,6.8,2.8,11.7,22.7,28.5,25.9,10.1,1.1,43.6,56.4,39976,47203
"5910",6073010104,"06","073","010104",3217,32.570185,-117.097332,"Census Tract 101.04, San Diego County, California",350000,1093,52,6,3.22,3.41,0,0,1.6,1.3,37.3,33.7,16.1,7.1,2.9,0,4.5,8.4,53.3,30.2,3.6,75.6,24.4,56128,68683
"5911",6073010106,"06","073","010106",5200,32.571855,-117.073725,"Census Tract 101.06, San Diego County, California",201600,1575,38,4.5,3.26,3.33,2.5,7.2,7.7,9.3,54,13.4,2.2,2.7,1,18.9,1,32.3,40.9,6.9,0,51.5,48.5,34135,42380
"5912",6073010107,"06","073","010107",6498,32.581192,-117.078412,"Census Tract 101.07, San Diego County, California",265400,1811,171,4.7,3.61,3.77,10.2,2.7,1.3,21.3,34.1,21.8,4,1.1,3.6,16,2.1,31.6,31.8,14.9,3.7,58.4,41.6,50949,63712
"5913",6073010109,"06","073","010109",4595,32.56017,-117.071884,"Census Tract 101.09, San Diego County, California",313100,1226,85,5.3,3.53,4.26,0,1.6,7.4,48.1,41,0.9,0.9,0,0,4.5,2.9,16.7,40.9,20,15,62.5,37.5,60485,70622
"5914",6073010110,"06","073","010110",7298,32.572618,-117.088958,"Census Tract 101.10, San Diego County, California",281800,2090,206,4.7,3.34,3.98,4.7,9.6,2,19.4,32.2,9.8,18.1,2.4,1.8,9.5,8.3,30.2,33.3,14.4,4.4,52.2,47.8,44426,55966
"5915",6073010111,"06","073","010111",3072,32.56321,-117.065704,"Census Tract 101.11, San Diego County, California",344200,826,30,4.3,3.35,4.24,4.1,1.6,1.2,25.7,59.2,2.5,5.7,0,0,17.3,17.4,18.2,19.1,26.8,1.2,49,51,40078,47730
"5916",6073010112,"06","073","010112",4764,32.568415,-117.0802,"Census Tract 101.12, San Diego County, California",157100,1501,42,3.5,4.45,3.61,0,10.7,3,23.5,51.8,4.7,3.6,0,2.8,33.9,9.2,38.9,15.7,2.3,0,11.9,88.1,34151,40622
"5917",6073010200,"06","073","010200",6800,32.577474,-117.12487,"Census Tract 102, San Diego County, California",397400,3109,738,4.2,2.58,2.14,0,4.1,9.8,8.6,29.8,12,22.1,10.3,3.2,18.6,17.8,27.4,28.9,6.6,0.7,43.5,56.5,54068,66130
"5918",6073010300,"06","073","010300",4507,32.576012,-117.114116,"Census Tract 103, San Diego County, California",391700,1672,207,5,3.15,3.2,0,3.2,3.9,6.3,20,24.8,31.8,9.4,0.5,6,10.1,30.9,35.5,17.5,0,55.7,44.3,55673,69977
"5919",6073010401,"06","073","010401",2458,32.579579,-117.106915,"Census Tract 104.01, San Diego County, California",368800,878,63,4.1,2.34,3.71,0,0.9,13.2,11.7,27.7,22.6,21,0,3,14.6,9,41.5,32.1,2.8,0,22.8,77.2,40048,45724
"5920",6073010402,"06","073","010402",5558,32.572398,-117.105238,"Census Tract 104.02, San Diego County, California",367900,2098,194,3.8,3.28,3.14,3.2,3.9,6.5,6.6,32.4,22.6,20.4,3.2,1,20.2,18.3,41.7,14.6,4.4,0.9,14.1,85.9,39219,47427
"5921",6073010501,"06","073","010501",1433,32.585386,-117.1259,"Census Tract 105.01, San Diego County, California",447700,643,0,4.7,2.35,2.01,8.9,2.6,3.6,5.4,13.4,9.3,37.5,9,10.3,5.6,19.9,24,42.1,6.8,1.6,46.8,53.2,52679,55501
"5922",6073010502,"06","073","010502",5514,32.586025,-117.11236,"Census Tract 105.02, San Diego County, California",325000,2139,273,3.7,2.67,2.65,3,7,5.9,17.7,23.7,15.9,20.6,5.2,1,24,18.7,39.8,12.9,4.7,0,11,89,36654,45814
"5923",6073010601,"06","073","010601",2127,32.622019,-117.134011,"Census Tract 106.01, San Diego County, California",NA,1211,322,5.9,2.66,2.73,1.7,1.8,21.1,23.3,41,6.6,3.6,0.6,0.4,0,0,25.4,48,25.8,0.8,71.2,28.8,111473,148149
"5924",6073010800,"06","073","010800",2390,32.690208,-117.182808,"Census Tract 108, San Diego County, California",NA,1207,17,4.8,2.16,2.08,2.1,3.4,11.3,8.4,9.4,9.4,19.1,14.5,22.6,3.1,21.2,29.6,36.5,7.6,1.9,41.3,58.7,86359,114251
"5925",6073010900,"06","073","010900",1750,32.686886,-117.173794,"Census Tract 109, San Diego County, California",NA,820,101,6.9,2.75,2.64,5.9,5,6.5,15.7,10.4,7.9,8.7,9.5,30.5,1.2,4.9,21.5,35.7,17.3,19.4,69.8,30.2,116027,141038
"5926",6073011000,"06","073","011000",2799,32.694098,-117.170521,"Census Tract 110, San Diego County, California",NA,1537,199,4.3,2.1,1.89,1.8,4.2,13.1,12.9,30.1,9.8,9,8.4,10.6,10.5,16.1,34.8,30,7.9,0.7,31.9,68.1,76797,94524
"5927",6073011100,"06","073","011100",3698,32.696811,-117.178359,"Census Tract 111, San Diego County, California",NA,1753,183,5,2.46,2.26,0.7,1.5,5.2,11.9,9.7,12.3,11.5,22.4,24.6,6.4,18.1,25.8,31.4,16.3,2,40,60,90833,107795
"5928",6073011300,"06","073","011300",6520,32.689299,-117.202163,"Census Tract 113, San Diego County, California",NA,31,0,5.6,NA,2.77,29,0,0,0,0,12.9,0,0,58.1,0,0,12.9,87.1,0,0,0,100,130694,131500
"5929",6073011601,"06","073","011601",5891,32.666258,-117.09639,"Census Tract 116.01, San Diego County, California",236200,1881,105,3.8,3.48,3.12,0,1.4,2.4,9.8,25.5,32.2,11.5,12.2,4.8,2,33.3,52.2,11.7,0.9,0,10.2,89.8,32368,38418
"5930",6073011602,"06","073","011602",3228,32.660443,-117.096124,"Census Tract 116.02, San Diego County, California",277200,1133,99,3.9,3.7,3.21,0.8,6.7,3.7,10.3,25.6,25.9,13.9,8.7,4.3,1,38,42.3,15.3,3.4,0,28.9,71.1,33894,48643
"5931",6073011700,"06","073","011700",6773,32.674016,-117.096384,"Census Tract 117, San Diego County, California",354000,2521,201,3.7,3.65,2.85,5.6,7.6,7,14.2,17,12.3,23,7.2,6.1,6.3,40.6,34.3,14.2,3.4,1.2,19.2,80.8,32606,43172
"5932",6073011801,"06","073","011801",3961,32.680495,-117.104367,"Census Tract 118.01, San Diego County, California",224200,1179,128,4.3,3.46,3.9,0.8,2.5,0,3.2,8.7,10.4,16,29.5,28.8,8.1,16,41.4,21.3,7.6,5.6,30.7,69.3,42326,47413
"5933",6073011802,"06","073","011802",6741,32.68448,-117.097431,"Census Tract 118.02, San Diego County, California",246700,2020,290,4.2,3.9,3.81,0.7,2.1,2.2,17.3,31.4,15.6,16.4,7.9,6.3,4.6,19.1,45,26.8,3.3,1.2,24.8,75.2,39451,46641
"5934",6073011902,"06","073","011902",5246,32.689185,-117.080769,"Census Tract 119.02, San Diego County, California",310000,1582,146,5.7,3.98,2.86,3.6,5.1,5.4,1.6,6.5,29.6,44.2,3.7,0.3,0,4.1,9.4,62.3,19,5.2,85.3,14.7,53281,67352
"5935",6073012002,"06","073","012002",3285,32.681814,-117.079587,"Census Tract 120.02, San Diego County, California",269500,1296,23,4,4.55,2.88,0,0.8,0.7,14.4,28.5,23,20.5,5.2,6.9,10,28.2,26.5,26.8,8.4,0,17.3,82.7,23851,45095
"5936",6073012003,"06","073","012003",3351,32.679103,-117.075133,"Census Tract 120.03, San Diego County, California",381700,988,143,5.5,3.22,3.23,2.7,2.8,1.9,6.5,16.4,16.7,40.7,11.5,0.7,3.2,4.7,27.9,39.3,17.4,7.5,69.2,30.8,50134,55344
"5937",6073012101,"06","073","012101",2235,32.667235,-117.088379,"Census Tract 121.01, San Diego County, California",364600,742,51,5.6,3.35,3.56,0,1.1,2,5.4,24.8,3.4,28.4,19.1,15.8,3.4,17,28.6,32.7,16.2,2.2,47,53,40813,57307
"5938",6073012102,"06","073","012102",3279,32.671164,-117.077368,"Census Tract 121.02, San Diego County, California",315400,1021,13,4.9,2.78,3.08,0,0.6,2.2,13.8,25.7,7.8,24.4,11.6,14,6.9,6.7,37.5,40.7,7.2,1,46.7,53.3,41894,53917
"5939",6073012200,"06","073","012200",3326,32.665142,-117.072492,"Census Tract 122, San Diego County, California",207900,931,22,4.9,3.74,4.88,3.2,2.6,3.2,1.5,14.5,14.1,24.9,18.9,17.1,5.6,3.4,40.5,41.7,8.8,0,55.8,44.2,39654,45248
"5940",6073012302,"06","073","012302",1586,32.641007,-117.080218,"Census Tract 123.02, San Diego County, California",239700,810,177,3.3,2.51,2.15,0,0,2.3,28.5,15.3,21.7,18.8,7.2,6.2,13.1,31.2,45.4,6.5,3,0.7,22.1,77.9,47992,48382
"5941",6073012303,"06","073","012303",3431,32.649822,-117.075573,"Census Tract 123.03, San Diego County, California",428700,1541,260,3.6,2.77,1.75,0.2,2.7,10.7,30.4,22.5,7.8,12.5,7,6.3,8,35.1,20.2,13,19.9,3.9,40.9,59.1,59316,75107
"5942",6073012304,"06","073","012304",3434,32.643689,-117.071795,"Census Tract 123.04, San Diego County, California",445300,1528,346,5,2.65,2.44,1.8,2.8,2.1,8.2,13.9,24.1,34,8.8,4.2,2.6,22.4,22.8,31.4,15.8,5,59.3,40.7,65956,77135
"5943",6073012401,"06","073","012401",3676,32.649335,-117.088589,"Census Tract 124.01, San Diego County, California",168000,1389,171,3.8,2.16,2.55,1.4,3.2,5.1,15,19.8,30.8,17,5.8,1.9,0.7,33,42.3,19.7,3.5,0.8,31.4,68.6,38134,51773
"5944",6073012402,"06","073","012402",5445,32.643476,-117.088665,"Census Tract 124.02, San Diego County, California",293800,2187,384,3.7,2.59,2.41,1.1,2.4,5.4,8.7,13.4,27.8,27.7,9.2,4.3,0.4,35.1,38.8,21.1,4.3,0.3,23.5,76.5,39560,51939
"5945",6073012501,"06","073","012501",3858,32.633271,-117.0935,"Census Tract 125.01, San Diego County, California",30400,1621,287,3.3,1.68,2.64,3.2,1.3,0.6,9.1,19.5,40.4,23.1,2.8,0,0.6,33.1,55,11.4,0,0,34.6,65.4,27632,36022
"5946",6073012502,"06","073","012502",4466,32.642539,-117.097053,"Census Tract 125.02, San Diego County, California",27100,1746,231,3.3,2.57,2.2,0,4.4,4.5,13.6,22.8,33,11.5,7,3.3,5.2,42.6,41.1,11.2,0,0,26.9,73.1,31554,34936
"5947",6073012600,"06","073","012600",5047,32.622527,-117.09002,"Census Tract 126, San Diego County, California",337800,1766,256,4.2,3.09,3.14,5.2,1.2,0,3.8,9.3,25.9,41.7,10.9,2,1.7,19.3,44,27,4.9,3.1,40.7,59.3,40729,59757
"5948",6073012700,"06","073","012700",4955,32.635873,-117.08519,"Census Tract 127, San Diego County, California",290000,2027,213,3.7,2.52,2.65,1.4,1.6,6.2,13.5,10.7,28,22,10,6.7,3.7,27.1,54,14.5,0.7,0,16.5,83.5,28705,38178
"5949",6073012800,"06","073","012800",3913,32.63574,-117.072291,"Census Tract 128, San Diego County, California",337000,1522,84,5.1,3.41,2.79,0.7,3,1.3,5.6,9.4,27.1,39.8,11.8,1.2,0.6,19,30.2,40,10.2,0,50.7,49.3,62976,67778
"5950",6073012900,"06","073","012900",3374,32.627281,-117.068079,"Census Tract 129, San Diego County, California",389900,1216,77,5.5,3.12,2.64,0,0.8,0,4,7,24.7,38.2,17.8,7.6,1.1,8.2,17.3,52,19.7,1.8,72.4,27.6,71827,79346
"5951",6073013000,"06","073","013000",5903,32.625769,-117.079002,"Census Tract 130, San Diego County, California",365600,2053,66,4.9,3.03,2.78,1.9,0.5,9.3,6.7,15.1,13.8,41.6,5.6,5.4,1.9,17.5,33.3,32.7,12.6,1.9,43.8,56.2,44183,58168
"5952",6073013102,"06","073","013102",6487,32.614567,-117.067678,"Census Tract 131.02, San Diego County, California",308600,2329,368,3.9,2.64,2.56,1.2,2.5,1.2,13.2,22.2,28.3,24.7,4.6,2.1,5.4,26.7,39.3,22.8,5.1,0.6,28.8,71.2,39668,44555
"5953",6073013103,"06","073","013103",2668,32.610531,-117.086709,"Census Tract 131.03, San Diego County, California",121100,807,71,4.5,3.87,2.47,0,3.1,7.2,22.4,18.2,14.7,14.5,17.7,2.1,2.7,19.8,43.6,24.9,8.9,0,42.7,57.3,34275,43763
"5954",6073013104,"06","073","013104",5893,32.612689,-117.078927,"Census Tract 131.04, San Diego County, California",325700,2062,211,3.8,3.08,3.01,2.3,1.5,4.3,20.2,22.3,31.3,10.1,6.8,1.3,3.5,27.7,40.4,20.2,5.9,2.3,19.9,80.1,38935,48331
"5955",6073013203,"06","073","013203",6464,32.606424,-117.063703,"Census Tract 132.03, San Diego County, California",348400,2286,303,3.5,3.59,2.93,3.4,0,3.1,13.8,17.4,34.8,18.6,6.6,2.2,3,41.1,32.5,15.5,6.6,1.1,17.2,82.8,33299,55724
"5956",6073013204,"06","073","013204",4014,32.598341,-117.063572,"Census Tract 132.04, San Diego County, California",118300,1208,66,4.6,3.69,2.96,7.1,2.4,10.1,10.1,12.1,27.7,15.6,9.8,5.1,2.2,5.7,46.6,37.4,6.3,1.7,52.1,47.9,34767,44143
"5957",6073013205,"06","073","013205",2381,32.599954,-117.083218,"Census Tract 132.05, San Diego County, California",33800,668,17,3.8,3.57,2.5,2.4,4.8,2.7,23.1,21.7,30.4,10.2,3.1,1.6,4.6,21.4,49.6,23.1,1.3,0,33.2,66.8,38646,43439
"5958",6073013206,"06","073","013206",6544,32.60184,-117.074211,"Census Tract 132.06, San Diego County, California",89600,2502,205,4.2,2.12,3.21,6.2,2.9,5.2,10,23.4,33.6,15.1,2.5,1,0,31.3,43.9,22.1,1.5,1.2,31.5,68.5,32096,37673
"5959",6073013301,"06","073","013301",5180,32.623689,-117.05108,"Census Tract 133.01, San Diego County, California",366400,1636,59,5.6,3.33,3.63,0,0.4,0.7,2.7,9.2,31.6,52.6,1.5,1.2,0,6.8,7.5,53.4,27,5.3,76.5,23.5,64890,72335
"5960",6073013302,"06","073","013302",4933,32.615303,-117.048712,"Census Tract 133.02, San Diego County, California",400900,1436,127,5.9,3.58,4.26,0,2,0.8,1.3,21.2,35.7,37,1.3,0.7,0.8,0,5.3,65,23.1,5.8,89.7,10.3,82561,80558
"5961",6073013303,"06","073","013303",4909,32.607143,-117.051345,"Census Tract 133.03, San Diego County, California",274700,1586,95,5.1,3.29,3.38,2.5,0.6,2.2,9.5,25.3,45.3,13.6,0,1,0,3.1,35.5,40.6,16.8,4,73.2,26.8,45944,54914
"5962",6073013306,"06","073","013306",4773,32.603456,-117.040162,"Census Tract 133.06, San Diego County, California",341400,1394,114,5.4,3.46,3.88,0,0,0,12.2,35.9,42.7,9.2,0,0,0.6,3.1,28.2,41.2,22.2,4.6,69.4,30.6,62589,70171
"5963",6073013307,"06","073","013307",3966,32.598406,-117.050316,"Census Tract 133.07, San Diego County, California",264900,1090,73,5.4,3.25,3.64,5.7,3.8,3.4,6.4,40.6,29.4,7.4,0.8,2.5,0.5,1.4,14.8,58.7,20.9,3.8,66.9,33.1,55607,68411
"5964",6073013308,"06","073","013308",3731,32.592636,-117.043939,"Census Tract 133.08, San Diego County, California",236600,1053,58,5.1,3.7,4.63,5.4,2.1,4.7,14,48.4,11.5,11.2,1.2,1.5,0.7,2.9,18.6,68.9,8.5,0.4,60,40,59235,63971
"5965",6073013309,"06","073","013309",7005,32.618363,-117.033876,"Census Tract 133.09, San Diego County, California",398200,2116,76,6.1,3.46,4.04,0.9,5.3,15.4,21.6,23.7,24.6,7.7,0,0.9,0.7,0,5.8,45.2,36.8,11.5,80.8,19.2,82857,94404
"5966",6073013310,"06","073","013310",28960,32.62537,-116.998845,"Census Tract 133.10, San Diego County, California",478800,9118,1204,5.8,3.87,2.94,2.4,69.6,25.4,1.9,0.1,0.1,0,0,0.5,0.2,11.2,20.4,24.2,24.8,19.2,64.4,35.6,90531,96617
"5967",6073013311,"06","073","013311",9463,32.637631,-116.959885,"Census Tract 133.11, San Diego County, California",397300,3076,199,5.9,3.26,4.04,14.4,16.3,64.8,1.8,0.5,0,2.3,0,0,1.5,0.7,15.4,50.3,27.9,4.3,76.8,23.2,98483,107187
"5968",6073013312,"06","073","013312",2853,32.60129,-117.032196,"Census Tract 133.12, San Diego County, California",300600,857,38,5.3,3.77,4.05,0,0,8.6,28,34.9,24.3,4.2,0,0,6.3,1.5,19.7,54.7,16,1.8,74.5,25.5,65518,72651
"5969",6073013313,"06","073","013313",9464,32.620462,-116.982939,"Census Tract 133.13, San Diego County, California",420200,2847,543,5.9,3.48,4,37,54,4.2,0.2,4.6,0,0,0,0,0,0.6,13.9,42.8,27.7,15,83.7,16.3,97135,103795
"5970",6073013314,"06","073","013314",14837,32.631986,-116.948872,"Census Tract 133.14, San Diego County, California",421400,4271,548,6.3,3.68,3.94,35.7,56.4,7.6,0,0.3,0,0,0,0,2,0,8.9,43.8,30.2,15,75.8,24.2,91768,103813
"5971",6073013401,"06","073","013401",4203,32.633879,-117.05535,"Census Tract 134.01, San Diego County, California",394900,1515,43,6.2,3.02,3.36,0,0.9,4.1,3.6,19.9,37,31,2.9,0.7,0,0,16.2,51.7,23.2,8.8,85.9,14.1,87424,85507
"5972",6073013409,"06","073","013409",5380,32.632695,-117.036024,"Census Tract 134.09, San Diego County, California",428400,1984,221,5.9,3.19,2.95,0,0,12.3,28.4,27.5,29.1,1.7,0.4,0.6,0.6,8.9,23.3,31.6,33.2,2.5,61.9,38.1,71783,82036
"5973",6073013410,"06","073","013410",7073,32.672481,-116.991008,"Census Tract 134.10, San Diego County, California",476200,2387,57,6.4,3.31,3.01,10.9,34.9,0.5,13.1,22.5,9.2,4.5,3.4,1.1,1.4,0,11.6,33.8,36.7,16.6,85.4,14.6,90333,105496
"5974",6073013411,"06","073","013411",4999,32.660559,-117.013255,"Census Tract 134.11, San Diego County, California",588700,1806,45,7.1,2.8,2.72,0.7,0.9,10.5,31.5,38.1,13.5,4.2,0.7,0,1.4,1.6,5.9,26.8,47.6,16.7,90.3,9.7,92713,106337
"5975",6073013412,"06","073","013412",5086,32.646963,-117.041475,"Census Tract 134.12, San Diego County, California",523100,1840,262,6.2,3.35,3.1,1.3,0.5,31.4,39.2,11.2,7,4.4,3,2.1,4,2.8,17.9,32.3,25.2,17.7,77.3,22.7,84133,106288
"5976",6073013414,"06","073","013414",7227,32.631866,-117.011814,"Census Tract 134.14, San Diego County, California",428800,2364,227,6,3.03,3.61,0.7,8.3,48.9,18.3,20.6,3.2,0,0,0,0.5,0.5,6.9,44.8,45.2,2,78.4,21.6,85659,93629
"5977",6073013415,"06","073","013415",1567,32.637058,-116.997864,"Census Tract 134.15, San Diego County, California",384300,573,34,6,2.87,4.71,0,0,12.9,42.4,26.4,18.3,0,0,0,0,0,12.7,48,31.4,7.9,85.3,14.7,90512,91398
"5978",6073013416,"06","073","013416",3780,32.646609,-116.991797,"Census Tract 134.16, San Diego County, California",454300,1322,74,6.5,2.91,4.28,0,0.4,5.7,43.8,26.2,20.6,2.1,0,1.1,0.5,0,6.9,43.6,38.2,10.7,81,19,81364,85971
"5979",6073013417,"06","073","013417",2087,32.657697,-116.983156,"Census Tract 134.17, San Diego County, California",498000,662,31,6.8,2.81,5.22,0,1.7,30.4,48.8,6.3,0,8.5,0,4.4,0,0,3,29.9,47.9,19.2,69.3,30.7,99476,96761
"5980",6073013418,"06","073","013418",5998,32.650352,-116.977704,"Census Tract 134.18, San Diego County, California",347700,2234,217,5.4,2.97,3.53,1.1,3,37.9,43.5,10.1,2.7,0,0,1.7,0,4.3,30.3,45.7,17.3,2.5,67.1,32.9,76971,78657
"5981",6073013419,"06","073","013419",7922,32.657087,-116.958154,"Census Tract 134.19, San Diego County, California",473700,2485,157,6.2,3.66,2.93,15.9,48,34,0.7,0.8,0,0.6,0,0,0,3.3,12.9,39.4,31.7,12.8,80.5,19.5,95216,120337
"5982",6073013420,"06","073","013420",3471,32.640592,-117.017561,"Census Tract 134.20, San Diego County, California",440000,1198,258,4.4,3.98,3.55,1.3,3.2,77.9,14.8,2.9,0,0,0,0,4.4,14.2,31.6,29.4,17,3.3,46.2,53.8,84208,96816
"5983",6073013421,"06","073","013421",4695,32.646126,-117.015167,"Census Tract 134.21, San Diego County, California",528600,1570,95,6.4,3.4,3.14,1.7,2.2,73.6,13.8,7.7,0,0,0.9,0,0,1.5,21.2,22.2,39.2,15.8,73.5,26.5,80804,107145
"5984",6073013503,"06","073","013503",5776,32.74014,-116.981415,"Census Tract 135.03, San Diego County, California",372000,2156,244,5.5,3.02,2.33,0.9,0.9,3.8,15.5,46.8,17.8,6.8,7.4,0.1,0.5,8,35.7,33.2,20.4,2.2,49,51,66679,80230
"5985",6073013504,"06","073","013504",3471,32.724351,-116.978413,"Census Tract 135.04, San Diego County, California",414000,1253,62,6.9,3.02,3.5,4.2,9.8,8.8,27.4,31,12,2.8,0.7,3.4,0,3.2,19.4,44.2,26.2,7,75.4,24.6,74049,89061
"5986",6073013505,"06","073","013505",4725,32.736267,-116.964701,"Census Tract 135.05, San Diego County, California",339300,1943,58,5.6,2.41,2.93,0.6,2.3,9.2,23.7,40.9,4.5,11.5,5.6,1.8,0.6,9.6,35.7,39.2,12.4,2.4,56.7,43.3,71849,78790
"5987",6073013506,"06","073","013506",3509,32.724499,-116.962607,"Census Tract 135.06, San Diego County, California",307400,1118,132,5.9,3.49,3.93,5.6,31.3,5.2,8.8,32.8,15.3,0,0,1,2.1,0,23.5,38.2,26.5,9.7,72.1,27.9,72721,74844
"5988",6073013601,"06","073","013601",5053,32.752638,-116.977281,"Census Tract 136.01, San Diego County, California",468400,2023,39,6.3,2.58,2.95,0.7,0,2.8,14.5,25.4,22.9,26.4,5.5,1.7,1.2,3.7,24.1,42.3,23.9,4.8,70.5,29.5,74205,82301
"5989",6073013604,"06","073","013604",6147,32.751199,-116.919723,"Census Tract 136.04, San Diego County, California",503600,2248,90,5.7,3.06,2.9,2.8,2.9,14.8,63.6,10.2,0.5,4.4,0,0.8,0,8.2,23.8,32.7,31.8,3.6,62.6,37.4,81821,99733
"5990",6073013605,"06","073","013605",5622,32.758171,-116.948826,"Census Tract 136.05, San Diego County, California",603900,2175,111,6.8,2.59,2.82,0,3.2,17.7,17.4,28,8.6,21.4,3.2,0.6,0,1.9,17.5,32.9,38.1,9.6,83.7,16.3,110652,129120
"5991",6073013606,"06","073","013606",6386,32.749271,-116.940798,"Census Tract 136.06, San Diego County, California",413700,2721,301,4.5,2.75,2.17,0.4,8.1,25.9,58.6,6.6,0.4,0,0,0,0.5,20.9,32.4,29.4,16.4,0.3,56.7,43.3,75153,78715
"5992",6073013701,"06","073","013701",2352,32.755426,-116.99294,"Census Tract 137.01, San Diego County, California",585700,922,38,6.7,2.82,2.51,2.8,0.5,3.5,8.8,33.8,25.5,15.3,7,2.7,3,2.8,11.6,44.9,29.3,8.4,83.6,16.4,82404,103509
"5993",6073013702,"06","073","013702",5357,32.741879,-116.998837,"Census Tract 137.02, San Diego County, California",384100,1764,182,5.4,2.8,3.45,0,1.5,10.3,23.6,24.7,21.9,7.8,6.5,3.7,1.3,8.5,32.1,38.2,17.1,2.8,53.6,46.4,56852,68933
"5994",6073013801,"06","073","013801",4771,32.746359,-117.009567,"Census Tract 138.01, San Diego County, California",397100,1738,66,5.5,2.49,2.81,0,0,9,8.6,23.9,12.4,37.5,8.2,0.4,2.3,10.6,24,45.6,16.6,0.9,57.7,42.3,54430,85771
"5995",6073013802,"06","073","013802",2957,32.734456,-117.010473,"Census Tract 138.02, San Diego County, California",231500,995,115,4.9,3.1,3.26,1.6,5,26.7,11.8,17.6,20.1,9.3,3.8,4,0,9.6,58.2,27.9,4.2,0,52.2,47.8,47091,53835
"5996",6073013903,"06","073","013903",4116,32.704012,-116.999596,"Census Tract 139.03, San Diego County, California",322400,1341,48,6,3.59,2.41,0,0,6,23.9,31.7,22.2,8.9,4.7,2.6,4.8,9.2,20,39,26.5,0.4,66.6,33.4,75375,81913
"5997",6073013905,"06","073","013905",3676,32.719059,-116.989998,"Census Tract 139.05, San Diego County, California",407600,1261,88,6.9,2.97,3.61,7.4,4.8,16.8,18,36.2,12.1,3.4,0.7,0.6,0.8,0,1.4,55.4,37.5,4.9,89.7,10.3,83867,96349
"5998",6073013906,"06","073","013906",4701,32.725476,-117.008565,"Census Tract 139.06, San Diego County, California",284900,1675,37,5.4,2.61,2.96,0.6,1.4,12,14.9,34.9,16.3,10.8,8.1,1,2.3,5,37.4,46.9,8.4,0,53.1,46.9,56296,66173
"5999",6073013907,"06","073","013907",4185,32.719736,-117.003248,"Census Tract 139.07, San Diego County, California",296600,1394,129,4.9,2.72,3.44,0,0.5,8.9,31.6,37.7,14.8,4,1.5,1.1,1.6,14.8,51.4,24.7,6.7,0.6,27,73,37689,46080
"6000",6073013908,"06","073","013908",3708,32.711429,-117.004255,"Census Tract 139.08, San Diego County, California",324900,1166,99,5.7,3.27,3.17,0,7.1,5.3,10.1,16.2,32,27.5,1.7,0,2.1,6,30.6,48.9,11.4,1,49.7,50.3,44554,55660
"6001",6073013909,"06","073","013909",4489,32.711343,-116.99009,"Census Tract 139.09, San Diego County, California",305300,1341,49,6.4,3.63,4.99,5.1,2.7,10.4,13.2,32.3,27.8,6.8,1.3,0.4,0,0.4,11.9,63.6,21.6,2.5,83.5,16.5,59022,85028
"6002",6073014001,"06","073","014001",4630,32.736063,-117.024686,"Census Tract 140.01, San Diego County, California",354800,1553,21,5.1,2.98,3.96,1,0.5,4.1,17.2,12,13,29.9,8.3,14.2,1,3.3,39.2,42.5,12.6,1.5,60.9,39.1,57877,70699
"6003",6073014002,"06","073","014002",4488,32.72534,-117.020577,"Census Tract 140.02, San Diego County, California",397400,1281,103,6.3,3.72,3.58,1.8,0,6.9,7.7,30.6,25.5,19.7,7,0.8,0,0,8.7,52.2,33.3,5.8,83.2,16.8,81313,79287
"6004",6073014101,"06","073","014101",3507,32.724495,-117.032046,"Census Tract 141.01, San Diego County, California",298100,1200,66,5.2,3.01,2.93,0,0,2.5,2,12.2,18.4,34.4,28.5,2,2.6,5.6,33.7,43,11.6,3.6,79.4,20.6,54508,65969
"6005",6073014102,"06","073","014102",3768,32.716834,-117.036295,"Census Tract 141.02, San Diego County, California",331500,1158,34,5.6,3.47,3.3,0,0,9.3,7.3,33.2,13,29.9,7.2,0,0,3.9,13.8,52.1,29.4,0.9,75.1,24.9,58295,66175
"6006",6073014200,"06","073","014200",6277,32.727926,-117.042858,"Census Tract 142, San Diego County, California",320800,1976,35,5.5,2.86,3.5,0,2.5,8.5,10.3,7.3,17.8,46.4,4,3.2,1.1,1.1,23.8,63.4,8.4,2.3,73.9,26.1,58075,66723
"6007",6073014300,"06","073","014300",3618,32.738097,-117.040339,"Census Tract 143, San Diego County, California",358000,1303,60,5.1,2.96,2.79,0,3.8,4,7.9,16.3,20.8,29.2,14.1,3.8,0.6,10.1,42.7,35.7,9.8,1.2,45.9,54.1,48828,62403
"6008",6073014400,"06","073","014400",3523,32.742597,-117.035273,"Census Tract 144, San Diego County, California",221900,1581,88,3.6,2.6,2.14,3.2,0,25,20.9,22,9.4,15.3,2.5,1.7,3.7,47.1,32.6,13.6,3,0,13.9,86.1,21510,35632
"6009",6073014500,"06","073","014500",3749,32.748687,-117.044378,"Census Tract 145, San Diego County, California",358100,1470,165,4.9,2.68,2.91,0.5,0,10.1,8.8,13.2,14.1,24.6,27.5,1.2,1.3,16.1,34,41.2,4.8,2.6,45.8,54.2,47690,61125
"6010",6073014601,"06","073","014601",4795,32.760467,-117.029721,"Census Tract 146.01, San Diego County, California",342100,2133,167,4,2.57,2.23,0.8,1.9,9.2,18.1,31.2,7.2,15,11,5.5,6.2,26.3,42.4,22.7,0.4,2.1,38.4,61.6,52250,63882
"6011",6073014602,"06","073","014602",4729,32.754766,-117.024251,"Census Tract 146.02, San Diego County, California",545500,1898,96,5.8,2.5,2.89,10.4,0.2,4.5,7.9,14.6,18.1,28.5,5.7,10.2,0,4.1,31,39.3,23.2,2.4,63.8,36.2,72151,82960
"6012",6073014700,"06","073","014700",7605,32.762471,-117.041638,"Census Tract 147, San Diego County, California",382900,3267,177,5,2.75,2.27,1,3.3,2.4,3.9,14.8,9.6,36.6,22.6,5.8,0.8,15.5,33.5,44.1,4.6,1.4,61.7,38.3,59185,83692
"6013",6073014803,"06","073","014803",4690,32.780019,-117.025011,"Census Tract 148.03, San Diego County, California",365600,2480,112,3.7,2.54,1.72,0.6,1.3,7.2,13,40.2,17.5,18.7,1.6,0,6.8,43.1,18.8,26.5,4.8,0,28,72,43991,54281
"6014",6073014804,"06","073","014804",4351,32.785984,-117.031676,"Census Tract 148.04, San Diego County, California",357700,2170,276,4.5,2.28,2,0,0,7.7,4.8,48.2,24.4,14.3,0.6,0,10.7,15.4,29.7,26,16.6,1.5,61.7,38.3,56151,69496
"6015",6073014805,"06","073","014805",4328,32.776833,-117.037411,"Census Tract 148.05, San Diego County, California",318600,2040,160,4,2.4,2.01,0.5,1.3,5.6,16.4,44.9,10.7,17,2.6,1,3.4,29.9,41,18.3,4.7,2.8,47,53,51588,61398
"6016",6073014806,"06","073","014806",2577,32.77106,-117.037994,"Census Tract 148.06, San Diego County, California",300000,1374,77,3.4,1.83,1.72,0.9,4.1,4.7,18,41.3,19.9,7.7,1.2,2.3,4.4,51.2,36.8,6.4,1.2,0,21.4,78.6,26006,43006
"6017",6073014901,"06","073","014901",4243,32.761458,-117.011968,"Census Tract 149.01, San Diego County, California",533700,1899,168,4.6,2.33,2.3,3.2,0,4.5,18.7,17.7,17.6,18.3,12.1,8,2.1,24.2,37,24.2,10.8,1.7,39.3,60.7,57083,67238
"6018",6073014902,"06","073","014902",3186,32.769844,-117.011098,"Census Tract 149.02, San Diego County, California",409000,1503,91,4.4,2.39,1.84,0,0,0,5.5,12.4,21.2,16,39.4,5.6,3.4,25,50.6,14.1,1.8,5.1,37,63,61319,70294
"6019",6073015000,"06","073","015000",6193,32.785057,-117.010317,"Census Tract 150, San Diego County, California",419700,2541,122,4.4,2.68,2.57,13,1.7,7.1,3.6,20.5,10.2,43.8,0,0,0,23.3,34.7,35.7,5.8,0.6,40.7,59.3,54299,65700
"6020",6073015100,"06","073","015100",4769,32.78898,-116.994891,"Census Tract 151, San Diego County, California",408100,2036,75,5.1,2.76,2.43,4.3,1.1,3.5,5.2,8.5,19.6,52.8,4.5,0.6,0,10.5,31.7,39.4,17,1.5,54,46,76442,81961
"6021",6073015200,"06","073","015200",3879,32.769646,-116.991346,"Census Tract 152, San Diego County, California",657300,1536,147,6.9,2.69,2.15,1,1.4,9.1,6.2,15.3,14.2,28.9,11.9,12,0,6.3,9.2,39.4,35,10.1,93.6,6.4,103004,156633
"6022",6073015301,"06","073","015301",3179,32.784093,-116.958814,"Census Tract 153.01, San Diego County, California",311400,1058,64,4.8,2.93,4.05,0,0,3.2,5.9,32.7,2.5,50.4,3.4,2,0,3.8,43.3,43.8,9.2,0,49.1,50.9,44000,50556
"6023",6073015302,"06","073","015302",4075,32.776273,-116.970247,"Census Tract 153.02, San Diego County, California",499700,1460,40,6.7,2.59,3.05,1.7,1,4.5,14,23.6,25.7,24.8,1.9,2.8,0,2.2,26.3,36.6,29.4,5.5,84.2,15.8,83125,113398
"6024",6073015403,"06","073","015403",2508,32.771319,-116.950525,"Census Tract 154.03, San Diego County, California",625300,895,28,7.2,2.69,3.54,0,1.5,3.8,14.4,31.6,36.1,9.5,2.1,1,0,1.1,1.9,36.3,43.2,17.4,90.8,9.2,102109,118496
"6025",6073015404,"06","073","015404",7626,32.783229,-116.942641,"Census Tract 154.04, San Diego County, California",410400,2659,186,4.8,2.6,3.3,1.1,1.1,7.4,17.6,38.2,14.5,12.4,5.5,2.3,0.8,4.1,50.6,29,14.6,1,40.8,59.2,48816,58504
"6026",6073015405,"06","073","015405",5765,32.776492,-116.920336,"Census Tract 154.05, San Diego County, California",530400,1996,9,6.6,2.84,3.78,0.5,9.9,8.1,13.1,37.6,11.5,13.2,4.8,1.3,0.6,4.2,14.7,46.1,29.8,4.7,80,20,87188,97766
"6027",6073015406,"06","073","015406",2492,32.772754,-116.900378,"Census Tract 154.06, San Diego County, California",721600,917,24,7.8,2.78,3.41,1.2,19.1,26.6,26,16.4,7.1,1.7,1.2,0.8,0,1.1,19.1,18.4,44.9,16.5,85.7,14.3,123375,162505
"6028",6073015501,"06","073","015501",4955,32.820958,-116.867593,"Census Tract 155.01, San Diego County, California",395800,1903,154,5.9,3.07,2.23,7.6,16.5,12,9.9,28.8,5.5,11.7,5,3,0,3,18.4,58.5,19.2,0.8,88.5,11.5,76016,92579
"6029",6073015502,"06","073","015502",2748,32.817219,-116.829997,"Census Tract 155.02, San Diego County, California",549900,1015,119,6.3,2.84,2.39,17.8,16.9,15.9,17.8,16.6,4.3,3.8,3.7,3.1,0,1.4,21.6,46.3,22.9,7.9,87.8,12.2,85517,110334
"6030",6073015601,"06","073","015601",5937,32.791865,-116.92756,"Census Tract 156.01, San Diego County, California",347700,2092,217,4.9,3.41,2.7,0.7,0.6,14.3,17.2,26.3,22.9,15.5,1.2,1.2,1,14.9,29.8,41.4,11,1.9,58.7,41.3,57578,68916
"6031",6073015602,"06","073","015602",2536,32.795296,-116.907595,"Census Tract 156.02, San Diego County, California",584400,781,59,7.1,3.51,2.95,0,1.4,4.9,7.8,38.4,17.3,23.9,4.2,2,0,0,3.1,39.1,43.1,14.7,91.6,8.4,106714,129210
"6032",6073015701,"06","073","015701",6239,32.797801,-116.941909,"Census Tract 157.01, San Diego County, California",30700,2192,249,4,1.93,3.17,1.3,0.5,3.1,17.2,38.2,31.4,6.8,1.5,0,1.7,40.9,50.4,6.5,0.5,0,22,78,31008,35472
"6033",6073015703,"06","073","015703",7102,32.791363,-116.949425,"Census Tract 157.03, San Diego County, California",27900,2360,105,3.9,2.68,3.11,0,3.3,6.9,14.9,35.7,28.8,6.6,3.9,0,4.1,23.6,61.5,9.4,1.3,0,19.4,80.6,26473,36373
"6034",6073015704,"06","073","015704",4024,32.791121,-116.937614,"Census Tract 157.04, San Diego County, California",257000,1455,105,4.3,2.96,3.34,0,1.8,3.2,19,15.9,26.8,31.4,1.3,0.6,2.7,19.9,36.5,31.1,5.4,4.4,45,55,44382,52843
"6035",6073015801,"06","073","015801",3550,32.797202,-116.95924,"Census Tract 158.01, San Diego County, California",281700,1390,131,3.9,3.04,3.04,1.3,4.7,0.7,14.6,37.7,19.3,14.3,6.2,1.2,6.3,33.7,40.9,18.3,0.9,0,14.9,85.1,27711,45988
"6036",6073015802,"06","073","015802",4673,32.790888,-116.95871,"Census Tract 158.02, San Diego County, California",302100,1503,120,3.9,2.77,2.93,0.8,6.7,12.8,10.1,23.7,20.6,14.8,5.4,5.1,2.2,37.3,41.4,16,3.1,0,17.7,82.3,32058,40643
"6037",6073015901,"06","073","015901",3450,32.790151,-116.968806,"Census Tract 159.01, San Diego County, California",16200,1012,47,3.8,4.08,3.67,0,6.2,7.2,10.8,30.7,29.9,6.8,3.6,4.7,0,28.4,57.9,10.6,2.1,1.1,10.4,89.6,30635,35863
"6038",6073015902,"06","073","015902",5220,32.783738,-116.967258,"Census Tract 159.02, San Diego County, California",348900,1774,76,4.2,2.9,2.77,0.6,3.6,2.5,19.1,28.4,7.7,23.3,6.5,8.3,2.5,24.9,42.4,24.7,5.1,0.4,35.7,64.3,37377,47461
"6039",6073016000,"06","073","016000",2419,32.79001,-116.97948,"Census Tract 160, San Diego County, California",371700,921,61,5.4,2.47,3.58,0,0.8,4.8,5.3,17.7,21.5,33.9,14.1,2,0,6.7,29.9,42.5,16.1,4.9,69.3,30.7,77000,88376
"6040",6073016100,"06","073","016100",5788,32.800447,-116.98887,"Census Tract 161, San Diego County, California",452200,2253,50,5.5,2.82,2.58,0,0,0,2.3,32.9,17.1,37,6.9,3.7,0,12.1,24.9,43.7,17,2.3,59.5,40.5,84923,93164
"6041",6073016201,"06","073","016201",5843,32.812674,-116.990841,"Census Tract 162.01, San Diego County, California",538900,2190,0,6.4,2.56,3.55,1.1,0.8,2.6,13.9,38.8,20.2,21.1,0,1.5,0,2.2,7.8,52.4,33.1,4.5,78.3,21.7,84938,109811
"6042",6073016202,"06","073","016202",3337,32.801727,-116.970285,"Census Tract 162.02, San Diego County, California",140600,1493,195,3.6,2.39,2.15,1,7,5.2,10.1,39.2,24.8,7.9,4.8,0,1.1,47.7,39,10.9,1.1,0.1,14.5,85.5,38429,49994
"6043",6073016301,"06","073","016301",4919,32.802725,-116.956408,"Census Tract 163.01, San Diego County, California",303800,1817,147,4.1,2.88,3.05,0.4,4.2,10.5,10.3,35.2,16.4,18.8,2.7,1.5,2.5,27.2,41.9,18.1,9.9,0.4,34.9,65.1,42000,51577
"6044",6073016302,"06","073","016302",5444,32.803939,-116.944779,"Census Tract 163.02, San Diego County, California",306400,1765,297,4.6,2.95,3.11,0,0.6,5.1,10.4,28,26.8,19.9,8.3,0.9,0,21.1,39.2,30.7,6.7,2.3,38.9,61.1,39583,49365
"6045",6073016401,"06","073","016401",4996,32.813901,-116.927752,"Census Tract 164.01, San Diego County, California",381400,1655,92,5.8,3.04,3,0,4.6,6.6,11.3,22.7,20.1,33.4,1.3,0,0,3.7,27.3,48.1,20.1,0.8,74.3,25.7,72699,76693
"6046",6073016402,"06","073","016402",7452,32.805357,-116.922823,"Census Tract 164.02, San Diego County, California",462900,2459,145,4.8,2.97,3.28,2.3,3.6,4,15.5,30.9,25.3,11.4,2.8,4.2,1.1,14.9,40.1,29.6,9.7,4.6,39.7,60.3,53942,72928
"6047",6073016502,"06","073","016502",6915,32.81325,-116.944239,"Census Tract 165.02, San Diego County, California",397300,2389,236,5,2.85,2.97,0,3.9,4,9.7,30.1,15,26.4,10.3,0.6,0.6,16.5,39.3,33.5,10,0,35.2,64.8,47550,54145
"6048",6073016503,"06","073","016503",2784,32.821896,-116.955928,"Census Tract 165.03, San Diego County, California",307600,1135,133,5.1,2.76,2.3,3.5,3.7,5.8,27,35.6,9.7,14.7,0,0,0,8.6,31.3,51,6.7,2.4,64.5,35.5,60167,57206
"6049",6073016504,"06","073","016504",6253,32.814033,-116.956103,"Census Tract 165.04, San Diego County, California",98500,2533,453,4.4,2.91,2.58,2.1,4.4,9.4,28.6,38,11.4,4.5,0,1.7,1.1,18.1,54,20,6.3,0.6,28,72,40055,43444
"6050",6073016605,"06","073","016605",7339,32.831989,-117.019164,"Census Tract 166.05, San Diego County, California",218700,3184,151,5,2.17,3.02,6,5.5,9,16.6,35.6,20,6.3,0.4,0.6,0.6,3.9,52.1,33.8,7.9,1.7,79,21,65510,75577
"6051",6073016606,"06","073","016606",3388,32.842117,-117.014804,"Census Tract 166.06, San Diego County, California",353100,1191,39,5.6,2.8,3.06,10.5,3.8,0,3.5,63.7,12.3,6.2,0,0,0,9.8,19.6,53.8,16.7,0,70.1,29.9,73788,82791
"6052",6073016607,"06","073","016607",6365,32.854027,-116.963487,"Census Tract 166.07, San Diego County, California",372000,2307,91,5.7,3.05,2.38,0,2.6,1,32.6,52.9,6.8,1.4,0.7,2.2,0,6,39.4,37.3,16.9,0.4,77.3,22.7,76207,83544
"6053",6073016608,"06","073","016608",2526,32.866973,-116.964242,"Census Tract 166.08, San Diego County, California",436900,811,0,6.2,3.19,2.93,0,3.9,14.1,5.3,63,9.6,1.8,0,2.2,0,1.1,3.3,43,50.6,2,90.1,9.9,90250,94336
"6054",6073016609,"06","073","016609",5227,32.868946,-116.975986,"Census Tract 166.09, San Diego County, California",366300,1732,43,6.5,3.06,2.72,0,1.1,10.1,28.2,48.9,8.7,3,0,0,0.2,5.4,10.7,44.2,36.7,2.7,75.7,24.3,78821,86514
"6055",6073016610,"06","073","016610",4163,32.858416,-116.977238,"Census Tract 166.10, San Diego County, California",388500,1460,87,5.6,2.92,3.14,0,1.4,4.9,17.7,67,4.1,4,0.8,0.2,0,0.6,29.8,41.2,26.2,2.3,72.2,27.8,78036,79680
"6056",6073016612,"06","073","016612",6143,32.85871,-117.00138,"Census Tract 166.12, San Diego County, California",397800,1938,75,6,3.04,3.4,0,0,0.6,25.2,30.8,18.3,25.2,0,0,0,3.1,5.6,61.5,29,0.9,76.5,23.5,91994,96694
"6057",6073016613,"06","073","016613",1860,32.847773,-117.00367,"Census Tract 166.13, San Diego County, California",345500,688,31,5.6,2.78,2.08,0,0,1.7,20.1,19,34.7,21.4,1.7,1.3,0,3.1,28.9,43.3,20.1,4.7,78.7,21.3,78963,89737
"6058",6073016614,"06","073","016614",3912,32.848832,-116.990792,"Census Tract 166.14, San Diego County, California",367600,1324,53,6.1,2.99,3.18,2.2,6.7,26.7,0.7,20.3,16,23.3,0.8,3.2,0,1.7,9.1,62,22.2,5,75.5,24.5,67938,76829
"6059",6073016615,"06","073","016615",3059,32.849755,-116.976153,"Census Tract 166.15, San Diego County, California",379300,764,21,5.1,2.89,2.95,8,2.7,6,24.9,39.1,8.9,5.2,5.1,0,1.8,12.4,33.9,36.6,13.9,1.3,55.2,44.8,64229,74306
"6060",6073016616,"06","073","016616",4067,32.831677,-116.994766,"Census Tract 166.16, San Diego County, California",357800,1327,0,5.5,2.77,3.51,2.6,0,10.6,27.7,26,19.4,8.8,3.8,1.1,0,5.4,27.2,45.7,17.9,3.8,58.3,41.7,52802,64693
"6061",6073016617,"06","073","016617",3102,32.835685,-116.974502,"Census Tract 166.17, San Diego County, California",198100,1480,142,4.5,2.11,1.93,6.9,8,1.8,13.4,37.1,23.3,9.5,0,0,2.6,11.3,58.4,18.4,8.9,0.3,57.5,42.5,36115,52470
"6062",6073016701,"06","073","016701",8666,32.835508,-116.949538,"Census Tract 167.01, San Diego County, California",350000,3144,133,5.2,2.93,2.79,13.3,2.8,2.3,23.8,33.7,11.7,11.7,0.8,0,0.3,15.3,32.6,32.9,16.5,2.4,57.3,42.7,65139,76567
"6063",6073016702,"06","073","016702",6944,32.847631,-116.934026,"Census Tract 167.02, San Diego County, California",344200,2834,483,4.6,2.81,2.88,3.7,0.5,9.7,19.4,35.4,13.6,12.7,1.8,3.3,1.8,29.9,32.4,26.4,9.6,0,39.5,60.5,60120,72061
"6064",6073016802,"06","073","016802",6942,32.861301,-116.856891,"Census Tract 168.02, San Diego County, California",424300,2909,101,6.2,2.72,2.1,5.8,11.4,14.7,20.9,31.1,5.9,6.6,1.2,2.3,3.5,2.4,26.3,36.8,20.1,10.8,86.6,13.4,66364,83104
"6065",6073016804,"06","073","016804",7292,32.861361,-116.915333,"Census Tract 168.04, San Diego County, California",316200,2751,326,4.7,3.1,2.98,0.5,0,7.6,24.8,40.6,14.2,10.5,1.1,0.6,1.8,16,45.3,28.5,7.8,0.5,42,58,48542,66198
"6066",6073016806,"06","073","016806",4081,32.82638,-116.928802,"Census Tract 168.06, San Diego County, California",284700,1535,104,4.9,2.46,2.92,4.1,7.9,11.3,15.2,28.7,20.1,9.3,1.3,2.1,0.7,8.7,47.3,34.3,6.1,2.9,54.2,45.8,44375,53505
"6067",6073016807,"06","073","016807",7135,32.834718,-116.919338,"Census Tract 168.07, San Diego County, California",344700,2658,150,5.5,2.9,2.73,1.7,4.6,11.2,9.4,44.4,19.6,9,0,0,0,5.7,18.4,53.2,19.6,3,82.9,17.1,69000,84454
"6068",6073016809,"06","073","016809",5486,32.830205,-116.899776,"Census Tract 168.09, San Diego County, California",334700,1948,251,5.9,2.99,3.48,1.3,11.7,20.1,11.7,29,16.7,6.8,0,2.7,1.5,4.5,15.6,54.5,22.2,1.8,88.2,11.8,74219,85420
"6069",6073016810,"06","073","016810",2792,32.848086,-116.910209,"Census Tract 168.10, San Diego County, California",447200,936,18,6.4,3.23,2.9,0,0,24.3,10.4,15.1,19.6,12.3,10.9,7.6,0,3.5,12.3,55.3,22.9,6,87.1,12.9,92586,96035
"6070",6073016811,"06","073","016811",4374,32.844331,-116.896761,"Census Tract 168.11, San Diego County, California",358500,1694,209,5.6,2.5,2.8,3.4,11.3,18.5,7.2,36.3,14.6,7.2,1.1,0.5,0,3.1,26.4,46.9,20.7,2.9,88.4,11.6,64426,75931
"6071",6073016901,"06","073","016901",6909,32.877147,-116.93937,"Census Tract 169.01, San Diego County, California",363400,2644,306,6,3.05,3.46,1.9,10.6,6.8,14.9,38.2,8.7,15.2,2.7,1.1,2.6,2.6,16.3,59.3,15.5,3.7,74.4,25.6,74167,91050
"6072",6073016902,"06","073","016902",2341,32.90739,-116.889584,"Census Tract 169.02, San Diego County, California",386100,835,63,6.5,3.28,3.66,11.1,15.9,12.5,4.7,22.4,9.7,11.4,5.4,6.9,0,2,23,48.5,23.8,2.6,77.2,22.8,92611,99881
"6073",6073017006,"06","073","017006",2876,33.012962,-117.051248,"Census Tract 170.06, San Diego County, California",716400,1061,52,7.1,2.75,3.24,3.4,1.1,1.7,4.3,63.9,24,1.5,0,0,0,0,13.8,26.4,55.7,4.1,88,12,116250,184066
"6074",6073017009,"06","073","017009",4024,32.964582,-117.030705,"Census Tract 170.09, San Diego County, California",435900,1480,116,5.8,2.97,2.69,7,9,7.2,21.4,27.6,15.1,10.1,2.6,0,0,8.3,24.5,28.3,36.1,2.7,72.1,27.9,59541,81117
"6075",6073017010,"06","073","017010",3152,32.961186,-117.009563,"Census Tract 170.10, San Diego County, California",490700,982,32,6.6,2.85,4.04,0.9,3.7,15.3,13.8,40.2,20.5,4.2,0,1.4,0.8,0,1.1,37.5,40.9,19.7,88.1,11.9,115000,130729
"6076",6073017014,"06","073","017014",2416,33.015307,-117.066079,"Census Tract 170.14, San Diego County, California",385500,1730,239,5,1.64,1.34,0,0,4,13.8,25.1,52.5,3.9,0.6,0,4.6,8,63.9,22.6,0.9,0,63.8,36.2,42695,55694
"6077",6073017015,"06","073","017015",7295,33.037314,-117.069609,"Census Tract 170.15, San Diego County, California",524800,3296,345,5.6,2.48,2.88,0.5,1,15.9,23.3,36.2,22.4,0.3,0.5,0,0,3.1,37.7,45.2,9.6,4.4,74.8,25.2,89479,101904
"6078",6073017018,"06","073","017018",3834,32.965665,-117.098849,"Census Tract 170.18, San Diego County, California",246500,1735,78,4,2.5,2.23,0.3,0,22.9,19.9,45.8,8.1,0.6,2.1,0.4,5,12.2,67,10.5,5.2,0,50.9,49.1,58135,65877
"6079",6073017019,"06","073","017019",5883,33.03546,-117.05578,"Census Tract 170.19, San Diego County, California",545600,3079,177,5.5,2.16,1.97,2.1,3.4,0.3,36.5,52.7,3.4,0.8,0.4,0.4,0,1.5,48.4,27.3,18.9,3.8,81.8,18.2,72869,111254
"6080",6073017020,"06","073","017020",3694,33.030922,-117.033076,"Census Tract 170.20, San Diego County, California",826300,1393,62,7.5,2.72,2.51,5.2,7.3,20.7,18.5,42.6,2.7,2.2,0.6,0,0,1.9,12.7,31.2,39,15.1,87.5,12.5,130625,181941
"6081",6073017021,"06","073","017021",3177,33.000753,-117.000274,"Census Tract 170.21, San Diego County, California",838700,1059,61,7.8,3.05,2.39,1.3,15.8,28,34.2,9.2,4.6,5.5,1.4,0,0,0.8,4.4,31.5,47.8,15.4,89.9,10.1,136324,157757
"6082",6073017022,"06","073","017022",5316,32.905534,-117.099912,"Census Tract 170.22, San Diego County, California",532600,2227,100,6.3,2.42,2.85,2.4,5.3,4.8,13.2,67,6.2,1.1,0,0,0,8.3,15.5,38.9,34.8,2.5,79.3,20.7,105145,115697
"6083",6073017029,"06","073","017029",8823,32.989503,-117.174499,"Census Tract 170.29, San Diego County, California",NA,3069,425,7.9,2.85,2.02,7.8,42.4,17.5,22.6,5.7,3.9,0,0,0,0,2.5,12.9,22.7,33.4,28.5,88.7,11.3,138365,192297
"6084",6073017030,"06","073","017030",17064,33.029006,-117.109447,"Census Tract 170.30, San Diego County, California",639100,5867,421,6,3.37,2.44,36,13.9,18.4,20.8,7.9,1.8,0.4,0.4,0.5,1.2,8.1,15.5,37.3,24.5,13.4,70.8,29.2,126038,142747
"6085",6073017031,"06","073","017031",3853,33.027909,-117.083999,"Census Tract 170.31, San Diego County, California",413400,1464,98,5.7,2.78,3.27,0.8,1.8,5.9,11.8,70.8,8.1,0,0.8,0,0,0.6,21.8,44.8,24,8.7,76.5,23.5,83929,94593
"6086",6073017032,"06","073","017032",13593,33.009099,-117.104524,"Census Tract 170.32, San Diego County, California",645200,4408,114,6.1,3.33,2.5,11.3,42.2,7.1,35.6,3.4,0,0.4,0,0,0.3,7.6,21.3,28.4,27.4,15,73.2,26.8,117917,135078
"6087",6073017033,"06","073","017033",4694,32.969434,-117.120086,"Census Tract 170.33, San Diego County, California",606000,1587,80,6.9,3.05,3.74,0,0,9.3,45.6,41.8,1.6,1.7,0,0,0,0,20.5,23.9,42.5,13.1,70.1,29.9,116125,126019
"6088",6073017034,"06","073","017034",4747,32.989788,-117.088063,"Census Tract 170.34, San Diego County, California",511700,1728,73,5.9,2.87,3.08,1.2,0.6,7.3,24.4,62.1,4,0.4,0,0,0,7.9,22.9,36.7,30.6,2,56.6,43.4,85727,100905
"6089",6073017035,"06","073","017035",2354,32.973853,-117.095755,"Census Tract 170.35, San Diego County, California",585200,1004,32,4.5,2.91,2.72,0,0,5.4,33.3,44.9,12,2,0,2.5,1.9,6.5,60.6,12,15.9,3.2,29,71,40588,73597
"6090",6073017036,"06","073","017036",3276,32.959242,-117.122536,"Census Tract 170.36, San Diego County, California",424500,1228,0,5.5,2.63,3.51,0,0,1.5,71.4,23.2,2.3,0,0.8,0.8,0,0.7,31.9,51.9,14,1.5,64.1,35.9,94815,94877
"6091",6073017037,"06","073","017037",5880,32.950511,-117.117473,"Census Tract 170.37, San Diego County, California",589900,2101,122,6.7,3.12,2.83,0.4,0,6.3,58.4,34.3,0.7,0,0,0,0,8,14.1,30.9,40.4,6.5,68.2,31.8,106689,133225
"6092",6073017039,"06","073","017039",6921,32.957237,-117.087755,"Census Tract 170.39, San Diego County, California",528200,2694,101,5.1,2.73,2.93,11.5,14.4,46.7,22.5,0.8,2.5,1,0,0.5,1,7.4,39.4,22,25.4,4.8,71.2,28.8,104978,114377
"6093",6073017040,"06","073","017040",4363,32.96446,-117.05794,"Census Tract 170.40, San Diego County, California",493700,1431,67,6.1,2.89,4.65,0,0,7.7,23.5,36.3,10.7,21.8,0,0,0,0,8.1,38.3,50.1,3.5,87.8,12.2,93167,119805
"6094",6073017041,"06","073","017041",6147,32.96436,-117.04359,"Census Tract 170.41, San Diego County, California",438700,2175,33,5.7,2.91,3.51,4.6,1.2,6.3,23.5,46.1,10,8.4,0,0,0,3.4,15.4,47.8,28.1,5.3,75.1,24.9,81302,87094
"6095",6073017042,"06","073","017042",7869,32.941174,-117.08307,"Census Tract 170.42, San Diego County, California",605500,2747,143,5.8,3.31,2.78,5.6,14.3,73,4.2,2.1,0,0.8,0,0,0,1.5,33.3,26.4,23,15.8,73.3,26.7,111801,127483
"6096",6073017043,"06","073","017043",5535,32.927256,-117.106014,"Census Tract 170.43, San Diego County, California",741400,2063,67,5.9,2.97,2.55,0,28.7,45.6,18.9,5.6,1.1,0,0,0,0,6.5,31.7,18.4,28.3,15.1,71,29,121645,143926
"6097",6073017044,"06","073","017044",5570,32.929002,-117.08422,"Census Tract 170.44, San Diego County, California",618000,1919,54,6.3,3.05,3.91,0.3,6.9,89.8,1.4,0,0.5,0,1,0,0,1,19,36,28.3,15.7,88.7,11.3,134261,145743
"6098",6073017045,"06","073","017045",2790,32.929325,-117.0666,"Census Tract 170.45, San Diego County, California",693200,855,39,7.5,3.32,2.91,0,4.8,93.5,1.1,0,0,0,0.7,0,0,0.7,0,23.9,63.9,11.6,96,4,148000,167776
"6099",6073017046,"06","073","017046",3678,32.918655,-117.091568,"Census Tract 170.46, San Diego County, California",674800,1431,20,6.7,2.77,3.87,1.5,16.2,15.9,61.7,4,0.6,0.2,0,0,2,0,14.3,28,44.5,11.2,90.4,9.6,131509,147853
"6100",6073017047,"06","073","017047",4021,32.914947,-117.075904,"Census Tract 170.47, San Diego County, California",646100,1427,34,6.8,2.91,3.18,1.9,0,11.1,51.8,31.8,2.6,0,0,0.8,0,0,7.8,32.8,55.6,3.8,91.4,8.6,130375,141159
"6101",6073017048,"06","073","017048",6123,32.95012,-117.053979,"Census Tract 170.48, San Diego County, California",371600,2334,147,5.1,3.34,2.62,5.4,2.7,11.6,18,37.5,20.3,3,1.2,0.4,0,16.8,28.1,32.9,22.2,0,51.8,48.2,68024,75700
"6102",6073017049,"06","073","017049",2919,32.950196,-117.024849,"Census Tract 170.49, San Diego County, California",441800,892,16,6.1,3.15,4.42,1.7,14.8,13.7,4.3,32.7,27,4.7,1.1,0,0,0,6.4,52.4,32.6,8.6,67.9,32.1,93958,92138
"6103",6073017050,"06","073","017050",3068,32.968723,-117.067986,"Census Tract 170.50, San Diego County, California",509000,1071,32,5.6,2.64,2.52,0.8,17.2,6.9,17.9,23,23.3,10.8,0,0,0,19.7,13.4,30.3,32.7,3.9,58.6,41.4,87152,96654
"6104",6073017051,"06","073","017051",4301,33.004103,-117.067736,"Census Tract 170.51, San Diego County, California",465600,2156,158,5,2.12,2.37,0,3.1,18.1,60.9,12.4,4.9,0.6,0,0,0,5.8,53.7,29.5,8,3,68.7,31.3,64944,95293
"6105",6073017052,"06","073","017052",4796,33.003329,-117.075239,"Census Tract 170.52, San Diego County, California",469700,2279,128,4.9,2.03,2.44,3.5,2.8,11.7,74.9,5,1.4,0,0,0.7,1.3,21,37.4,29.2,9.6,1.5,62.7,37.3,86932,102361
"6106",6073017053,"06","073","017053",3364,32.999444,-117.030492,"Census Tract 170.53, San Diego County, California",878500,1115,81,7.7,2.99,4.07,0,3.1,15,41.4,19.6,15.9,5,0,0,0,1.5,0,13.7,65.7,19,97.3,2.7,163452,194547
"6107",6073017054,"06","073","017054",5810,32.986925,-117.047979,"Census Tract 170.54, San Diego County, California",576000,2015,36,6.4,3.16,1.78,0,10,1.9,28.5,51,8.1,0.5,0,0,0.8,12.7,5.3,29.5,33,18.7,75.9,24.1,108730,120926
"6108",6073017055,"06","073","017055",5483,32.97773,-117.073534,"Census Tract 170.55, San Diego County, California",582200,1988,100,5.7,2.76,2.3,1.6,0,57,31.8,9.6,0,0,0,0,0,8.1,24.5,40.5,26.8,0,71.9,28.1,118432,130331
"6109",6073017056,"06","073","017056",4144,32.974791,-117.083763,"Census Tract 170.56, San Diego County, California",528700,1786,141,4.3,2.84,2.05,0,0,45.4,49.6,5,0,0,0,0,0,27.9,39.1,18.4,9.2,5.4,40.2,59.8,87721,99953
"6110",6073017104,"06","073","017104",3907,33.049212,-117.24128,"Census Tract 171.04, San Diego County, California",642300,1495,0,5.5,2.91,2.25,0,0.5,1.9,37.3,52.4,5.6,1.5,0.8,0,0,8.2,17.6,43.9,23.1,7.2,76.3,23.7,96114,105546
"6111",6073017106,"06","073","017106",4973,33.021311,-117.208491,"Census Tract 171.06, San Diego County, California",NA,2058,414,7.7,2.83,2.6,3.2,3,13.8,17.9,33.9,15.4,6.8,0,6.1,0,5,10.2,31.5,21.4,31.9,83.9,16.1,158500,248567
"6112",6073017107,"06","073","017107",2871,33.061726,-117.250284,"Census Tract 171.07, San Diego County, California",658900,1000,98,6.9,3.01,2.91,0,4.8,4.7,83.1,7.4,0,0,0,0,1,0,1.3,45.5,44,8.2,92.9,7.1,116250,142997
"6113",6073017108,"06","073","017108",4658,33.05251,-117.252044,"Census Tract 171.08, San Diego County, California",594500,1669,0,6.3,2.61,3.59,0,0,0.7,40.9,57.5,0.9,0,0,0,0,0,15.8,43.4,34.3,6.4,84,16,105368,114129
"6114",6073017109,"06","073","017109",6650,33.073791,-117.233243,"Census Tract 171.09, San Diego County, California",796900,2236,82,7,3.26,2.16,8.9,18.3,35.1,27.8,9.3,0.6,0,0,0,0,3.8,23.6,16.7,35,20.9,79.1,20.9,112805,125708
"6115",6073017110,"06","073","017110",10622,33.075127,-117.207057,"Census Tract 171.10, San Diego County, California",NA,3617,208,8.2,3.03,2.81,18.6,27.7,18.3,16.6,15.7,2,0.3,0.3,0.4,0.9,3.7,15.3,19.7,41.4,19,69.6,30.4,103170,181003
"6116",6073017200,"06","073","017200",4146,32.957295,-117.26294,"Census Tract 172, San Diego County, California",NA,2685,700,5.1,2.19,1.98,2.8,1.2,6.8,19.8,24.4,21.4,13.7,7.4,2.5,0,14.2,33.5,32.1,15.2,5.1,56.7,43.3,114531,172336
"6117",6073017303,"06","073","017303",3018,32.998294,-117.268367,"Census Tract 173.03, San Diego County, California",NA,1342,131,5.6,2.6,2.99,4.1,6.7,7.5,9.2,13.2,10.5,28.9,14.6,5.2,1,8.4,28.8,41.4,13.9,6.6,69.3,30.7,122961,161746
"6118",6073017304,"06","073","017304",5508,32.985489,-117.264037,"Census Tract 173.04, San Diego County, California",790900,3166,751,4.4,2.34,2.1,2.1,2.4,7.6,21.3,45.7,9.8,4.9,3.6,2.8,1.6,16.1,54.9,22,3.4,1.9,37.3,62.7,70744,100499
"6119",6073017305,"06","073","017305",2969,33.002009,-117.24887,"Census Tract 173.05, San Diego County, California",924700,1334,98,6.8,2.42,2.04,0.9,0,0,16.9,80.9,0.6,0,0,0.7,0.7,5.7,12.3,32.8,36,12.5,81.6,18.4,90114,118139
"6120",6073017306,"06","073","017306",2818,32.988673,-117.242714,"Census Tract 173.06, San Diego County, California",NA,1252,94,7.1,2.38,2.04,1.8,2.8,14.1,33.7,34.1,6.3,2.8,2.1,2.3,0,0.7,22,34.7,28.8,13.7,88.6,11.4,135577,193323
"6121",6073017401,"06","073","017401",5355,33.023298,-117.27933,"Census Tract 174.01, San Diego County, California",988200,2740,220,5.3,2.31,2.19,0.8,4.3,15.9,21.5,28.7,9.1,13.7,4.1,1.9,4.6,5.1,38.8,34.9,13.1,3.5,49,51,83883,125638
"6122",6073017403,"06","073","017403",4922,33.03814,-117.254306,"Census Tract 174.03, San Diego County, California",618900,2083,148,6.2,2.67,2.43,0,1.2,8.5,34.5,46.3,5.9,1.9,0.7,1.1,2.4,1.4,21.2,35.7,34.7,4.6,80.2,19.8,89281,117950
"6123",6073017404,"06","073","017404",6338,33.02826,-117.268437,"Census Tract 174.04, San Diego County, California",666100,2542,217,5.4,2.78,2.35,1.5,4,5.3,19.7,39.1,13.7,13.7,1.6,1.4,3.3,10.5,14,49.8,20.3,2,69.8,30.2,86125,103958
"6124",6073017501,"06","073","017501",2769,33.042233,-117.29144,"Census Tract 175.01, San Diego County, California",954100,1460,177,4.3,2.63,1.88,0.7,2.3,4.4,13.7,21.3,20.8,18.7,8.8,9.5,0.8,19.2,48.8,21.5,7.7,2,51.2,48.8,87532,119351
"6125",6073017502,"06","073","017502",3641,33.041027,-117.276817,"Census Tract 175.02, San Diego County, California",584000,1251,59,4.9,3.38,2.61,3,6.9,3.9,13.9,34.1,27.3,8.4,2.2,0.4,2.4,5.8,48.7,31.7,10.4,1,42.8,57.2,51250,75816
"6126",6073017601,"06","073","017601",4941,33.075633,-117.285043,"Census Tract 176.01, San Diego County, California",784200,2104,149,6.1,2.63,1.99,11.8,24.9,5.2,17.7,19.4,9.2,6.7,1.9,3.1,0,11,28.2,24.1,31.7,5,64.1,35.9,97153,120388
"6127",6073017603,"06","073","017603",2476,33.058748,-117.290003,"Census Tract 176.03, San Diego County, California",620200,1001,94,5.4,2.46,2.17,1.9,4.9,15.5,20.7,19,12.5,20.3,4.8,0.5,0.5,6.1,34.7,38.4,14.9,5.5,79.4,20.6,93728,119948
"6128",6073017604,"06","073","017604",7040,33.054312,-117.272679,"Census Tract 176.04, San Diego County, California",692400,3074,288,5.1,2.75,1.95,1.1,22.3,19.6,21.6,27.9,5.2,1.9,0.4,0,1.7,12.6,43.2,18.9,15.2,8.5,52.2,47.8,76504,120258
"6129",6073017701,"06","073","017701",5275,33.073582,-117.304146,"Census Tract 177.01, San Diego County, California",946300,2505,364,4.4,2.35,2.27,6.4,5.9,4.4,20.2,28.7,14.8,10.5,7,2.1,4.6,21.4,33.3,33.5,5,2.1,44.7,55.3,78902,96868
"6130",6073017702,"06","073","017702",2777,33.05694,-117.298792,"Census Tract 177.02, San Diego County, California",634000,1495,143,4.5,2.39,1.86,3.7,0.3,2.9,10.8,26.3,15.1,22.3,10.4,8.2,9,23.3,31.7,25.6,6.5,3.9,51.5,48.5,51800,78178
"6131",6073017801,"06","073","017801",6539,33.168743,-117.331643,"Census Tract 178.01, San Diego County, California",614600,2690,102,5.3,2.47,2.49,4,3,4.6,31.2,21.7,16.9,13.3,1.9,3.4,2.2,9.4,30.8,34.6,17.4,5.7,60.5,39.5,70654,82103
"6132",6073017808,"06","073","017808",5975,33.100297,-117.287049,"Census Tract 178.08, San Diego County, California",741300,2523,213,6.4,2.56,2.76,7.2,3,39.1,28.5,21.4,0,0.8,0,0,0,4.6,15.7,40.1,30.2,9.3,88.5,11.5,106678,129800
"6133",6073017809,"06","073","017809",2293,33.157413,-117.326411,"Census Tract 178.09, San Diego County, California",688900,890,24,6.4,2.7,2.06,1.1,12.2,3.1,17.9,22,17.5,15.8,6.7,3.5,0,6.7,12.6,40.9,33.4,6.4,82.8,17.2,76429,98851
"6134",6073017810,"06","073","017810",4942,33.149305,-117.321215,"Census Tract 178.10, San Diego County, California",640600,2120,87,6.1,2.43,2.39,4.4,5,6.7,22.1,42.8,13.4,4.9,0,0.6,0,7.3,24.7,32.8,29.8,5.4,71.2,28.8,78412,92808
"6135",6073017811,"06","073","017811",6355,33.112351,-117.306953,"Census Tract 178.11, San Diego County, California",552100,2978,202,5,2.41,2.18,0.9,3.2,21.8,47.4,24.4,1.1,0.6,0,0.6,0.6,4.5,47.5,29.5,10.7,7.1,60.5,39.5,93750,106285
"6136",6073017813,"06","073","017813",4106,33.105205,-117.316322,"Census Tract 178.13, San Diego County, California",696800,1982,347,5.9,2.42,2.68,3.9,34.7,20.5,5,24.6,4,7.2,0,0,1.7,5.4,35.1,31.8,20,6,76.8,23.2,86250,136169
"6137",6073017900,"06","073","017900",6958,33.158562,-117.343662,"Census Tract 179, San Diego County, California",530100,3055,328,4,2.27,2.29,0.8,4.3,5.3,14.7,45,15,10,1.8,3.1,4.2,32.5,44.4,16.8,2.2,0,18.8,81.2,42097,55439
"6138",6073018000,"06","073","018000",3711,33.154194,-117.347924,"Census Tract 180, San Diego County, California",739000,2134,388,4,2.19,1.67,2.4,5.5,6.3,19.1,37.7,10.1,13.3,5.2,0.4,4.9,25.9,52.5,14.7,2,0,16.3,83.7,62672,69322
"6139",6073018100,"06","073","018100",5659,33.178332,-117.360857,"Census Tract 181, San Diego County, California",530200,2788,313,4.6,2.64,2.02,1,3.5,3.6,8.6,13.2,17.2,29.6,21.4,2,2.1,16.2,40.5,31.7,9,0.5,51.8,48.2,65757,88571
"6140",6073018200,"06","073","018200",6847,33.192426,-117.370028,"Census Tract 182, San Diego County, California",437100,2643,243,3.9,2.21,3.07,1.6,1.9,5,18.4,28.8,12.6,17.5,7.8,6.4,8,32.9,42.6,15.5,1.1,0,15.1,84.9,40000,49418
"6141",6073018300,"06","073","018300",2166,33.191463,-117.380406,"Census Tract 183, San Diego County, California",654500,2601,1234,3.5,1.64,1.92,1.3,1.3,8,16,32.2,13.2,14,4.5,9.5,4.5,45.8,40.8,5.5,2.6,0.8,25.5,74.5,51329,72890
"6142",6073018400,"06","073","018400",3566,33.198792,-117.379452,"Census Tract 184, San Diego County, California",628200,1687,360,3.9,2.45,2.24,5.4,17.2,9.8,8.1,20.2,11.1,7.1,9.5,11.6,10,27.5,41.6,19.9,0.4,0.5,18.1,81.9,43234,61275
"6143",6073018504,"06","073","018504",6631,33.188827,-117.341595,"Census Tract 185.04, San Diego County, California",559200,2572,77,5.8,2.55,3.22,0.5,3.3,3.5,28.8,35.1,15.7,7.5,2.8,2.8,0,9.5,24.8,43,21.1,1.7,59.2,40.8,69380,96020
"6144",6073018507,"06","073","018507",9097,33.237458,-117.307227,"Census Tract 185.07, San Diego County, California",285900,3069,156,5.4,2.91,3.54,1.9,12.9,13.8,37.3,21.7,10.9,1,0,0.5,0.4,3.3,37.2,33,21.1,5,72,28,54829,71407
"6145",6073018509,"06","073","018509",4968,33.200673,-117.359524,"Census Tract 185.09, San Diego County, California",373900,1688,146,4.4,3.35,3.45,0.4,0,7,7.7,38.3,24.8,19.8,2,0,7.6,20,40.9,22.1,8.4,0.9,22.7,77.3,41797,49826
"6146",6073018510,"06","073","018510",2975,33.2128,-117.342807,"Census Tract 185.10, San Diego County, California",352900,842,79,5.9,3.61,4.3,0.6,1.4,8.1,8.7,20.2,53.6,6.8,0.7,0,3.7,3,2.6,58,30.5,2.3,75.8,24.2,70022,68684
"6147",6073018511,"06","073","018511",5003,33.204531,-117.341324,"Census Tract 185.11, San Diego County, California",387300,1852,75,4.4,2.71,2.97,0,0.3,9.7,24,36.1,18,9.2,2.8,0,3.5,24.8,27.5,28.8,15,0.4,42.9,57.1,46734,60556
"6148",6073018512,"06","073","018512",3397,33.217704,-117.326082,"Census Tract 185.12, San Diego County, California",238300,2163,166,4.3,1.65,2.03,0,0,1.6,19.7,41.8,30.3,3.9,2.7,0,0,5.9,89.9,0.3,3.3,0.6,64.8,35.2,36386,50372
"6149",6073018513,"06","073","018513",9081,33.220411,-117.307081,"Census Tract 185.13, San Diego County, California",412300,3385,433,5.2,3.08,2.79,1.8,16.1,45.2,28.6,7.9,0,0.4,0,0,1.9,4.8,38.2,26.6,21.5,6.9,56.1,43.9,82081,94064
"6150",6073018514,"06","073","018514",7947,33.233755,-117.291531,"Census Tract 185.14, San Diego County, California",441800,2935,148,6.4,2.9,2.63,0,11.2,50.2,28.3,4.7,2.9,0.4,1.9,0.4,0.4,5.4,23.2,31.8,31.4,7.8,66.5,33.5,79111,96152
"6151",6073018515,"06","073","018515",4494,33.189861,-117.31623,"Census Tract 185.15, San Diego County, California",528000,1903,180,5.9,2.4,2.35,4,7.5,21.7,26.6,31,7.8,0.4,0.5,0.4,0,13.3,23.5,36.9,20.7,5.5,66.7,33.3,74426,85557
"6152",6073018516,"06","073","018516",3992,33.198664,-117.297664,"Census Tract 185.16, San Diego County, California",373800,1284,70,5.6,3.18,3.82,1.3,0,20.5,44.9,29.7,3.6,0,0,0,0.9,2.2,29.5,37.5,29.3,0.6,52.6,47.4,67955,78838
"6153",6073018517,"06","073","018517",4127,33.187321,-117.301584,"Census Tract 185.17, San Diego County, California",276000,1973,118,4.2,1.88,2.91,0,1.4,21.1,24,43.2,7.9,1.9,0,0.6,1.9,19.6,52.7,20.1,5.2,0.5,50.4,49.6,45650,53407
"6154",6073018518,"06","073","018518",3175,33.191622,-117.291159,"Census Tract 185.18, San Diego County, California",366700,818,81,5.6,4.29,3.64,0.4,1,0,9.8,42.5,38,6.5,0,1.8,3.2,4.8,24.3,37.8,27,2.9,63.8,36.2,51417,64421
"6155",6073018519,"06","073","018519",5891,33.194471,-117.283559,"Census Tract 185.19, San Diego County, California",343500,1432,65,5.4,3.51,4.51,1.3,0,17,27.7,36.2,15.6,1.8,0.3,0,3.1,5,22.3,38.8,28.1,2.5,53.5,46.5,58438,72021
"6156",6073018601,"06","073","018601",4779,33.223985,-117.358769,"Census Tract 186.01, San Diego County, California",408800,1583,0,6,3.11,3.07,1.6,15.2,21.5,24,5.5,2.3,22.4,6.8,0.7,0.6,6.8,13.8,41.3,31.8,5.6,72.9,27.1,89962,96980
"6157",6073018603,"06","073","018603",6810,33.207491,-117.367845,"Census Tract 186.03, San Diego County, California",308600,2353,276,4.3,4.17,2.86,9,13.6,16.7,19.3,12.2,11.3,13.2,3.8,0.8,1.8,27,44,22.2,2.5,2.5,26.2,73.8,50771,60587
"6158",6073018608,"06","073","018608",3175,33.254287,-117.320099,"Census Tract 186.08, San Diego County, California",361500,1123,20,6.4,2.78,3.46,0,13.9,17.9,59,4.5,2,1.8,0,1,0,0,18.8,41,40.2,0.1,78,22,90329,94761
"6159",6073018609,"06","073","018609",6133,33.249588,-117.314622,"Census Tract 186.09, San Diego County, California",287300,1786,105,5.3,3.63,3.84,1.1,2.7,12,54.6,22.2,5.9,0.8,0.5,0,4.5,3.4,36.3,35.6,18.6,1.7,69.3,30.7,64392,73527
"6160",6073018610,"06","073","018610",7635,33.256494,-117.303924,"Census Tract 186.10, San Diego County, California",382600,2109,123,5.9,3.05,4.19,1,5.7,25,10,32.5,24.4,0,0.6,0.8,0,2.3,29.7,28.6,35.7,3.7,59.6,40.4,63804,78377
"6161",6073018611,"06","073","018611",8052,33.27566,-117.283502,"Census Tract 186.11, San Diego County, California",575000,2384,265,6.8,3.06,4.6,22,18,11.7,16.5,23.2,4.2,3.8,0.6,0,0,1.5,14.8,31.2,38.6,14,81.4,18.6,94946,106955
"6162",6073018612,"06","073","018612",3331,33.251338,-117.282341,"Census Tract 186.12, San Diego County, California",380000,1084,51,6.2,3.04,4.1,0,4.4,27.6,38.7,25.2,2.5,1.6,0,0,0,2.4,8.5,53.8,29.8,5.5,82.1,17.9,82303,87317
"6163",6073018613,"06","073","018613",3477,33.239291,-117.33086,"Census Tract 186.13, San Diego County, California",322800,1497,164,4.5,2.73,3.04,5,10.8,31.4,22.3,26.1,0.9,3.6,0,0,0,14.9,40,34.3,10.8,0,46.3,53.7,61738,67874
"6164",6073018614,"06","073","018614",6494,33.231075,-117.332356,"Census Tract 186.14, San Diego County, California",145600,2697,223,4.9,2.24,2.62,4.6,7.1,7.3,20.6,54.1,4.7,0.9,0,0.6,0.4,10.2,55.2,25.5,8.2,0.5,63.6,36.4,39403,54692
"6165",6073018700,"06","073","018700",37452,33.302706,-117.414939,"Census Tract 187, San Diego County, California",318300,7808,1204,5.2,2.31,3.44,26.9,17.6,19.6,16.6,7.1,9.1,2.5,0.2,0.3,0.2,8.5,35.6,41.5,13,1.2,1.2,98.8,45941,49973
"6166",6073018801,"06","073","018801",3614,33.34778,-117.230413,"Census Tract 188.01, San Diego County, California",557000,1410,63,6.8,2.78,3.62,0.6,19.5,15.1,18.5,36.3,5.4,1.6,1.3,1.6,0,0,9.9,56.7,29.7,3.8,84,16,91220,119864
"6167",6073018802,"06","073","018802",8122,33.332533,-117.2041,"Census Tract 188.02, San Diego County, California",626500,3630,146,6.6,2.59,2.35,2.9,14.4,17,30.8,19,8.5,3.6,1.5,2.3,0.3,3.5,21.8,36.5,28.2,9.7,86.8,13.2,83457,108881
"6168",6073018803,"06","073","018803",4564,33.285078,-117.198207,"Census Tract 188.03, San Diego County, California",648100,1955,285,6.3,2.46,2.71,5.5,14,12.2,33.7,27.2,3.6,1.5,0.5,1.8,1.3,5.4,28,34,24,7.2,78.3,21.7,68611,111824
"6169",6073018903,"06","073","018903",4861,33.38971,-117.245227,"Census Tract 189.03, San Diego County, California",352800,1797,207,5.4,2.73,3.12,8.6,1.9,9.1,19.7,23,17,11.5,7,2.2,0,12.8,27.9,39.2,18.4,1.7,59.1,40.9,42083,68237
"6170",6073018904,"06","073","018904",5640,33.380343,-117.244109,"Census Tract 189.04, San Diego County, California",367400,1985,176,5,3.58,3.24,8.5,1.1,19,23,13.8,10.2,16.8,2,5.6,4.2,21.5,25.2,38.9,7.1,3.1,40.1,59.9,51964,66940
"6171",6073018905,"06","073","018905",6765,33.372986,-117.248671,"Census Tract 189.05, San Diego County, California",334000,2158,58,4.9,3.23,2.85,0.8,9.1,4.5,19.7,40.5,11.3,13,0,1,1.2,16.9,42,24.5,14.5,0.9,39.4,60.6,45605,56490
"6172",6073018906,"06","073","018906",6033,33.364169,-117.249011,"Census Tract 189.06, San Diego County, California",443600,2219,157,5.3,3.02,2.39,1.5,18.7,16.4,24.8,24.5,4.7,6.4,2.5,0.5,2.2,14.6,28.2,32.2,20.4,2.4,54.7,45.3,57740,75452
"6173",6073019001,"06","073","019001",5946,33.39855,-117.221185,"Census Tract 190.01, San Diego County, California",594900,2536,111,6.2,2.56,3.98,5.5,13.8,14.3,22.6,26.3,3.9,8.6,2.2,2.8,2.2,5.6,13.4,53.3,21,4.7,87,13,82762,106194
"6174",6073019002,"06","073","019002",1759,33.399557,-117.145045,"Census Tract 190.02, San Diego County, California",530400,565,31,5.6,2.39,3.73,4.2,2.1,11.2,24.1,20.5,18.9,9,2.1,7.8,0.7,3,38.8,39.8,17.2,0.5,68.4,31.6,50167,60128
"6175",6073019101,"06","073","019101",7458,33.329351,-117.067754,"Census Tract 191.01, San Diego County, California",393700,2526,306,5.9,3.1,3.85,10.3,19.2,18.8,15.3,13.9,8.3,9,1.3,3.9,1.9,2.8,14.7,47.9,27.7,4.9,71.8,28.2,75738,81555
"6176",6073019103,"06","073","019103",6373,33.26585,-117.083301,"Census Tract 191.03, San Diego County, California",440300,2299,123,6.1,2.79,2.7,5.6,18.4,14.3,27.9,17.6,5.4,5,4.3,1.6,0,6.2,15.4,51.2,22.4,4.7,84.6,15.4,76042,102177
"6177",6073019105,"06","073","019105",5722,33.226871,-117.09803,"Census Tract 191.05, San Diego County, California",584200,2736,331,7.1,2.56,2.1,4.9,12.5,16.3,27.5,24.2,11.8,0.5,1.1,1.1,0,1.1,31.1,34.6,25.1,8.2,92.3,7.7,76777,100260
"6178",6073019106,"06","073","019106",9131,33.247546,-116.996345,"Census Tract 191.06, San Diego County, California",513500,3120,407,6.6,3.07,3.44,13.7,13.2,16.3,23.2,17.7,8.5,3.7,2.3,1.4,1.6,3.7,14.6,31.3,35.9,13,81.7,18.3,84182,118548
"6179",6073019107,"06","073","019107",2104,33.20787,-116.950742,"Census Tract 191.07, San Diego County, California",419000,798,44,6.1,2.68,4.19,9.1,8.9,9.3,26.7,30.6,7.5,6.3,0.5,1.1,0.5,5.1,33.1,36.2,20.6,4.5,93.1,6.9,64386,72987
"6180",6073019203,"06","073","019203",2866,33.236002,-117.237677,"Census Tract 192.03, San Diego County, California",439800,960,84,6.6,3.06,2.09,2.9,1.7,4.7,36.8,29.7,9.7,10.3,0.8,3.4,1.7,6.4,13.6,39.4,36.1,2.8,88.8,11.2,78462,87582
"6181",6073019205,"06","073","019205",6163,33.223694,-117.235388,"Census Tract 192.05, San Diego County, California",220400,2074,168,4.7,2.6,2.98,1.4,5.8,7.3,22.4,43.5,12.6,4.8,1.8,0.4,7.1,16.3,48.6,21,6.9,0,49.3,50.7,39659,47855
"6182",6073019206,"06","073","019206",5614,33.215211,-117.238686,"Census Tract 192.06, San Diego County, California",390600,1354,60,5.5,3.23,4.06,0,0.6,8.5,26.8,31.7,19.7,5.5,7.2,0,0,10,49.3,27.9,12,0.7,29.6,70.4,46696,58228
"6183",6073019207,"06","073","019207",8416,33.225436,-117.217102,"Census Tract 192.07, San Diego County, California",530300,2837,139,6.2,2.69,3.66,1.1,5.9,7.1,26.8,40.3,8.4,5.9,3.9,0.6,0,9.8,41.8,23.5,22.7,2.1,53.8,46.2,53546,78072
"6184",6073019208,"06","073","019208",3305,33.199888,-117.184389,"Census Tract 192.08, San Diego County, California",671100,1161,85,6.5,3.13,1.74,4.5,9,14.4,30.8,17.8,7.5,8.9,3.4,3.8,4.7,8.7,13.4,33.4,29.4,10.4,83.4,16.6,77109,108276
"6185",6073019301,"06","073","019301",6936,33.229808,-117.275876,"Census Tract 193.01, San Diego County, California",420300,2246,104,6.6,3.07,4,3.5,11.4,39.1,32.5,9.1,3.8,0,0,0.5,0,1.2,10.4,38.8,36.5,13.1,86.7,13.3,94009,103146
"6186",6073019302,"06","073","019302",7344,33.217973,-117.275453,"Census Tract 193.02, San Diego County, California",350200,3052,286,5.3,2.7,2.3,0.4,1,8.6,60.7,26.7,0.7,0,1.8,0,0.3,11.2,37.6,31.5,17,2.3,59.8,40.2,60672,73044
"6187",6073019303,"06","073","019303",6538,33.239503,-117.255055,"Census Tract 193.03, San Diego County, California",463400,2238,159,6.4,3.14,4.3,2.7,8.3,21.3,45.2,11.8,6.6,2.1,0.8,1.3,1.9,3.7,23.2,36.7,19.7,14.7,73.6,26.4,72792,84102
"6188",6073019403,"06","073","019403",5255,33.2081,-117.266905,"Census Tract 194.03, San Diego County, California",297900,1562,7,5.9,3.61,3.17,1.7,9.3,12,37.6,19.6,11.9,5.9,0,2,0.6,7.6,12.5,54.4,19.4,5.5,82.9,17.1,60965,69584
"6189",6073019404,"06","073","019404",3984,33.216338,-117.250135,"Census Tract 194.04, San Diego County, California",303400,847,0,5.9,4.38,5.05,0,0,0,31.4,27.3,26.4,14,0.8,0,8.9,0.8,20.4,55.4,14.5,0,47.7,52.3,53632,62674
"6190",6073019405,"06","073","019405",3592,33.196034,-117.275631,"Census Tract 194.05, San Diego County, California",364100,1256,108,4.9,3.18,3.59,2.2,3.1,12,46.3,26.6,8.3,1.5,0,0,1.3,11.5,47.7,20.6,16,2.9,33.5,66.5,45037,55649
"6191",6073019406,"06","073","019406",4628,33.200017,-117.264002,"Census Tract 194.06, San Diego County, California",294200,1561,96,5.3,3.5,3.03,1,0.6,6.3,31.5,19.3,19.2,18.1,2.9,1.2,4.9,11,30.2,40.1,13.3,0.6,64.7,35.3,57305,65873
"6192",6073019501,"06","073","019501",4147,33.209319,-117.249559,"Census Tract 195.01, San Diego County, California",316700,818,96,5.4,4.46,4.14,4.5,4.6,13.9,18.9,41.8,9.9,3.7,1.5,1.1,2.3,12.8,55.4,25.4,2.8,1.2,24.4,75.6,40583,45953
"6193",6073019502,"06","073","019502",5715,33.208308,-117.241133,"Census Tract 195.02, San Diego County, California",418100,1378,36,5.4,4.17,3.51,0,0,2.8,15.8,42.7,16.1,12.9,8.8,0.8,1.7,12.7,64.9,16.3,3.5,0.9,19.3,80.7,36172,43800
"6194",6073019503,"06","073","019503",4795,33.200024,-117.247061,"Census Tract 195.03, San Diego County, California",194500,1508,104,4.8,2.83,3.6,0,3.1,5.6,31.2,27.5,17.7,10.8,2.2,1.9,0.9,16.8,49.3,26.3,6.8,0,49.5,50.5,35103,48073
"6195",6073019601,"06","073","019601",6291,33.205409,-117.224725,"Census Tract 196.01, San Diego County, California",403600,2178,118,5.7,2.85,3.41,0,0.4,3.9,21,32.8,26.3,11.2,3.5,0.9,0,9,39.1,38.6,10.5,2.8,60.4,39.6,57070,63816
"6196",6073019602,"06","073","019602",5464,33.193381,-117.224467,"Census Tract 196.02, San Diego County, California",528800,1742,110,6.2,3.25,3.19,0.5,5.4,8.6,16.2,38.6,12.2,8.7,8.1,1.7,2.6,8.8,26.1,40.1,20.1,2.2,61.3,38.7,54649,81138
"6197",6073019701,"06","073","019701",6022,33.188788,-117.264021,"Census Tract 197.01, San Diego County, California",375600,2336,102,5.3,2.37,2.16,0.5,9.7,24.1,48.8,12.3,4,0.6,0,0,0,26.8,37.9,21.5,13.8,0,48.8,51.2,43750,58563
"6198",6073019702,"06","073","019702",4933,33.187128,-117.240145,"Census Tract 197.02, San Diego County, California",404200,1764,147,6.2,3.04,3.26,0.6,4.1,4.4,18.6,36.2,15.6,12.9,3.7,3.7,1.5,4.6,23.7,46.6,20.6,3,77.1,22.9,69097,81097
"6199",6073019803,"06","073","019803",4465,33.173818,-117.310522,"Census Tract 198.03, San Diego County, California",482400,1864,63,5.2,2.58,2.43,8.7,10.7,9.2,45.3,22.3,3,0.4,0,0.5,3.1,13.3,17.4,43.8,21.7,0.8,44.5,55.5,77656,88330
"6200",6073019804,"06","073","019804",4447,33.163813,-117.312065,"Census Tract 198.04, San Diego County, California",561700,1710,57,6.3,2.56,3.58,0,0.8,6.4,51.1,28.1,12.8,0.4,0.5,0,0,0,12.9,45.1,37.1,4.9,89.6,10.4,98631,117249
"6201",6073019805,"06","073","019805",3763,33.179462,-117.286264,"Census Tract 198.05, San Diego County, California",279100,1544,108,4.8,2.42,2.93,3,3.8,6.8,15.2,54.7,12.7,1.7,0.8,1.4,9,11.3,41.3,24.2,13.9,0.3,61.4,38.6,53250,59981
"6202",6073019806,"06","073","019806",11116,33.158554,-117.269936,"Census Tract 198.06, San Diego County, California",457400,4062,129,6.2,2.7,3.46,12.9,15.1,22,41.6,7.2,0.8,0.3,0,0,0.2,1.9,21.6,45.5,26.6,4.2,77.9,22.1,82608,96392
"6203",6073019808,"06","073","019808",4321,33.164107,-117.260657,"Census Tract 198.08, San Diego County, California",496600,2332,98,5,1.75,2.35,6.5,1.5,33.4,52.9,1.8,1.3,0,0.6,1.9,0,2.4,70.9,20.5,4.8,1.4,73,27,68241,78882
"6204",6073019809,"06","073","019809",4005,33.175645,-117.268251,"Census Tract 198.09, San Diego County, California",416300,1604,46,6.3,2.41,3.63,0.7,0.7,25.1,34.9,25.9,10.8,0.9,0.9,0,0,1.5,35,27.9,27.1,8.6,88.4,11.6,73000,76313
"6205",6073019902,"06","073","019902",4078,33.173131,-117.216451,"Census Tract 199.02, San Diego County, California",410600,1304,108,5.7,3.25,2.79,2.6,0,4.3,26.9,35.9,16.3,6.9,5.7,1.4,3.1,14.5,23.2,43.5,11.7,4.1,62.6,37.4,62905,77332
"6206",6073019903,"06","073","019903",4371,33.177786,-117.205122,"Census Tract 199.03, San Diego County, California",464600,1573,140,6.1,2.98,2.91,2.5,1,6.5,28.3,27.8,17.9,11.6,2.8,1.6,0,11.4,27,38.7,20.3,2.5,62.8,37.2,60438,65877
"6207",6073019904,"06","073","019904",6538,33.169707,-117.236467,"Census Tract 199.04, San Diego County, California",507800,2901,247,5,2.36,2.5,6.9,7.3,19.6,43.3,18.2,0.9,2.8,0,1.1,2.2,14.9,41.1,28,13.4,0.4,44.9,55.1,62190,83564
"6208",6073019905,"06","073","019905",4256,33.160211,-117.231248,"Census Tract 199.05, San Diego County, California",437200,1819,66,5.6,2.3,1.99,0.7,2.4,24,56.8,11.9,4.2,0,0,0,1,17.4,33.6,26.2,19.2,2.7,64.5,35.5,57781,69677
"6209",6073020013,"06","073","020013",12473,33.116834,-117.24628,"Census Tract 200.13, San Diego County, California",626100,4619,166,6.8,2.81,3,22.8,27.7,15.3,20.2,12.4,1,0,0,0.6,0,1.4,17.7,39.5,30.5,10.9,81.5,18.5,101604,126753
"6210",6073020014,"06","073","020014",7006,33.100827,-117.247341,"Census Tract 200.14, San Diego County, California",592500,3167,426,5.5,2.32,2.73,6.1,1.7,25.1,26.8,36.6,3.7,0,0,0,0,10.1,32.5,29,22.1,6.3,79.7,20.3,93561,116271
"6211",6073020015,"06","073","020015",3841,33.088824,-117.243153,"Census Tract 200.15, San Diego County, California",480900,1892,197,5.2,2.08,2.08,0.8,1.5,7.1,37.7,49,3.8,0,0,0,0,7.2,43.7,32.9,13.7,2.4,66.3,33.7,71719,90473
"6212",6073020016,"06","073","020016",9314,33.077941,-117.251916,"Census Tract 200.16, San Diego County, California",692800,3246,168,7.2,3.06,3.11,1.5,14.3,17.7,21.6,43.2,0,0.8,1,0,0,0,6.2,39,38.4,16.3,83.6,16.4,121793,135240
"6213",6073020017,"06","073","020017",3282,33.159441,-117.213744,"Census Tract 200.17, San Diego County, California",316700,1225,185,4.4,2.19,2.94,1.7,2.5,12.7,38.6,34.5,6.5,1.4,0.8,1.1,0.7,29.2,43,15.1,10.4,1.6,36,64,41757,57150
"6214",6073020018,"06","073","020018",7708,33.151868,-117.203178,"Census Tract 200.18, San Diego County, California",305400,2037,104,5.5,3.68,3.49,5.2,1.8,7.9,29.5,43.5,9.9,2.3,0,0,0,9.2,43.4,32.4,13.5,1.5,46.9,53.1,43870,53424
"6215",6073020019,"06","073","020019",6832,33.133027,-117.215297,"Census Tract 200.19, San Diego County, California",231500,2853,113,5.6,2.44,3.23,5.3,7,19,26,36.2,5.1,1,0.5,0,0,4.9,47.2,34.1,12.6,1.2,76.5,23.5,53080,63584
"6216",6073020020,"06","073","020020",7477,33.162862,-117.182324,"Census Tract 200.20, San Diego County, California",470600,1950,11,7.4,3.52,4.67,6.3,32.7,25.5,22.2,4.4,5.8,1.8,0.7,0.6,0,0,2.9,36,50.6,10.5,88.4,11.6,84407,97130
"6217",6073020021,"06","073","020021",6423,33.150121,-117.174195,"Census Tract 200.21, San Diego County, California",427700,1666,52,6.9,4.19,3.64,8,17.2,29.4,20.1,16,3.8,5,0.5,0,1.9,3,25.8,37.5,26.3,5.6,46.6,53.4,50286,65636
"6218",6073020022,"06","073","020022",7404,33.157712,-117.153786,"Census Tract 200.22, San Diego County, California",475400,2457,44,6.6,3.1,3.06,2,23.5,29.4,27.7,13.6,0.7,0,3,0,0,10.9,20.6,33.7,29.5,5.3,65.7,34.3,74455,88598
"6219",6073020023,"06","073","020023",3941,33.14892,-117.143336,"Census Tract 200.23, San Diego County, California",349200,1291,31,6.6,2.95,3.43,0.4,2.9,8.2,21.4,61,4.8,1.2,0,0,0,0,28.4,31.7,36.6,3.3,69.3,30.7,48273,70585
"6220",6073020024,"06","073","020024",4175,33.147236,-117.124537,"Census Tract 200.24, San Diego County, California",362300,1514,158,6.1,2.89,2.37,9,10.4,6.9,17.1,44.5,6.9,1.3,1.8,2.1,0.8,9.4,24.1,29.9,30.2,5.7,79.6,20.4,54669,58237
"6221",6073020025,"06","073","020025",4626,33.140176,-117.129096,"Census Tract 200.25, San Diego County, California",360700,1758,39,5.2,2.66,2.63,0,6.4,20,36.3,35.6,0.6,1.2,0,0,2.8,17.9,27,29.7,22.1,0.4,53.3,46.7,53262,64466
"6222",6073020026,"06","073","020026",4089,33.127162,-117.190733,"Census Tract 200.26, San Diego County, California",435000,1832,47,5.6,2.51,3.07,0,0,26,13.1,38.6,22.2,0,0,0,0,0,38.6,47.9,8.7,4.8,85.5,14.5,65694,78238
"6223",6073020027,"06","073","020027",13665,33.111091,-117.193013,"Census Tract 200.27, San Diego County, California",576700,5088,331,6.7,2.77,2.62,17.1,30.8,20.8,19.1,8.3,3.6,0.3,0,0,0.2,5.3,31.3,32.9,20.2,10.1,73.4,26.6,81692,105474
"6224",6073020028,"06","073","020028",3479,33.142099,-117.17071,"Census Tract 200.28, San Diego County, California",297500,1015,66,4.3,3.11,4.05,2.8,4.5,12.8,25.8,36.6,16.1,0,0,1.5,6.2,25.8,58.4,9.6,0,0,6.4,93.6,35740,39071
"6225",6073020029,"06","073","020029",4819,33.137691,-117.184289,"Census Tract 200.29, San Diego County, California",161000,1867,46,4,1.76,2.92,0,2,13.1,24.3,37.5,16,5.3,0,1.8,4.6,23.4,62.1,9.1,0,0.9,21.9,78.1,35625,37691
"6226",6073020103,"06","073","020103",10235,33.171332,-117.071137,"Census Tract 201.03, San Diego County, California",489500,3489,41,7.1,3,3.02,12.8,15.6,17,28.9,11.8,4.5,6,2.6,0.9,0,4.9,6.8,38.1,44.3,6,86.7,13.3,91453,108992
"6227",6073020105,"06","073","020105",3801,33.155789,-117.096182,"Census Tract 201.05, San Diego County, California",277800,1495,220,5.1,2.85,2.11,2.6,8.2,3.5,26.8,53.4,3.1,1.7,0.7,0,0.7,7.3,45.8,33.4,12.4,0.4,63.1,36.9,50096,65328
"6228",6073020106,"06","073","020106",3803,33.147863,-117.086675,"Census Tract 201.06, San Diego County, California",321600,1201,48,6,3.1,3.31,0,2.3,4.2,35.7,30.6,11.6,14.3,1.2,0,0,5.2,31.4,33.6,28.4,1.4,74.1,25.9,52911,74247
"6229",6073020107,"06","073","020107",3837,33.153036,-117.073943,"Census Tract 201.07, San Diego County, California",448000,1206,18,6.4,3.23,3.23,0,5.6,16.3,32.4,23.5,15.7,4.6,0,1.9,1.2,6,18.3,30,40.5,4.1,68.9,31.1,90156,88927
"6230",6073020108,"06","073","020108",5813,33.136814,-117.087802,"Census Tract 201.08, San Diego County, California",282000,1705,214,5.1,3.42,3.75,1.1,0.6,7.9,24,46.8,13.8,4.8,1.1,0,1.9,12.5,48,33.1,4.5,0,31.9,68.1,44276,50092
"6231",6073020109,"06","073","020109",5127,33.144966,-117.068611,"Census Tract 201.09, San Diego County, California",322400,1390,55,6.1,4.23,4.01,0.8,4.1,2.4,16.7,45.1,15.8,14.5,0.6,0,0,3.7,9.9,62.4,18.6,5.5,69.7,30.3,57574,72646
"6232",6073020202,"06","073","020202",6689,33.132912,-117.073343,"Census Tract 202.02, San Diego County, California",247400,1774,58,4.7,3.93,3.43,0.6,2,1.6,12.2,47.4,21.8,12.7,1.2,0.5,2.7,24.3,55.9,12.5,4.6,0,27.4,72.6,34239,40762
"6233",6073020206,"06","073","020206",5217,33.140376,-117.058826,"Census Tract 202.06, San Diego County, California",289400,1301,55,5.5,4.36,4.19,0,0,3.5,6.8,28,35.2,20.1,3.3,3.1,7.7,2.8,26.3,53.7,9.6,0,50.3,49.7,50114,53249
"6234",6073020207,"06","073","020207",4765,33.133182,-117.053528,"Census Tract 202.07, San Diego County, California",195400,1453,25,4.4,3.39,3.45,1.1,0.5,7.2,14.7,47.1,26.5,3,0,0,2.8,18.2,59.3,14.5,4.5,0.8,37.5,62.5,37890,47370
"6235",6073020208,"06","073","020208",2501,33.1462,-117.053211,"Census Tract 202.08, San Diego County, California",274000,689,0,5.9,3.99,4.07,0,0,6.5,11,23.7,46.7,12,0,0,0,0,14.1,57.6,27.4,0.9,83.5,16.5,49771,61244
"6236",6073020209,"06","073","020209",4748,33.138028,-117.047364,"Census Tract 202.09, San Diego County, California",95400,1923,163,4.4,1.87,3,5.5,11.9,6.4,14.7,44.2,16,0.5,0.9,0,3.7,19.7,56.8,17.3,2.5,0,49,51,34178,44932
"6237",6073020210,"06","073","020210",4639,33.14519,-117.040786,"Census Tract 202.10, San Diego County, California",275900,1657,153,4.9,3.46,3.37,2.9,6.9,7.9,30,44.3,4.8,1.1,1.6,0.4,0,14.2,50.5,24.1,7.5,3.7,46.9,53.1,45174,57851
"6238",6073020211,"06","073","020211",6702,33.132333,-117.063192,"Census Tract 202.11, San Diego County, California",305500,2324,110,4.6,4.02,2.88,2.9,0,1.1,15.5,39,30.3,9.2,0,2.1,4.3,25.7,30.6,32,6.8,0.5,33,67,48220,55839
"6239",6073020213,"06","073","020213",4028,33.131677,-117.078296,"Census Tract 202.13, San Diego County, California",122300,1084,28,4.1,6.27,3.87,0,0,3.4,15.7,35.3,31.5,8.1,2.6,3.4,4.7,30.3,47.9,15.4,1.8,0,9.2,90.8,29919,49826
"6240",6073020214,"06","073","020214",5143,33.128762,-117.081435,"Census Tract 202.14, San Diego County, California",400000,1524,115,3.8,5.19,3.53,2.2,0.6,5.3,27,22.4,29.3,4.9,4.7,3.6,4.7,43.1,42.9,9.3,0,0,6.1,93.9,28790,31536
"6241",6073020304,"06","073","020304",6061,33.165753,-117.129307,"Census Tract 203.04, San Diego County, California",416100,2420,100,6.3,2.51,2.37,0.8,2.6,30.9,21.9,33,8.6,1.2,1,0,0,1,29.5,45,23.1,1.3,84.8,15.2,67200,88737
"6242",6073020305,"06","073","020305",5984,33.150853,-117.110292,"Census Tract 203.05, San Diego County, California",372600,2280,144,5.9,2.75,3.09,0.4,4.6,20.3,38.7,22.9,4.1,8.5,0.6,0,1.2,4.3,33.1,32.8,25,3.7,64.4,35.6,61714,73430
"6243",6073020306,"06","073","020306",8694,33.126388,-117.150302,"Census Tract 203.06, San Diego County, California",337800,3367,217,5.8,2.31,2.38,8,28.5,17.8,13.5,24.9,5.6,1.5,0.3,0,0.4,6.1,47.1,30.4,14.6,1.3,63.4,36.6,50625,69226
"6244",6073020307,"06","073","020307",7170,33.106222,-117.111871,"Census Tract 203.07, San Diego County, California",310600,2838,198,5.9,2.91,2.17,3.4,6,12.1,32.3,32.7,7.1,3.5,0.8,2.1,0,13.1,28.7,35.3,18.4,4.4,75.2,24.8,56591,74697
"6245",6073020308,"06","073","020308",5743,33.137145,-117.09809,"Census Tract 203.08, San Diego County, California",170700,2757,232,4,1.87,2.09,5.2,5.4,17.6,38.5,22.2,7.4,3.1,0.8,0,6.9,32.2,53.9,6.2,0.8,0,21.1,78.9,34653,44105
"6246",6073020309,"06","073","020309",3945,33.135935,-117.106345,"Census Tract 203.09, San Diego County, California",413400,1255,76,5.3,3.62,3.3,1.3,9.3,12.1,25.9,31.6,8,8.4,0,3.5,0,11.4,30.7,44.9,5.2,7.9,52.8,47.2,64583,86092
"6247",6073020401,"06","073","020401",2369,33.070289,-117.09148,"Census Tract 204.01, San Diego County, California",704200,888,0,7,2.72,3.2,6.1,0,6.1,36.4,35.8,4.8,1.7,5.5,3.6,0,4.5,6.6,36.5,48,4.4,92.6,7.4,107308,147626
"6248",6073020403,"06","073","020403",4107,33.099556,-117.080471,"Census Tract 204.03, San Diego County, California",354000,1269,0,5.7,3.21,3.13,0.8,4.6,4.1,15,22.9,13.6,29.3,4.3,5.4,0,0.9,24,42.3,26.5,6.4,81.4,18.6,78242,86799
"6249",6073020404,"06","073","020404",5070,33.101732,-117.100701,"Census Tract 204.04, San Diego County, California",614700,1954,124,5.9,3.32,3.1,6.8,8.3,36.6,28,16.1,1.1,2.2,0.9,0,0.4,9.1,32.2,21.3,30.9,6.2,52.7,47.3,70625,102977
"6250",6073020405,"06","073","020405",3412,33.082167,-117.0874,"Census Tract 204.05, San Diego County, California",636600,1320,68,6.9,2.77,2.21,2.5,12.1,23.1,24.8,22.7,7,4.8,3,0,0,5.2,2.8,49.1,38,5,88.3,11.7,124012,125260
"6251",6073020500,"06","073","020500",5196,33.110663,-117.086706,"Census Tract 205, San Diego County, California",362400,1458,125,4.6,3.9,3.01,4.6,2.5,7.7,11.2,27.7,10.4,24.8,2.1,9.1,4.5,9.5,55.6,21.6,6.7,2.1,33.2,66.8,37911,51233
"6252",6073020601,"06","073","020601",5560,33.11266,-117.077442,"Census Tract 206.01, San Diego County, California",377300,1401,81,4.8,3.27,4.05,0,1.4,8.1,5.1,31,13.9,11.3,7.5,21.6,3.5,6.5,56.7,29.1,4.1,0,19.7,80.3,34974,44180
"6253",6073020602,"06","073","020602",5859,33.120718,-117.069514,"Census Tract 206.02, San Diego County, California",384200,2006,136,4.8,2.98,3.06,0.9,3.8,7.8,15.4,28.4,16.4,13.2,7.2,6.9,2.1,23.6,36.9,27.3,8.1,2,41.1,58.9,56875,73212
"6254",6073020705,"06","073","020705",4635,33.121226,-117.053736,"Census Tract 207.05, San Diego County, California",442600,1498,72,6.7,3.23,3.57,0.5,2.1,6.6,20.6,43.1,19.4,7.1,0,0.6,0,1.9,5.7,50.5,39.7,2.3,82.8,17.2,68036,80724
"6255",6073020706,"06","073","020706",6286,33.098226,-117.043751,"Census Tract 207.06, San Diego County, California",605000,2213,155,7.4,3.12,2.91,2.3,4.5,13.1,25.1,31.9,15.3,5.5,1.3,1,3,0,6.9,37.8,40.8,11.5,88.7,11.3,105804,122258
"6256",6073020707,"06","073","020707",4734,33.105783,-117.070446,"Census Tract 207.07, San Diego County, California",278800,1587,111,4.9,2.49,3.06,0,11.3,0.6,28.4,35.9,20.2,3.2,0.4,0,1.8,12.7,46,37.5,2,0,38.7,61.3,47125,56663
"6257",6073020708,"06","073","020708",3437,33.093513,-117.065785,"Census Tract 207.08, San Diego County, California",506600,1181,47,5.8,2.89,2.29,3.3,10.2,12.2,17,22.9,15.8,13,5.7,0,0,9.2,24.7,34.1,26.8,5.2,77.5,22.5,70034,90749
"6258",6073020709,"06","073","020709",8007,33.134902,-117.022551,"Census Tract 207.09, San Diego County, California",487000,2585,104,6.7,3.25,3.95,6.3,15.9,23.6,7.4,25.2,7.5,10.9,2.5,0.6,0.9,3,8.9,42.2,36.3,8.7,90,10,86890,114532
"6259",6073020710,"06","073","020710",1749,33.067931,-117.043257,"Census Tract 207.10, San Diego County, California",630800,648,26,6.5,2.46,3.32,2.9,0,34,50.9,4.2,0,3.5,0,4.5,0,0.5,10,44,38.4,7.1,81.2,18.8,108750,129417
"6260",6073020801,"06","073","020801",5230,33.013295,-116.920184,"Census Tract 208.01, San Diego County, California",594300,1869,73,6.5,2.9,2.36,5,12.7,19.2,15.8,29.4,2.5,6.5,4.3,4.6,0.8,2.2,11.7,51.4,27.6,6.4,85.2,14.8,107439,116506
"6261",6073020805,"06","073","020805",3501,33.032293,-116.888118,"Census Tract 208.05, San Diego County, California",417000,1163,93,5.5,3.06,3.38,1.4,3.4,13.2,26.5,36.5,2.8,14.5,0.4,1.2,1.9,2.7,29.9,52.8,12.7,0,59.2,40.8,64537,70644
"6262",6073020806,"06","073","020806",5846,33.036235,-116.874471,"Census Tract 208.06, San Diego County, California",352700,2157,130,5.1,2.78,3.6,1.2,14.9,8.7,24.5,28.7,6.1,9.8,4.7,1.3,3.8,9.3,40.7,31.8,14.1,0.4,48.5,51.5,42623,58497
"6263",6073020807,"06","073","020807",2599,33.072628,-116.832736,"Census Tract 208.07, San Diego County, California",593600,831,88,6.3,3.11,2.41,17,12.3,15.3,23.9,19.4,0.8,7,0,4.3,0,1.9,17.7,45.7,32.7,1.9,92.7,7.3,82939,110294
"6264",6073020809,"06","073","020809",6778,33.040168,-116.857634,"Census Tract 208.09, San Diego County, California",407600,2178,16,5.2,3.5,3.22,0,5.6,13.6,18.2,33.2,10.2,7.2,6.1,5.8,3,9,21.1,50.8,14.5,1.7,58.8,41.2,71331,90597
"6265",6073020810,"06","073","020810",5266,33.018639,-116.811815,"Census Tract 208.10, San Diego County, California",489000,1787,14,6.9,2.78,4.05,1,14.5,21.3,38.6,21.6,0,3,0,0,0,0.8,3.5,65.6,23.2,6.9,86.1,13.9,98558,108164
"6266",6073020811,"06","073","020811",5650,33.00253,-116.792996,"Census Tract 208.11, San Diego County, California",408100,2159,215,6.6,2.94,4.28,0,14.5,28.4,33.2,20.6,1.4,0.7,0.4,0.7,0.6,3.4,7.1,45.4,37.7,5.7,93.6,6.4,83077,95490
"6267",6073020902,"06","073","020902",2122,32.847355,-116.53386,"Census Tract 209.02, San Diego County, California",408100,1115,459,5.2,1.97,2.31,1.5,5.6,4.6,8.5,31.4,14.7,6.9,13.4,13.5,1.3,12.3,37.7,40.8,8,0,69.8,30.2,54825,69254
"6268",6073020903,"06","073","020903",3192,33.268088,-116.688995,"Census Tract 209.03, San Diego County, California",252200,1735,689,5,2.04,2.83,4.1,14.8,16.4,17.5,16.1,11.1,6,4.6,9.5,3.8,10.7,48.7,22.8,8.7,5.2,77.9,22.1,41143,55083
"6269",6073020904,"06","073","020904",3075,33.061913,-116.600717,"Census Tract 209.04, San Diego County, California",375800,1813,512,5.1,2.29,2.13,5.8,2.2,11.7,19.6,20.9,10.1,13.7,4.8,11.1,2.2,13.5,37.7,38.2,6.7,1.8,79.1,20.9,66758,74708
"6270",6073021000,"06","073","021000",4440,33.203593,-116.352581,"Census Tract 210, San Diego County, California",255100,3014,1645,4.5,2.22,2.2,5.3,8.9,13.5,17.3,26.9,16.8,7.1,2.8,1.5,3.3,18.2,42.4,33.5,2.3,0.3,74.4,25.6,41144,48850
"6271",6073021100,"06","073","021100",7589,32.646176,-116.439711,"Census Tract 211, San Diego County, California",285200,3027,897,5.3,2.77,4.02,8,6.4,19.1,12.6,16.7,10.4,9.6,7.9,9.4,0.5,12,35.4,37.8,12,2.3,72.8,27.2,58200,66976
"6272",6073021202,"06","073","021202",3156,32.840543,-116.635776,"Census Tract 212.02, San Diego County, California",354100,1283,206,5.2,2.59,2.9,8.7,6.7,13.3,23.2,21.2,5.1,2.7,4.9,14.3,5.9,15.2,20.9,37.9,15.7,4.4,77.4,22.6,65701,86197
"6273",6073021204,"06","073","021204",5239,32.821197,-116.768447,"Census Tract 212.04, San Diego County, California",659700,1908,211,7.3,2.74,2.63,2.9,4.7,34.3,18.2,25.6,3,4.1,2.1,5.1,2.4,2.1,6,40.3,41.6,7.7,90.1,9.9,97893,122742
"6274",6073021205,"06","073","021205",6801,32.831796,-116.771424,"Census Tract 212.05, San Diego County, California",503700,2678,273,4.6,2.59,2.61,6.4,5,21.5,26.4,25.7,4.5,6.6,1,2.8,1.1,6.5,46.7,23.9,16.7,5.2,46.5,53.5,56319,87815
"6275",6073021206,"06","073","021206",2995,32.846866,-116.762724,"Census Tract 212.06, San Diego County, California",511300,1154,28,6,2.6,2.74,6.6,27.8,37.2,3,15.3,1.1,4.8,2,2.2,0,10.2,6.9,55.9,21.4,5.5,84.2,15.8,82564,106121
"6276",6073021302,"06","073","021302",7361,32.657666,-116.820957,"Census Tract 213.02, San Diego County, California",446600,1556,148,5.9,3.14,3.15,1.9,8.1,22.2,25.3,21.9,10.8,4.1,1.5,4.2,1.9,7.5,23.5,41.3,15.4,10.5,83.2,16.8,72861,97630
"6277",6073021303,"06","073","021303",8981,32.708707,-116.916417,"Census Tract 213.03, San Diego County, California",683000,2902,304,7.6,3.26,2.99,18.6,35.7,16,11.9,5.5,5.9,3.6,1.9,0.9,0.7,1.8,9.6,26.8,32.3,28.7,85.4,14.6,126387,130803
"6278",6073021304,"06","073","021304",2616,32.715658,-116.855462,"Census Tract 213.04, San Diego County, California",628900,900,130,7,3.47,3.53,2.8,13.4,16.7,29.7,18.7,4.3,10.1,2,2.3,0,0.7,4.4,53.6,33.1,8.2,90.9,9.1,115486,141059
"6279",6073021400,"06","073","021400",7225,32.729262,-117.224482,"Census Tract 214, San Diego County, California",687400,2898,284,4.5,2.53,2.37,4.7,21.3,2.4,8.9,8.8,9.9,18.1,16,9.9,4.3,15.1,40,32.7,6.4,1.5,34.9,65.1,62857,75783
"6280",6073021500,"06","073","021500",8846,32.952086,-117.200582,"Census Tract 215, San Diego County, California",942800,2823,71,7.6,3.28,3.23,17.6,29.3,43.8,5.2,2.3,0.7,0,0.5,0.6,0,0,8.7,23.5,38.4,29.4,85.1,14.9,149000,187322
"6281",6073021600,"06","073","021600",3391,32.659905,-117.155429,"Census Tract 216, San Diego County, California",NA,1928,1126,4,1.65,3.26,2.6,1.2,1.7,8.1,76.1,7.3,2.2,0.4,0.3,3.5,16.8,61.5,16,2.3,0,56.4,43.6,60500,104504
"6282",6073021800,"06","073","021800",2022,32.688768,-117.184659,"Census Tract 218, San Diego County, California",NA,1032,127,6,2.23,2.74,1.4,3.5,4,5.5,2.8,11.5,42.5,7.6,21.2,1.4,10.6,24.3,27.9,19.3,16.6,59.7,40.3,101875,135208
"6283",6073021900,"06","073","021900",6816,32.668611,-117.116456,"Census Tract 219, San Diego County, California",327900,707,38,4.3,5.71,3.01,0,0,0.8,2.4,1.4,20.1,20.5,25,29.7,4.5,22.3,44.1,23.5,5.5,0,22.9,77.1,27675,34842
"6284",6073022000,"06","073","022000",4186,32.678904,-117.087099,"Census Tract 220, San Diego County, California",320500,1289,114,4,4.77,3.33,4.1,4.7,1,15.7,34.1,10.6,21,5,3.9,5.4,32,36.2,16.8,6.4,3.2,16.4,83.6,41632,46052
"6285",6073022100,"06","073","022100",9082,33.120858,-117.288359,"Census Tract 221, San Diego County, California",773000,3661,538,6.1,2.89,2.55,5.4,34,49.7,8.5,0.6,0.5,1.1,0,0.4,0.1,18,16.8,27.5,26.7,10.9,55.2,44.8,102019,118782
"6286",6073990100,"06","073","990100",0,32.929719,-117.329717,"Census Tract 9901, San Diego County, California",NA,0,0,NA,NA,NA,NA,NA,NA,NA,NA,NA,NA,NA,NA,NA,NA,NA,NA,NA,NA,NA,NA,NA,NA
"6287",6075010100,"06","075","010100",3739,37.805278,-122.41201,"Census Tract 101, San Francisco County, California",718800,2278,74,2.8,1.65,1.76,6,9.4,4.6,16.8,15.1,24.6,6.2,1.5,16,26.4,42.3,25,4,2.4,0,14.8,85.2,60584,72217
"6288",6075010200,"06","075","010200",4143,37.802537,-122.421644,"Census Tract 102, San Francisco County, California",NA,2979,326,3.4,1.98,1.37,0.4,0.9,3.8,2.8,6.4,7.9,10.9,4.4,62.5,13.8,47.1,27.1,7.1,3,2,30.9,69.1,96370,133556
"6289",6075010300,"06","075","010300",3852,37.801234,-122.415176,"Census Tract 103, San Francisco County, California",973500,2260,308,4.2,1.9,2.27,0,3.6,1.2,1.4,2.7,5.8,7.2,2.8,75.4,5.8,30.8,45.3,12.1,4.3,1.7,25.4,74.6,99531,122508
"6290",6075010400,"06","075","010400",4545,37.802319,-122.407926,"Census Tract 104, San Francisco County, California",818100,2952,475,4,1.67,1.91,0,1,11.1,5.7,5.7,7.4,5,6.8,57.3,9,38.3,39.1,12.1,1.4,0,34.5,65.5,89837,134133
"6291",6075010500,"06","075","010500",2685,37.798461,-122.399949,"Census Tract 105, San Francisco County, California",995000,1940,370,3.3,1.83,1.52,2.2,2,0.9,17.6,36.3,34.7,2.9,0.4,2.9,14.9,42.5,30.7,11.1,0.8,0,23.3,76.7,113281,152930
"6292",6075010600,"06","075","010600",3894,37.79948,-122.406504,"Census Tract 106, San Francisco County, California",NA,2244,388,2.9,1.54,2.18,0,0,0.7,0.6,8.6,7.5,5.7,2.9,74,29,36.5,24.4,6.3,2.5,1.4,9,91,26250,59546
"6293",6075010700,"06","075","010700",5592,37.798196,-122.409725,"Census Tract 107, San Francisco County, California",966800,2985,269,2.1,2.61,2.08,0,0,0.4,3.5,5.8,10,8.8,0.5,71,44.4,25.5,17.3,6.1,3.2,3.6,7.1,92.9,24626,44883
"6294",6075010800,"06","075","010800",4578,37.796184,-122.41415,"Census Tract 108, San Francisco County, California",943500,2800,342,3.8,1.78,2.02,0,0.4,4.9,2.4,7.6,9.9,4.2,6.1,64.6,10.3,38.2,34.9,12.2,2.4,2.1,23.6,76.4,79932,137105
"6295",6075010900,"06","075","010900",4320,37.798015,-122.420541,"Census Tract 109, San Francisco County, California",912200,2932,315,3.8,1.76,1.74,0.9,1.1,1.4,6.7,2.4,3.2,1.8,4.7,77.9,14.4,43.6,27.4,13.4,0.9,0.4,21.6,78.4,104205,149601
"6296",6075011000,"06","075","011000",4827,37.79427,-122.419173,"Census Tract 110, San Francisco County, California",750000,2711,135,3.3,2.08,2.15,0.3,3.3,0.4,3.9,9.8,5,6.5,7.1,63.7,17.4,40.5,27.1,9.3,4.5,1.2,7.7,92.3,56143,85604
"6297",6075011100,"06","075","011100",5164,37.791047,-122.418673,"Census Tract 111, San Francisco County, California",721300,3188,323,2.8,1.92,1.69,2.3,1.7,3.7,4.8,3.9,3.3,7.2,9.7,63.4,27.8,46.1,14.8,9.9,0.9,0.4,14.3,85.7,60420,78096
"6298",6075011200,"06","075","011200",3286,37.793292,-122.412915,"Census Tract 112, San Francisco County, California",NA,2413,746,3.8,2.17,1.92,0.9,1.7,2.7,1.5,2.7,17.9,6.7,2.2,63.8,10.6,37.4,32.9,9.1,6.6,3.4,30.8,69.2,73265,177452
"6299",6075011300,"06","075","011300",3143,37.794726,-122.409303,"Census Tract 113, San Francisco County, California",675500,1668,73,2.3,2.04,2.07,0.5,0,2,7.2,2.3,4.2,3.8,2.5,77.5,29.9,41.9,16.8,7.2,3.7,0.5,14.1,85.9,19529,45119
"6300",6075011700,"06","075","011700",1783,37.790287,-122.40568,"Census Tract 117, San Francisco County, California",NA,1286,368,1.5,1.17,1.5,1,0,0.7,11,5.4,5.3,1.4,0.4,74.8,63.4,20.2,9.5,4.2,0,2.7,7.1,92.9,27311,49652
"6301",6075011800,"06","075","011800",1500,37.793512,-122.406332,"Census Tract 118, San Francisco County, California",NA,743,43,2,1.62,2.45,0,1.2,0,2.4,0.4,0,12.9,9.7,73.4,40.5,26.2,22.1,5,1.3,4.8,1.9,98.1,25462,49104
"6302",6075011901,"06","075","011901",2408,37.790341,-122.413942,"Census Tract 119.01, San Francisco County, California",501600,1840,375,2.4,1.33,1.5,0.7,0,1,9.1,16.6,13.6,0,3.6,55.3,37,44.2,14,0.6,3,1.1,27.1,72.9,54059,78481
"6303",6075011902,"06","075","011902",2598,37.790774,-122.409601,"Census Tract 119.02, San Francisco County, California",NA,2004,417,2.4,1.29,1.67,0,0,0,1.3,1.1,3,3.2,6.3,84.9,42.7,41.6,12.7,2.7,0.3,0,4.2,95.8,47012,92861
"6304",6075012000,"06","075","012000",3833,37.788056,-122.417564,"Census Tract 120, San Francisco County, California",NA,2765,368,1.6,1.57,1.36,2.1,2.1,1.7,1.6,4.1,3.1,5.4,0,79.9,62.1,29,5.7,1.1,0,2.1,2.3,97.7,36450,47510
"6305",6075012100,"06","075","012100",3833,37.788739,-122.412761,"Census Tract 121, San Francisco County, California",498900,2367,324,1.6,1.33,1.54,0.5,0,0.6,0.7,1.8,0.6,3.9,4.5,87.3,64.5,27.8,5.8,1.4,0,0.5,4.4,95.6,36328,49513
"6306",6075012201,"06","075","012201",4567,37.785747,-122.416166,"Census Tract 122.01, San Francisco County, California",422900,2881,297,1.7,1.61,1.67,0,0,0,0,1.1,1.9,3.1,3.8,90.1,63,31.1,4.1,0,0,1.9,8.5,91.5,32250,51062
"6307",6075012202,"06","075","012202",2986,37.785697,-122.419425,"Census Tract 122.02, San Francisco County, California",NA,1606,60,1.7,NA,1.43,8.2,0,4,6.2,2.1,3.2,7.7,1.7,66.7,56.8,36.5,3.2,0,0,3.4,0,100,27000,37482
"6308",6075012301,"06","075","012301",2734,37.785424,-122.412336,"Census Tract 123.01, San Francisco County, California",NA,1860,553,1.4,NA,1.48,0,1.8,2,4.1,5.9,0.8,7.4,8.3,69.8,77.3,20.7,0,0.7,0,1.3,0,100,12591,20875
"6309",6075012302,"06","075","012302",3073,37.786778,-122.413218,"Census Tract 123.02, San Francisco County, California",NA,2481,815,NA,NA,1.27,2.9,0.4,4.3,5.7,3.3,0.8,3.7,3.2,75.6,73,20.2,5.9,0,0.4,0.5,0,100,25119,38134
"6310",6075012401,"06","075","012401",5075,37.783073,-122.415596,"Census Tract 124.01, San Francisco County, California",NA,2790,584,1.4,2,1.94,0,2.2,5.1,1.9,9,4.3,1.8,4.8,70.9,80.3,15.1,1.2,2,0,1.4,1.2,98.8,21306,31666
"6311",6075012402,"06","075","012402",3974,37.781016,-122.4178,"Census Tract 124.02, San Francisco County, California",386300,2263,377,1.7,1.65,1.43,7.1,4.4,6.5,4.9,4.7,12.4,2.3,8.4,49.3,54.2,36.4,7,0.8,0.7,1,5.7,94.3,21707,38027
"6312",6075012501,"06","075","012501",5335,37.782592,-122.411912,"Census Tract 125.01, San Francisco County, California",NA,2514,492,NA,NA,1.54,3.1,1.8,6.9,8.8,4.7,3.2,3.2,8.3,60.1,67.1,25,4.1,2.8,0,1,1.1,98.9,11634,21500
"6313",6075012502,"06","075","012502",3821,37.783934,-122.412678,"Census Tract 125.02, San Francisco County, California",NA,2497,293,1.4,NA,1.44,6.7,3.4,7.3,0.3,2.8,1,2.7,5.7,70.1,63.7,25,3,0.8,0,7.5,0,100,12370,16787
"6314",6075012601,"06","075","012601",2329,37.802397,-122.438919,"Census Tract 126.01, San Francisco County, California",NA,1676,257,3.5,2.2,1.47,0,0.8,1.7,0.7,2.9,9.7,3.5,5.3,75.4,14.2,47.9,19,13.5,5.4,0,19.8,80.2,93787,128092
"6315",6075012602,"06","075","012602",2909,37.804617,-122.436376,"Census Tract 126.02, San Francisco County, California",NA,1945,306,3.7,1.93,1.48,1.9,0,4.5,4.4,10.7,9,6.2,11,52.4,13.9,48,20.4,10.8,6.6,0.3,26.3,73.7,129716,178340
"6316",6075012700,"06","075","012700",3492,37.802454,-122.444324,"Census Tract 127, San Francisco County, California",NA,2257,250,3.5,2.08,1.42,0.6,0,8.9,3.7,6.1,1.3,6.5,5,67.9,23,35.6,22.2,13.8,3.6,1.8,33.8,66.2,89491,149985
"6317",6075012800,"06","075","012800",4106,37.797809,-122.441945,"Census Tract 128, San Francisco County, California",NA,2612,382,4.3,2,1.64,0,0.5,4.9,1.3,2,8.7,12.9,7.5,62.2,14.5,31,30.3,15.5,5.9,2.7,39.7,60.3,108673,140228
"6318",6075012901,"06","075","012901",2557,37.802024,-122.427214,"Census Tract 129.01, San Francisco County, California",850000,1722,203,3.5,2.07,1.56,2.7,1.9,0,7.3,2.6,6,9.6,7.5,62.4,10.4,51.4,25,13.2,0,0,17.9,82.1,92820,130479
"6319",6075012902,"06","075","012902",3376,37.800214,-122.430765,"Census Tract 129.02, San Francisco County, California",NA,2195,131,3.6,1.75,1.5,4.8,6.8,0.7,5.1,6.7,9.7,13.4,8.6,44.2,12.2,45.2,30.8,6.7,3.7,1.4,29.7,70.3,103000,140302
"6320",6075013000,"06","075","013000",4044,37.79721,-122.430162,"Census Tract 130, San Francisco County, California",NA,2712,372,3.5,1.86,1.43,0,0,0.9,5.3,8.3,6.7,11.7,2.9,64,16.2,41.8,21.8,15.1,4.4,0.8,25.1,74.9,97708,135625
"6321",6075013101,"06","075","013101",3811,37.793546,-122.42473,"Census Tract 131.01, San Francisco County, California",954400,2606,199,3.4,1.85,1.55,0,6.1,1.3,3.6,8.7,13.9,5.4,5.3,55.7,11.1,43.6,29.9,14.2,0.3,1,20.4,79.6,125066,148375
"6322",6075013102,"06","075","013102",2625,37.792804,-122.427472,"Census Tract 131.02, San Francisco County, California",NA,1796,217,3.9,1.88,1.68,0,0,1.1,5.7,7,10,13.2,2.7,60.2,11.5,39.7,31.5,8.1,8.5,0.7,21.1,78.9,99080,170898
"6323",6075013200,"06","075","013200",4162,37.79377,-122.436346,"Census Tract 132, San Francisco County, California",NA,2648,256,5,2.39,1.62,2.2,0,1.1,3.4,7.9,6.8,6.1,4.2,68.4,9.5,27,27.9,14.7,12.5,8.4,43.7,56.3,136190,240863
"6324",6075013300,"06","075","013300",4232,37.788479,-122.451567,"Census Tract 133, San Francisco County, California",NA,2111,251,5.9,2.53,1.77,0,2.2,0.8,4.2,3.5,3.4,5.1,4,76.8,3.3,20.1,29.7,21.8,12.8,12.2,51.5,48.5,114926,229837
"6325",6075013400,"06","075","013400",3599,37.789558,-122.441298,"Census Tract 134, San Francisco County, California",NA,2243,402,3.4,2.44,1.58,0,1.5,0,0.7,7.8,8.3,4.1,6.3,71.4,13.2,42.4,19.5,18.9,3.3,2.7,31.6,68.4,112673,188701
"6326",6075013500,"06","075","013500",2556,37.790945,-122.432379,"Census Tract 135, San Francisco County, California",NA,1870,126,3.1,2.06,1.37,0,0,0.4,1.9,4.9,20.3,4,4.8,63.6,23.5,43,16.1,7.9,5.5,4,22.8,77.2,95069,137258
"6327",6075015100,"06","075","015100",2493,37.787859,-122.423821,"Census Tract 151, San Francisco County, California",635500,1822,269,3.1,1.51,1.24,0.7,0.5,31.2,14.8,10.7,7.5,2.6,3.6,28.4,16.2,52.2,23.8,4.4,1.5,1.8,32.9,67.1,85740,115863
"6328",6075015200,"06","075","015200",3934,37.78796,-122.429533,"Census Tract 152, San Francisco County, California",745700,2594,259,3.4,1.76,1.46,0,1.3,10.6,6.3,16.1,5.9,7.4,4.4,48,20,44,21.5,7.2,3.9,3.5,23.5,76.5,62770,102275
"6329",6075015300,"06","075","015300",2040,37.786782,-122.439703,"Census Tract 153, San Francisco County, California",NA,1037,87,4.2,2.4,1.83,1,0,1.5,0,2.4,5.6,1.9,5.6,82,26.6,19.3,19.7,17,12.5,4.9,29.7,70.3,81346,166632
"6330",6075015400,"06","075","015400",5621,37.784267,-122.450871,"Census Tract 154, San Francisco County, California",970600,3070,166,4.1,2.23,1.74,0,0,2.7,1.6,8.7,4.3,13.3,12.1,57.4,7.9,31.2,35,15.3,7.7,2.8,30.1,69.9,86609,125034
"6331",6075015500,"06","075","015500",3622,37.785441,-122.432858,"Census Tract 155, San Francisco County, California",625000,2523,124,2.7,1.45,1.58,2.2,1.7,8.8,21.4,18.2,12.3,9.1,4.5,21.8,25.2,49.3,16.8,6.9,1.3,0.6,8.9,91.1,53904,84370
"6332",6075015600,"06","075","015600",2728,37.777506,-122.456303,"Census Tract 156, San Francisco County, California",972700,1330,84,4.7,2.35,2.26,0,0,4.1,0,8.4,10,13.4,15.5,48.6,10.2,20.2,40.9,22.9,2.9,3.1,33.1,66.9,77214,109381
"6333",6075015700,"06","075","015700",7832,37.778196,-122.447605,"Census Tract 157, San Francisco County, California",853000,2706,241,4.1,2.53,1.99,1.5,10.2,5.6,0.4,9.7,7.1,17.5,13.3,34.7,6.7,34.9,36.2,17.6,3.5,1.1,30,70,86096,112027
"6334",6075015801,"06","075","015801",3594,37.780649,-122.437156,"Census Tract 158.01, San Francisco County, California",584600,1849,274,3.4,2.08,1.98,0,0.7,7.2,19.3,4.2,7.2,12.4,1.3,47.7,8.6,39.2,35.8,11.2,3.8,1.4,29.8,70.2,46849,76741
"6335",6075015802,"06","075","015802",2965,37.778102,-122.438581,"Census Tract 158.02, San Francisco County, California",970900,1619,251,3.5,2.43,1.84,1.3,2,0,1.4,0,9.9,12.2,7.7,65.5,10.9,45.2,27.1,8.6,5,3.2,16.1,83.9,74028,89022
"6336",6075015900,"06","075","015900",4350,37.782893,-122.430303,"Census Tract 159, San Francisco County, California",465800,2319,134,3,2.2,1.77,3.5,3.6,27.8,17.2,11.3,18.5,3.5,1.9,12.7,22.6,31.7,27,17.7,1.1,0,21.9,78.1,35641,61700
"6337",6075016000,"06","075","016000",2465,37.782429,-122.422457,"Census Tract 160, San Francisco County, California",518300,1722,171,2.8,1.48,1.54,3.5,1.8,8.2,26,11.3,20.7,1.6,4.4,22.5,26.9,50.3,18.9,2.5,0.9,0.5,30.4,69.6,60772,74647
"6338",6075016100,"06","075","016100",5366,37.77982,-122.429752,"Census Tract 161, San Francisco County, California",490900,2937,308,3.3,1.72,1.76,0.5,5.8,13.2,25.8,17.3,10.9,8.2,4,14.2,17.2,45.4,19.2,16.4,1.8,0,8.1,91.9,20274,38492
"6339",6075016200,"06","075","016200",2541,37.776713,-122.423651,"Census Tract 162, San Francisco County, California",541700,1586,156,2.9,1.46,1.51,1,4,9.2,4.9,3.2,4,4.9,7.8,61,29,43.2,15.4,10.7,0,1.8,10,90,48704,61821
"6340",6075016300,"06","075","016300",4293,37.775988,-122.42955,"Census Tract 163, San Francisco County, California",692200,2183,216,3.9,2.25,2.26,0,0,11.3,3.9,6.5,8.7,4.3,2.5,62.9,12,31.3,26.7,20.6,7.4,1.9,19.1,80.9,64896,88359
"6341",6075016400,"06","075","016400",3778,37.774885,-122.437395,"Census Tract 164, San Francisco County, California",804600,1984,77,3.8,2.46,1.97,2.7,0.3,2.9,3.2,2.5,3,7.3,11.2,66.9,16.8,36.4,22.1,16.4,4.2,4.1,18,82,72355,99545
"6342",6075016500,"06","075","016500",5083,37.774174,-122.44732,"Census Tract 165, San Francisco County, California",832000,2545,189,3.9,2.43,1.9,1,0.6,2.6,5,6.3,3.8,2.6,3.4,74.6,6.7,38.7,37.4,13.4,2.9,0.9,24.7,75.3,77955,106438
"6343",6075016600,"06","075","016600",5069,37.770556,-122.447279,"Census Tract 166, San Francisco County, California",967900,2703,214,3.8,2.24,1.95,0.9,0.7,0.8,5.4,1.7,3.9,2.7,5.2,78.7,4.9,40.5,35.5,14.3,2,2.7,20.9,79.1,74261,100442
"6344",6075016700,"06","075","016700",4652,37.771473,-122.435871,"Census Tract 167, San Francisco County, California",946600,2563,257,4,2.72,1.9,0.7,0.2,5.9,2.3,2.9,7.6,2.9,6.4,71.2,9.1,33.9,34.2,13.7,5.3,3.9,26.7,73.3,88070,115922
"6345",6075016801,"06","075","016801",3218,37.771334,-122.429627,"Census Tract 168.01, San Francisco County, California",806300,1745,105,3.7,2.1,1.89,0,0.9,1.7,1.4,2,4.8,10,5.5,73.7,11.9,34.7,34.6,12.4,4.3,2,19,81,77611,105222
"6346",6075016802,"06","075","016802",3264,37.773455,-122.425437,"Census Tract 168.02, San Francisco County, California",689900,1945,376,3.1,1.74,1.99,1.6,1.5,5.2,3.4,2.4,14.5,3,3.8,64.6,23.4,39,27.4,5,2.9,2.2,18.2,81.8,49755,105851
"6347",6075016900,"06","075","016900",2924,37.766976,-122.432511,"Census Tract 169, San Francisco County, California",841600,1796,98,3.7,2.2,1.79,0,0.8,3,2.7,6.5,7,4.3,5.4,70.4,9.5,41.4,34.9,7.7,5.5,1.1,23.4,76.6,84271,104231
"6348",6075017000,"06","075","017000",3689,37.76489,-122.439364,"Census Tract 170, San Francisco County, California",957900,2372,256,4.6,1.81,1.58,0,0.7,1.3,6.5,10.8,8.9,9.6,5.3,57,2.4,33.8,34,20.6,8.2,1,54.5,45.5,105185,145529
"6349",6075017101,"06","075","017101",3544,37.765964,-122.446043,"Census Tract 171.01, San Francisco County, California",NA,1934,188,4.6,2.43,1.54,0,3.5,0.9,1.2,3.2,6.1,4,7.4,73.7,6.1,43.4,25.9,15.7,5.3,3.6,41.7,58.3,120913,178033
"6350",6075017102,"06","075","017102",3451,37.765706,-122.450449,"Census Tract 171.02, San Francisco County, California",894800,1851,118,4.4,2.11,2.25,0,1,1,0,2.4,4.9,5.2,6.2,79.2,4.4,29.7,30.1,26.8,5.7,3.3,34.6,65.4,109153,133820
"6351",6075017601,"06","075","017601",7630,37.779066,-122.410671,"Census Tract 176.01, San Francisco County, California",541700,4253,922,1.7,1.56,1.86,8.6,15.8,15.3,2.5,2.5,2.5,8.4,5.2,39.1,50.1,26.4,15.7,4.9,1.5,1.4,9.1,90.9,23330,49851
"6352",6075017700,"06","075","017700",2128,37.76829,-122.414615,"Census Tract 177, San Francisco County, California",636400,811,148,4,2.2,1.95,5.7,9.6,9.2,0.5,2.2,1,17.5,6.4,47.8,6.3,39.7,39.6,14.1,0.4,0,23.5,76.5,90625,109380
"6353",6075017801,"06","075","017801",3499,37.781689,-122.401567,"Census Tract 178.01, San Francisco County, California",615100,2449,227,2.1,1.37,1.37,10.2,13,13,28.3,21.8,3.5,2.4,0.5,7.2,29.9,61.9,7.8,0,0,0.4,17,83,16812,70588
"6354",6075017802,"06","075","017802",4516,37.776676,-122.408522,"Census Tract 178.02, San Francisco County, California",643000,2011,498,3.4,1.4,2.65,11.6,27.7,18.7,6,0.7,0,4.9,4.9,25.5,19.5,33,22.1,13.3,10.2,1.8,35.1,64.9,93281,111745
"6355",6075017902,"06","075","017902",2880,37.825345,-122.373271,"Census Tract 179.02, San Francisco County, California",NA,932,317,5,NA,3.26,0,0,6.7,3.4,36.8,23.8,15.9,5.8,7.6,0,5.2,29.9,40.8,24.1,0,0,100,35417,58494
"6356",6075018000,"06","075","018000",4221,37.776369,-122.401104,"Census Tract 180, San Francisco County, California",700900,1385,172,3,1.82,1.66,24.4,30.4,17.8,1.7,0.7,1.1,3.2,2.6,18.2,22.5,39.1,33.6,4.7,0,0,42,58,112670,132927
"6357",6075020100,"06","075","020100",6172,37.767263,-122.419909,"Census Tract 201, San Francisco County, California",633000,3003,366,2.9,2.25,1.97,2.4,14.9,11,6.1,3.9,2.8,9.1,8.4,41.5,33.2,32.1,22.3,7.6,1.9,2.9,23,77,36086,62198
"6358",6075020200,"06","075","020200",6269,37.767042,-122.423978,"Census Tract 202, San Francisco County, California",683900,3446,481,3.4,1.93,1.85,4.8,5.4,3,14.5,3.5,4.5,9.2,5.4,49.7,18.6,37.3,25,13.1,3.6,2.4,18.9,81.1,55806,74469
"6359",6075020300,"06","075","020300",3034,37.765099,-122.429138,"Census Tract 203, San Francisco County, California",751300,1828,207,3.9,1.77,1.81,4.2,0.9,4.3,4.2,9.2,11.1,2.1,5.8,58.3,10.6,41.4,32.4,15,0.7,0,35.9,64.1,109803,117959
"6360",6075020401,"06","075","020401",2846,37.759571,-122.443304,"Census Tract 204.01, San Francisco County, California",931100,1826,215,4.6,1.99,1.7,0,0,1.3,1.6,8.3,10.7,10.6,21.4,46.1,5.3,33.7,39,15.6,4.8,1.7,44.6,55.4,120919,140578
"6361",6075020402,"06","075","020402",3997,37.752941,-122.443727,"Census Tract 204.02, San Francisco County, California",807800,2619,207,4,1.79,1.46,0,1.6,3,8.4,29.6,29.6,21.5,1.7,4.7,3,38.3,46.1,11.5,1.1,0,24.7,75.3,85424,110781
"6362",6075020500,"06","075","020500",2583,37.759236,-122.437156,"Census Tract 205, San Francisco County, California",NA,1436,91,4.4,2.23,1.62,1.3,0,1.7,2.6,0,6.1,5.9,4.8,77.6,9.2,27.9,43,15.7,4.2,0,39.9,60.1,94116,130168
"6363",6075020600,"06","075","020600",4711,37.75976,-122.430967,"Census Tract 206, San Francisco County, California",NA,2873,354,4.3,2.13,1.62,0,0.4,1.7,2.1,11,6.4,6.2,4.8,67.5,4.2,39.6,31.2,18.3,5.1,1.5,41.7,58.3,108828,163187
"6364",6075020700,"06","075","020700",5171,37.759385,-122.423616,"Census Tract 207, San Francisco County, California",NA,2859,42,4.1,2,1.97,1.6,0.4,3.8,1.7,2.6,3.5,7.1,3.7,75.7,12.1,36.6,27.7,15.5,5.6,2.6,32.8,67.2,89640,127064
"6365",6075020800,"06","075","020800",6577,37.759714,-122.419162,"Census Tract 208, San Francisco County, California",847200,2709,274,3.7,2.5,2.55,3,5.8,1.1,1,7.8,11.3,3.6,3,63.3,26.1,25,24.4,19,4.5,1,13.7,86.3,49661,82836
"6366",6075020900,"06","075","020900",4372,37.751708,-122.41805,"Census Tract 209, San Francisco County, California",794600,1932,124,3.8,4,2.54,1.7,0,6.4,2.2,6.5,5.9,2.8,6.4,68.2,18.8,29.4,30.1,9.6,9.2,2.8,12.2,87.8,53625,79136
"6367",6075021000,"06","075","021000",4196,37.751752,-122.422765,"Census Tract 210, San Francisco County, California",777300,2236,114,4.2,1.86,2.08,0,0.5,4.7,2.8,3.4,5,7.9,3.4,72.3,12.4,28.6,34.5,16.6,5.4,2.5,34.6,65.4,101000,122794
"6368",6075021100,"06","075","021100",3853,37.753759,-122.429745,"Census Tract 211, San Francisco County, California",NA,2000,63,4.9,2.22,1.94,0.9,3.4,2.4,3.8,7.2,4.1,7.8,2.2,68.4,2.9,26.1,36.2,27.4,5.7,1.8,51.5,48.5,118792,177157
"6369",6075021200,"06","075","021200",2779,37.753147,-122.438045,"Census Tract 212, San Francisco County, California",NA,1573,107,5.4,2.22,1.72,1.4,6.4,0.8,1.5,1.8,18.4,6,7.1,56.6,2.6,18.2,31.7,35.8,8.9,2.7,59.6,40.4,126625,182186
"6370",6075021300,"06","075","021300",2474,37.749338,-122.438015,"Census Tract 213, San Francisco County, California",NA,1297,54,5.3,2.3,1.7,0,1.3,2.5,2.9,16.3,6.3,9.1,4.8,56.7,4,17.6,40.2,33.2,5,0,55.3,44.7,108850,181468
"6371",6075021400,"06","075","021400",3264,37.749572,-122.429258,"Census Tract 214, San Francisco County, California",NA,1810,92,4.5,2.31,1.73,1.3,3.5,0.4,1.4,1.7,12.5,5.4,8.3,65.5,2.3,37.9,34,18.1,6.4,1.2,41.3,58.7,112308,147822
"6372",6075021500,"06","075","021500",5096,37.745082,-122.426414,"Census Tract 215, San Francisco County, California",964500,2730,278,4.4,2.24,2.08,0,0.3,2.9,1.7,8.4,6.4,14.8,2.7,62.7,5.3,36.1,40.5,12.5,4,1.5,41.6,58.4,110625,124821
"6373",6075021600,"06","075","021600",3836,37.74526,-122.43758,"Census Tract 216, San Francisco County, California",854400,2358,171,4.5,1.87,1.72,0.7,0,2.4,5.9,40.2,21,8.4,6.2,15.2,6.6,26.2,33.8,24.2,9.2,0,65.5,34.5,88591,127403
"6374",6075021700,"06","075","021700",3948,37.738826,-122.436194,"Census Tract 217, San Francisco County, California",858000,2062,120,5.1,2.07,2.02,0,1.7,3.1,7.1,34.3,25.3,9.8,2,16.8,4.1,28.5,19.5,31.8,12.8,3.4,68.9,31.1,93019,130525
"6375",6075021800,"06","075","021800",3840,37.738105,-122.429034,"Census Tract 218, San Francisco County, California",978600,1948,99,5.1,2.42,2.03,0.2,2.5,0,4.1,9.8,6.7,11.7,6.2,58.8,2.5,19.9,41.1,23.8,11.1,1.5,57.1,42.9,102847,133008
"6376",6075022600,"06","075","022600",1534,37.759594,-122.389577,"Census Tract 226, San Francisco County, California",683300,812,30,4.4,1.93,1.83,5.2,38.8,18.8,1.6,2.6,2.2,5.2,0,25.6,12.2,36,33.3,11.3,6,1.2,66.9,33.1,135119,171707
"6377",6075022702,"06","075","022702",2060,37.762512,-122.395861,"Census Tract 227.02, San Francisco County, California",939900,1069,77,4.8,2.51,1.88,2.5,0,5.8,7.8,1,6.5,4,4.6,67.8,7.5,24,32.4,22.8,13.3,0,51.2,48.8,142222,189667
"6378",6075022704,"06","075","022704",3122,37.760542,-122.40199,"Census Tract 227.04, San Francisco County, California",896800,1648,116,4.8,2.24,2.03,6.6,3.7,8.2,5.9,16.6,5.4,7.9,4.6,41.1,4.7,23.8,40.4,27.4,3,0.7,48.3,51.7,141379,163719
"6379",6075022801,"06","075","022801",5078,37.759656,-122.41229,"Census Tract 228.01, San Francisco County, California",651800,1772,47,4.4,2.23,3.01,9.8,4.5,12.1,2.7,2,2.3,6.4,4.1,56.1,5.8,22.5,46.2,22.1,1.6,1.9,40.8,59.2,82679,128392
"6380",6075022802,"06","075","022802",2099,37.758711,-122.40675,"Census Tract 228.02, San Francisco County, California",824300,662,73,4.9,2.51,3.02,1.7,3.2,0,4.2,2.7,11.9,9.2,0,67.1,4.2,29.8,24,37.5,4.5,0,29.2,70.8,69125,99187
"6381",6075022803,"06","075","022803",4595,37.755841,-122.411866,"Census Tract 228.03, San Francisco County, California",617200,1665,75,4.2,3.3,3.09,2,4.1,2.5,2.8,5.9,8.9,4.4,2.6,66.7,9.1,28.6,32.3,19.1,8.6,2.3,21.1,78.9,73349,81830
"6382",6075022901,"06","075","022901",4640,37.751064,-122.413983,"Census Tract 229.01, San Francisco County, California",667600,1530,183,4.6,2.53,3.09,0,4.1,2,4.4,2.8,1,3.3,2,80.5,8.5,17.7,38.5,25.6,7.7,2,29.5,70.5,56446,83071
"6383",6075022902,"06","075","022902",2617,37.75128,-122.410432,"Census Tract 229.02, San Francisco County, California",651500,886,58,4.8,2.25,3.61,1.1,2.4,1,0,3,1.8,5.1,8.7,76.9,2.8,12.4,51.2,28.6,1.7,3.3,35.9,64.1,73821,76590
"6384",6075022903,"06","075","022903",3384,37.75199,-122.406924,"Census Tract 229.03, San Francisco County, California",682600,1145,48,4.3,2.93,2.58,0.8,1,5.2,1.7,12.8,4.3,4.4,6.5,63.4,5.8,21.9,45.6,22.9,3.2,0.6,36.9,63.1,71182,85751
"6385",6075023001,"06","075","023001",5216,37.734079,-122.401119,"Census Tract 230.01, San Francisco County, California",540500,1446,74,5.1,3.7,3.88,0.7,5.9,0.7,1.6,2.5,2.8,15.6,41.1,29.2,1.9,5.7,43.6,29.3,14,5.6,55.8,44.2,48724,64749
"6386",6075023003,"06","075","023003",4093,37.732617,-122.395977,"Census Tract 230.03, San Francisco County, California",582400,1194,97,5.1,3.69,3.02,0,1.6,9.3,12.5,1.6,4.6,17,33.5,19.9,0,5.9,33.2,45.8,14.3,0.8,72.9,27.1,80906,94785
"6387",6075023102,"06","075","023102",3478,37.734087,-122.384662,"Census Tract 231.02, San Francisco County, California",409300,1371,142,4.8,4.39,2.43,0,2.8,10.1,19.5,28.4,26.8,1.3,8,3.1,8.2,14.4,28,38.1,11.4,0,28.9,71.1,29774,49906
"6388",6075023103,"06","075","023103",3725,37.732181,-122.378747,"Census Tract 231.03, San Francisco County, California",481000,1410,214,4.9,2.32,3.19,0,3.3,5.4,10.3,12,20.9,13.8,21.8,12.6,0.9,10.3,41.3,33,14.4,0.1,15.6,84.4,21818,31169
"6389",6075023200,"06","075","023200",4582,37.729416,-122.387642,"Census Tract 232, San Francisco County, California",474900,1383,93,5.3,3.61,3.12,0,2.3,4.3,4.1,5.4,8,9.8,17.4,48.7,1.8,7.4,36.8,37,10.5,6.5,49.7,50.3,46250,59042
"6390",6075023300,"06","075","023300",2624,37.725012,-122.39811,"Census Tract 233, San Francisco County, California",556800,804,150,5.1,5.06,3.39,5,11.8,33.3,3.2,7.5,5.3,4,0,29.9,4.9,2.9,34.8,33.2,16.9,7.3,62.4,37.6,84145,95396
"6391",6075023400,"06","075","023400",3660,37.720048,-122.391095,"Census Tract 234, San Francisco County, California",568500,1080,95,5.4,3.33,4.04,1.5,1.9,5,0,1,13.3,10.1,34.9,32.2,9.1,12.1,35.5,25.4,15.6,2.4,42.4,57.6,37306,54284
"6392",6075025100,"06","075","025100",3077,37.74457,-122.4083,"Census Tract 251, San Francisco County, California",775900,1346,79,5.3,2.42,2.65,0.8,1.4,2.7,3.7,7.7,12.3,5.9,9.8,55.6,2.4,13,27.6,39.7,14.6,2.7,64.6,35.4,81351,115071
"6393",6075025200,"06","075","025200",5369,37.743808,-122.414598,"Census Tract 252, San Francisco County, California",786400,2241,77,5.1,2.47,2.64,1.8,0,2,6.2,6.5,5.4,8.3,6.7,63.2,0,14.4,42.1,31.9,10.1,1.4,60,40,109375,137652
"6394",6075025300,"06","075","025300",4362,37.7435,-122.420135,"Census Tract 253, San Francisco County, California",749300,1955,97,4.6,2.66,2.62,1.4,4.2,3.7,4,1.9,1.9,5.5,5.3,72,7.2,21.1,36,28.4,7,0.3,50.3,49.7,100200,122359
"6395",6075025401,"06","075","025401",3404,37.737613,-122.421334,"Census Tract 254.01, San Francisco County, California",779700,1359,57,4.8,2.39,3.08,0,1.6,0.5,2.7,9.9,4.5,3,3.8,74,0,19.4,43.2,29.4,8.1,0,44.6,55.4,69318,94881
"6396",6075025402,"06","075","025402",2912,37.736954,-122.41329,"Census Tract 254.02, San Francisco County, California",745800,1126,0,5.1,2.65,3.03,1.1,0.8,4,5.2,2.5,5.5,14.7,19.1,47.2,1.2,8.1,43.7,39.3,7.7,0,69.3,30.7,75938,100540
"6397",6075025403,"06","075","025403",4267,37.733932,-122.420883,"Census Tract 254.03, San Francisco County, California",719000,1552,123,5.1,3.71,3.27,0,5.6,0.6,2.9,5.3,12.3,15.7,13.3,44.3,3.9,17.5,37.1,27.2,6.8,7.6,42,58,66298,94424
"6398",6075025500,"06","075","025500",8471,37.728075,-122.436054,"Census Tract 255, San Francisco County, California",645400,2413,53,5.5,3.75,3.37,0,2.2,2.5,1.2,2.7,4.8,9.3,15.6,61.6,3.3,9.7,41.6,32.2,6.8,6.4,64.2,35.8,86343,101513
"6399",6075025600,"06","075","025600",5618,37.728672,-122.422534,"Census Tract 256, San Francisco County, California",594800,1590,47,5.2,3.6,4.05,0.4,0,0,0.3,15.8,6,17.7,28.2,31.6,0,3,44.1,37.9,7.6,7.4,78.4,21.6,66115,81600
"6400",6075025701,"06","075","025701",4788,37.731004,-122.411831,"Census Tract 257.01, San Francisco County, California",591200,1397,178,5.2,3.88,2.92,0,0,3.4,2,2.4,7.2,12.9,32.4,39.7,4.4,3.6,42.4,27.3,17.7,4.6,67.4,32.6,83103,124052
"6401",6075025702,"06","075","025702",4665,37.727764,-122.40607,"Census Tract 257.02, San Francisco County, California",598300,1240,105,4.9,3.32,3.04,1.4,3.3,0,3,6.9,7.8,14.4,21.1,42,0,19.9,31.4,42.9,3.2,2.6,55.3,44.7,60885,72030
"6402",6075025800,"06","075","025800",1960,37.722377,-122.402733,"Census Tract 258, San Francisco County, California",609000,653,34,4.9,3.81,2.56,0,1.2,7.2,1.8,13.6,16.2,7.7,15.6,36.6,1.7,28,25.7,34.8,6,3.8,59.5,40.5,48264,66969
"6403",6075025900,"06","075","025900",4261,37.723117,-122.411209,"Census Tract 259, San Francisco County, California",693300,1393,123,5.6,3.39,3.43,4.5,2.2,7.6,4.3,13.1,16.6,30.6,9.5,11.7,0,3.5,32.4,31.9,24.1,8,75.7,24.3,90556,97812
"6404",6075026001,"06","075","026001",5863,37.723447,-122.432357,"Census Tract 260.01, San Francisco County, California",650100,1568,144,5.3,4.5,3.63,3.1,0.5,1.3,2.4,5.7,9,8.5,11.2,58.4,2.5,15.5,29.7,27.2,14.2,10.9,51.8,48.2,77273,92887
"6405",6075026002,"06","075","026002",3544,37.726285,-122.426542,"Census Tract 260.02, San Francisco County, California",595400,1022,36,5.1,3.44,4.32,0,0.8,4.7,5.7,0.8,3.9,27.3,10.5,46.4,0,12.5,42.3,26.9,13.1,5.2,72.1,27.9,65921,83298
"6406",6075026003,"06","075","026003",4908,37.719701,-122.42898,"Census Tract 260.03, San Francisco County, California",606200,1364,27,5.1,3.54,2.62,0.7,0,0.4,8.5,7.6,10.1,8.6,18.8,45.4,0,11.3,48.9,25.9,13.6,0.4,75.2,24.8,65055,74974
"6407",6075026004,"06","075","026004",4315,37.717992,-122.43575,"Census Tract 260.04, San Francisco County, California",625000,1213,36,5,3.95,3.17,0,1.1,0,2.4,9.4,9.6,2.6,21.3,53.7,0.5,16.2,41.5,22.3,11,8.6,63.5,36.5,72390,86087
"6408",6075026100,"06","075","026100",6810,37.718906,-122.442757,"Census Tract 261, San Francisco County, California",613000,1898,42,5,3.98,2.92,0,4,3.6,3.8,2.2,1.4,6.4,20.1,58.5,7.1,9.6,39.1,30.2,11.4,2.6,57.9,42.1,68897,82502
"6409",6075026200,"06","075","026200",7564,37.711133,-122.452865,"Census Tract 262, San Francisco County, California",625000,1979,165,5.2,4.47,3.46,0,0,4.4,3.1,9.9,11,8,13.6,49.9,3.3,13.6,40.7,26.6,10.2,5.6,63.1,36.9,83750,94744
"6410",6075026301,"06","075","026301",4875,37.713793,-122.439784,"Census Tract 263.01, San Francisco County, California",580400,1242,104,4.9,4.48,3,5.8,0,3.5,4.5,2.3,7.2,11,11.8,53.9,6.8,11.8,39.2,25.4,11.8,5,58.2,41.8,59333,80755
"6411",6075026302,"06","075","026302",4992,37.710801,-122.431512,"Census Tract 263.02, San Francisco County, California",592000,1483,72,4.9,3.46,3.09,0,3,12.5,11.3,8.1,2.2,12.5,20,30.5,2.4,12.2,38.9,37.3,4.1,5.1,67.6,32.4,60915,73652
"6412",6075026303,"06","075","026303",4551,37.709716,-122.443836,"Census Tract 263.03, San Francisco County, California",578600,1311,50,5.3,4.22,3.72,0,0,3.8,12,14.7,23.9,13.1,11.2,21.3,1.9,4.9,35.7,37.1,15.9,4.5,70.1,29.9,84583,91472
"6413",6075026401,"06","075","026401",4044,37.713459,-122.411321,"Census Tract 264.01, San Francisco County, California",499200,1068,0,5.2,3.9,3.94,4.7,4.8,3,2.1,4.7,14.5,9.8,36.3,20.1,0,3.7,32.1,41.9,18.7,3.6,61.9,38.1,49821,68222
"6414",6075026402,"06","075","026402",4118,37.71657,-122.403655,"Census Tract 264.02, San Francisco County, California",534600,1129,12,5.5,3.74,3.62,3.3,1.9,1.6,5.1,9.7,8.4,14,30.1,25.9,0,0.8,26.7,53.9,17,1.6,85.3,14.7,59743,82737
"6415",6075026403,"06","075","026403",4140,37.711382,-122.406806,"Census Tract 264.03, San Francisco County, California",553600,1154,42,5.1,4.29,3.01,3.1,1.6,2.9,12.5,4.2,10.4,24.8,10.1,30.4,4.3,6.2,36.1,30,17.9,5.5,49.9,50.1,40313,55272
"6416",6075026404,"06","075","026404",2851,37.709734,-122.415261,"Census Tract 264.04, San Francisco County, California",465900,723,70,5.5,4.6,3.6,0,15.4,17.4,4.8,11.3,21.9,6.9,15.5,6.8,0,5.8,25.9,28.9,36.5,2.9,53,47,44219,56286
"6417",6075030101,"06","075","030101",4233,37.764546,-122.459382,"Census Tract 301.01, San Francisco County, California",822100,2137,157,4.4,2.48,2,0,0,4.9,5.6,7.9,8,11.6,5,57,4.9,37.4,28.9,22.1,2.8,3.9,26.7,73.3,92969,140363
"6418",6075030102,"06","075","030102",4838,37.75864,-122.456841,"Census Tract 301.02, San Francisco County, California",936700,2432,107,4.5,2.13,1.87,0,2.6,4.9,4.6,24.6,17.8,15.5,4.2,25.8,6,28.1,32.1,21.7,12.1,0,50.4,49.6,94558,135691
"6419",6075030201,"06","075","030201",3928,37.763025,-122.47396,"Census Tract 302.01, San Francisco County, California",885500,1931,27,4.2,3.29,1.84,1.5,0.7,0.5,4,6.3,14.9,16.5,15.1,40.7,5.3,35.1,35.6,15.2,7.4,1.3,26.3,73.7,76442,96467
"6420",6075030202,"06","075","030202",4313,37.763109,-122.467344,"Census Tract 302.02, San Francisco County, California",822300,2245,136,3.8,2.53,1.97,1.5,3.6,5.1,4.2,17.1,18.7,4.7,6.2,38.9,3.3,37.1,42.4,13.1,3.3,0.8,18.4,81.6,77165,93934
"6421",6075030301,"06","075","030301",5658,37.757137,-122.468804,"Census Tract 303.01, San Francisco County, California",882600,2596,330,5.5,2.73,2.21,0.3,0,0.5,7.8,5.9,10.6,12.7,18.8,43.5,1.2,15.9,36,34.6,8.8,3.5,52.1,47.9,92976,125277
"6422",6075030302,"06","075","030302",3549,37.752111,-122.472238,"Census Tract 303.02, San Francisco County, California",881300,1396,87,6.1,2.78,3.18,0,0,0,3.9,1.9,8.5,17,34.2,34.5,0,2.2,37.7,39.4,16.1,4.6,74.6,25.4,125077,136633
"6423",6075030400,"06","075","030400",5106,37.74662,-122.46891,"Census Tract 304, San Francisco County, California",NA,2029,106,6.1,2.95,1.5,0.7,0.7,3.2,0.7,5.1,4,8.2,18.1,59.2,1.2,4.7,29.7,32.6,25.5,6.3,83.3,16.7,122159,139324
"6424",6075030500,"06","075","030500",3046,37.75104,-122.452839,"Census Tract 305, San Francisco County, California",847500,1072,73,5.4,2.26,1.71,0,0,0.8,5.9,4.1,10,72.1,6.2,0.9,4.9,6,29.3,45.1,11.7,3.2,78.6,21.4,110114,136581
"6425",6075030600,"06","075","030600",2221,37.743787,-122.456935,"Census Tract 306, San Francisco County, California",967900,905,98,6.1,2.62,2.03,2.4,0,0.8,2.2,2.2,4.5,8.3,26.4,53.1,0,3.9,36,39.1,19.6,1.4,83.1,16.9,141875,154963
"6426",6075030700,"06","075","030700",6343,37.737029,-122.449317,"Census Tract 307, San Francisco County, California",851300,2798,141,6,2.42,2.73,0,0,0.4,0.6,4.2,18.7,29.1,24.3,22.7,0,1.1,37.1,44.2,13.4,4.1,84.1,15.9,131840,148116
"6427",6075030800,"06","075","030800",5667,37.739721,-122.468526,"Census Tract 308, San Francisco County, California",NA,2296,229,6.4,2.81,1.87,2.1,0,0.5,5,5.8,2.7,6.8,6.1,71,0.9,4.2,23.2,45.3,18.6,7.8,81.9,18.1,130347,178290
"6428",6075030900,"06","075","030900",6581,37.727996,-122.467748,"Census Tract 309, San Francisco County, California",NA,2467,177,7,2.83,3.04,0.6,0.4,0.8,0.3,3.9,2.2,11,19.3,61.5,1.9,1.1,13.1,47.2,24.3,12.5,87.9,12.1,147759,191565
"6429",6075031000,"06","075","031000",3494,37.728602,-122.458347,"Census Tract 310, San Francisco County, California",786300,1355,112,6.1,2.73,2.24,0.7,0,15.5,5.2,5.7,4.6,5.2,1.6,61.4,3.8,8.4,30.7,35.6,16.1,5.3,80.5,19.5,96509,115257
"6430",6075031100,"06","075","031100",6193,37.730985,-122.445355,"Census Tract 311, San Francisco County, California",712700,2623,98,5.1,2.66,2.57,2.2,0,1.5,12.7,4.1,9.2,13.5,12.5,44.3,1.1,12.4,39.5,34.2,10.1,2.7,64.1,35.9,108224,120172
"6431",6075031201,"06","075","031201",6167,37.721721,-122.45712,"Census Tract 312.01, San Francisco County, California",666300,1777,55,5.1,4,3.44,2,0.7,0,5.8,12.7,3.4,9.7,12.9,52.7,4.4,12.4,33,29.9,14.3,6,71,29,68010,81970
"6432",6075031202,"06","075","031202",3137,37.719112,-122.452759,"Census Tract 312.02, San Francisco County, California",645800,894,0,5.4,3.29,3.72,0,0,0,4.5,1.8,4.8,16.4,16.6,55.9,0,6.5,36.4,29.2,28,0,63.5,36.5,72944,84221
"6433",6075031301,"06","075","031301",3826,37.719383,-122.467567,"Census Tract 313.01, San Francisco County, California",637000,1318,112,5.9,3.7,2.43,0,2.9,0,6.6,1.6,7.5,12.1,28.2,41.1,2,3.3,31.1,34.2,18,11.5,71.4,28.6,84167,134769
"6434",6075031302,"06","075","031302",5495,37.713399,-122.466753,"Census Tract 313.02, San Francisco County, California",571900,1971,149,4.5,3.84,2.47,0.8,21.7,2.7,1.4,1.6,5.6,16.1,27.9,22.1,1.2,19.9,43.9,25.7,7.1,2.2,66.9,33.1,73871,78197
"6435",6075031400,"06","075","031400",6676,37.714792,-122.457337,"Census Tract 314, San Francisco County, California",560700,1942,37,5.1,3.86,2.92,0.6,0.7,4.9,2.3,6.2,16.7,12.8,20.3,35.4,4.8,15.4,27.5,32.2,13.6,6.4,63,37,56619,76666
"6436",6075032601,"06","075","032601",4416,37.762474,-122.480595,"Census Tract 326.01, San Francisco County, California",810600,1818,95,4.7,2.94,2.57,0,0,5.8,5.6,1,5.1,15.1,22.3,45.2,2.4,32.3,26.5,24.7,8.9,5.2,32.8,67.2,69375,86614
"6437",6075032602,"06","075","032602",4316,37.758854,-122.482533,"Census Tract 326.02, San Francisco County, California",804400,1778,120,5,2.67,2.86,0,0.9,2.9,0,1.7,0,18.7,13.8,62,4.2,10.2,44.8,25.9,13.4,1.6,47,53,56250,77115
"6438",6075032700,"06","075","032700",6572,37.76034,-122.490988,"Census Tract 327, San Francisco County, California",797400,2480,69,5.2,3.27,2.22,0,0,0,0.4,2.1,12.4,12.5,29.9,42.7,2.6,11.4,47.5,26.8,10.7,1,60,40,85683,104544
"6439",6075032801,"06","075","032801",4238,37.746054,-122.480253,"Census Tract 328.01, San Francisco County, California",714400,1490,194,5.3,3.05,2.91,0,1.1,2.1,1.1,1.9,2.6,18.1,28.1,45,2.9,12.6,37.6,32.1,12,2.8,56.9,43.1,80048,89692
"6440",6075032802,"06","075","032802",4047,37.753152,-122.480832,"Census Tract 328.02, San Francisco County, California",715500,1462,172,5.3,2.98,2.28,0,4,4.9,0,12.4,2.1,4.5,35.4,36.7,0,10.9,50.8,31.3,4.4,2.7,63.6,36.4,60246,78467
"6441",6075032901,"06","075","032901",5021,37.746055,-122.489797,"Census Tract 329.01, San Francisco County, California",681500,1810,15,5.4,3.11,2.54,2,0,0,1.9,1.7,2.8,24.3,40.2,27.2,0,6.1,38.6,42.5,9.6,3.3,69.8,30.2,78719,93822
"6442",6075032902,"06","075","032902",3831,37.752701,-122.49035,"Census Tract 329.02, San Francisco County, California",665900,1348,70,5.2,2.92,3.05,0,0,2.6,0,1.5,3.4,17.2,55.5,19.8,0,6.7,49.3,34.5,6.2,3.4,68,32,97929,111898
"6443",6075033000,"06","075","033000",7764,37.739497,-122.485449,"Census Tract 330, San Francisco County, California",798500,2802,56,5.6,2.98,2.64,0,0,1.5,1.4,1.7,5.4,7.6,29.6,52.6,0.5,7.8,43.7,32.7,11.5,3.8,66.9,33.1,107969,114735
"6444",6075033100,"06","075","033100",3968,37.732171,-122.486751,"Census Tract 331, San Francisco County, California",936300,1541,88,6.5,2.61,3.64,0,0.8,0.4,1.3,1.4,0.5,55.2,20.4,20,0,0.9,23.4,48.9,17.2,9.6,80.2,19.8,112961,125075
"6445",6075033201,"06","075","033201",3683,37.724308,-122.47975,"Census Tract 332.01, San Francisco County, California",NA,817,122,4,NA,3,0,11.9,0.5,10,12.4,13.6,36.2,11.9,3.5,0,24.6,58,13.1,3.7,0.6,0,100,37083,51136
"6446",6075033203,"06","075","033203",3472,37.71598,-122.477126,"Census Tract 332.03, San Francisco County, California",NA,1598,198,3.9,NA,2.38,0,0,1.4,1.4,3.9,11.8,44.2,27.3,9.9,0,33.1,63.2,3.3,0.4,0,0,100,66277,72830
"6447",6075033204,"06","075","033204",3821,37.719138,-122.480636,"Census Tract 332.04, San Francisco County, California",NA,1722,131,3.8,NA,2.22,0,0,7.2,3.5,7.3,1.8,45.7,30,4.6,0,34.3,62,3.7,0,0,0,100,41031,53598
"6448",6075035100,"06","075","035100",7842,37.757846,-122.499332,"Census Tract 351, San Francisco County, California",677600,2874,113,5.2,3.21,2.39,0.2,0,2.2,1.3,5.1,2.4,17.7,36.8,34.3,3.9,9.3,41,35,9.3,1.5,55.9,44.1,94769,112539
"6449",6075035201,"06","075","035201",5300,37.754018,-122.505576,"Census Tract 352.01, San Francisco County, California",642500,1987,277,4.7,3.14,2.68,0.6,1.6,2.4,1.9,9.4,7.8,16.3,38,22.2,2.8,16.6,46.4,24.3,8.6,1.4,61.3,38.7,66298,79228
"6450",6075035202,"06","075","035202",4322,37.761433,-122.506382,"Census Tract 352.02, San Francisco County, California",650300,1899,172,4.5,2.84,2.54,0.4,3.8,3.2,0.4,15,12.9,15.8,11.3,37.2,4.9,22.5,39.4,23.6,7.4,2.2,38.9,61.1,68073,83061
"6451",6075035300,"06","075","035300",7226,37.741214,-122.498261,"Census Tract 353, San Francisco County, California",669500,2530,146,5.2,3.11,3.13,0,0,0,2.1,0.7,6.8,23.5,59.1,7.8,2.4,9.2,29.6,45,9,4.9,71.4,28.6,72287,88479
"6452",6075035400,"06","075","035400",6691,37.742436,-122.504213,"Census Tract 354, San Francisco County, California",674000,2402,233,5,3.16,2.58,0,0,1.6,0.7,7,6.2,22.7,47.3,14.5,3.3,13.5,39,35.1,7.4,1.7,63.3,36.7,71909,94436
"6453",6075040100,"06","075","040100",4088,37.784452,-122.461781,"Census Tract 401, San Francisco County, California",NA,2095,188,4.1,2.81,2,0,5,4.5,3.2,13.3,5.7,13,7.4,47.8,9.7,31.1,41.1,10.1,4.8,3.2,16.3,83.7,55434,95021
"6454",6075040200,"06","075","040200",5191,37.784283,-122.468308,"Census Tract 402, San Francisco County, California",NA,2533,306,4.5,2.75,2.4,0,2.9,0,2.8,6,17.5,1.7,5.8,63.3,4.7,28.6,30.4,26.3,6.5,3.4,33,67,82957,114079
"6455",6075042601,"06","075","042601",3687,37.783214,-122.481097,"Census Tract 426.01, San Francisco County, California",NA,1829,114,4.2,2.54,2.06,0,0.9,1,6.2,10.2,14.5,9,13.4,44.7,5.4,24.3,49.8,18.2,2.3,0,27.2,72.8,76469,105166
"6456",6075042602,"06","075","042602",3243,37.783438,-122.475842,"Census Tract 426.02, San Francisco County, California",NA,1578,136,4.2,3.46,2.19,2.7,0,1.5,3.5,0.9,10.4,7.2,8,65.8,0,37.6,30.5,26.9,3.1,1.8,26.1,73.9,63203,98078
"6457",6075042700,"06","075","042700",5326,37.782293,-122.487815,"Census Tract 427, San Francisco County, California",907400,2587,180,4.1,3.1,2.28,1.5,2.8,1.5,9.4,11.1,16,11.9,10,35.8,6.6,27.6,37.5,22.7,1.2,4.4,28,72,79212,96201
"6458",6075042800,"06","075","042800",2376,37.786275,-122.48592,"Census Tract 428, San Francisco County, California",NA,1033,149,7.2,2.56,2.92,1.4,1,0,1.5,2.4,2.8,0.4,10.6,79.9,0,0.5,23.7,35.1,17.2,23.4,86,14,184318,285443
"6459",6075045100,"06","075","045100",4996,37.777568,-122.461248,"Census Tract 451, San Francisco County, California",958300,2300,211,4.3,2.54,2.08,0,0,0.6,4.1,13,18.2,5.3,5.6,53.3,4.1,25.5,39.7,19.4,7.6,3.7,30.4,69.6,72031,99598
"6460",6075045200,"06","075","045200",6474,37.777191,-122.467503,"Census Tract 452, San Francisco County, California",871200,2982,225,4.4,2.58,2.1,0.5,0.5,2.4,7,5.5,7.8,8.2,8.2,59.7,4.2,29.7,33.2,18.2,11.2,3.4,37,63,63539,103712
"6461",6075047600,"06","075","047600",5137,37.776705,-122.475902,"Census Tract 476, San Francisco County, California",919100,2397,172,4.6,2.47,2.34,1.9,0,0,6.3,3.9,8.3,13.1,8.2,58.2,0.6,23.1,46.1,25.1,4.4,0.6,28.6,71.4,70120,89818
"6462",6075047701,"06","075","047701",4334,37.778258,-122.483867,"Census Tract 477.01, San Francisco County, California",781100,2076,213,4.4,2.5,2.12,1.4,0,2,9.2,16.6,8.7,1.6,10.6,50,4.9,27.7,39.5,21.7,4.6,1.5,37.5,62.5,63651,78259
"6463",6075047702,"06","075","047702",3824,37.774382,-122.483689,"Census Tract 477.02, San Francisco County, California",827700,1635,67,4.9,2.57,2.61,0,0.6,1.2,2.3,2,8.3,15.3,13.9,56.4,6.2,18.3,38.8,25.6,8.9,2.1,46.8,53.2,92682,96589
"6464",6075047801,"06","075","047801",4005,37.775551,-122.492247,"Census Tract 478.01, San Francisco County, California",829600,1808,180,5.4,3.27,2.56,0.9,1.2,0.9,2.6,8.6,2.8,17.3,13.4,52.3,1.1,13.1,51.1,22.5,11.3,1,48.9,51.1,73545,89092
"6465",6075047802,"06","075","047802",3656,37.777635,-122.496113,"Census Tract 478.02, San Francisco County, California",960100,1685,50,4.7,2.91,2.57,0.7,5.1,3.1,10.1,6.8,3.7,8.8,25.6,36,9.3,15.6,33,29,7.3,5.8,37.4,62.6,88289,94782
"6466",6075047901,"06","075","047901",6400,37.774378,-122.504684,"Census Tract 479.01, San Francisco County, California",802300,2784,197,4.7,2.68,2.28,1.2,1.6,2.4,9,3.8,9.7,13.8,11.9,46.6,6.1,14.5,42.5,30.3,2.4,4.2,54.1,45.9,75585,101517
"6467",6075047902,"06","075","047902",3536,37.779222,-122.503543,"Census Tract 479.02, San Francisco County, California",763300,1634,87,5.1,2.56,2.14,0,0.7,1.8,5.3,4.1,5.2,8.7,20.9,53.3,7.1,20,35.4,23.8,9.7,4,52,48,82846,107593
"6468",6075060100,"06","075","060100",3235,37.794701,-122.467367,"Census Tract 601, San Francisco County, California",NA,1260,132,5.4,4.09,2.68,0.9,1.3,0.6,0,15.8,19.4,19.8,13.3,28.9,3.3,2.1,36.3,32.5,14.8,11.1,1,99,116250,191351
"6469",6075060400,"06","075","060400",1689,37.713277,-122.490103,"Census Tract 604, San Francisco County, California",659500,1472,18,2.8,1.81,1.63,0,6.1,8.3,8.6,61.1,9.6,4.8,1,0.6,22.9,50.7,18,8.4,0,0,13.3,86.7,58952,70275
"6470",6075060502,"06","075","060502",3216,37.710935,-122.419968,"Census Tract 605.02, San Francisco County, California",489000,1024,107,4.6,3.92,2.79,0,2.5,1.1,0,7.3,13.8,19.3,41.4,14.6,0.7,7.8,57.9,27.4,4.3,1.9,18.3,81.7,23071,32872
"6471",6075060700,"06","075","060700",9083,37.774043,-122.394325,"Census Tract 607, San Francisco County, California",641100,3913,348,3.1,1.94,1.95,49.7,40.6,7.1,0.5,0.7,0.9,0.3,0,0.3,9,45.3,39.5,3.1,3.1,0,32.5,67.5,111858,129559
"6472",6075061000,"06","075","061000",3610,37.713632,-122.395607,"Census Tract 610, San Francisco County, California",556200,1281,80,4.9,2.97,2.9,18.2,16.5,17.3,3.6,3.4,8.6,0,17.1,15.3,5,12.1,36.4,27.7,16,2.8,69.2,30.8,94861,102913
"6473",6075061100,"06","075","061100",4307,37.79547,-122.406303,"Census Tract 611, San Francisco County, California",697100,2430,266,1.4,2.13,2.04,3.3,1.8,0.4,0.6,5.7,12.8,5,8.1,62.3,57.2,18.9,14.9,4.2,2.6,2.2,2.5,97.5,13947,25661
"6474",6075061200,"06","075","061200",4089,37.736646,-122.390764,"Census Tract 612, San Francisco County, California",508900,1223,116,5.1,3.22,3.49,5.9,6.7,3.1,5.7,0,5.5,15.1,10.5,47.5,0,15.8,33.8,33,11.9,5.6,37.7,62.3,50707,59840
"6475",6075061400,"06","075","061400",5395,37.75506,-122.397832,"Census Tract 614, San Francisco County, California",762200,2610,219,4.6,1.95,2.38,5.2,9.6,7.4,16,2.3,1.8,2.6,17.5,37.5,4.9,24.5,38.8,26.9,4.4,0.4,33.8,66.2,70947,107045
"6476",6075061500,"06","075","061500",11502,37.785714,-122.393042,"Census Tract 615, San Francisco County, California",906800,7461,1653,3,1.72,1.7,18.6,30.4,22.6,17,0.7,0.8,0.7,0.1,9.1,19.6,36.7,37.5,4.9,1.1,0.2,42.1,57.9,109692,168166
"6477",6075980200,"06","075","980200",320,37.781768,-122.507167,"Census Tract 9802, San Francisco County, California",548100,76,0,5.5,2.98,1.71,13.2,0,0,14.5,0,11.8,5.3,19.7,35.5,0,11.8,48.7,27.6,0,11.8,59.2,40.8,75833,92811
"6478",6075980300,"06","075","980300",171,37.770011,-122.468561,"Census Tract 9803, San Francisco County, California",NA,23,0,NA,NA,1.43,0,0,0,0,47.8,0,0,0,52.2,0,100,0,0,0,0,0,100,127604,NA
"6479",6075980401,"06","075","980401",0,37.727239,-123.032229,"Census Tract 9804.01, San Francisco County, California",NA,0,0,NA,NA,NA,NA,NA,NA,NA,NA,NA,NA,NA,NA,NA,NA,NA,NA,NA,NA,NA,NA,NA,NA
"6480",6075980501,"06","075","980501",797,37.715598,-122.416498,"Census Tract 9805.01, San Francisco County, California",595200,234,0,3.5,2.65,2.14,0,41,6,0,0,15,18.4,15.8,3.8,4.7,45.7,23.5,20.1,0,6,22.2,77.8,17679,40575
"6481",6075980600,"06","075","980600",467,37.728111,-122.371911,"Census Tract 9806, San Francisco County, California",420600,148,38,4.8,2.14,1.74,0,0,0,74.3,14.2,4.7,0,6.8,0,0,0,56.1,37.2,6.8,0,82.7,17.3,62273,70355
"6482",6075980900,"06","075","980900",350,37.7477,-122.395104,"Census Tract 9809, San Francisco County, California",NA,209,31,2.2,1.3,1.91,2.4,53.1,19.6,12.4,0,0,2.9,4.8,4.8,15.8,67,4.8,12.4,0,0,22.5,77.5,150227,138515
"6483",6075990100,"06","075","990100",0,37.76216,-122.551862,"Census Tract 9901, San Francisco County, California",NA,0,0,NA,NA,NA,NA,NA,NA,NA,NA,NA,NA,NA,NA,NA,NA,NA,NA,NA,NA,NA,NA,NA,NA
"6484",6077000100,"06","077","000100",3863,37.953827,-121.284382,"Census Tract 1, San Joaquin County, California",275000,2047,491,2.9,5.42,2.19,0.9,4.2,7.1,6.2,7.1,14.1,10.3,8.6,41.5,26.7,42.5,19.6,4.6,5,1.6,3.2,96.8,14987,23160
"6485",6077000300,"06","077","000300",2396,37.954015,-121.298857,"Census Tract 3, San Joaquin County, California",209700,1073,194,3.4,1.62,2.28,0,0,8.1,10.3,11.3,10.1,7.1,9.9,43.3,7.9,48.5,29.1,9.1,2.1,3.4,12.6,87.4,20951,30722
"6486",6077000401,"06","077","000401",3043,37.961091,-121.305558,"Census Tract 4.01, San Joaquin County, California",199300,1436,221,5.6,2.18,2.58,0,0,0,0.6,2.9,4.2,6,15.2,71.1,0.8,22.4,36,29.5,10.7,0.7,61.6,38.4,47321,65588
"6487",6077000402,"06","077","000402",4582,37.963073,-121.29295,"Census Tract 4.02, San Joaquin County, California",234700,2266,597,3.2,3.25,2.15,0,1.2,0,5.8,5.5,20.3,9.4,12.3,45.5,13.9,49.9,21.9,11,1.5,1.7,15.2,84.8,18198,32433
"6488",6077000500,"06","077","000500",2749,37.962801,-121.276217,"Census Tract 5, San Joaquin County, California",147300,938,57,4.4,3.09,4.07,0,1.4,3.7,7.7,14.9,17.7,17.6,15.9,21.1,4.7,16,45.3,32.1,1.9,0,23.7,76.3,27063,37985
"6489",6077000600,"06","077","000600",2279,37.949922,-121.272705,"Census Tract 6, San Joaquin County, California",119000,664,163,4.2,2.85,3.47,5,6.3,2.3,0,15.5,17.3,2,6.8,44.9,9.8,22.3,34.9,30,2.3,0.8,27.5,72.5,36165,41106
"6490",6077000700,"06","077","000700",5269,37.942271,-121.287152,"Census Tract 7, San Joaquin County, California",141400,1534,203,4.5,3.54,4.23,0.5,0,13.1,4.8,11.3,15.8,9.5,12.7,32.4,6.8,7.8,39.7,33,10.6,2.2,41.1,58.9,39345,46893
"6491",6077000801,"06","077","000801",6692,37.933247,-121.310185,"Census Tract 8.01, San Joaquin County, California",141500,1839,142,5.5,3.99,4.58,2.6,13.8,40.5,10.5,7.4,7,9.4,3.3,5.7,1.1,1.6,17.1,43,30.6,6.7,69.1,30.9,42426,54961
"6492",6077000900,"06","077","000900",5859,37.958996,-121.327076,"Census Tract 9, San Joaquin County, California",185900,2207,224,4.9,2.41,3.24,2.4,0,1.4,2.6,3.7,8.6,30.9,11.9,38.6,1.1,2.5,50.1,39,6.7,0.6,44.3,55.7,40977,49421
"6493",6077001000,"06","077","001000",4915,37.967298,-121.34491,"Census Tract 10, San Joaquin County, California",215600,2175,255,5.4,2.5,2.73,2.3,0.5,2.2,10.6,8.6,21.7,47.1,4.1,3.1,2.4,6.5,25,49.2,16.6,0.3,70.6,29.4,51953,77299
"6494",6077001101,"06","077","001101",4931,37.975914,-121.329194,"Census Tract 11.01, San Joaquin County, California",202700,1887,178,5.2,2.92,3.65,2.5,0.9,0,1.3,10.5,12.9,43.5,26,2.4,0.7,4.8,35.7,46.4,11.3,1.1,61.2,38.8,53653,58797
"6495",6077001102,"06","077","001102",4889,37.967341,-121.325726,"Census Tract 11.02, San Joaquin County, California",168800,2168,357,4.8,2.43,2.32,0,0.7,4.2,2.7,18.1,13.9,28.5,22.5,9.4,0.4,17.1,39.4,40.5,2.6,0,51.3,48.7,37578,48549
"6496",6077001200,"06","077","001200",5303,37.974124,-121.309022,"Census Tract 12, San Joaquin County, California",281400,1900,195,5.6,2.15,2.18,0,0,0.5,0.9,4.3,5.5,18.6,33.2,37.1,0.7,13.4,35,43.2,6.8,0.9,65.2,34.8,63730,73647
"6497",6077001300,"06","077","001300",4903,37.974847,-121.295217,"Census Tract 13, San Joaquin County, California",147400,2071,23,5,3,2.46,2.4,0,0,1.1,2.4,5.4,20.2,25.9,42.6,2.8,9.9,42.8,42.6,1.4,0.5,65.2,34.8,45389,60757
"6498",6077001400,"06","077","001400",4425,37.985406,-121.298315,"Census Tract 14, San Joaquin County, California",181300,1971,267,4.6,2.54,2.48,0,2.6,5,1.7,9.3,11.4,36.7,18.8,14.5,11.8,11.4,33.1,37.5,5.3,0.8,51.4,48.6,35682,46885
"6499",6077001500,"06","077","001500",8384,37.982857,-121.27256,"Census Tract 15, San Joaquin County, California",171300,2563,289,5,3.44,3.8,7.9,7.8,5.9,8.8,6.7,13.9,9.5,23.5,15.9,0,13,43.7,29.5,10.7,3.1,51.5,48.5,33514,45957
"6500",6077001600,"06","077","001600",2383,37.966488,-121.268637,"Census Tract 16, San Joaquin County, California",141800,703,23,4.6,4.09,3.63,0,0,7.5,5.1,5.3,15.2,14.8,14.8,37.3,0,12.8,42,28.4,11.4,5.4,40.3,59.7,29943,51749
"6501",6077001700,"06","077","001700",3998,37.977001,-121.259329,"Census Tract 17, San Joaquin County, California",157900,1254,169,4.6,3.43,3.54,5.1,0.8,8.5,2.2,11.5,9.3,14.1,16.1,32.3,1.6,20.7,35.9,35.2,6.6,0,56.6,43.4,30608,37161
"6502",6077001800,"06","077","001800",3939,37.96681,-121.256872,"Census Tract 18, San Joaquin County, California",185700,1219,71,4.7,3.34,3.26,3.6,0,3,7,18.5,17.9,21.2,24.9,3.9,0,9.5,44.2,40.2,4.3,1.8,56.8,43.2,37059,45184
"6503",6077001900,"06","077","001900",5592,37.953343,-121.260418,"Census Tract 19, San Joaquin County, California",159200,1598,233,4.9,3.36,3.91,0.2,3.6,5.3,8,11.6,18.1,13.3,16.3,23.7,0.6,13,38.2,38.7,9.4,0,44.3,55.7,26233,35509
"6504",6077002000,"06","077","002000",3977,37.955187,-121.246618,"Census Tract 20, San Joaquin County, California",128400,1262,81,4.6,3.6,3.05,3.3,1.9,1.7,0.2,18,18.2,18.8,14.9,23,0.6,11.3,48.3,30.1,9.7,0,51.3,48.7,32781,39872
"6505",6077002100,"06","077","002100",5546,37.939231,-121.243957,"Census Tract 21, San Joaquin County, California",143400,1489,212,5.2,3.64,4.3,6.2,11.8,18.7,22,23.7,6.9,7.4,1.7,1.5,3,4,21.6,55.1,15.4,1,66,34,37806,47121
"6506",6077002201,"06","077","002201",2771,37.932077,-121.265477,"Census Tract 22.01, San Joaquin County, California",148800,872,129,4.9,2.7,3.57,3.8,2.3,8.4,11.2,3.8,18,17.9,27.8,6.9,0,3.8,31.1,52.3,12.8,0,63.7,36.3,35504,34145
"6507",6077002202,"06","077","002202",5417,37.930879,-121.257479,"Census Tract 22.02, San Joaquin County, California",127800,1465,182,5.3,3.78,4.69,16.7,8.8,9.6,7.2,8.6,15.4,18.8,8.5,6.4,1.3,1.3,30.6,47.8,17.3,1.6,50.6,49.4,29477,39033
"6508",6077002300,"06","077","002300",5020,37.934285,-121.279202,"Census Tract 23, San Joaquin County, California",135800,1424,180,4.8,3.83,3.45,2.4,3.5,8.5,2.3,11.2,12.6,25.5,9.8,24.2,3.2,13.1,37.1,35.7,9.6,1.3,36.6,63.4,27500,38491
"6509",6077002401,"06","077","002401",5001,37.928557,-121.288991,"Census Tract 24.01, San Joaquin County, California",102000,1429,245,5.1,3.41,4.34,1.8,0.4,4,10.4,20.9,16.9,31,7.9,6.6,0,5.3,32,48.6,9.4,4.7,62,38,36029,45682
"6510",6077002402,"06","077","002402",2219,37.91836,-121.282437,"Census Tract 24.02, San Joaquin County, California",147300,649,29,4.9,3.42,3.39,1.5,9.1,14.3,25,15.7,20.3,7.1,1.7,5.2,0,4.9,39.9,40.5,12,2.6,51.8,48.2,27500,44346
"6511",6077002503,"06","077","002503",2560,37.921999,-121.300013,"Census Tract 25.03, San Joaquin County, California",89400,745,84,5.1,2.8,4.01,0,5.4,9.3,3.8,19.2,16.8,36.6,1.2,7.8,0.9,4,34.1,44.8,12.3,3.8,32.5,67.5,28011,35040
"6512",6077002504,"06","077","002504",3982,37.924282,-121.311671,"Census Tract 25.04, San Joaquin County, California",163200,1063,51,5.8,3.87,4.6,4,6.5,75.7,10.2,0,0,3.6,0,0,1,1.9,7,56.7,33.4,0,67.3,32.7,57500,65267
"6513",6077002701,"06","077","002701",6409,37.960897,-121.235328,"Census Tract 27.01, San Joaquin County, California",160100,1947,217,4.9,3.51,3.76,7.2,5.6,5.3,5.6,7.7,13.7,24.1,25.4,5.3,1.7,10.7,27.5,49,9.6,1.4,61.4,38.6,41914,48427
"6514",6077002702,"06","077","002702",4239,37.9646,-121.222812,"Census Tract 27.02, San Joaquin County, California",170200,1172,102,4.9,3.83,4.16,4.4,6.5,12.6,7.2,18.8,13.4,14.5,21.8,0.9,1.7,5.6,40.7,38.4,11.3,2.3,54.9,45.1,42328,50033
"6515",6077002800,"06","077","002800",6052,37.919193,-121.243623,"Census Tract 28, San Joaquin County, California",157300,1726,163,5.5,3.95,4.23,14.3,35.9,19.4,4.1,8.6,3.1,6.3,4.1,4.3,0,1.3,11.2,61.3,21.1,5.1,74.9,25.1,52788,57462
"6516",6077003106,"06","077","003106",3600,38.000385,-121.356732,"Census Tract 31.06, San Joaquin County, California",328100,1864,195,5.2,2.16,2.27,0,0,0.5,14.4,58.6,18.5,7.6,0.4,0,3.8,14.1,27.6,40.1,11.1,3.4,67.2,32.8,64432,83739
"6517",6077003108,"06","077","003108",4450,38.008765,-121.36057,"Census Tract 31.08, San Joaquin County, California",315100,2025,158,4.5,2.32,2.39,2.1,0,2.1,13.3,72.8,7.6,1.6,0.5,0,1.9,25,32.8,28.5,9,2.8,38.7,61.3,53233,75425
"6518",6077003109,"06","077","003109",5630,38.005255,-121.339269,"Census Tract 31.09, San Joaquin County, California",237000,2369,345,5.4,2.31,2.5,0.5,0,3.4,8.7,20.6,13.1,45.1,5.8,2.7,3.2,9.3,28.2,46.1,10.8,2.4,59.6,40.4,56329,64239
"6519",6077003110,"06","077","003110",3708,38.004831,-121.32374,"Census Tract 31.10, San Joaquin County, California",224500,1724,201,4.3,2.41,2.44,0,0,1.4,8.9,32.3,25,21,9.8,1.7,0,21.5,45.7,29.7,2.8,0.2,30.7,69.3,38125,49929
"6520",6077003111,"06","077","003111",3754,37.994513,-121.32859,"Census Tract 31.11, San Joaquin County, California",276300,1854,148,4.1,2.03,2.22,0.6,1.8,2.5,31.1,41.1,10.5,10.4,0,2,4.3,26.2,43.5,21.9,3.6,0.5,22.3,77.7,50458,56377
"6521",6077003112,"06","077","003112",2974,37.9917,-121.33933,"Census Tract 31.12, San Joaquin County, California",330000,1437,57,4.9,2.24,2.57,0,0,1.8,54.9,40.7,1.9,0,0.7,0,0.6,12.9,40,36.8,7.1,2.5,56.9,43.1,44198,63955
"6522",6077003113,"06","077","003113",6256,37.984957,-121.323619,"Census Tract 31.13, San Joaquin County, California",296200,2347,300,3.9,2.55,2.77,0,1.6,4.9,46.6,20.1,19.3,7.6,0,0,8.6,28.2,38.8,19.8,4.1,0.6,16.8,83.2,37509,49099
"6523",6077003114,"06","077","003114",10129,37.983985,-121.358372,"Census Tract 31.14, San Joaquin County, California",417700,3877,344,6.7,2.88,2.54,0.3,34.4,42.3,13.2,3.9,3.2,1.9,0,0.8,2.3,4.6,11.3,35.7,33.6,12.5,73.3,26.7,103643,139928
"6524",6077003203,"06","077","003203",3519,38.017788,-121.338666,"Census Tract 32.03, San Joaquin County, California",305000,1457,74,6,2.15,2.82,0,0,0,3.1,21.3,35.1,31,7.1,2.3,0,11.5,11.7,62.4,11.5,3,66.4,33.6,63814,93164
"6525",6077003205,"06","077","003205",3537,38.025234,-121.335461,"Census Tract 32.05, San Joaquin County, California",243000,1364,64,6.2,2.8,2.88,0,0,1.8,11.7,31.7,17.4,29.8,6.7,0.9,0,3,17.6,51.8,25.1,2.5,66.2,33.8,63683,70221
"6526",6077003208,"06","077","003208",12534,38.046575,-121.337797,"Census Tract 32.08, San Joaquin County, California",287300,3953,258,6.3,3.42,3.67,18.9,39.1,13.2,5.6,19,2.1,0,0.4,1.8,0.3,0.3,5.5,35.2,43.1,15.6,74.5,25.5,86766,96175
"6527",6077003209,"06","077","003209",3540,38.035553,-121.327224,"Census Tract 32.09, San Joaquin County, California",203300,1325,38,6.2,2.73,3.28,0,2.2,2.3,25.7,65.7,1.6,0,0.8,1.8,1.1,0,4.6,68,26.3,0,75.3,24.7,62724,75740
"6528",6077003210,"06","077","003210",2800,38.03122,-121.348448,"Census Tract 32.10, San Joaquin County, California",191900,1075,89,5.3,2.85,2.48,0,5.5,27.3,33.1,17.7,4.8,3,7.1,1.6,0.8,10.6,26.2,42.9,15.7,3.7,51.6,48.4,64107,82300
"6529",6077003213,"06","077","003213",4571,38.035411,-121.354077,"Census Tract 32.13, San Joaquin County, California",228000,1458,33,5.4,3.23,3.51,0,0,5.3,54.8,33.4,3.1,3.4,0,0,0,1.4,25.5,49.2,22.8,1.1,52.5,47.5,61101,69816
"6530",6077003214,"06","077","003214",3054,38.040068,-121.355741,"Census Tract 32.14, San Joaquin County, California",234000,1015,62,6.7,3.3,4.23,1.1,0,7.1,82,7.9,1.3,0,0,0.7,0,0,2.3,39.5,51.2,7,86.8,13.2,94025,101638
"6531",6077003215,"06","077","003215",3855,38.026652,-121.364616,"Census Tract 32.15, San Joaquin County, California",280300,1714,193,4.4,2.5,1.92,0,0.9,32.9,45.3,13.7,3.9,3,0,0.4,2.6,20.5,37.9,23.9,12.8,2.2,38.8,61.2,55902,68093
"6532",6077003216,"06","077","003216",2725,38.025333,-121.352556,"Census Tract 32.16, San Joaquin County, California",194700,947,66,6,3.15,4.31,0,0,4,9.6,78,5.4,0.7,0,2.2,0,0,6.4,63.4,30.2,0,78.4,21.6,64196,69349
"6533",6077003217,"06","077","003217",3201,38.021174,-121.355794,"Census Tract 32.17, San Joaquin County, California",141400,1037,56,4.8,3.47,3.66,0,2,8,15.2,63.9,2.2,6.5,0,2.1,1.3,4.1,37.2,45.1,11.5,0.9,39.6,60.4,37094,49876
"6534",6077003305,"06","077","003305",3704,38.00383,-121.304642,"Census Tract 33.05, San Joaquin County, California",145300,1554,152,5.5,2.31,3.4,0,0,0,3,20.5,27.2,38.6,10.1,0.6,1.3,0.6,21.9,65.8,10.2,0.2,59.8,40.2,42357,48031
"6535",6077003306,"06","077","003306",4229,38.015624,-121.307145,"Census Tract 33.06, San Joaquin County, California",140800,1462,32,4.9,3.01,3.26,0.8,2.3,3.8,6.6,31.9,31.9,18.2,3.8,0.7,0,10.7,26,56.8,3.5,3.1,41.5,58.5,39385,49198
"6536",6077003307,"06","077","003307",4559,38.01353,-121.316027,"Census Tract 33.07, San Joaquin County, California",201700,1949,185,4.5,3.04,2.1,0,2.4,2,19.3,23.6,26,25.5,0.3,0.9,2.6,24.6,28,41.8,2.2,0.9,33.2,66.8,26015,42355
"6537",6077003308,"06","077","003308",1590,37.990106,-121.307974,"Census Tract 33.08, San Joaquin County, California",152300,738,93,4.5,1.97,2.96,1.2,0,2.2,14.8,22.2,33.2,22.9,1.1,2.4,0,15.6,47.6,33.2,3.7,0,46.8,53.2,32366,41229
"6538",6077003310,"06","077","003310",4191,38.024046,-121.314126,"Census Tract 33.10, San Joaquin County, California",187300,1513,58,5,2.87,2.79,0,0,0.6,8.1,51.8,28.6,8.2,0.7,2,2.6,9.7,25.4,54.4,5.6,2.2,45.6,54.4,36760,44150
"6539",6077003311,"06","077","003311",3303,38.031259,-121.316534,"Census Tract 33.11, San Joaquin County, California",167100,1152,22,5.4,2.52,3.85,0,0,4.9,6.1,16.8,60.7,9.9,1.6,0,0.6,3.2,26,56.1,11.9,2.3,50.1,49.9,44375,52520
"6540",6077003312,"06","077","003312",3220,37.994552,-121.301843,"Census Tract 33.12, San Joaquin County, California",164200,1119,206,4.1,2.1,3.99,6.8,0,0,10.4,22.1,46,4.3,2,8.5,0,23.8,43.3,31.1,1.9,0,17.4,82.6,20607,30570
"6541",6077003313,"06","077","003313",2926,37.995988,-121.295125,"Census Tract 33.13, San Joaquin County, California",118300,1146,108,4.1,2.16,2.79,1.1,0,2.2,34.6,43.4,14.2,3.2,0,1.3,5.2,20.8,39.5,30.6,2.7,1.1,12.3,87.7,26529,31750
"6542",6077003403,"06","077","003403",4586,38.03216,-121.303175,"Census Tract 34.03, San Joaquin County, California",164800,1196,92,5.6,3.98,4.22,0,0.9,29.3,43,19.3,6.8,0.8,0,0,0,2.9,2.3,60.5,18.2,16,61.2,38.8,54773,58860
"6543",6077003404,"06","077","003404",5842,38.032795,-121.286091,"Census Tract 34.04, San Joaquin County, California",102500,1816,153,4.8,2.91,5.17,2,2.2,6.4,31.5,46.7,1.6,6.6,2.5,0.6,0,3.5,39.9,46.4,10.2,0,62.4,37.6,45142,49896
"6544",6077003405,"06","077","003405",4214,38.024583,-121.286852,"Census Tract 34.05, San Joaquin County, California",169600,1129,104,5.2,3.91,5.1,0,0,17.4,36.8,35.4,3.6,5,0,1.7,0,3.5,22.9,58.4,14.6,0.5,44.5,55.5,45662,51116
"6545",6077003406,"06","077","003406",3700,38.023774,-121.301033,"Census Tract 34.06, San Joaquin County, California",124300,1324,132,4.8,2.46,3.96,4.4,0,2.5,35.1,37.8,17,1.1,0.8,1.4,0,4.5,54.5,21,18.5,1.5,35.4,64.6,34179,43913
"6546",6077003407,"06","077","003407",2914,38.010048,-121.29659,"Census Tract 34.07, San Joaquin County, California",155000,1027,35,4.4,3.1,2.99,2.8,7.2,37.7,37.6,13.2,0,1.5,0,0,0.8,20.4,35,27.9,14,1.9,27.8,72.2,28361,35349
"6547",6077003409,"06","077","003409",4450,38.002571,-121.284714,"Census Tract 34.09, San Joaquin County, California",168900,1421,109,5.2,4.08,2.71,10.4,18,66.4,2.1,1.6,1.4,0,0,0,2.6,16.4,10.2,40.7,28.6,1.5,56.9,43.1,46532,58864
"6548",6077003410,"06","077","003410",5778,38.014634,-121.287428,"Census Tract 34.10, San Joaquin County, California",188500,1825,0,5,3.16,3.09,13.8,2.7,20,47.4,5.1,5,2.4,0.9,2.6,4.2,10.8,21.2,47.1,15.5,1.3,49.7,50.3,43463,52477
"6549",6077003500,"06","077","003500",20177,38.023377,-121.265322,"Census Tract 35, San Joaquin County, California",265700,6087,488,6.2,3.24,4.73,19.7,30.3,11.2,5.8,15.8,6.8,6.3,2.1,2,0,2.8,11.9,45,28.4,11.9,81.9,18.1,60899,84117
"6550",6077003601,"06","077","003601",3453,37.995402,-121.228973,"Census Tract 36.01, San Joaquin County, California",324600,1377,152,5.5,2.72,1.94,6.3,1.5,3.6,10.5,15.3,24.2,16.6,11.5,10.4,1.5,6.1,40.2,37.5,8.9,5.8,87.7,12.3,63702,87628
"6551",6077003602,"06","077","003602",3272,37.998896,-121.17445,"Census Tract 36.02, San Joaquin County, California",427100,1039,56,5.7,3.39,3.55,3.4,3.2,8.8,2.6,32.1,12.4,24.4,4.9,8.2,0,15,18,43.3,18,5.7,67.7,32.3,43369,57465
"6552",6077003700,"06","077","003700",3570,37.939829,-121.221562,"Census Tract 37, San Joaquin County, California",119800,1157,136,4.7,2.75,3.65,1.1,8.3,7.5,9.3,8.3,30.3,18.3,9.6,7.3,0.9,9.3,38,43.9,7.5,0.3,59.5,40.5,32625,46166
"6553",6077003801,"06","077","003801",12552,37.9077,-121.313233,"Census Tract 38.01, San Joaquin County, California",236400,3262,332,6.9,3.72,4.76,1.6,62.6,28.8,3.6,2.5,0,0,0.6,0.4,0,1,2.2,29.3,48.5,19,79.5,20.5,67591,71790
"6554",6077003802,"06","077","003802",6519,37.904623,-121.298198,"Census Tract 38.02, San Joaquin County, California",186100,1786,205,6.4,3.62,4.24,7.9,38.8,48,0.9,0.4,3.4,0.6,0,0,0.6,0.5,1.6,48.9,41.3,7.1,80.2,19.8,71269,81813
"6555",6077003803,"06","077","003803",5281,37.883309,-121.288882,"Census Tract 38.03, San Joaquin County, California",272800,1165,85,5.5,3.49,3.18,0.9,26.6,9.4,2.9,11.9,19.7,4.8,13.9,9.7,1.6,11.3,21.7,44.3,19.6,1.5,59.6,40.4,46842,55719
"6556",6077003900,"06","077","003900",1749,37.898969,-121.428587,"Census Tract 39, San Joaquin County, California",281300,595,57,4.3,2.09,3.03,13.9,0,0.7,6.4,13.9,13.8,26.6,12.9,11.8,3.4,11.9,53.6,27.6,2.7,0.8,36.1,63.9,34569,60820
"6557",6077004001,"06","077","004001",2508,38.188236,-121.440154,"Census Tract 40.01, San Joaquin County, California",185400,1001,154,5,2.04,3.65,6.4,6.4,6,27.6,10.4,6.9,11.3,13.7,11.4,6.7,5.3,37.4,41.1,9.6,0,56.2,43.8,42375,60754
"6558",6077004002,"06","077","004002",10717,38.050687,-121.371945,"Census Tract 40.02, San Joaquin County, California",296000,3512,384,6.4,3.24,4.07,21.8,58.1,18.3,0.7,0,0,0,0.7,0.4,0.4,3.6,2.8,29.9,52.9,10.3,75.8,24.2,87819,107982
"6559",6077004102,"06","077","004102",8072,38.057943,-121.267021,"Census Tract 41.02, San Joaquin County, California",278500,2450,295,6.1,3.32,4.69,13.8,30.6,8.4,11.2,6.9,5.3,7.3,5.9,10.6,2,4.6,17.5,27.6,30,18.4,83.3,16.7,57163,80273
"6560",6077004104,"06","077","004104",3265,38.138411,-121.311489,"Census Tract 41.04, San Joaquin County, California",379800,1250,40,6.2,2.74,2.93,0,16,44.6,30.7,1.5,3.8,2.1,1.4,0,0,0,8.6,57.9,31.1,2.4,95.1,4.9,115313,132457
"6561",6077004105,"06","077","004105",4920,38.154914,-121.310304,"Census Tract 41.05, San Joaquin County, California",311600,1855,81,5.8,2.57,2.82,0,9.2,31.6,29.6,12.6,9.5,1.7,3.5,2.2,0,8,17.6,53.7,19.1,1.5,78.1,21.9,71842,86570
"6562",6077004106,"06","077","004106",1913,38.125199,-121.3488,"Census Tract 41.06, San Joaquin County, California",560700,683,15,5.5,2.49,3.56,0,3.4,8.5,3.1,43.9,0,19.6,12,9.5,0,2.2,30.2,44.8,20.8,2,56.9,43.1,54018,118020
"6563",6077004201,"06","077","004201",6412,38.138017,-121.297822,"Census Tract 42.01, San Joaquin County, California",245100,2663,187,5.3,2.39,2.52,0,0.5,3.6,6.8,24.1,30.6,22.8,6.9,4.8,0,2.5,35.6,59.8,1.5,0.6,61.8,38.2,49657,64428
"6564",6077004202,"06","077","004202",1687,38.148248,-121.282943,"Census Tract 42.02, San Joaquin County, California",396800,728,18,6.3,2.28,2.4,1.5,9.3,2.2,11.3,19,36.3,15.9,3,1.5,2.6,1.5,8,71.4,14.7,1.8,91.3,8.7,102763,140804
"6565",6077004203,"06","077","004203",3883,38.142042,-121.277869,"Census Tract 42.03, San Joaquin County, California",238600,1545,271,4.3,2.66,3.09,0,2.6,6.9,19.2,6.1,17,22.3,17.9,7.9,9.3,16.8,45.6,28.4,0,0,42.6,57.4,35585,45281
"6566",6077004204,"06","077","004204",3006,38.135174,-121.281841,"Census Tract 42.04, San Joaquin County, California",309000,1425,107,4.5,2.18,1.78,0,0,0,5.7,8.8,16.8,24.7,10.7,33.4,14,18.2,30.4,31.7,4.8,0.8,42.9,57.1,41389,64695
"6567",6077004302,"06","077","004302",5718,38.122693,-121.280421,"Census Tract 43.02, San Joaquin County, California",229600,2351,46,4.7,2.75,2.21,0,0.9,0.8,0.5,16.7,26.3,36.8,12.2,5.9,3.1,20.7,39.6,33,3.5,0,44.7,55.3,40564,52871
"6568",6077004303,"06","077","004303",4610,38.123005,-121.296853,"Census Tract 43.03, San Joaquin County, California",372100,1998,79,6.3,2.31,2.89,0.5,13.8,12,15.1,20.3,27.8,8.3,2.4,0,0.5,4.6,5.1,64.8,22.5,2.7,78.4,21.6,77330,99127
"6569",6077004305,"06","077","004305",5702,38.107976,-121.297135,"Census Tract 43.05, San Joaquin County, California",368200,2123,26,5.5,3,2.07,14.6,11.4,25,36.1,9.5,0.6,0,1,1.7,0.5,9.4,30.1,34.4,21.8,3.8,53.8,46.2,67936,88363
"6570",6077004307,"06","077","004307",3753,38.107164,-121.283679,"Census Tract 43.07, San Joaquin County, California",239400,1555,169,4.7,2.53,2.46,1.5,2.6,12.9,31.5,38.3,4.6,3.5,0.7,4.4,0.6,14.5,36.4,39.5,8.9,0,46.7,53.3,51600,64476
"6571",6077004308,"06","077","004308",3870,38.109139,-121.276029,"Census Tract 43.08, San Joaquin County, California",235700,1246,69,5,4.54,2.86,1,2.2,7.5,31.1,42.6,6.9,4.7,4,0,2.8,12,19.4,60.4,2.7,2.6,50.7,49.3,40787,53930
"6572",6077004402,"06","077","004402",4998,38.109003,-121.26434,"Census Tract 44.02, San Joaquin County, California",253700,1792,93,5,2.78,3.81,3.1,21.3,26.8,31.1,7.6,5.5,3.2,1.2,0,0.4,6.3,25.8,49.9,16.2,1.3,61.3,38.7,57250,62649
"6573",6077004403,"06","077","004403",4230,38.12404,-121.267419,"Census Tract 44.03, San Joaquin County, California",210900,1159,140,4.4,3.67,3.78,3.1,2.6,7.8,8.7,10.3,14.2,17,7,29.4,0,19.4,44.5,33.5,0.7,1.9,32.8,67.2,33277,36539
"6574",6077004404,"06","077","004404",3670,38.125065,-121.261975,"Census Tract 44.04, San Joaquin County, California",123700,1128,149,4.5,4.38,3.72,0,0.6,6.9,9.9,9.4,19.2,18.2,15.4,20.3,0,20.7,35.8,26.8,6.5,10.2,38.5,61.5,38351,45017
"6575",6077004501,"06","077","004501",2327,38.14351,-121.263335,"Census Tract 45.01, San Joaquin County, California",175500,972,35,5.2,2.56,3.49,1.1,0,4.3,39.3,28.7,2.8,14.5,0,9.3,1.1,1.5,50.3,35.9,10.3,0.8,64.8,35.2,47168,53729
"6576",6077004502,"06","077","004502",4450,38.134401,-121.265174,"Census Tract 45.02, San Joaquin County, California",159400,1293,157,3.6,3.02,3.67,1.3,0,4.2,8.2,14.5,18.8,14.6,13.8,24.6,11.9,30,47.1,9.7,1.3,0,16,84,25109,31715
"6577",6077004600,"06","077","004600",5892,38.19006,-121.258482,"Census Tract 46, San Joaquin County, California",394100,2212,111,5.9,2.89,3.01,3.3,5.4,20.9,13.8,23.2,10.8,10.3,4.7,7.5,2.4,6.3,17.8,54.2,17,2.2,71.7,28.3,54831,89093
"6578",6077004701,"06","077","004701",2757,38.159604,-121.147032,"Census Tract 47.01, San Joaquin County, California",260700,1023,24,5.3,2.46,3.55,0.7,3.2,19,19.2,36.1,5.6,5.2,1.1,10.1,0,7.7,33.5,41.3,17.5,0,65.5,34.5,44375,54120
"6579",6077004703,"06","077","004703",3709,38.213071,-121.147635,"Census Tract 47.03, San Joaquin County, California",549200,1251,122,6.1,2.71,3.81,6.2,9,17.1,24.9,18.1,13.5,6.2,1.2,3.8,5,1.6,14.3,55.7,23.4,0,80.7,19.3,71862,86888
"6580",6077004704,"06","077","004704",4894,38.115723,-121.143472,"Census Tract 47.04, San Joaquin County, California",603200,1767,221,5.9,2.59,2.32,5.9,5.7,12.3,15.5,22.8,6.5,16,3.3,12.2,0,3.8,23.7,49.6,16.2,6.7,82,18,76378,95801
"6581",6077004800,"06","077","004800",5423,37.992624,-121.07008,"Census Tract 48, San Joaquin County, California",399300,1974,188,5.4,2.61,3.25,12.3,15.6,8.2,13.4,14.8,11.9,9.5,8.5,5.9,0,5,21.6,52,19.5,2,69.1,30.9,66250,82237
"6582",6077004901,"06","077","004901",7214,37.795229,-120.994451,"Census Tract 49.01, San Joaquin County, California",242500,2829,180,5.7,2.91,1.8,3.4,14.4,21.2,14.7,18.1,14.3,3.1,4.5,6.4,0.5,8.2,20.2,45.9,21.4,3.9,79.5,20.5,61673,69359
"6583",6077004902,"06","077","004902",6106,37.812559,-120.998277,"Census Tract 49.02, San Joaquin County, California",492100,2189,203,6.1,3.44,2.66,7.6,12.3,10.9,8.1,12.4,15.8,5.5,16.9,10.6,0,1.9,30.4,46.3,11.8,9.6,69.7,30.3,55435,74484
"6584",6077005001,"06","077","005001",5569,37.738993,-121.124834,"Census Tract 50.01, San Joaquin County, California",310300,1902,35,5.8,2.87,2.88,1.6,7.7,10.4,25.1,16.1,10.4,10.9,3.4,14.5,0.5,5,24.2,52.8,15.7,1.7,63,37,54403,71013
"6585",6077005003,"06","077","005003",5417,37.763248,-121.119382,"Census Tract 50.03, San Joaquin County, California",378200,1698,25,6.4,2.97,3.99,21.4,20,17.1,13.4,6.2,3.3,8.1,2.5,7.9,0,0.5,15.8,43.1,32.6,8,83.6,16.4,95982,136928
"6586",6077005004,"06","077","005004",5702,37.735734,-121.144247,"Census Tract 50.04, San Joaquin County, California",353700,1726,0,6.4,3.35,3.13,11.9,24.6,23.8,31.6,2.4,1.5,1.2,1.3,1.9,0,4.3,14.7,38.1,33.4,9.6,71.3,28.7,83776,105491
"6587",6077005106,"06","077","005106",6017,37.758908,-121.216699,"Census Tract 51.06, San Joaquin County, California",419200,1793,135,7.4,3.49,4.12,15.7,33.6,12.5,8.8,12.3,4.5,5.9,2.2,4.6,0.5,4,10.2,32.6,24.3,28.4,73.3,26.7,81548,95190
"6588",6077005108,"06","077","005108",4463,37.804274,-121.222831,"Census Tract 51.08, San Joaquin County, California",213600,1530,124,5,3.53,3.1,0,5.8,8.9,9.5,32.7,12.9,15.8,5.3,9.2,3.9,11,27.1,46.8,11.2,0,39.2,60.8,49260,63844
"6589",6077005109,"06","077","005109",4016,37.800897,-121.210593,"Census Tract 51.09, San Joaquin County, California",204900,1517,120,4.4,2.55,2.35,1.8,1.6,4,7.5,20.8,21,25,13.5,4.6,1.8,12.9,46,34.6,3.4,1.3,40.2,59.8,34846,42807
"6590",6077005110,"06","077","005110",6488,37.804421,-121.204513,"Census Tract 51.10, San Joaquin County, California",256700,2218,15,5.6,2.83,3.55,0.5,5.6,8.4,21.6,17.6,22.5,18.7,5,0,0,2,15.5,70.2,12.3,0,62.8,37.2,62998,66253
"6591",6077005113,"06","077","005113",6156,37.805961,-121.190448,"Census Tract 51.13, San Joaquin County, California",226200,2270,161,5.6,2.83,2.24,4.5,30,24.1,12.7,17.8,4.3,5,0.6,1,2.2,3.4,38.7,27,18.5,10.1,71.2,28.8,58785,71545
"6592",6077005114,"06","077","005114",7721,37.781932,-121.227435,"Census Tract 51.14, San Joaquin County, California",283900,2302,119,6.8,3.88,2.95,27,35.8,16.9,10.8,4.2,3.9,1.4,0,0,0,5.2,8.4,23.6,47.4,15.4,79.4,20.6,86033,99396
"6593",6077005119,"06","077","005119",6006,37.813947,-121.302263,"Census Tract 51.19, San Joaquin County, California",253500,1741,233,6.7,3.75,4.08,53.3,11.4,6.3,7.3,6.1,6.9,3.8,1.4,3.3,0,3,5.9,27.3,50.4,13.4,78.1,21.9,81990,97542
"6594",6077005122,"06","077","005122",4829,37.786681,-121.253226,"Census Tract 51.22, San Joaquin County, California",251300,1637,148,6.2,2.78,2.86,18,19,17.2,15.5,15,9.3,3.2,2.4,0.4,0.4,8.8,16.4,42,27.7,4.8,64.3,35.7,71202,70994
"6595",6077005123,"06","077","005123",4493,37.806086,-121.243678,"Census Tract 51.23, San Joaquin County, California",264000,1596,107,5.1,3,2.85,1,29.2,17.7,31.3,16.4,0.6,1.4,1.6,0.9,0.6,14,25,38.6,10.3,11.5,50.6,49.4,59076,69716
"6596",6077005124,"06","077","005124",3438,37.805822,-121.231166,"Census Tract 51.24, San Joaquin County, California",203700,1331,42,5.1,2.73,2.28,2.3,5.1,10.9,40,34.8,3.9,1.3,0.9,0.8,2.8,9.6,28,52.1,6.3,1.2,55.9,44.1,47679,59867
"6597",6077005125,"06","077","005125",1859,37.819249,-121.229427,"Census Tract 51.25, San Joaquin County, California",174800,663,68,5.3,3.62,1.32,3.3,13,8.1,28.5,37.3,5,1.5,3.3,0,1.4,13.9,5.7,59.4,14.6,5,73.4,26.6,76982,71510
"6598",6077005126,"06","077","005126",4131,37.818705,-121.222461,"Census Tract 51.26, San Joaquin County, California",181300,1421,88,5,2.81,3.06,0,1.3,13.9,23.2,37.5,14.6,8,1.5,0,0,6.1,32.9,48,11,2,47,53,42188,51665
"6599",6077005127,"06","077","005127",5510,37.835497,-121.279826,"Census Tract 51.27, San Joaquin County, California",275000,1519,114,6.9,3.93,4.01,13.2,41.2,30.3,3.7,2.8,1,6.5,1.3,0,0.9,2.1,4.5,33.2,32.7,26.6,85.5,14.5,75101,79642
"6600",6077005129,"06","077","005129",3582,37.816879,-121.288344,"Census Tract 51.29, San Joaquin County, California",159100,1096,53,5.6,3.1,3.86,5.6,4.4,11.4,45.6,26.6,0.7,0,5.7,0,0.7,0.8,22.3,62.6,13.3,0.3,83.4,16.6,50618,54240
"6601",6077005130,"06","077","005130",3186,37.819961,-121.280146,"Census Tract 51.30, San Joaquin County, California",211900,951,71,5.9,3.58,3.7,0,0,28.2,30.8,10.8,16.1,6.1,5,2.9,1.5,2.9,14.4,54.9,25.9,0.4,66.6,33.4,54485,64450
"6602",6077005131,"06","077","005131",4173,37.847207,-121.192978,"Census Tract 51.31, San Joaquin County, California",265900,1360,94,6,2.76,3.23,0.3,6.5,3.3,16.5,27.4,21.3,7.8,6.4,10.6,0,0,29.7,50.7,19,0.7,75,25,58611,71845
"6603",6077005132,"06","077","005132",3257,37.793494,-121.229274,"Census Tract 51.32, San Joaquin County, California",190500,1103,30,5.2,2.81,3.05,0,0.7,2.6,8.8,33.8,30.5,12,9.2,2.4,0.7,7.2,34.8,52.1,5.2,0,62,38,54063,61640
"6604",6077005133,"06","077","005133",4249,37.789007,-121.223593,"Census Tract 51.33, San Joaquin County, California",276400,1422,175,5.7,2.72,3.86,0,2.3,34.6,24.1,14,3.4,11.5,6.1,4,0,0,13.4,58.9,22,5.6,58.4,41.6,60331,68726
"6605",6077005134,"06","077","005134",4743,37.81885,-121.238788,"Census Tract 51.34, San Joaquin County, California",230600,1582,108,6.1,3.09,2.99,0.3,0,23.5,41.4,33.6,0,0,0,1.3,0,0.3,6.5,61.1,29.1,3,82.7,17.3,72895,76201
"6606",6077005135,"06","077","005135",5139,37.82705,-121.246247,"Census Tract 51.35, San Joaquin County, California",308900,1768,32,6,2.85,3.33,33.9,31.3,17.2,2.9,1.8,6.7,1.4,4,0.8,0,0.5,27.7,28.5,32.2,11.1,85.1,14.9,70875,82685
"6607",6077005202,"06","077","005202",6765,37.723904,-121.400241,"Census Tract 52.02, San Joaquin County, California",415100,2155,106,7.2,3.46,3.75,17.1,38.1,13.6,6.5,7.4,3.6,3.9,4.9,4.7,1.3,3.2,8.3,34.4,37.4,15.5,78.3,21.7,91620,112684
"6608",6077005206,"06","077","005206",16787,37.765578,-121.514412,"Census Tract 52.06, San Joaquin County, California",378300,5400,581,7.1,3.18,3.55,34.3,27.4,22.1,6.9,4.7,0.5,2.4,0.9,0.7,1.8,0.7,11.6,26.6,44,15.3,72.6,27.4,83150,96339
"6609",6077005207,"06","077","005207",13899,37.73381,-121.464461,"Census Tract 52.07, San Joaquin County, California",364100,3761,368,7.2,3.82,4.37,11,64.5,18.2,1.6,1.5,0,1,0.1,2.2,1,0,3.5,19,56.2,20.3,82.4,17.6,104938,126425
"6610",6077005208,"06","077","005208",5784,37.719208,-121.433216,"Census Tract 52.08, San Joaquin County, California",330400,1950,43,6.1,3.57,3.44,13.6,8.7,39.8,33.7,4.2,0,0,0,0,0,3.7,16.7,38.2,28,13.4,61.5,38.5,72198,86007
"6611",6077005209,"06","077","005209",6858,37.707906,-121.42317,"Census Tract 52.09, San Joaquin County, California",343200,1907,93,7.1,3.41,3.91,2.1,68.6,8.7,15.5,3.1,0,0,2,0,0,0,2,28.3,43.3,26.4,82.2,17.8,93250,97110
"6612",6077005210,"06","077","005210",11433,37.708138,-121.444018,"Census Tract 52.10, San Joaquin County, California",298900,3225,188,6.8,3.68,3.06,12.8,37.8,34.5,9.7,0.8,1.6,0.5,0,2.3,0,2.2,5.3,29.3,46.8,16.4,81.1,18.9,99358,108411
"6613",6077005302,"06","077","005302",6507,37.753861,-121.42122,"Census Tract 53.02, San Joaquin County, California",181900,2200,148,5.1,2.69,3.19,4.8,2.1,9.2,20.9,10.8,21.5,21.1,7.1,2.5,0,1.9,36.2,45.4,12,4.5,61.8,38.2,49727,57209
"6614",6077005303,"06","077","005303",4694,37.746918,-121.429727,"Census Tract 53.03, San Joaquin County, California",236000,1628,148,4.5,2.45,3.29,4.6,2.5,2,5.5,17,7.4,21.4,14.8,24.8,2.9,12.2,49.7,30,3.9,1.3,28.4,71.6,45269,54721
"6615",6077005305,"06","077","005305",6495,37.757862,-121.437059,"Census Tract 53.05, San Joaquin County, California",243500,2000,181,5.1,3.22,3.38,2.6,0,27.8,43.4,16.1,8.3,1,1,0,4.2,12.2,15.4,51.8,14.9,1.6,50.7,49.3,59050,71224
"6616",6077005307,"06","077","005307",3214,37.751644,-121.44332,"Census Tract 53.07, San Joaquin County, California",316700,1090,91,5,3.52,2.76,0,2.5,16.8,15.7,45.9,11.7,0.6,7,0,0,12.4,20.2,35.5,31.9,0,47.1,52.9,61272,100182
"6617",6077005308,"06","077","005308",4189,37.743696,-121.444587,"Census Tract 53.08, San Joaquin County, California",265800,1435,128,5.8,3.72,3.64,8.9,2.5,31.8,2.3,16,14,22.7,1,0.7,1,5.2,12.7,52.8,19.7,8.6,60.7,39.3,64397,68345
"6618",6077005403,"06","077","005403",5875,37.732827,-121.445283,"Census Tract 54.03, San Joaquin County, California",297100,1867,26,6.3,2.98,3.24,1.4,5.7,35.5,34.6,15.7,2.1,3.6,0.9,0.5,0,3.1,3.1,53.1,36,4.7,78,22,75066,88672
"6619",6077005405,"06","077","005405",3417,37.732265,-121.421423,"Census Tract 54.05, San Joaquin County, California",237900,1106,93,5.4,3.3,3.52,0,2.8,44.1,28.7,2.6,9.1,0,3.3,9.4,0,10.1,22.2,36,30.5,1.3,48.1,51.9,49963,78173
"6620",6077005406,"06","077","005406",3262,37.732426,-121.430532,"Census Tract 54.06, San Joaquin County, California",271700,1093,196,5.2,3.19,2.91,4.3,26.3,12.9,19.9,9.4,5,6.9,9.2,6.1,0.8,10.7,27.5,37.8,16.7,6.4,54.4,45.6,56473,86381
"6621",6077005501,"06","077","005501",5268,37.72409,-121.309414,"Census Tract 55.01, San Joaquin County, California",154000,869,163,4.3,2.41,2.33,2.8,0.6,6.8,5.3,23.8,15.8,26.5,15.1,3.5,1.6,29,36.9,22.6,9.9,0,89.7,10.3,53548,63410
"6622",6077005502,"06","077","005502",1806,37.674078,-121.384906,"Census Tract 55.02, San Joaquin County, California",513700,600,27,7.1,3.17,3.03,20.7,10,14.2,26,9,5.3,4.2,3,7.7,0,0,15.3,39.7,31,14,68.8,31.2,101250,117798
"6623",6079010002,"06","079","010002",3030,35.730748,-120.895727,"Census Tract 100.02, San Luis Obispo County, California",336600,2764,1560,5.3,2.24,2.97,3,11.6,12.8,37.5,23.7,6.3,3.2,1.4,0.6,2.9,4.1,28.7,43.8,17.8,2.8,82.1,17.9,62721,76432
"6624",6079010016,"06","079","010016",4864,35.698954,-120.724549,"Census Tract 100.16, San Luis Obispo County, California",470200,2129,246,5.2,2.89,3.31,11.2,18.2,17.9,14.7,13.7,5.8,1.8,7.2,9.5,0,11.7,26.7,48.1,13,0.5,67.8,32.2,78207,90806
"6625",6079010101,"06","079","010101",1843,35.630351,-120.706056,"Census Tract 101.01, San Luis Obispo County, California",458500,830,60,5.1,2.33,2.62,11.9,12.5,5.9,25.5,13,12.8,7.5,6.3,4.6,0,7.5,26,56.7,5.2,4.6,56.6,43.4,67716,91638
"6626",6079010102,"06","079","010102",6989,35.636508,-120.693,"Census Tract 101.02, San Luis Obispo County, California",398300,2636,300,4.2,2.63,2.37,7.6,5.4,3.1,15.9,18.7,7.4,16.3,12.9,12.7,2.5,17.1,48.9,25.8,4.6,1.1,26.2,73.8,36529,53859
"6627",6079010201,"06","079","010201",6981,35.637046,-120.662604,"Census Tract 102.01, San Luis Obispo County, California",441200,2894,164,6.1,2.57,3.21,15.5,41.6,13.7,18.7,5.5,1.2,2.3,1.2,0.3,0.4,0.5,16.3,50.2,29.5,3.1,84.5,15.5,72991,82325
"6628",6079010202,"06","079","010202",5491,35.606014,-120.650231,"Census Tract 102.02, San Luis Obispo County, California",337200,1958,89,5.5,2.7,3.35,7,21.5,15.3,36.2,12,1.4,6,0,0.8,0,0.5,35.2,41.2,19.2,3.9,67.5,32.5,63699,75101
"6629",6079010204,"06","079","010204",5731,35.608221,-120.669441,"Census Tract 102.04, San Luis Obispo County, California",403400,2214,102,5.3,2.64,2.35,9.8,23.1,27.9,27,7.7,2.9,0,0,1.6,0.4,11,26.7,47.4,12.8,1.7,54.5,45.5,54700,61462
"6630",6079010205,"06","079","010205",4159,35.621496,-120.67085,"Census Tract 102.05, San Luis Obispo County, California",338800,1362,44,5.9,3.23,2.98,5.9,0.7,8,39.9,24.8,10.8,6.6,3.3,0,0,4.1,7,60.9,24.4,3.6,74.6,25.4,62093,85708
"6631",6079010300,"06","079","010300",10043,35.632703,-120.543287,"Census Tract 103, San Luis Obispo County, California",464100,3919,419,5.6,2.77,2.7,8.3,14.5,22.6,27.7,12.9,4.5,2.6,2.3,4.6,0.1,10.2,17.2,56.6,14.9,0.9,69.4,30.6,66966,96446
"6632",6079010403,"06","079","010403",3788,35.550968,-121.086246,"Census Tract 104.03, San Luis Obispo County, California",679000,2730,944,5.2,2.02,2.24,2.1,8.7,20,31.7,23,5.5,6.1,1.9,0.8,0.5,8.9,38.4,46.3,5.5,0.4,78,22,76964,101039
"6633",6079010404,"06","079","010404",2249,35.565687,-121.091073,"Census Tract 104.04, San Luis Obispo County, California",755900,1293,133,5.7,1.98,2.94,0,11.9,23,24.7,14.9,10.5,0.4,1.4,13.1,4.6,2.2,32.6,52.7,5.3,2.6,78.4,21.6,74531,94526
"6634",6079010503,"06","079","010503",5339,35.393444,-120.857968,"Census Tract 105.03, San Luis Obispo County, California",554200,3272,824,4.9,2.08,2.08,2.9,13.6,10,15.5,18.6,13.1,16.9,6.8,2.7,4.5,11.1,32.8,40,10.5,1.1,59.2,40.8,54006,71304
"6635",6079010504,"06","079","010504",2592,35.438179,-120.890362,"Census Tract 105.04, San Luis Obispo County, California",732200,2419,1049,5,2.15,1.81,2.1,5.4,8.9,16.7,23.2,4.3,20.3,6.7,12.4,3.6,9.7,30.6,41.1,9.1,5.9,70.1,29.9,59130,77029
"6636",6079010602,"06","079","010602",3836,35.361643,-120.841853,"Census Tract 106.02, San Luis Obispo County, California",522200,2474,381,4.6,1.84,1.88,0.6,8.6,4.7,6.5,17.3,14.4,28.1,9.1,10.6,0.6,15.9,41.9,39.3,1.6,0.6,53.7,46.3,51115,64498
"6637",6079010603,"06","079","010603",1287,35.370926,-120.847345,"Census Tract 106.03, San Luis Obispo County, California",372700,750,254,4.2,2.35,2.26,2.3,1.3,7.2,10.7,48.4,9.5,8,6.1,6.5,6.4,20.7,44.9,21.7,6.3,0,38.1,61.9,32558,46523
"6638",6079010701,"06","079","010701",4650,35.325376,-120.833458,"Census Tract 107.01, San Luis Obispo County, California",434600,2116,142,5.3,2.4,2.39,2,0.7,1.2,26.4,49,11.8,4.1,3.8,1.1,0,4.7,33.7,53.9,7.3,0.4,71.5,28.5,62500,70681
"6639",6079010703,"06","079","010703",3487,35.318188,-120.826576,"Census Tract 107.03, San Luis Obispo County, California",406500,1552,42,4.9,2.71,2.16,0,0,3.5,19.7,47.8,11,8.2,7.7,2.1,2.7,18.2,29.5,39.6,8.4,1.5,58.5,41.5,59286,72077
"6640",6079010707,"06","079","010707",5751,35.310505,-120.841818,"Census Tract 107.07, San Luis Obispo County, California",416800,3016,242,5.4,1.98,2.64,1.5,2,7.1,21.5,46.2,12,8.6,0.6,0.6,0,2.2,43.7,45.5,7.3,1.3,73.5,26.5,55976,69614
"6641",6079010901,"06","079","010901",8319,35.30643,-120.657639,"Census Tract 109.01, San Luis Obispo County, California",377300,1102,104,2.9,1.5,2.01,1.5,0,16.5,17.9,35.1,11.9,11.9,5.2,0,20.6,29.8,30.2,3.3,10.9,5.3,6,94,10125,21965
"6642",6079010902,"06","079","010902",3874,35.292824,-120.659037,"Census Tract 109.02, San Luis Obispo County, California",652800,1631,54,4.2,2.38,2.54,0,2.3,10.2,18,27.4,10.2,22.4,4.4,5,5.3,16.7,49.3,9,13.9,5.8,12.1,87.9,16946,31711
"6643",6079011001,"06","079","011001",5314,35.266119,-120.640682,"Census Tract 110.01, San Luis Obispo County, California",578200,2092,55,5.3,2.51,2.15,5,3,9.1,24.8,15.7,24.5,16,1.5,0.5,3.3,20.6,11.7,40.5,19.4,4.6,52.2,47.8,62434,75139
"6644",6079011002,"06","079","011002",2877,35.282549,-120.651125,"Census Tract 110.02, San Luis Obispo County, California",699100,1345,156,4.4,2.57,2.56,6.2,1.4,9.8,24.7,15.1,8,14.3,11.7,8.8,0,21.9,39.8,29.9,7.6,0.9,36.9,63.1,34750,63053
"6645",6079011101,"06","079","011101",3592,35.28199,-120.660917,"Census Tract 111.01, San Luis Obispo County, California",676900,1898,46,3.6,1.9,1.83,1.1,5.6,1.5,4.6,22.7,10.1,15.1,9.4,30,8.2,33.6,46.6,11.3,0.3,0,13.2,86.8,39746,50750
"6646",6079011102,"06","079","011102",5127,35.271125,-120.660435,"Census Tract 111.02, San Luis Obispo County, California",528900,2503,75,4.1,2.09,2.15,2.4,3.8,8.4,16.2,12.7,11.6,11.8,6.6,26.4,2.3,29.1,47.8,15.3,5.5,0,28.8,71.2,50313,60903
"6647",6079011103,"06","079","011103",2737,35.259537,-120.661719,"Census Tract 111.03, San Luis Obispo County, California",353000,1268,126,4.5,1.97,2.33,6.7,11,11.5,17.6,34.5,7.3,2.8,6.5,2.1,3.6,14.3,48.2,29.9,3.4,0.6,50.9,49.1,50714,65250
"6648",6079011200,"06","079","011200",7355,35.294559,-120.677122,"Census Tract 112, San Luis Obispo County, California",620500,3139,375,5,2.48,2.26,1.3,2.8,5.1,12.5,13.9,27.4,24.4,10.3,2.3,3.4,14.7,27.1,39.8,10,5,43.2,56.8,47401,67966
"6649",6079011300,"06","079","011300",7745,35.259193,-120.695016,"Census Tract 113, San Luis Obispo County, California",533800,3019,126,5.2,2.4,3.09,4.7,12.8,2.8,22.9,28.8,23.3,2.1,0.5,2.1,4.4,3.7,33.8,37.1,15.5,5.5,49.5,50.5,51133,70222
"6650",6079011400,"06","079","011400",6446,35.323491,-120.69329,"Census Tract 114, San Luis Obispo County, California",NA,0,0,NA,NA,NA,NA,NA,NA,NA,NA,NA,NA,NA,NA,NA,NA,NA,NA,NA,NA,NA,NA,NA,NA
"6651",6079011501,"06","079","011501",1783,35.246776,-120.676128,"Census Tract 115.01, San Luis Obispo County, California",161300,786,33,4.9,1.9,2.73,8.4,9.7,6.6,21.6,48.3,2.8,0.6,0,1.9,3.9,10.1,40.5,36.6,8.7,0.3,64.4,35.6,40365,56926
"6652",6079011503,"06","079","011503",3624,35.247261,-120.632939,"Census Tract 115.03, San Luis Obispo County, California",640500,1214,21,5.9,2.89,2.53,4.8,20.9,38.8,28.9,3.5,1,1.1,0,1.1,0,6.3,19.2,39.8,23.9,10.9,76.3,23.7,96705,104072
"6653",6079011504,"06","079","011504",1362,35.288327,-120.661556,"Census Tract 115.04, San Luis Obispo County, California",NA,370,15,7,2.37,1.83,16.8,21.6,22.4,5.1,10.5,11.9,0,3,8.6,15.1,4.1,14.1,33.8,25.4,7.6,69.6,30.4,86049,186497
"6654",6079011600,"06","079","011600",4292,35.206185,-120.678158,"Census Tract 116, San Luis Obispo County, California",818200,2037,280,5.8,2.14,2.38,3.2,9.8,18.5,28.7,15.9,11.9,6.5,2.2,3.4,1.8,12.3,25.6,30.7,23.4,6.2,70.5,29.5,80956,122359
"6655",6079011701,"06","079","011701",4301,35.143084,-120.6307,"Census Tract 117.01, San Luis Obispo County, California",498300,2859,774,5.2,2.02,2.67,3.3,15.4,23.2,30.8,17.6,4.1,2.2,1,2.4,1.1,14.8,31.9,42.3,10,0,68.6,31.4,62005,79247
"6656",6079011704,"06","079","011704",3336,35.157337,-120.674417,"Census Tract 117.04, San Luis Obispo County, California",867100,2452,864,4.7,1.96,1.94,0.5,7.7,9.1,13.6,16.8,16.6,14.1,9.3,12.4,1.3,16.8,36.7,32.5,12.5,0.2,49.1,50.9,66932,107320
"6657",6079011800,"06","079","011800",7138,35.130762,-120.576579,"Census Tract 118, San Luis Obispo County, California",647700,3127,365,6.5,2.79,1.69,3.1,15.4,21.6,26.2,16.4,3.6,4.4,3.8,5.6,0,4.7,20,39.4,31.6,4.4,89.5,10.5,80000,105761
"6658",6079011901,"06","079","011901",2987,35.111724,-120.583759,"Census Tract 119.01, San Luis Obispo County, California",357900,1496,100,5.5,2.22,2.75,4,7.6,4.6,3.7,34.5,20.7,13.4,9,2.4,0,3.7,42.9,43.2,9.5,0.7,75.1,24.9,53875,72369
"6659",6079011902,"06","079","011902",8245,35.114968,-120.600338,"Census Tract 119.02, San Luis Obispo County, California",423600,3783,511,5.1,2.53,2.32,8.1,10.4,8.7,17.3,19.9,12.3,16.6,4.8,1.8,1.3,12.1,25.2,52.3,8.2,0.8,51.3,48.7,55440,70681
"6660",6079012000,"06","079","012000",7232,35.118192,-120.613191,"Census Tract 120, San Luis Obispo County, California",420500,3274,328,4.6,2.32,2.67,0,9.8,16.8,33.7,21.4,12.6,3.6,0.6,1.5,0.4,5.1,51.7,37.6,5.3,0,43.4,56.6,51136,61885
"6661",6079012102,"06","079","012102",5957,35.122745,-120.623821,"Census Tract 121.02, San Luis Obispo County, California",437600,2657,305,4.7,2.56,2.33,3,4.5,10.3,20.6,16.6,19,11.5,7.3,7.2,4.9,4.8,42.4,40.1,5.9,2,42.2,57.8,42994,60232
"6662",6079012200,"06","079","012200",7024,35.101918,-120.609202,"Census Tract 122, San Luis Obispo County, California",279400,2930,324,4.6,2.4,2.95,4.9,3.4,7.9,25.4,24.1,11.9,8.9,8.5,4.9,1.9,17.4,38.3,35.3,5.8,1.3,46.9,53.1,36906,47792
"6663",6079012302,"06","079","012302",5137,35.140135,-120.532666,"Census Tract 123.02, San Luis Obispo County, California",841700,2117,220,6.1,2.85,2.25,12.1,8.9,22.2,20.1,23.3,5.9,2.1,1.6,3.8,0.3,9.1,19.1,47.2,15.7,8.5,71.5,28.5,99115,116442
"6664",6079012304,"06","079","012304",8954,35.05792,-120.557101,"Census Tract 123.04, San Luis Obispo County, California",706300,4135,676,6,2.54,2.69,10.3,25.8,16.3,20.1,19.3,5,1.4,1,0.8,2,4.8,25.5,48.6,16,3.1,72.9,27.1,67301,89542
"6665",6079012401,"06","079","012401",6621,35.031006,-120.479457,"Census Tract 124.01, San Luis Obispo County, California",357800,2153,85,5.1,3.13,3.3,12.7,12,14,18.3,17.3,9.8,8,7,0.7,0,3.8,23.8,50.8,19.7,1.9,72.7,27.3,59698,73773
"6666",6079012402,"06","079","012402",9097,35.027528,-120.498208,"Census Tract 124.02, San Luis Obispo County, California",466300,3301,76,5.9,2.76,3.33,13.9,9.7,20.5,29.1,16.9,5.7,1,1.9,1.3,0.6,2.8,18,52.9,22.8,2.9,78.4,21.6,62250,75050
"6667",6079012502,"06","079","012502",4985,35.493149,-120.663573,"Census Tract 125.02, San Luis Obispo County, California",404000,2284,272,4.9,2.24,2.35,1,2.3,6.7,27.3,25.5,15.8,8,7.5,6,0,15.9,37.9,40.1,5.5,0.5,55.1,44.9,60238,71940
"6668",6079012503,"06","079","012503",5240,35.464092,-120.643182,"Census Tract 125.03, San Luis Obispo County, California",288900,2509,146,4.5,2.05,2.26,8.6,18.3,10.3,29.1,21.6,4,5.3,2.3,0.4,0.5,13.4,49,36,1.1,0,46.4,53.6,39707,55144
"6669",6079012505,"06","079","012505",4891,35.508552,-120.681615,"Census Tract 125.05, San Luis Obispo County, California",407100,2086,126,5.4,2.75,2.21,3.7,13.2,8.9,19.3,29,12.5,6.8,3.5,3,7.8,6.1,21,53.1,10.7,1.3,76.1,23.9,77014,88562
"6670",6079012600,"06","079","012600",7793,35.477285,-120.671399,"Census Tract 126, San Luis Obispo County, California",407400,3181,352,5.5,2.73,2.4,3.5,6,13.8,21.3,19.2,8.4,15.3,6.5,6.1,1.3,12.8,20.9,53.9,9.2,1.9,68.8,31.2,73149,77699
"6671",6079012702,"06","079","012702",6550,35.398793,-120.52772,"Census Tract 127.02, San Luis Obispo County, California",490100,2852,378,5.5,2.55,2.81,7.6,8.1,9.4,13.9,29.9,7.1,8.2,5.1,10.6,1.5,8.1,27.2,48.8,13.1,1.3,74.9,25.1,60676,81884
"6672",6079012704,"06","079","012704",8650,35.528428,-120.718281,"Census Tract 127.04, San Luis Obispo County, California",625300,3646,141,6.5,2.6,1.97,7.4,13.1,27,32.8,14.4,2.2,1.5,0,1.7,0,4.9,13.4,55.3,21.7,4.7,84.8,15.2,90306,109526
"6673",6079012800,"06","079","012800",1107,35.462798,-120.634302,"Census Tract 128, San Luis Obispo County, California",NA,51,0,3.2,NA,1.63,0,0,0,100,0,0,0,0,0,0,0,100,0,0,0,0,100,2500,NA
"6674",6079012900,"06","079","012900",5296,35.532114,-120.654378,"Census Tract 129, San Luis Obispo County, California",441900,2102,162,5.3,2.47,2.76,11.2,10.4,12.8,26.3,19.2,7.5,2.6,6.6,3.5,0,7.6,29.6,46.1,15.9,0.9,65.1,34.9,78490,88551
"6675",6079013000,"06","079","013000",2539,35.460991,-120.905011,"Census Tract 130, San Luis Obispo County, California",657300,1198,266,4.9,2.23,2.76,4.5,11.1,12.1,20,26.7,8.3,6.3,0.8,10.2,2.3,11,40.9,33.7,11.4,0.7,52.4,47.6,51557,81103
"6676",6079990000,"06","079","990000",0,35.180635,-120.833279,"Census Tract 9900, San Luis Obispo County, California",NA,0,0,NA,NA,NA,NA,NA,NA,NA,NA,NA,NA,NA,NA,NA,NA,NA,NA,NA,NA,NA,NA,NA,NA
"6677",6081600100,"06","081","600100",4854,37.681955,-122.404116,"Census Tract 6001, San Mateo County, California",672400,2104,112,4.8,2.51,2.11,3.8,11.4,11,3,17.1,14.7,9.3,14.1,15.6,4.2,17.8,37.4,28.4,9.5,2.8,59.5,40.5,87955,122503
"6678",6081600200,"06","081","600200",4154,37.703674,-122.415205,"Census Tract 6002, San Mateo County, California",547500,1113,23,5,4.21,4.42,0,7.9,9.7,14.3,7,7.7,16.6,28,8.7,2.1,6.6,37.9,26.6,21.9,4.9,63.5,36.5,73026,92400
"6679",6081600300,"06","081","600300",4027,37.705124,-122.430439,"Census Tract 6003, San Mateo County, California",615500,1349,0,5.6,3.2,3.08,0,11.1,19.3,19.9,3,37.9,8,0.8,0,4.7,4,15.7,46,28,1.6,84.7,15.3,91250,111649
"6680",6081600401,"06","081","600401",3240,37.705633,-122.444936,"Census Tract 6004.01, San Mateo County, California",598800,1120,0,4.6,2.84,1.81,0,0,5.5,47.9,8.4,8.9,14.7,10.7,3.8,0,4.1,58.8,27.8,9.3,0,78.3,21.7,90536,101685
"6681",6081600402,"06","081","600402",5068,37.705357,-122.453023,"Census Tract 6004.02, San Mateo County, California",530800,1292,56,5.3,4.18,4.49,0,2.2,5.3,9.2,9.4,8.3,11.1,25.7,28.7,0,11.6,28.8,36,15.9,7.7,66,34,92368,90546
"6682",6081600500,"06","081","600500",7443,37.696258,-122.458296,"Census Tract 6005, San Mateo County, California",552800,2240,37,5,3.47,3.61,0,0,0.6,34.7,21.3,4.6,27.4,9,2.4,0.7,7.6,31.2,41.9,16.5,2.1,61.8,38.2,84637,90831
"6683",6081600600,"06","081","600600",5352,37.697293,-122.465477,"Census Tract 6006, San Mateo County, California",591000,1555,62,4.6,3.36,2.96,2,0,4.7,8.4,7.8,5.7,19.3,24.8,27.3,5.4,19.8,32.7,31.8,9.8,0.5,54.9,45.1,61732,78365
"6684",6081600700,"06","081","600700",7568,37.705388,-122.463027,"Census Tract 6007, San Mateo County, California",544900,2156,144,4.6,3.74,3.27,5.3,7.4,9,2.2,7.7,1.6,15.2,12.6,39.1,3.6,7.8,41.6,29.7,14.1,3.2,59.8,40.2,71534,78207
"6685",6081600800,"06","081","600800",6768,37.699565,-122.480619,"Census Tract 6008, San Mateo County, California",740900,3024,255,3,2.68,2.2,0.3,1.4,12.3,7.3,24.5,23.6,24.9,5.3,0.4,10,55.9,29.8,3.9,0,0.5,2.9,97.1,47548,56287
"6686",6081600900,"06","081","600900",3933,37.703744,-122.484261,"Census Tract 6009, San Mateo County, California",683200,1516,85,5.7,2.45,2.96,0,0,2.4,0,5.7,15.6,58.4,17.2,0.7,0.5,6.1,34,44.1,12.9,2.3,65.6,34.4,88407,102812
"6687",6081601000,"06","081","601000",6913,37.676901,-122.490963,"Census Tract 6010, San Mateo County, California",575500,2063,19,5.6,3.32,3.47,0,0,5.8,0,2.8,40.1,47.9,1.6,1.7,0.9,0,5.8,61.8,24.7,6.9,79.1,20.9,98439,106784
"6688",6081601100,"06","081","601100",5716,37.69121,-122.488948,"Census Tract 6011, San Mateo County, California",630300,1969,190,5.5,3.05,3.13,1.1,0,2.6,1.5,2.3,9.8,75.1,7.6,0,0,5.5,28.5,46.9,16.2,2.9,77.8,22.2,99081,101251
"6689",6081601200,"06","081","601200",6252,37.691265,-122.47879,"Census Tract 6012, San Mateo County, California",580200,2132,94,5.2,2.91,2.73,0,0,0,11.2,3.5,7.9,34.7,40.4,2.3,4.1,8,36.4,46.1,5.4,0,61.2,38.8,66786,80530
"6690",6081601300,"06","081","601300",7510,37.689133,-122.462771,"Census Tract 6013, San Mateo County, California",552800,2504,276,3.9,3.66,3.23,3,9.6,10.9,15.7,27.2,8.8,11.1,7.3,6.4,3.2,31.7,31.2,27.8,5,1.1,19.1,80.9,47434,61771
"6691",6081601400,"06","081","601400",6658,37.680526,-122.479183,"Census Tract 6014, San Mateo County, California",583300,2007,178,5.7,3.44,4.1,0.5,0,3.7,2.7,23.6,16.7,42.8,7.2,2.7,3.5,11.8,13.6,43,18.7,9.4,64.7,35.3,80387,99334
"6692",6081601501,"06","081","601501",5063,37.675051,-122.485085,"Census Tract 6015.01, San Mateo County, California",631700,1376,93,5.8,3.66,3.01,0,0,0,0,3.3,31.8,52.1,11.2,1.5,0,6,5.2,47.2,28.2,13.4,82.5,17.5,100159,100534
"6693",6081601502,"06","081","601502",5125,37.670316,-122.478329,"Census Tract 6015.02, San Mateo County, California",656500,1756,39,3.3,3.71,3.2,1.8,0,12.1,17.3,35.2,19.5,10.8,1.5,1.8,19.9,33.2,30.9,6.8,4.5,4.8,11.3,88.7,52975,68305
"6694",6081601601,"06","081","601601",2893,37.683838,-122.455883,"Census Tract 6016.01, San Mateo County, California",179300,1078,28,4.6,2.57,3.02,8.7,20.2,14.9,3.8,27.9,2.8,13.5,3.6,4.5,0.8,13.4,41.7,37.9,4.4,1.8,59.4,40.6,71058,77312
"6695",6081601603,"06","081","601603",5800,37.654665,-122.461273,"Census Tract 6016.03, San Mateo County, California",622300,2006,150,5.3,3.34,3.13,4.2,0.9,7.6,15.7,53.9,14.6,2.5,0.6,0,6.4,9.9,12.3,50,19.9,1.5,65.9,34.1,108889,119320
"6696",6081601604,"06","081","601604",2510,37.666801,-122.464718,"Census Tract 6016.04, San Mateo County, California",291600,1280,101,3.1,2.18,1.76,0,0,3,18.8,65.4,5.5,3.6,0,3.7,5.3,53,24.8,12.8,4.1,0,79.1,20.9,71349,84232
"6697",6081601605,"06","081","601605",6189,37.657378,-122.469878,"Census Tract 6016.05, San Mateo County, California",629000,1765,96,6,3.34,4.25,2.5,0,4.4,4.7,52.9,33.4,1.2,1,0,0,0,4.6,61.1,30.2,4.1,85.1,14.9,94665,102351
"6698",6081601700,"06","081","601700",4286,37.662725,-122.456009,"Census Tract 6017, San Mateo County, California",610100,1344,34,5.4,3.16,3.85,1.9,0,2.9,2.7,0.7,8.1,77.9,4.7,1.1,0,0.4,8.1,75.1,14.2,2.1,81.4,18.6,89709,105556
"6699",6081601800,"06","081","601800",6148,37.655958,-122.446126,"Census Tract 6018, San Mateo County, California",646400,2116,56,5.8,2.89,3.03,0,7.6,2.7,0,0.4,15.5,56.4,15.8,1.5,0.5,2.1,12.1,65,18.3,2,77.7,22.3,95455,107803
"6700",6081601901,"06","081","601901",4119,37.664929,-122.43256,"Census Tract 6019.01, San Mateo County, California",639100,1500,92,5,3.31,2.92,0,0,15.9,11.9,11.1,6.7,44.3,2.7,7.5,0,15.5,24.7,43.5,11,5.3,61.9,38.1,71929,96348
"6701",6081601902,"06","081","601902",5639,37.660443,-122.436916,"Census Tract 6019.02, San Mateo County, California",447900,2209,38,3.7,2.07,2.39,15.8,4.7,8.2,14.4,18.8,12.3,23.5,1.4,1,2.7,34.4,41.1,14.3,7.5,0,43.9,56.1,71830,87782
"6702",6081602000,"06","081","602000",7649,37.664308,-122.417114,"Census Tract 6020, San Mateo County, California",657900,2645,62,5.7,2.85,3.31,0,7.2,13.8,12.7,10.6,10.8,26.7,10.9,7.3,1.4,2.5,23.5,51.3,18.6,2.8,77.1,22.9,83021,101734
"6703",6081602100,"06","081","602100",3615,37.661141,-122.406934,"Census Tract 6021, San Mateo County, California",605100,1041,40,4.1,3.48,3.17,0.6,1.6,6.6,3.9,30.3,14.3,11.5,6.2,24.9,2.5,16.5,47.2,23.6,7.2,3,33,67,58718,65391
"6704",6081602200,"06","081","602200",8084,37.65598,-122.417763,"Census Tract 6022, San Mateo County, California",690800,2674,118,4.3,3.93,3.03,1.9,0,0.8,9.7,3.9,14.8,26.4,15.4,27.1,5.8,19.8,52,14.9,4.9,2.5,15.6,84.4,50778,59235
"6705",6081602300,"06","081","602300",3753,37.650231,-122.422994,"Census Tract 6023, San Mateo County, California",607500,1200,0,5.4,3.51,2.73,0,9,2.8,6.8,4.3,13.8,25.4,27.3,10.7,5.8,10.3,15,45.8,19.5,3.6,66.7,33.3,80060,80807
"6706",6081602400,"06","081","602400",6679,37.643398,-122.433313,"Census Tract 6024, San Mateo County, California",644300,2735,124,5.1,2.85,1.94,0,0.7,5.9,4.3,15.2,18.2,32.7,22.5,0.6,7.1,21.3,16.5,37.8,13.6,3.7,56.7,43.3,63977,81807
"6707",6081602500,"06","081","602500",5092,37.640226,-122.451471,"Census Tract 6025, San Mateo County, California",744700,1569,86,6.8,3.06,3.17,1.7,0.7,4.3,18.4,15.7,50.3,7.1,0,1.9,0.8,6.4,5.2,28.6,47.4,11.5,86.2,13.8,100991,113692
"6708",6081602600,"06","081","602600",8167,37.64649,-122.461546,"Census Tract 6026, San Mateo County, California",567000,2746,189,5.1,3.28,3.41,8.1,5.1,5.4,5.1,65.2,10,1.1,0,0,1.4,2.5,35.7,40.5,18.8,1.1,68.9,31.1,88083,97819
"6709",6081602700,"06","081","602700",5795,37.650227,-122.474916,"Census Tract 6027, San Mateo County, California",616400,1993,32,5.2,3.29,2.51,4.8,3.5,5.8,8.4,18.8,27.9,26.1,2.5,2.3,0,15.4,20.1,42.6,20.8,1.1,52.5,47.5,92518,109037
"6710",6081602800,"06","081","602800",4522,37.659649,-122.48315,"Census Tract 6028, San Mateo County, California",619000,1582,70,5.6,2.89,2.85,0,3,1.8,4.6,25.2,52,6.3,6.5,0.6,0.5,4.7,20,47.4,20.6,6.8,74.1,25.9,92014,103647
"6711",6081602900,"06","081","602900",3846,37.650847,-122.48838,"Census Tract 6029, San Mateo County, California",586400,1741,71,4.6,2.74,2.01,0.9,0,2.2,19.1,18,14.4,26.2,16.7,2.5,1.7,24.9,29.9,32.6,9.2,1.7,53.6,46.4,88750,102374
"6712",6081603000,"06","081","603000",4143,37.63434,-122.48831,"Census Tract 6030, San Mateo County, California",611000,2016,91,4.3,2.38,1.91,1.4,6.3,8.8,12.5,12.6,18.1,20.8,11.9,7.4,4.1,26.4,34.7,26.3,7.5,0.9,51.4,48.6,70949,91734
"6713",6081603100,"06","081","603100",3275,37.613403,-122.483089,"Census Tract 6031, San Mateo County, California",662100,1296,63,5.9,2.61,2.4,0,0.4,11.9,10.6,7.2,12.2,44.3,12.7,0.8,0,6.7,21.6,57.9,11.8,2,81.3,18.7,115947,124119
"6714",6081603200,"06","081","603200",3828,37.592216,-122.500344,"Census Tract 6032, San Mateo County, California",646200,1488,0,5.9,2.7,2.67,1.2,0,4.7,5.9,6.4,17.7,55.8,4.8,3.5,0.6,2.9,12.6,58.1,23.1,2.7,79.3,20.7,95464,117980
"6715",6081603300,"06","081","603300",6404,37.58827,-122.487087,"Census Tract 6033, San Mateo County, California",632400,2476,148,5.9,2.83,2.38,0,0.6,3.8,1.2,14.8,25.4,51.7,1.8,0.7,2.2,3.1,7.6,62.1,19,6.1,85.7,14.3,94120,112336
"6716",6081603400,"06","081","603400",5483,37.591802,-122.468943,"Census Tract 6034, San Mateo County, California",708400,2180,82,6.3,2.6,2.2,0,1.5,3.2,6.1,41.8,44.3,0.7,0,2.5,0,8.2,14.1,34.3,38.9,4.4,77.1,22.9,98500,124949
"6717",6081603700,"06","081","603700",5430,37.632324,-122.448328,"Census Tract 6037, San Mateo County, California",676600,1709,69,5.6,2.95,3.37,1.9,0.5,0,1.4,4,32.7,56.9,2.6,0,0,0,7.3,67.6,19,6.1,77.1,22.9,107500,112791
"6718",6081603801,"06","081","603801",2242,37.619845,-122.428551,"Census Tract 6038.01, San Mateo County, California",277800,1744,89,2.7,1.93,1.7,0,0,2.4,8.6,49.6,25.5,11.4,1.4,1.1,26.6,51.1,19.7,1.3,1.2,0,69.2,30.8,72352,68276
"6719",6081603802,"06","081","603802",5056,37.618177,-122.434556,"Census Tract 6038.02, San Mateo County, California",774800,1889,17,5.7,2.91,2.5,0,0,0,9.6,4.1,27.3,55.7,2.8,0.5,0,7.9,13.4,57.1,16.5,5.1,73.4,26.6,92528,103803
"6720",6081603900,"06","081","603900",5284,37.61538,-122.416091,"Census Tract 6039, San Mateo County, California",677600,2063,141,5.1,2.61,2.25,0.7,0,4.2,0,19,5.3,36.5,15.8,18.6,6.5,15.6,26.3,43.4,8.1,0,54.9,45.1,88750,106205
"6721",6081604000,"06","081","604000",3160,37.62335,-122.42066,"Census Tract 6040, San Mateo County, California",639400,1118,36,6,2.5,3.5,0,0,0.5,0.9,4.1,12.3,35.5,38.1,8.5,0,1.8,19,52,25,2.2,81.1,18.9,100833,114388
"6722",6081604101,"06","081","604101",7993,37.623006,-122.409447,"Census Tract 6041.01, San Mateo County, California",647100,2637,40,4.4,3.47,2.93,0,1.1,3.5,7.6,10.8,16.8,25.4,10.1,24.7,2.2,21.6,44.5,21.5,7.9,2.3,29.1,70.9,62543,70091
"6723",6081604102,"06","081","604102",2321,37.631643,-122.427376,"Census Tract 6041.02, San Mateo County, California",335600,1418,96,2.7,1.66,1.69,24.8,9.4,3.4,5.5,41.9,11.8,2.8,0.5,0,13,59.3,25.5,2.2,0,0,34.3,65.7,57724,68459
"6724",6081604200,"06","081","604200",4170,37.631321,-122.409234,"Census Tract 6042, San Mateo County, California",493600,1147,76,4.6,3.49,3.69,2.6,0,0.6,5.3,7.1,3.1,26.8,35.7,18.7,2.2,15.3,36.5,36.3,7.3,2.4,54.9,45.1,69258,70102
"6725",6081604400,"06","081","604400",4448,37.605828,-122.394789,"Census Tract 6044, San Mateo County, California",618400,1681,65,4.3,2.96,2.37,2.6,3.5,4.6,3.7,9.2,21.2,25.5,20.6,9.2,10.6,24.4,31.8,23.6,8.7,0.9,38.8,61.2,59655,74343
"6726",6081604500,"06","081","604500",3402,37.607663,-122.409308,"Census Tract 6045, San Mateo County, California",888400,1425,131,5.5,2.61,1.8,0.5,0,0,15.9,12.9,10.2,29,27.6,3.9,9.3,11.2,11.5,49.3,16,2.8,71.6,28.4,80513,98274
"6727",6081604600,"06","081","604600",2599,37.600351,-122.416665,"Census Tract 6046, San Mateo County, California",914600,966,17,6.5,2.41,3.53,0,2,0,0.9,8.8,33.4,48.3,5.9,0.6,0,0,2.3,65,28.5,4.2,94.4,5.6,102932,115583
"6728",6081604700,"06","081","604700",2781,37.593849,-122.406614,"Census Tract 6047, San Mateo County, California",965900,1043,39,6.2,2.92,2.55,0,2.9,1.7,4.9,13.1,19.9,29,25.5,3,1.2,3.2,13.2,48.3,28.6,5.6,82.9,17.1,100481,121655
"6729",6081604800,"06","081","604800",5059,37.599694,-122.397882,"Census Tract 6048, San Mateo County, California",940900,2046,88,4.7,2.84,2.61,0,1.5,7.2,5.9,24,19,9.4,12,21.1,0,17,37.3,37,7.8,0.9,42,58,80139,114847
"6730",6081604900,"06","081","604900",3243,37.58877,-122.39856,"Census Tract 6049, San Mateo County, California",NA,1303,16,6.6,2.51,2.14,2.6,0.5,3.1,6,19,41.5,23.9,0.7,2.8,0.3,7.8,17.3,45.9,22.5,6.1,81.3,18.7,83984,124578
"6731",6081605000,"06","081","605000",7603,37.584053,-122.389184,"Census Tract 6050, San Mateo County, California",NA,2971,217,6.1,2.79,2.35,3.5,0.8,4.4,2.2,12.3,20.7,41.2,11.3,3.6,0,14.6,16.7,29.2,28.4,11,68.4,31.6,107969,166036
"6732",6081605100,"06","081","605100",3014,37.587778,-122.369252,"Census Tract 6051, San Mateo County, California",NA,1429,62,4.2,2.68,1.82,0,0,1.7,3.3,19.5,22.8,12.2,16.3,24.1,5.7,33.6,33,20,7.7,0,35.3,64.7,90156,114874
"6733",6081605200,"06","081","605200",3626,37.583941,-122.376443,"Census Tract 6052, San Mateo County, California",NA,1343,69,6.7,2.98,2.89,3.1,3.7,5.4,0.5,5.5,8.1,10.9,6.6,56.1,0,8.9,15.8,40.7,28.1,6.4,78.2,21.8,113333,177836
"6734",6081605300,"06","081","605300",4602,37.582075,-122.362092,"Census Tract 6053, San Mateo County, California",NA,1930,83,5.4,2.59,2.08,3.1,3.5,5.9,4.8,6.7,12.3,9.4,10.6,43.7,4.8,17.2,29.5,27.8,15.4,5.2,55.9,44.1,96563,146468
"6735",6081605400,"06","081","605400",6147,37.584225,-122.345221,"Census Tract 6054, San Mateo County, California",NA,2803,70,4.2,2.63,2.11,0.4,0.7,5.4,5.9,14.1,15.7,13.9,10.1,33.9,11.6,28.1,30.6,21.7,5,3.1,40.1,59.9,60323,91060
"6736",6081605500,"06","081","605500",4914,37.577373,-122.349472,"Census Tract 6055, San Mateo County, California",846400,2883,368,3.3,1.83,1.62,0,0.7,4.9,9.9,24.1,16.4,19,4.2,21,10,46.8,29.7,9.9,2.6,1.1,31.2,68.8,58970,82284
"6737",6081605600,"06","081","605600",5556,37.564953,-122.368464,"Census Tract 6056, San Mateo County, California",NA,1995,225,NA,2.94,4.35,2.9,4.6,4,10.2,18.3,14.5,28.6,6.7,10.2,0,0,0.9,18.4,51,29.6,96.9,3.1,209444,371080
"6738",6081605700,"06","081","605700",5273,37.549422,-122.347644,"Census Tract 6057, San Mateo County, California",NA,1782,64,NA,3.16,2.93,0.8,0.6,5.7,7.1,28.8,11.4,20.3,8.5,16.8,0,0.4,2.3,18.6,44.5,34.2,96,4,250001,368169
"6739",6081605800,"06","081","605800",2640,37.568561,-122.344615,"Census Tract 6058, San Mateo County, California",NA,1049,36,6.9,2.72,1.99,0,1.1,1.9,4.8,6.6,21.4,11.9,10.4,41.8,0,13.9,23.8,28.5,20.8,13,72.6,27.4,149271,233781
"6740",6081605900,"06","081","605900",5579,37.571984,-122.333719,"Census Tract 6059, San Mateo County, California",654400,2675,117,3.7,2.36,2.48,0,4.6,7,9.3,17.7,22.8,10.6,8.2,19.8,10.3,34,44.8,8.9,1.1,0.9,28,72,62473,82648
"6741",6081606000,"06","081","606000",4959,37.57913,-122.331173,"Census Tract 6060, San Mateo County, California",477900,2327,305,3.8,2.32,1.86,0,1.4,3,9.1,13.8,37.4,14.9,7.1,13.3,11.7,33,36,15.2,2.5,1.6,39.5,60.5,66521,81015
"6742",6081606100,"06","081","606100",4246,37.578295,-122.317305,"Census Tract 6061, San Mateo County, California",620000,1361,59,5,3.08,3.66,0,0,0.7,14,11,12.8,14.9,42.9,3.7,4,11.2,21,48.8,8.6,6.3,64.7,35.3,94792,101458
"6743",6081606200,"06","081","606200",8107,37.572405,-122.321957,"Census Tract 6062, San Mateo County, California",592600,2365,149,4.2,3.82,3.36,2.7,11.4,6.2,13.9,5.9,13.1,12.4,12.9,21.6,0.6,23.6,43.7,26.1,5.2,0.8,36.2,63.8,76250,85620
"6744",6081606300,"06","081","606300",4073,37.565573,-122.319363,"Census Tract 6063, San Mateo County, California",633500,1987,185,4,1.93,2.02,3.4,4.4,6.4,18.5,19.5,8.4,5.9,5.3,28.2,8.9,26.4,51.3,12,0.3,1.2,46.7,53.3,69674,95512
"6745",6081606400,"06","081","606400",4820,37.561789,-122.326103,"Census Tract 6064, San Mateo County, California",NA,2762,147,4.1,2.05,1.64,1.9,3,2.2,7.7,20.1,14.8,24,11.9,14.3,10.9,27.5,41.5,15.1,5,0,32.1,67.9,77938,103267
"6746",6081606500,"06","081","606500",3613,37.553914,-122.3295,"Census Tract 6065, San Mateo County, California",NA,1356,10,7.3,2.87,2.29,2,0.6,0,0,2.1,3.9,23.2,29.9,38.3,0.8,5.8,15,38.3,30.5,9.6,78.8,21.2,128036,215709
"6747",6081606600,"06","081","606600",3703,37.554069,-122.316948,"Census Tract 6066, San Mateo County, California",850400,1453,77,5.2,2.47,2.36,6.3,1.2,6.6,6.3,1.9,7.6,20,13.8,36.3,1.3,17.3,40.2,28.6,8.9,3.7,63.2,36.8,102339,129404
"6748",6081606700,"06","081","606700",2348,37.540951,-122.322682,"Census Tract 6067, San Mateo County, California",NA,971,30,6.3,2.73,1.66,0,0,0,3.9,21.6,18.4,37.4,15.7,3,2.1,5.3,15.3,53.1,18.9,5.3,79.5,20.5,119931,154856
"6749",6081606800,"06","081","606800",3234,37.527067,-122.336675,"Census Tract 6068, San Mateo County, California",NA,1331,36,6.3,2.59,2.22,2.5,0,5.6,2.5,38.5,19.2,28.2,2.3,1.4,4.8,8.3,8.3,44.3,27,7.4,76.6,23.4,132026,176103
"6750",6081606900,"06","081","606900",2470,37.521374,-122.345791,"Census Tract 6069, San Mateo County, California",NA,883,0,6.6,2.54,2.9,1.2,0,0,3.4,8.3,24.9,61.2,1,0,0,0,8,24.1,63.2,4.6,83.5,16.5,128466,157971
"6751",6081607000,"06","081","607000",3241,37.52695,-122.325402,"Census Tract 6070, San Mateo County, California",965000,1467,10,5.7,2.42,2.05,0,0,3.7,14.4,40.6,22.9,15.6,2.7,0,0.4,15.7,27.8,33.9,15.7,6.5,63.9,36.1,115313,141887
"6752",6081607100,"06","081","607100",2879,37.527235,-122.304004,"Census Tract 6071, San Mateo County, California",912800,1122,39,6.2,2.55,2.48,0,1.1,1.2,0,1.9,13.9,50.2,22.4,9.4,0,1.5,10.5,58.6,25.8,3.5,87.3,12.7,112788,153388
"6753",6081607200,"06","081","607200",4197,37.533034,-122.297706,"Census Tract 6072, San Mateo County, California",820500,1735,19,3.8,3.02,2.32,0.3,0,2.9,2.8,10.8,17,36,25.7,4.4,6.8,28.5,43.3,19.5,1,0.9,18.5,81.5,71682,91667
"6754",6081607300,"06","081","607300",3529,37.534888,-122.311487,"Census Tract 6073, San Mateo County, California",901500,1360,99,6.2,2.68,2.78,0,1.6,0.8,0.6,3.9,5,38.3,44.7,5.1,0,2.2,13.8,65.4,14.5,4.2,92.5,7.5,133438,146671
"6755",6081607400,"06","081","607400",4451,37.543976,-122.310923,"Census Tract 6074, San Mateo County, California",749500,1923,104,4.1,2.26,2.24,1.1,1.6,13,14.8,9.4,18.7,19.4,8.7,13.3,2.3,23.5,42.3,22,8.8,1.1,47.3,52.7,68583,86392
"6756",6081607500,"06","081","607500",3636,37.548354,-122.297333,"Census Tract 6075, San Mateo County, California",720700,1656,131,4.1,2.34,2.41,3.9,38.8,10.1,1.2,7.2,1.9,29.3,3.4,4.1,2.3,28.4,30.3,35,4,0,44.3,55.7,102607,115350
"6757",6081607600,"06","081","607600",3342,37.55941,-122.307892,"Census Tract 6076, San Mateo County, California",729200,1299,10,5.4,2.72,2.65,0,1.9,0.6,1.5,3.8,12.8,29.3,47.7,2.4,4.7,13.9,24.7,39.8,12.3,4.5,62.6,37.4,101493,116474
"6758",6081607701,"06","081","607701",3954,37.570766,-122.305747,"Census Tract 6077.01, San Mateo County, California",608100,1234,33,4.8,3.34,3.87,4.8,6.9,1,13.2,4.7,0,48.1,18.8,2.5,0,21.9,26.6,32.6,16,2.9,61.4,38.6,90446,101757
"6759",6081607702,"06","081","607702",2859,37.56498,-122.302484,"Census Tract 6077.02, San Mateo County, California",623000,828,0,5.4,3.44,3.53,0,0,4.8,4.2,0,6.2,71.1,13.6,0,0,2.2,9.3,72.3,6.5,9.7,87.3,12.7,88942,94068
"6760",6081607800,"06","081","607800",3160,37.560983,-122.295274,"Census Tract 6078, San Mateo County, California",661400,989,97,5.9,3.1,1.68,0,0,2.8,1.5,0.7,6.9,80.8,6.5,0.8,0,3.3,1.5,73.7,16.2,5.3,95.1,4.9,125455,134857
"6761",6081607900,"06","081","607900",3182,37.560889,-122.286857,"Census Tract 6079, San Mateo County, California",582700,1790,138,3.9,1.78,1.67,0,8.9,15.2,23,36.9,15,1,0,0,1.7,32.8,46.6,15.3,3.5,0,53.5,46.5,102019,109577
"6762",6081608001,"06","081","608001",3393,37.551746,-122.258045,"Census Tract 6080.01, San Mateo County, California",811500,1486,118,4,3.01,2.12,0.5,13.4,4.3,13.8,39.5,23.6,4.2,0.4,0.4,2.4,26,38.7,14,13,5.9,46.4,53.6,105000,131841
"6763",6081608002,"06","081","608002",3517,37.548633,-122.267105,"Census Tract 6080.02, San Mateo County, California",865700,1376,110,6,2.43,3.67,0.4,0,4.1,6.8,83.7,4.9,0,0,0,0,0,19.6,50.2,28.2,2,84.4,15.6,121667,149450
"6764",6081608004,"06","081","608004",6521,37.553327,-122.273107,"Census Tract 6080.04, San Mateo County, California",722500,2843,214,4.5,2.47,2.17,0,1.4,16.7,24.7,44.6,8.8,0.4,2.9,0.5,1.8,27.1,39,18.7,10.3,3.1,48.8,51.2,105139,121319
"6765",6081608013,"06","081","608013",4049,37.538473,-122.264555,"Census Tract 6080.13, San Mateo County, California",NA,1526,77,5,2.67,2.8,0.9,0,13.4,57.7,25.2,1.4,0.6,0.8,0,0.9,9,36.2,30.4,16.9,6.6,56.4,43.6,147250,186670
"6766",6081608023,"06","081","608023",2549,37.540924,-122.271945,"Census Tract 6080.23, San Mateo County, California",972900,851,17,6.7,2.86,3.47,0,0,1.4,7.5,72.9,17.6,0.6,0,0,0,0,3.5,40.7,49.8,6,86.8,13.2,134531,149841
"6767",6081608100,"06","081","608100",3523,37.560466,-122.262777,"Census Tract 6081, San Mateo County, California",836700,1314,0,5.4,2.82,2.81,0,0,1.2,4.7,33.1,58.1,2.3,0.6,0,0,14,28.6,22,29.2,6.2,63.7,36.3,110294,140972
"6768",6081608200,"06","081","608200",3614,37.567175,-122.25892,"Census Tract 6082, San Mateo County, California",874600,1330,28,6,3.04,2.37,0,14.9,0.8,5.7,27.9,44.1,5.5,0,1.1,0.5,14.7,17.8,27.3,30.4,9.3,59,41,111250,128394
"6769",6081608300,"06","081","608300",3401,37.557349,-122.252237,"Census Tract 6083, San Mateo County, California",911100,1366,23,4.4,2.84,2.19,1,0,1.1,16.5,48.4,32.7,0.4,0,0,1.9,30.2,20.3,23.8,17.8,6.1,52.5,47.5,89922,114888
"6770",6081608400,"06","081","608400",5546,37.545515,-122.28392,"Census Tract 6084, San Mateo County, California",541700,2275,261,3.9,2.36,2.75,0,0,2.9,17.5,23.6,31.3,21.6,3.3,0,1.4,31.1,32.3,29,5.4,0.9,38.2,61.8,71066,91194
"6771",6081608501,"06","081","608501",4829,37.537388,-122.288888,"Census Tract 6085.01, San Mateo County, California",685500,1809,106,5.2,2.95,3.04,0,0.4,0,0,5.3,15.6,50.9,26.8,1.1,0.7,8.3,25.6,56.6,6.8,2,64.6,35.4,84205,102356
"6772",6081608502,"06","081","608502",2637,37.53175,-122.282612,"Census Tract 6085.02, San Mateo County, California",485400,1196,38,3.8,2.38,1.93,0,0,5.9,33.1,28.2,24.3,6.4,1.2,0.8,1.9,37.2,34.9,11.8,11.9,2.3,52.8,47.2,75738,93911
"6773",6081608600,"06","081","608600",4359,37.526198,-122.276444,"Census Tract 6086, San Mateo County, California",724900,1840,68,4.1,2.75,2.26,0,1,9.5,5.5,17.1,19,33.9,10.5,3.5,2.6,33.5,19.7,33.5,10.7,0,41.6,58.4,86429,93292
"6774",6081608700,"06","081","608700",6974,37.521286,-122.289324,"Census Tract 6087, San Mateo County, California",916300,2826,177,5.6,2.59,1.85,0,3.8,3.6,0.8,16.4,22.5,29.5,16.5,6.9,4.6,16.2,19.7,30.1,24.5,4.9,66.6,33.4,102213,137692
"6775",6081608800,"06","081","608800",5696,37.517028,-122.3086,"Census Tract 6088, San Mateo County, California",913600,2187,135,6.5,2.75,2.21,2.7,2.2,2.3,5.3,9.9,25.1,37.1,9.6,5.8,0,0.9,7.4,50.5,31.6,9.6,93.1,6.9,138833,147715
"6776",6081608900,"06","081","608900",6556,37.507242,-122.303273,"Census Tract 6089, San Mateo County, California",949100,3096,119,4.1,2.52,2.04,1.9,0.4,3.3,10.3,36.7,31.1,14.4,1.9,0,8.2,28.3,29.4,18.2,11.9,4.1,32.2,67.8,90694,114590
"6777",6081609000,"06","081","609000",2562,37.513048,-122.279763,"Census Tract 6090, San Mateo County, California",891900,1010,58,5.7,2.75,2.37,0,1.6,2.8,6.3,10.3,21.4,50.5,6.4,0.7,3.5,8.6,13.2,57.2,16.1,1.4,74.6,25.4,96786,137495
"6778",6081609100,"06","081","609100",1525,37.511242,-122.25978,"Census Tract 6091, San Mateo County, California",712800,620,27,4.9,3.13,2.76,4.5,3.7,5.6,6.9,1.9,7.1,22.1,39.5,8.5,2.4,11.9,43.1,28.4,13.2,1,72.2,27.8,113607,113494
"6779",6081609201,"06","081","609201",3574,37.49898,-122.256964,"Census Tract 6092.01, San Mateo County, California",880700,1606,39,5.2,2.47,2.05,1.1,1.9,8.6,1,4.9,13.1,19.6,31.8,18.1,7.8,13,37.9,32,9.3,0,59.5,40.5,93672,127213
"6780",6081609202,"06","081","609202",3616,37.506912,-122.265835,"Census Tract 6092.02, San Mateo County, California",827900,1861,32,3.9,2.15,1.84,7,3.5,1.7,4.7,8.1,17,39.2,9.3,9.3,2.3,40.6,30.6,21,5.3,0.2,37.8,62.2,75125,92059
"6781",6081609300,"06","081","609300",3315,37.490629,-122.252137,"Census Tract 6093, San Mateo County, California",943400,1261,25,6,2.74,2.34,1.7,1.8,2.5,0,0.5,4.2,25.7,46.8,16.7,0.9,9.2,19.2,53.5,11,6.2,78.6,21.4,136786,156184
"6782",6081609400,"06","081","609400",3278,37.493965,-122.262306,"Census Tract 6094, San Mateo County, California",979900,1109,44,6.2,2.82,3.49,0.9,1.5,4.9,2.8,1,3.6,18.6,52.3,14.4,0,0.9,24.3,48.4,22.2,4.2,90,10,144922,168845
"6783",6081609500,"06","081","609500",4829,37.504235,-122.277116,"Census Tract 6095, San Mateo County, California",957900,1765,65,6.4,2.82,2.54,1.4,0,1.7,7.4,7.8,25.1,30.4,13.9,12.3,0,5.8,14.4,45.4,27.1,7.2,86.9,13.1,141211,174509
"6784",6081609601,"06","081","609601",2944,37.495413,-122.281087,"Census Tract 6096.01, San Mateo County, California",NA,1213,9,6.3,2.44,2.52,3.2,1.5,5.8,23.8,13.4,27.5,17.9,1.9,5,0.9,3.5,23.8,39.8,23.7,8.2,71.3,28.7,139628,169624
"6785",6081609602,"06","081","609602",1667,37.48944,-122.274377,"Census Tract 6096.02, San Mateo County, California",NA,650,34,6.5,2.61,1.81,0,1.5,1.4,5.2,12.3,33.7,38.5,7.4,0,0,0,21.2,54.8,21.1,2.9,84.9,15.1,148750,181026
"6786",6081609603,"06","081","609603",5318,37.483676,-122.27462,"Census Tract 6096.03, San Mateo County, California",NA,2147,75,6.1,2.6,1.55,0,0.9,3.5,11.6,32.9,19.7,17,5.6,8.8,0,1,22.5,51,21.5,4,89.7,10.3,142778,187978
"6787",6081609700,"06","081","609700",4386,37.465536,-122.2671,"Census Tract 6097, San Mateo County, California",NA,1615,73,7.1,2.74,2.97,0.5,6.7,10.8,17.6,11.4,11.4,10.5,12.4,18.7,1.8,3.9,11.5,31.7,37.8,13.3,96,4,169545,204734
"6788",6081609800,"06","081","609800",4492,37.471558,-122.251526,"Census Tract 6098, San Mateo County, California",933600,1742,40,6.1,2.64,2.09,0,1.7,4.5,3.8,9.3,9.1,35.9,18.3,17.3,4.1,5.5,14.8,49.1,21.2,5.3,85.8,14.2,115068,149186
"6789",6081609900,"06","081","609900",2944,37.479281,-122.247617,"Census Tract 6099, San Mateo County, California",963200,1126,18,6.3,2.81,2.52,0.9,1.5,0.4,1.4,4.5,2.4,17.3,33.1,38.4,2,0.4,22.5,48.8,16.3,9.9,91.5,8.5,112917,146911
"6790",6081610000,"06","081","610000",4531,37.485155,-122.241614,"Census Tract 6100, San Mateo County, California",911400,2066,109,5,2.68,1.98,0.4,0,1.6,10,6.1,18.5,17.4,11.5,34.4,9.8,23.4,18.7,27.2,18.6,2.2,53.7,46.3,88021,123584
"6791",6081610100,"06","081","610100",2484,37.492574,-122.237682,"Census Tract 6101, San Mateo County, California",604300,913,10,4.4,2.61,3.14,0,0,3.7,3.9,18,6.5,31.3,26,10.6,6.5,24.5,32.2,34.8,2,0,51.9,48.1,68218,90544
"6792",6081610201,"06","081","610201",5764,37.484004,-122.217973,"Census Tract 6102.01, San Mateo County, California",611200,1858,99,3.3,4.16,2.76,0,0,3.9,9.4,23,16.5,27,15.7,4.6,7.4,50,16.3,18.5,3.1,4.7,26.3,73.7,39779,58669
"6793",6081610202,"06","081","610202",2429,37.486426,-122.230432,"Census Tract 6102.02, San Mateo County, California",348400,763,119,3.2,1.15,1.84,0,20.6,14.4,15.3,7.9,21.4,7.6,2.5,10.4,8.1,58.1,24.8,7.9,0,1.2,7.1,92.9,33750,58067
"6794",6081610203,"06","081","610203",3436,37.479896,-122.225059,"Census Tract 6102.03, San Mateo County, California",364400,1016,87,3.3,3.6,3.34,6.1,6.8,7.1,13.2,16.9,5.5,31.4,4,9,14.6,31.6,49.7,4.1,0,0,8.4,91.6,45878,46999
"6795",6081610302,"06","081","610302",2108,37.491244,-122.204141,"Census Tract 6103.02, San Mateo County, California",61300,910,37,3.8,2.24,1.59,10.8,24.3,20.7,7.7,17.9,16,0,2.6,0,10.4,34.7,28,25.1,1.8,0,73.1,26.9,73229,109714
"6796",6081610303,"06","081","610303",7336,37.539956,-122.239813,"Census Tract 6103.03, San Mateo County, California",932800,3100,212,5.6,2.64,2.17,0,9.4,51.7,24.2,11.7,1.5,0,1.1,0.4,0.3,12.4,30.1,26.6,26.9,3.6,64.4,35.6,144375,172734
"6797",6081610304,"06","081","610304",4023,37.531721,-122.251647,"Census Tract 6103.04, San Mateo County, California",736500,1844,50,5.3,2.12,2.1,0.4,0.9,6,44.7,39.3,6.9,0.7,1,0,0,17.2,35.2,30.2,14.3,3.1,77.6,22.4,110938,122979
"6798",6081610400,"06","081","610400",5623,37.482936,-122.191566,"Census Tract 6104, San Mateo County, California",568700,1679,80,4.3,3.29,3.54,0.8,5.5,5.1,3.3,11.6,26.4,17.3,25.5,4.5,9.7,10.1,46.6,26.7,5.5,1.3,45.3,54.7,67122,82082
"6799",6081610500,"06","081","610500",4963,37.479029,-122.203652,"Census Tract 6105, San Mateo County, California",519500,1378,52,4.7,3.25,4.94,0,0,6,9.4,7.9,15.9,27.4,25.7,7.8,2.5,14.4,41.2,39.3,2.6,0,54.5,45.5,54306,65925
"6800",6081610601,"06","081","610601",6257,37.471937,-122.209529,"Census Tract 6106.01, San Mateo County, California",589200,1648,74,3.9,3.58,3.68,0,3,10.1,16,6.9,16.9,16.6,17.2,13.4,6.3,27.4,48.7,14.7,2.4,0.5,30.1,69.9,36419,59753
"6801",6081610602,"06","081","610602",3386,37.474352,-122.198045,"Census Tract 6106.02, San Mateo County, California",746000,1184,56,5.4,2.72,3.97,1.4,2.6,1.5,4.9,10.5,11.7,32.1,22.8,12.5,0,12.2,32.3,40.5,11.5,3.5,74.4,25.6,80250,117403
"6802",6081610700,"06","081","610700",5207,37.46941,-122.219478,"Census Tract 6107, San Mateo County, California",759400,2146,127,4.4,3.28,2.5,1.4,2.1,3.2,4.9,26.9,21.8,16.8,11.9,10.8,8,15.9,39,27.5,9.2,0.4,41.3,58.7,65750,86583
"6803",6081610800,"06","081","610800",4721,37.470447,-122.22593,"Census Tract 6108, San Mateo County, California",630800,1697,24,3.8,2.4,2.82,1.1,0,0,9,11.3,44.1,18.1,11.2,5.2,6,33.1,53.6,5.5,1.8,0,15.8,84.2,51435,61716
"6804",6081610900,"06","081","610900",6932,37.47706,-122.23125,"Census Tract 6109, San Mateo County, California",666400,2517,150,4.1,2.73,3.19,0,0,1.7,5.4,9.1,7.9,26.4,28.5,20.8,1.4,32,39.6,21.8,3.6,1.7,29.9,70.1,59943,71121
"6805",6081611000,"06","081","611000",5707,37.465916,-122.232753,"Census Tract 6110, San Mateo County, California",708100,2323,44,4.8,2.16,2.51,0,0,3.1,13.1,11.7,10,44.3,15.7,2.1,1.7,14.8,43.4,33.1,5.6,1.5,46.6,53.4,80924,95146
"6806",6081611100,"06","081","611100",5913,37.458799,-122.250814,"Census Tract 6111, San Mateo County, California",929000,2316,25,6.3,2.61,2.59,0,2.6,3.1,8.9,9.8,16.2,54.3,5.1,0,0,3.7,16,50.4,22.8,7.2,84.8,15.2,113607,144150
"6807",6081611200,"06","081","611200",3005,37.456333,-122.234616,"Census Tract 6112, San Mateo County, California",826800,1101,0,5.9,2.54,2.56,0.7,0,0,1,0.7,5.8,77.4,14.4,0,1.5,2.5,19.3,63.3,9.3,4.1,86,14,116250,142145
"6808",6081611300,"06","081","611300",4757,37.453968,-122.224729,"Census Tract 6113, San Mateo County, California",861500,2015,162,5.9,2.39,2.28,0.4,1,8.4,16.3,14.9,17.2,30.1,9.5,2.1,2.7,9.2,21.6,38.3,25.1,3,72.5,27.5,96875,128499
"6809",6081611400,"06","081","611400",4237,37.449581,-122.209832,"Census Tract 6114, San Mateo County, California",NA,1481,191,NA,2.83,2.68,2.6,9.2,10.1,6.8,8.4,12.4,27.2,8,15.5,1,0,3.8,18.9,35.1,41.2,87.8,12.2,250001,423331
"6810",6081611500,"06","081","611500",2677,37.467544,-122.187077,"Census Tract 6115, San Mateo County, California",NA,978,50,8.1,2.99,3.37,7,2.1,10.8,4.7,1.3,3.9,38.3,23,8.8,0,2.4,2.2,22.9,53.1,19.4,93,7,199167,361206
"6811",6081611600,"06","081","611600",2262,37.4751,-122.170285,"Census Tract 6116, San Mateo County, California",911900,856,10,5.8,2.61,1.91,0,0,0.6,0,1.6,2.5,41.9,49.5,3.9,0,1.2,22,60.9,15.1,0.9,83.3,16.7,137500,169305
"6812",6081611700,"06","081","611700",5970,37.475837,-122.159064,"Census Tract 6117, San Mateo County, California",483000,1508,156,4.9,4.34,3.73,3.1,0.7,8.9,4.6,8.4,5.2,42.4,19,7.8,0,19,20.7,37.7,15.6,7.1,51.9,48.1,47375,64903
"6813",6081611800,"06","081","611800",4433,37.476059,-122.138236,"Census Tract 6118, San Mateo County, California",378200,976,17,5.3,5.12,5.29,0,2.7,8.4,3.3,7.8,10.7,57.4,9,0.8,0.7,1.4,3.8,79.2,7.3,7.6,61.9,38.1,54913,72828
"6814",6081611900,"06","081","611900",10325,37.463289,-122.131101,"Census Tract 6119, San Mateo County, California",466000,2570,214,5.3,3.76,4.95,3,16.9,7.4,6.3,5.7,10.9,31.7,10.7,7.4,6.9,3.2,20.9,44.2,18.3,6.6,64.5,35.5,62796,84662
"6815",6081612000,"06","081","612000",7327,37.468861,-122.14669,"Census Tract 6120, San Mateo County, California",438600,1643,91,5,4.69,4.44,4,6.5,2.3,3.6,6.9,8.6,26.9,23.9,17.4,6,12.4,20.1,41.8,14.9,4.8,47.7,52.3,49762,62449
"6816",6081612100,"06","081","612100",7041,37.458985,-122.142442,"Census Tract 6121, San Mateo County, California",767000,3026,412,3.1,2.4,2.63,0,6.6,5.4,8.1,20.5,18,21.5,12.1,7.9,18.6,41.6,26.9,11.6,1.3,0,18.9,81.1,46401,69514
"6817",6081612500,"06","081","612500",4153,37.45574,-122.179367,"Census Tract 6125, San Mateo County, California",NA,2287,153,4.5,2.29,1.79,6.4,0.5,9.4,6.3,15.2,16,33.3,7.7,5.2,4.6,24.5,33.1,24.9,12,0.9,40.1,59.9,113910,130713
"6818",6081612600,"06","081","612600",4156,37.448722,-122.18263,"Census Tract 6126, San Mateo County, California",NA,2359,153,4,1.84,1.73,0.5,2.4,2.4,13.3,13.6,14.7,21.2,15.7,16.3,5.9,27.1,45.4,18.6,1.8,1.3,20.8,79.2,90481,115057
"6819",6081612700,"06","081","612700",2202,37.443646,-122.187719,"Census Tract 6127, San Mateo County, California",NA,853,99,7.3,2.71,2.77,4.5,3.6,3.3,3.4,1.5,6.2,36.5,23.6,17.5,0,0.6,15.4,39.5,31.1,13.5,92.6,7.4,180662,289391
"6820",6081612800,"06","081","612800",3296,37.436605,-122.193047,"Census Tract 6128, San Mateo County, California",NA,1236,68,7.4,2.88,3.19,5.6,7.7,6.2,2.1,3.6,5.7,45.7,16.4,7,0,0.4,9,34.2,41,15.4,86.7,13.3,227500,296655
"6821",6081612900,"06","081","612900",4356,37.43193,-122.202576,"Census Tract 6129, San Mateo County, California",NA,1858,62,5.9,2.48,2.42,1.6,4.1,6.1,11.5,17.9,18.5,25.5,6,8.9,2,5.7,23.9,41.2,22,5.2,77.2,22.8,130000,192415
"6822",6081613000,"06","081","613000",3386,37.424316,-122.204626,"Census Tract 6130, San Mateo County, California",NA,1632,106,5.5,2.35,2.31,1.7,1.7,1.2,3.9,40.8,31.1,11.6,3.4,4.8,1.5,7.7,41.9,28.7,13.7,6.4,61.9,38.1,156000,241979
"6823",6081613200,"06","081","613200",6494,37.378663,-122.209692,"Census Tract 6132, San Mateo County, California",NA,2712,187,7.3,2.92,1.4,1.1,2.1,4.4,13.9,11.5,28.9,24.9,5.2,8,2.3,8.3,14.6,25.8,31.6,17.3,80.9,19.1,171181,307347
"6824",6081613300,"06","081","613300",2723,37.44271,-122.252766,"Census Tract 6133, San Mateo County, California",NA,1062,144,7.6,2.9,2.18,2.5,4,10.5,11.5,12.7,10.1,24.7,14.2,9.7,0.8,6.8,8.5,31.5,45.2,7.2,94.4,5.6,180917,248370
"6825",6081613400,"06","081","613400",3093,37.408649,-122.263885,"Census Tract 6134, San Mateo County, California",NA,1386,157,7.5,2.66,2.86,1.9,3.1,5.9,7.6,16.5,21.2,15.2,3.5,25,0,5.2,13.2,35.6,22.8,23.2,87.7,12.3,209625,378022
"6826",6081613501,"06","081","613501",4141,37.477074,-122.43737,"Census Tract 6135.01, San Mateo County, California",720000,1379,43,5.8,2.93,3.72,0,1,10.4,9.1,44.7,24.2,4.6,4.5,1.5,1.5,0,29.5,31,34.9,3.2,69.9,30.1,95417,113380
"6827",6081613502,"06","081","613502",5975,37.505925,-122.469139,"Census Tract 6135.02, San Mateo County, California",824100,2288,189,5.4,2.63,2.15,3.5,3.4,13.2,18,24.4,17.1,12.8,2.8,4.7,0,6.7,20.1,46.7,21.5,5,74.5,25.5,126540,147799
"6828",6081613600,"06","081","613600",6018,37.530867,-122.507326,"Census Tract 6136, San Mateo County, California",806500,2140,99,6,2.41,2.73,0,3.6,5.1,19.8,22.9,20.5,13.7,4.7,9.6,3.6,4.6,16.2,42.8,27.8,5.1,78,22,120114,143015
"6829",6081613700,"06","081","613700",8755,37.449756,-122.423315,"Census Tract 6137, San Mateo County, California",798900,3614,163,5.2,2.41,2.84,1.8,9.8,18.7,18.2,20.8,12.6,7.1,3.9,7.1,3.5,7.3,31.2,35,19.5,3.4,66.7,33.3,83583,123918
"6830",6081613800,"06","081","613800",4005,37.288812,-122.310176,"Census Tract 6138, San Mateo County, California",936200,1970,372,5.1,2.36,2.34,0.5,3.8,11.2,11.6,15.8,4.3,14.1,6.8,32,1,16.7,36.6,34.6,9,2.2,71.3,28.7,122717,137534
"6831",6081613900,"06","081","613900",6064,37.461807,-122.160922,"Census Tract 6139, San Mateo County, California",NA,2308,32,5.5,2.64,2.13,0.9,3.7,10.4,2.1,8.6,8.1,26.4,25.1,14.7,1.8,16,23.3,39.6,15.3,3.9,67,33,114375,200768
"6832",6081614000,"06","081","614000",5458,37.630105,-122.459506,"Census Tract 6140, San Mateo County, California",714600,1768,133,6.1,3.04,3.79,4.2,6.2,4.6,7.1,10.2,42.3,23.8,1.2,0.5,0,4.8,15.1,42.6,27.3,10.3,67.2,32.8,98029,112549
"6833",6081984300,"06","081","984300",0,37.614757,-122.376861,"Census Tract 9843, San Mateo County, California",NA,0,0,NA,NA,NA,NA,NA,NA,NA,NA,NA,NA,NA,NA,NA,NA,NA,NA,NA,NA,NA,NA,NA,NA
"6834",6081990100,"06","081","990100",0,37.626609,-122.524839,"Census Tract 9901, San Mateo County, California",NA,0,0,NA,NA,NA,NA,NA,NA,NA,NA,NA,NA,NA,NA,NA,NA,NA,NA,NA,NA,NA,NA,NA,NA
"6835",6083000101,"06","083","000101",6495,34.445882,-119.775243,"Census Tract 1.01, Santa Barbara County, California",279300,2456,92,4.9,2.16,2.42,6.4,2.9,21,6.3,23.5,21.6,15.1,0,3.3,0,15.4,42.1,32.2,9,1.4,69.9,30.1,60427,77816
"6836",6083000102,"06","083","000102",5245,34.445996,-119.751857,"Census Tract 1.02, Santa Barbara County, California",867600,2358,109,4.1,2.71,2.25,0,3.5,7.6,21.9,23.3,20.8,13.3,3.1,6.6,4.2,33.3,29.3,25.6,5.6,2.1,38.7,61.3,56875,89453
"6837",6083000103,"06","083","000103",3196,34.46732,-119.768601,"Census Tract 1.03, Santa Barbara County, California",NA,1291,95,6.5,2.41,2.73,1.8,5.4,18.9,13.2,15.6,24.2,16.2,3.2,1.5,0.8,1.9,25.5,36,29.3,6.5,88.1,11.9,114597,144957
"6838",6083000200,"06","083","000200",4299,34.435044,-119.735164,"Census Tract 2, Santa Barbara County, California",784300,2185,85,4.1,2.02,1.76,1.8,1.8,4.5,15.1,8.7,13,33.9,10.5,10.7,2.1,30.9,29.3,32.4,5.3,0,49.6,50.4,67344,84264
"6839",6083000301,"06","083","000301",2810,34.425958,-119.715045,"Census Tract 3.01, Santa Barbara County, California",873200,1365,109,3.8,1.93,2.25,2.6,0,4.5,17.9,25.3,12.5,9.8,5.5,21.8,6.7,33.8,41.8,17.7,0,0,14.2,85.8,53043,70113
"6840",6083000302,"06","083","000302",4138,34.430903,-119.722226,"Census Tract 3.02, Santa Barbara County, California",745600,2032,175,3.8,2.02,2.34,0,0,1.4,7.2,27.2,23.4,12.9,6.8,21.1,2.5,40.1,40.2,10.2,4.4,2.5,27.5,72.5,54572,67433
"6841",6083000400,"06","083","000400",4659,34.432747,-119.70809,"Census Tract 4, Santa Barbara County, California",NA,2561,258,4.5,2.24,1.79,0.4,0.9,1.8,3.7,13,16.7,10.5,5.3,47.6,18.8,24.1,22.4,25.1,5.5,4,36.3,63.7,72490,99589
"6842",6083000501,"06","083","000501",3263,34.450772,-119.712339,"Census Tract 5.01, Santa Barbara County, California",NA,1432,158,6.1,2.37,2.45,0,2.4,5.4,10.9,12,19.9,25.4,16.7,7.3,2.4,3.6,21.6,44.6,21.3,6.5,84.1,15.9,126324,166373
"6843",6083000502,"06","083","000502",5874,34.44446,-119.731213,"Census Tract 5.02, Santa Barbara County, California",928800,2610,150,5.3,2.35,1.82,2.3,0,2.2,1.2,9.1,21.4,23,18.5,22.2,0,10.9,34.8,43.8,8.7,1.8,71.3,28.7,87950,111756
"6844",6083000600,"06","083","000600",4629,34.434246,-119.692275,"Census Tract 6, Santa Barbara County, California",NA,2508,269,5.1,2.2,1.95,0,0.5,1.5,5.8,11.8,13.1,26,9.7,31.7,0,18.3,32.2,32.1,16.6,0.9,61.1,38.9,77852,117864
"6845",6083000700,"06","083","000700",6408,34.435943,-119.663214,"Census Tract 7, Santa Barbara County, California",NA,2462,219,6,2.31,2.84,1.1,3.2,1.5,7.5,24.3,24,25.7,5,7.6,6.4,7.6,24.2,35.9,19.1,6.9,71.2,28.8,83828,127446
"6846",6083000801,"06","083","000801",4059,34.428095,-119.684539,"Census Tract 8.01, Santa Barbara County, California",703600,1248,89,4.7,2.91,4.13,0.8,3.3,3.7,8.7,2.6,3.1,22.1,16.2,39.6,1.7,10,42.9,40.3,3,2.1,34.9,65.1,63911,70635
"6847",6083000804,"06","083","000804",7189,34.422615,-119.674529,"Census Tract 8.04, Santa Barbara County, California",728400,2376,396,4.3,2.93,4,4.4,4,4.6,7.5,23.3,18.9,14.4,1.8,21,1.6,21,42.6,28,6.9,0,32.7,67.3,66593,101495
"6848",6083000900,"06","083","000900",3266,34.424197,-119.696792,"Census Tract 9, Santa Barbara County, California",899500,1579,61,3.3,1.81,2.07,5.3,3.6,8.1,10.1,10.2,7.5,13.9,6.5,34.8,10.3,45.5,33.6,7.5,1,2.1,8.1,91.9,23788,43843
"6849",6083001000,"06","083","001000",6270,34.418582,-119.705607,"Census Tract 10, Santa Barbara County, California",726300,2906,252,3.6,2.46,2.08,3,3.8,4.2,9.1,13.2,10.6,7.4,8.4,40.3,14.1,37.4,31,13,2.3,2.2,15.3,84.7,40139,54820
"6850",6083001101,"06","083","001101",4738,34.420577,-119.720066,"Census Tract 11.01, Santa Barbara County, California",762700,1603,75,4.4,2.47,2.9,0.6,0.4,3.5,11.9,9.5,4.7,19,13.9,36.6,3.6,18.3,44.5,27.8,3.6,2.2,41.7,58.3,50662,62037
"6851",6083001102,"06","083","001102",4740,34.416209,-119.711998,"Census Tract 11.02, Santa Barbara County, California",652600,1426,89,4,2.53,3.84,1,1.2,7.7,13.7,18.2,6.7,16.1,7,28.4,1.3,25.9,51.5,19.2,2,0,25.2,74.8,60981,69459
"6852",6083001203,"06","083","001203",2757,34.406239,-119.712945,"Census Tract 12.03, Santa Barbara County, California",937500,1348,124,4.9,2.14,2.66,0.4,1,7.3,14.3,36.8,12.3,21.1,3,3.8,0,18,34.3,33.2,11.9,2.7,59.6,40.4,81250,113073
"6853",6083001206,"06","083","001206",4480,34.410236,-119.700673,"Census Tract 12.06, Santa Barbara County, California",541000,1699,151,3.8,3.81,3.14,2.1,4.2,1.9,10,26,19.8,8.7,6.2,21.2,2.2,37,39.9,16.4,3,1.5,10.6,89.4,52557,66403
"6854",6083001208,"06","083","001208",4096,34.400162,-119.711824,"Census Tract 12.08, Santa Barbara County, California",958300,1824,293,4.8,2.41,2.71,2.3,0,5.2,1.5,33.1,8,38.1,6.7,5.2,0.5,9.3,38.3,40.2,10.9,0.8,51.7,48.3,71735,91705
"6855",6083001304,"06","083","001304",7522,34.412703,-119.728653,"Census Tract 13.04, Santa Barbara County, California",952400,3131,155,5.3,2.65,2.33,2.5,0,1.1,13.5,19,28.3,24.1,5.1,6.5,1.1,5.3,31.5,41.7,18.3,2,67.7,32.3,82867,111807
"6856",6083001306,"06","083","001306",3230,34.422688,-119.746135,"Census Tract 13.06, Santa Barbara County, California",921700,1568,95,5.2,2.34,1.63,0,1.8,4.6,11.4,20.8,37.5,22.4,1.5,0,1.3,13.6,25.8,37.8,16.5,4.9,60.8,39.2,76875,136804
"6857",6083001402,"06","083","001402",3392,34.424681,-119.637105,"Census Tract 14.02, Santa Barbara County, California",NA,2007,559,5.6,2.25,2.03,0,4.4,9.5,9.3,15.2,14.3,17.1,5.2,25,1.5,10.5,27.2,37.3,17.9,5.6,55.5,44.5,88796,152092
"6858",6083001500,"06","083","001500",3091,34.439073,-119.617146,"Census Tract 15, Santa Barbara County, California",NA,1533,239,7.1,2.63,1.95,4.2,6.3,14.5,10.8,11.2,7.4,12.2,8.3,25.1,0,6.8,18.5,37.3,23.6,13.8,77.3,22.7,119688,264669
"6859",6083001601,"06","083","001601",5270,34.404508,-119.520198,"Census Tract 16.01, Santa Barbara County, California",735700,1958,129,5.7,2.67,3.02,0,1.1,3.2,18.2,45,22.6,4,1.2,4.6,2,3.3,16.8,43,33.6,1.4,78.7,21.3,91442,109613
"6860",6083001604,"06","083","001604",5190,34.397952,-119.521871,"Census Tract 16.04, Santa Barbara County, California",733800,2750,529,4.1,2.37,2.12,3.3,3.5,12.6,14.9,20.8,15.6,19.7,4.4,5.2,7.1,22.4,41,24.6,4.9,0,36.9,63.1,52423,65972
"6861",6083001704,"06","083","001704",2565,34.389692,-119.496997,"Census Tract 17.04, Santa Barbara County, California",274300,1199,34,4.5,2.13,3.5,1.3,7.5,10.4,15.1,50.9,5.2,3.5,2.3,3.8,8.1,4.4,55.2,26.4,5.8,0,60.1,39.9,65903,81624
"6862",6083001706,"06","083","001706",4693,34.421317,-119.556,"Census Tract 17.06, Santa Barbara County, California",NA,2215,206,5.1,2.14,2.09,2.1,2.8,9.9,11.6,30.4,12.1,9.9,5.5,15.8,1.6,15.1,39.5,30,11.5,2.3,59.1,40.9,97732,120518
"6863",6083001800,"06","083","001800",1245,34.90705,-119.732201,"Census Tract 18, Santa Barbara County, California",171600,611,232,5.1,2.6,2.96,1.6,5.2,11.1,11.8,7.2,9,34,6.5,13.4,1.8,13.4,32.9,36.2,14.7,1,64.9,35.1,46250,67927
"6864",6083001901,"06","083","001901",7805,34.654096,-120.215684,"Census Tract 19.01, Santa Barbara County, California",519500,2647,156,5.6,2.85,3.08,2.7,20.1,12.1,20.7,20.6,6.7,9,3.7,4.4,0.1,7.7,23.9,44.8,17.5,6,66.6,33.4,77698,102983
"6865",6083001903,"06","083","001903",5764,34.600174,-120.139304,"Census Tract 19.03, Santa Barbara County, California",713400,2531,136,5.5,2.31,2.33,0.4,8.2,10.3,36.5,15.5,8.7,14,4.1,2.3,3,10.8,33.9,27.6,21.9,2.8,60.5,39.5,61367,93382
"6866",6083001905,"06","083","001905",3231,34.661392,-120.086632,"Census Tract 19.05, Santa Barbara County, California",NA,1397,258,5.9,2.43,2.17,3.4,4.7,11.5,20.9,30.8,11.6,10.7,1.9,4.5,4.2,7.3,21.7,41.9,21.1,3.8,73.7,26.3,92375,144958
"6867",6083001906,"06","083","001906",5870,34.603662,-120.068667,"Census Tract 19.06, Santa Barbara County, California",811900,2485,165,6,2.86,2.28,2.1,3.9,15.7,21.2,21.9,20.6,5.4,3.7,5.4,3.3,3.3,16.8,51.5,17.4,7.7,72.4,27.6,102568,135300
"6868",6083002005,"06","083","002005",4967,34.859966,-120.416975,"Census Tract 20.05, Santa Barbara County, California",326900,2004,104,5.5,2.41,2.98,11.3,0.8,2,21.2,25.1,35.7,2.9,0.4,0.4,0,3.8,22.9,47.4,23.6,2.2,79.3,20.7,60200,77437
"6869",6083002006,"06","083","002006",2240,34.874801,-120.37679,"Census Tract 20.06, Santa Barbara County, California",766400,910,58,6.8,2.87,3.17,8,10.7,15.3,19.7,19.3,13.8,2.6,6.4,4.2,3.8,6.5,9.5,38,26.9,15.3,81.9,18.1,78056,110941
"6870",6083002007,"06","083","002007",9554,34.908642,-120.426606,"Census Tract 20.07, Santa Barbara County, California",345600,3862,296,5.8,2.76,2.56,9.3,26,12.2,25.8,4.9,9.4,11.3,1,0,1.1,0,22.7,53.9,20.4,2,72.9,27.1,68188,80563
"6871",6083002008,"06","083","002008",6451,34.886087,-120.424411,"Census Tract 20.08, Santa Barbara County, California",350300,2349,203,5.7,2.67,3.01,0.8,1.5,6.1,37.5,6.7,22.3,21.2,3.9,0,0.6,2.8,19.1,52.4,21.5,3.6,79.2,20.8,67240,78875
"6872",6083002009,"06","083","002009",3826,34.871959,-120.427913,"Census Tract 20.09, Santa Barbara County, California",398600,1348,71,6.4,2.68,3.17,0,6.9,13.5,21,21.4,28.6,6.4,0.9,1.3,1.1,2.7,8.9,51.2,30,6.1,74.8,25.2,69340,83962
"6873",6083002010,"06","083","002010",4375,34.871725,-120.410664,"Census Tract 20.10, Santa Barbara County, California",395400,1576,20,6.5,2.74,3.76,0,2.2,9.2,54.6,11.2,14.7,6.7,0.8,0.5,0,0.5,1.5,65.9,31,1.1,79.1,20.9,95758,96653
"6874",6083002011,"06","083","002011",5317,34.903813,-120.460214,"Census Tract 20.11, Santa Barbara County, California",340900,1808,115,5.5,2.92,2.6,2.1,20.3,15.1,10.4,18.8,17.1,14.7,0.9,0.7,0.7,6.7,18.2,55.1,17.3,2,76,24,63114,77689
"6875",6083002012,"06","083","002012",3036,34.870005,-120.44183,"Census Tract 20.12, Santa Barbara County, California",417700,1252,37,5.9,2.15,3.13,2.5,2.3,7.2,26.8,29.2,5.3,6.4,7.1,13.3,2.3,2.7,27.1,41.2,23.2,3.5,73.7,26.3,56314,72179
"6876",6083002013,"06","083","002013",2737,34.873338,-120.453015,"Census Tract 20.13, Santa Barbara County, California",553500,1073,52,6.7,2.65,2.27,4.8,3.7,15,30.7,33.7,4.8,0.7,1.1,5.4,0,8.1,20.9,21.1,42.7,7.3,81.3,18.7,76607,99113
"6877",6083002101,"06","083","002101",3873,34.948761,-120.42423,"Census Tract 21.01, Santa Barbara County, California",292000,1315,46,4.7,2.11,3.37,4.6,0,4.5,6.6,2.4,11.3,28.6,11.9,30.1,0.8,11,47.6,30.6,8.1,1.9,33,67,49670,60745
"6878",6083002102,"06","083","002102",2084,34.941531,-120.429057,"Census Tract 21.02, Santa Barbara County, California",322800,786,9,5.4,2.66,2.56,0,0,3.6,2,12.5,15.3,35.4,13.7,17.6,0,7.6,27.7,59.7,4.8,0.1,49.7,50.3,45729,65915
"6879",6083002103,"06","083","002103",3930,34.931161,-120.431307,"Census Tract 21.03, Santa Barbara County, California",344000,1615,183,4,3.34,2.03,0,0.6,15,51.2,17.5,4.4,1.9,2.5,6.8,7.7,26.6,35,18.9,11.2,0.6,33.9,66.1,46473,57715
"6880",6083002205,"06","083","002205",4997,34.964079,-120.429402,"Census Tract 22.05, Santa Barbara County, California",295300,1408,43,4.4,3.29,3.37,4.1,0,17.4,8,36.1,21.3,6.5,5.8,0.7,8.7,16.6,20.9,39.1,13.5,1.1,45.9,54.1,37281,82834
"6881",6083002206,"06","083","002206",4782,34.956791,-120.427517,"Census Tract 22.06, Santa Barbara County, California",318800,1644,143,4.3,2.65,2.82,6.9,0,2.6,7.2,14.1,19.3,18.7,10.9,20.3,1.1,33.6,29.5,27.1,8.2,0.4,32.9,67.1,38250,44651
"6882",6083002209,"06","083","002209",3321,34.971504,-120.430699,"Census Tract 22.09, Santa Barbara County, California",246000,927,101,5,3.59,3.92,1.3,6.7,8.3,18.2,13.5,37.4,12.7,1.8,0,0,7.4,25.4,47.2,17.7,2.3,53.6,46.4,48718,59569
"6883",6083002210,"06","083","002210",6035,34.968259,-120.417365,"Census Tract 22.10, Santa Barbara County, California",301800,1587,57,5.7,3.56,3.88,2.3,26.1,8.2,23.7,19.3,18,0.5,0.7,1.2,1,0,7.9,58.1,26.4,6.6,72.4,27.6,65595,80972
"6884",6083002211,"06","083","002211",5366,34.957616,-120.408853,"Census Tract 22.11, Santa Barbara County, California",330700,2004,77,6,2.46,3.81,8.3,4.2,20.1,44.4,14.4,4.5,3.4,0.5,0,1.9,4,23.2,45.4,23.8,1.6,80.1,19.9,66379,78417
"6885",6083002303,"06","083","002303",6765,34.964238,-120.444407,"Census Tract 23.03, Santa Barbara County, California",259800,1398,128,5.2,4.23,5.65,0,0.6,4.8,27,17.7,15.9,25.9,6.2,1.9,5.2,2.6,17.3,53.9,15.7,5.4,57.9,42.1,54207,72394
"6886",6083002304,"06","083","002304",6687,34.957114,-120.445346,"Census Tract 23.04, Santa Barbara County, California",215900,1443,73,4.4,4.24,4.88,1.3,5.8,5.3,2.8,28,13.1,17.9,7.6,18.4,8.4,9.4,41.9,26.3,14.1,0,33.4,66.6,42298,49262
"6887",6083002305,"06","083","002305",7556,34.971626,-120.444856,"Census Tract 23.05, Santa Barbara County, California",246100,1494,17,5.3,5.62,5.04,0,1.7,0.4,17.9,10.4,50.5,18.7,0.5,0,0.7,3,7,60.3,17.2,11.8,52.2,47.8,53566,64534
"6888",6083002306,"06","083","002306",8810,34.982342,-120.445876,"Census Tract 23.06, Santa Barbara County, California",226200,2523,134,5.5,3.31,3.77,2.7,32.2,28.7,29,3.3,1.5,0.4,1.3,1,0,0.9,22.7,44.2,22.6,9.7,83,17,56274,71103
"6889",6083002402,"06","083","002402",11406,34.929068,-120.447268,"Census Tract 24.02, Santa Barbara County, California",280000,3101,87,5,3.63,4.19,10.5,28.9,21.4,8.7,10,15,3.4,0.5,1.5,1.1,6.1,29.7,41.4,20.7,1.1,40.8,59.2,50764,60267
"6890",6083002403,"06","083","002403",6811,34.948874,-120.445904,"Census Tract 24.03, Santa Barbara County, California",231500,1581,38,4.2,3.13,4.35,7.4,9.7,8.7,18.8,10.2,13.1,14.7,9,8.3,1.2,20.2,47.4,29.6,1.3,0.4,11.3,88.7,30085,46074
"6891",6083002404,"06","083","002404",7800,34.942685,-120.446948,"Census Tract 24.04, Santa Barbara County, California",197500,1795,93,3.7,5.41,4.69,0.6,4.3,5.3,22.8,32.2,23.3,6.9,3.1,1.6,5.9,30.1,41.6,16.2,5.7,0.5,17.6,82.4,40741,45706
"6892",6083002502,"06","083","002502",7345,34.9605,-120.576155,"Census Tract 25.02, Santa Barbara County, California",217100,2029,137,4.8,3.96,3.59,7.9,12.3,5.1,27.6,7.6,13.5,8.6,4.4,13.1,3.4,3,38.4,45.2,9.9,0,48.6,51.4,43995,48455
"6893",6083002604,"06","083","002604",3582,34.676745,-120.501179,"Census Tract 26.04, Santa Barbara County, California",NA,74,30,3.9,NA,2.02,0,0,5.4,8.1,0,0,45.9,24.3,16.2,0,20.3,74.3,5.4,0,0,0,100,70625,87491
"6894",6083002606,"06","083","002606",3344,34.752344,-120.532409,"Census Tract 26.06, Santa Barbara County, California",NA,1266,223,5.7,NA,3.25,6.9,13.5,44,7.1,7.7,11.7,9.2,0,0,1.1,0,20.7,62.2,16,0,0,100,56139,62938
"6895",6083002702,"06","083","002702",7395,34.643362,-120.466113,"Census Tract 27.02, Santa Barbara County, California",233700,2436,226,4.1,2.87,3.44,2,0.7,5.4,20.3,27.8,16.1,17,4.1,6.6,6,12.5,51.5,26.9,3,0,20,80,33750,44903
"6896",6083002703,"06","083","002703",4165,34.643949,-120.447696,"Census Tract 27.03, Santa Barbara County, California",231300,1399,78,5,3.2,2.95,0,8,0,16.5,5.3,22.2,32.9,5.7,9.4,4.2,12.1,25.3,47.2,9.1,2.1,53,47,41128,46121
"6897",6083002705,"06","083","002705",4210,34.651,-120.467854,"Census Tract 27.05, Santa Barbara County, California",233600,1528,145,4.6,3.23,2.37,8.6,2.6,15.8,26.1,14.5,17.3,13.4,1.8,0,3.1,25.1,20.1,41.1,10.5,0,41.3,58.7,40074,52066
"6898",6083002706,"06","083","002706",6054,34.650065,-120.449656,"Census Tract 27.06, Santa Barbara County, California",271700,1975,110,4.5,3.49,3.38,2.3,1.7,6.9,9.8,19.3,44.6,14.1,0.8,0.6,5.1,11.1,37.7,34.1,11.5,0.4,37.2,62.8,32429,45139
"6899",6083002707,"06","083","002707",2287,34.635624,-120.466213,"Census Tract 27.07, Santa Barbara County, California",333700,1037,57,5.3,3.38,2.09,0.5,0,4.6,6.7,27,10.5,14.1,7.1,29.5,0,14.2,30.2,32.3,23.3,0,51.6,48.4,50400,59729
"6900",6083002708,"06","083","002708",2568,34.635336,-120.44975,"Census Tract 27.08, Santa Barbara County, California",287400,1171,0,4.8,2.15,2.07,4.8,0,13.2,7,15.5,24.8,22.9,3.9,7.9,3.2,19.8,34.1,32.1,9.5,1.3,45.7,54.3,41626,49331
"6901",6083002802,"06","083","002802",7024,34.65749,-120.458465,"Census Tract 28.02, Santa Barbara County, California",325500,2553,74,5.4,2.77,2.79,0,2.2,13,42.9,16.5,16.9,5.8,1.6,1.1,0,6.2,15.6,50.2,26.9,1,61,39,75830,82737
"6902",6083002806,"06","083","002806",2266,34.651381,-120.47852,"Census Tract 28.06, Santa Barbara County, California",249100,676,56,6,3.18,3.57,9.5,4.4,1.3,48.4,1.8,28,5.2,1.5,0,0,0.7,11.5,61.1,26.6,0,82.9,17.1,79118,85266
"6903",6083002808,"06","083","002808",6506,34.704931,-120.467433,"Census Tract 28.08, Santa Barbara County, California",375400,2761,77,6.1,2.52,2.54,9.9,3.9,5.8,11.8,22.5,41.6,3.7,0.4,0.4,0.4,3.6,20,40.2,28.9,6.9,74.1,25.9,78480,88221
"6904",6083002809,"06","083","002809",5035,34.685396,-120.426317,"Census Tract 28.09, Santa Barbara County, California",437900,1754,134,6.3,2.68,3.65,3.9,13.9,4.8,8.3,10.8,31.8,16,2.5,8.2,0.8,3.1,6.2,54.2,32.5,3.3,76.3,23.7,71667,98031
"6905",6083002906,"06","083","002906",4016,34.44551,-119.840476,"Census Tract 29.06, Santa Barbara County, California",807100,1462,0,6.4,2.66,3.73,0.4,0,1,10.3,7.7,61.5,14.9,1.6,2.5,1.4,1.8,6.2,43.2,33.8,13.5,89.7,10.3,90926,96658
"6906",6083002907,"06","083","002907",4190,34.459949,-119.821465,"Census Tract 29.07, Santa Barbara County, California",NA,1484,49,7.1,2.77,3.4,0,1.5,3,6.7,27.5,55.1,2.7,3.5,0,1.3,2.5,4.2,39.2,43,9.8,85.7,14.3,108042,138669
"6907",6083002909,"06","083","002909",5963,34.436362,-119.887821,"Census Tract 29.09, Santa Barbara County, California",695700,1821,29,6,3.13,3.5,0.5,4.6,4,2.3,11.3,56.8,20,0.5,0,1.3,2.1,12,42.6,34.8,7.2,76.5,23.5,87091,105949
"6908",6083002913,"06","083","002913",3596,34.445904,-119.80641,"Census Tract 29.13, Santa Barbara County, California",800100,1529,21,5.7,2.4,2.27,1.8,15.5,6.3,3.3,21.1,48.4,2.6,0.9,0,0,9.7,24.8,28.5,30.5,6.5,64.7,35.3,94338,104738
"6909",6083002914,"06","083","002914",3248,34.446428,-119.822868,"Census Tract 29.14, Santa Barbara County, California",754700,1397,82,5.1,2.32,2.62,0,0,1.6,4,26.1,61.3,5.2,0,1.9,0,14.2,29.3,31.9,19.4,5.3,59.4,40.6,82011,97654
"6910",6083002915,"06","083","002915",580,34.419006,-119.873253,"Census Tract 29.15, Santa Barbara County, California",NA,303,0,3.7,NA,1.61,0,0,5.3,23.1,18.2,41.6,9.9,2,0,0,55.4,40.9,3.6,0,0,0,100,21525,38797
"6911",6083002922,"06","083","002922",8839,34.417032,-119.855558,"Census Tract 29.22, Santa Barbara County, California",712100,965,157,4.2,3.25,3.28,4.4,41.6,13.7,12.5,24.9,3,0,0,0,0,2.6,62.6,30.3,4.2,0.3,19.8,80.2,68796,84405
"6912",6083002924,"06","083","002924",5833,34.413056,-119.856208,"Census Tract 29.24, Santa Barbara County, California",NA,1630,57,3.2,NA,3.03,0,2.1,7.2,24,26.6,28.4,5.6,2,4.2,7.9,54,27.4,3.8,4,2.8,1.8,98.2,16150,27935
"6913",6083002926,"06","083","002926",5328,34.413482,-119.860641,"Census Tract 29.26, Santa Barbara County, California",534100,1710,166,3.6,NA,3.35,2,0.4,7.7,11,37.5,28.8,9.4,1.9,1.2,13.1,28.1,43.3,12.2,2.4,0.9,1.2,98.8,23831,39835
"6914",6083002928,"06","083","002928",4089,34.412995,-119.865732,"Census Tract 29.28, Santa Barbara County, California",351500,1339,182,3.7,2.7,3.93,0,0,8.6,16.1,34.9,27.6,9,1.3,2.5,8.7,31.9,27.3,10.5,14,7.6,9.2,90.8,19240,48612
"6915",6083002930,"06","083","002930",7328,34.426819,-119.883871,"Census Tract 29.30, Santa Barbara County, California",606400,3073,156,4.3,2.77,2.6,0,1.3,7.8,20,32.1,30.3,6.1,1.3,1.2,2.7,20.5,38.7,22,13.5,2.6,39,61,73289,87019
"6916",6083002932,"06","083","002932",2499,34.449718,-119.927725,"Census Tract 29.32, Santa Barbara County, California",966200,875,43,5.9,2.73,2.75,0,2.6,20.7,11.5,38.2,15.2,3.7,0.3,7.8,1.1,4,26.3,40.1,22.2,6.3,70.6,29.4,97788,117973
"6917",6083003001,"06","083","003001",5547,34.436397,-119.822205,"Census Tract 30.01, Santa Barbara County, California",398900,2238,95,3.7,2.11,2.35,2.5,3.7,10.4,16.3,25,22,11.9,5.2,3.1,9.5,36.7,34.9,14.9,3.4,0.6,30.4,69.6,51208,57034
"6918",6083003004,"06","083","003004",4874,34.432641,-119.801187,"Census Tract 30.04, Santa Barbara County, California",728900,1610,40,6,2.99,4.18,1.6,2.1,8.5,7,17.2,49.8,11.7,1.4,0.7,2.5,0.7,7.2,48.1,31.7,9.8,85.1,14.9,102727,111780
"6919",6083003005,"06","083","003005",4999,34.435927,-119.78582,"Census Tract 30.05, Santa Barbara County, California",797800,1554,22,5.7,3.18,3.04,3.5,2.6,14.3,2.1,16.9,39.3,16,3.3,2,0,11.6,27.3,27.2,29.5,4.4,53.7,46.3,82383,100355
"6920",6083003007,"06","083","003007",3653,34.426297,-119.773656,"Census Tract 30.07, Santa Barbara County, California",NA,1655,198,6.4,2.54,1.99,2.2,3.9,7.2,11.8,21.5,31.5,12.6,3.5,5.7,2.8,14.1,16.5,29.5,22.4,14.7,79.7,20.3,114938,184313
"6921",6083003102,"06","083","003102",3306,34.616832,-120.443493,"Census Tract 31.02, Santa Barbara County, California",324800,1276,78,5.9,2.88,3.25,4.5,2,8.1,14.3,11,36.9,4,4.2,14.9,0.3,4.9,12.7,54.5,21.9,5.7,69.2,30.8,75429,97013
"6922",6083980000,"06","083","980000",10,34.423042,-119.831446,"Census Tract 9800, Santa Barbara County, California",NA,0,0,NA,NA,NA,NA,NA,NA,NA,NA,NA,NA,NA,NA,NA,NA,NA,NA,NA,NA,NA,NA,NA,NA
"6923",6083980100,"06","083","980100",11,34.014532,-119.927031,"Census Tract 9801, Santa Barbara County, California",NA,0,0,NA,NA,NA,NA,NA,NA,NA,NA,NA,NA,NA,NA,NA,NA,NA,NA,NA,NA,NA,NA,NA,NA
"6924",6083990000,"06","083","990000",0,33.907571,-119.959283,"Census Tract 9900, Santa Barbara County, California",NA,0,0,NA,NA,NA,NA,NA,NA,NA,NA,NA,NA,NA,NA,NA,NA,NA,NA,NA,NA,NA,NA,NA,NA
"6925",6085500100,"06","085","500100",6339,37.357964,-121.889739,"Census Tract 5001, Santa Clara County, California",498700,2143,97,4.4,2.56,3.12,8.1,13,0.5,4.5,7.6,11.8,27.1,13.8,13.6,3.2,17.8,43.4,29.6,5.9,0,35.5,64.5,61711,87400
"6926",6085500200,"06","085","500200",5822,37.348046,-121.901152,"Census Tract 5002, Santa Clara County, California",499100,2114,67,3.9,2.34,1.87,3.6,15.3,19.9,5.4,2.9,4.9,14.9,5.2,27.9,3.5,35.9,49.3,6.9,3.7,0.7,24.5,75.5,72208,93850
"6927",6085500300,"06","085","500300",3140,37.331381,-121.907506,"Census Tract 5003, Santa Clara County, California",576300,1368,153,4.3,2.29,2.28,14.8,33.1,5,0,3.7,4.2,5.5,5.6,28,5.7,31.7,30.4,21.6,10,0.6,42.1,57.9,100125,129941
"6928",6085500400,"06","085","500400",2369,37.340452,-121.922302,"Census Tract 5004, Santa Clara County, California",827400,1037,55,5,2.3,2.55,0.4,4.9,0.5,8.6,10.6,9.2,12.4,16.5,36.9,3.6,29.6,24.3,29.1,9.6,3.8,35.5,64.5,59360,99139
"6929",6085500500,"06","085","500500",5275,37.329809,-121.927363,"Census Tract 5005, Santa Clara County, California",771900,2015,117,5.7,2.76,2.27,3.2,0.7,4.1,0.5,7.4,6.1,32.1,18,27.9,3.7,17.4,21.2,38.6,13,6.2,72.7,27.3,101304,127381
"6930",6085500600,"06","085","500600",4586,37.333757,-121.913921,"Census Tract 5006, Santa Clara County, California",715000,2224,180,4.3,2.53,2.11,22.2,5.6,6.7,7.2,1.2,3.5,3,7.2,43.4,5.6,27.6,40.2,16.5,7.6,2.6,42.9,57.1,80500,99991
"6931",6085500800,"06","085","500800",2600,37.328602,-121.896485,"Census Tract 5008, Santa Clara County, California",520000,1433,295,3.4,2.21,1.81,10.6,33,8.7,14.6,11.5,4,3.6,0.8,13.2,18.8,34.4,33.4,11.3,0.6,1.5,34.7,65.3,49183,75380
"6932",6085500901,"06","085","500901",3723,37.335084,-121.885044,"Census Tract 5009.01, Santa Clara County, California",584900,1947,195,3,1.62,1.82,7.2,11.7,14.9,13.9,11,5.9,5.3,4.3,25.8,18,48.3,26.9,4.6,0,2.3,9.4,90.6,45071,63904
"6933",6085500902,"06","085","500902",4523,37.333873,-121.878444,"Census Tract 5009.02, Santa Clara County, California",657900,684,90,3.3,3.75,2.78,0,13.7,3.9,0.4,4.5,33.9,13,12.4,18,17.5,32.7,36.4,6.1,3.2,3.9,4,96,28047,38878
"6934",6085501000,"06","085","501000",4769,37.342079,-121.887921,"Census Tract 5010, Santa Clara County, California",504400,2132,257,3.2,2.44,2.23,1.7,3.9,0,6.1,9.4,14.7,9.7,5.1,49.3,17.2,42.3,25,12.5,1,2.1,18,82,45323,56886
"6935",6085501101,"06","085","501101",4074,37.347641,-121.891906,"Census Tract 5011.01, Santa Clara County, California",488400,1723,64,3.6,2.49,2.04,2.3,32,16.3,3.8,4.1,4.4,12.2,5,19.8,5.7,44.3,40.3,6.2,0.6,2.8,23.4,76.6,55197,80949
"6936",6085501102,"06","085","501102",4477,37.353367,-121.882603,"Census Tract 5011.02, Santa Clara County, California",533900,1400,42,4.9,3.2,3.4,1.3,3.1,1.2,3.7,4.6,10,16.3,11.4,48.4,6.8,9.1,47.4,24.2,11.1,1.4,60.5,39.5,60882,85243
"6937",6085501200,"06","085","501200",4186,37.346631,-121.87937,"Census Tract 5012, Santa Clara County, California",446400,1394,0,4.5,2.38,2.83,1.2,0,0.6,5.5,0.4,9,4.5,19.2,59.6,9.8,15.5,46.2,22.2,3.5,2.8,39.2,60.8,47862,60367
"6938",6085501300,"06","085","501300",4153,37.338088,-121.875525,"Census Tract 5013, Santa Clara County, California",775700,1187,94,5.4,2.88,2.49,0,3.2,8.6,3.1,10.5,4.1,4,4.1,62.3,9.2,13.7,14.6,47.6,11,4,55.1,44.9,79821,107749
"6939",6085501401,"06","085","501401",3295,37.352404,-121.870448,"Census Tract 5014.01, Santa Clara County, California",375800,1021,60,3.5,2.31,3.45,1.2,18.1,4.3,22.3,17.2,4.4,9.3,5.5,17.6,2.1,49.9,34.9,12.5,0.7,0,27.2,72.8,39397,51837
"6940",6085501402,"06","085","501402",2947,37.344952,-121.867313,"Census Tract 5014.02, Santa Clara County, California",375500,825,34,4.4,2.94,3.38,3,2.1,6.8,4.8,10.3,17.1,6.2,16.1,33.6,5.2,10.5,53.2,25.7,4.1,1.2,45.8,54.2,55598,64589
"6941",6085501501,"06","085","501501",4278,37.341507,-121.85822,"Census Tract 5015.01, Santa Clara County, California",335600,1195,26,4,3.47,4.03,10.6,9.9,8.4,8,24,17.6,9.6,2.1,9.8,12,18.7,35.9,23.7,9.8,0,30.8,69.2,53165,63124
"6942",6085501502,"06","085","501502",4549,37.338027,-121.863779,"Census Tract 5015.02, Santa Clara County, California",437400,1146,92,4.7,3.58,3.34,15.6,0,16.1,2.1,5.3,12.5,34.2,5.5,8.6,16.2,15.9,22.9,15,21.9,8.1,49.8,50.2,43480,72691
"6943",6085501600,"06","085","501600",6854,37.329928,-121.876139,"Census Tract 5016, Santa Clara County, California",638800,2607,356,3.4,2.88,2.4,2.2,3.1,6.1,4.5,4.4,20.8,10.5,5.3,43,20.4,29.4,28,16,2.6,3.6,19.9,80.1,35230,64031
"6944",6085501700,"06","085","501700",4916,37.322218,-121.884841,"Census Tract 5017, Santa Clara County, California",400700,1278,70,4.5,3.78,3.39,0.6,4.3,11.7,7.3,6.9,6.5,10.4,13.1,39.1,2,26.1,23.9,36.9,8.3,2.7,30,70,44009,57060
"6945",6085501800,"06","085","501800",5085,37.316472,-121.896115,"Census Tract 5018, Santa Clara County, California",686500,1778,99,5.1,2.76,3.05,3.1,1.1,4,12.5,1,5.2,14.2,9.4,49.4,2.2,14.6,42.5,24.2,11.6,4.8,52.3,47.7,81799,113009
"6946",6085501900,"06","085","501900",4641,37.318218,-121.909324,"Census Tract 5019, Santa Clara County, California",442900,2101,54,3.9,1.94,2.57,14.7,16.1,13.1,7.7,14.4,13.5,12.2,3.5,5,4.9,32.6,41,19.7,0.9,1,27.9,72.1,53558,70234
"6947",6085502001,"06","085","502001",5022,37.322759,-121.930768,"Census Tract 5020.01, Santa Clara County, California",541100,2380,103,3.9,2.94,2.15,0,2.1,8,8.9,11.5,11.1,15.6,26,16.8,6.8,35,32.5,19.8,3.7,2.2,33.1,66.9,50260,73092
"6948",6085502002,"06","085","502002",4887,37.319869,-121.919632,"Census Tract 5020.02, Santa Clara County, California",463100,1729,113,3.9,2.99,3.16,1.8,0,6.5,4.7,18.9,8,16.6,15.4,28.2,2.7,28.4,50.5,13.1,4.7,0.6,30.4,69.6,38904,49919
"6949",6085502101,"06","085","502101",4798,37.304919,-121.937023,"Census Tract 5021.01, Santa Clara County, California",559100,2067,35,4.9,2.18,2.56,0,0.5,4.5,19.2,20.7,11.2,20.2,21.8,1.9,0,11.8,41.4,34.3,9.1,3.3,64.4,35.6,77050,100736
"6950",6085502102,"06","085","502102",7469,37.31072,-121.923805,"Census Tract 5021.02, Santa Clara County, California",558100,2780,168,3.7,2.42,2.64,0,12.6,8.3,5,23.4,30.3,19.7,0,0.6,2.7,38.2,33.3,22.7,3.1,0,27.1,72.9,40933,58786
"6951",6085502201,"06","085","502201",6260,37.302987,-121.922863,"Census Tract 5022.01, Santa Clara County, California",456700,2867,114,3.7,1.59,2.42,6.9,2.3,8.8,12.4,53.3,8.9,1.5,2.2,3.6,6.1,29.3,48.3,15,1.3,0,19.9,80.1,64398,73228
"6952",6085502202,"06","085","502202",2870,37.298011,-121.920893,"Census Tract 5022.02, Santa Clara County, California",658100,1455,100,4.3,1.99,1.92,0,0,2.8,41.6,14,10,26.5,2.7,2.4,3.7,25.6,36.8,28,5.8,0.1,55.6,44.4,80987,101129
"6953",6085502301,"06","085","502301",3245,37.300819,-121.906787,"Census Tract 5023.01, Santa Clara County, California",924300,1247,40,5.9,2.64,1.97,3.3,2.2,1,2.4,5.9,17.4,30.8,17.5,19.5,0,11.5,30.9,43.6,11.5,2.5,61.5,38.5,96734,117434
"6954",6085502302,"06","085","502302",2826,37.308945,-121.908525,"Census Tract 5023.02, Santa Clara County, California",862400,1294,87,4.7,2.6,2.57,0,0,1.2,1.2,16.7,28.3,16.1,16.8,19.9,0.8,29.3,27,30.7,7.7,4.6,41.5,58.5,75917,104009
"6955",6085502400,"06","085","502400",6813,37.304678,-121.89275,"Census Tract 5024, Santa Clara County, California",761200,2914,150,5.9,2.49,2.37,6.2,5.9,2.5,11.6,7.8,7,9.7,24.6,24.7,0,4.2,31.3,42.5,15.3,6.7,83.4,16.6,109609,154550
"6956",6085502500,"06","085","502500",6187,37.294078,-121.891382,"Census Tract 5025, Santa Clara County, California",844000,2499,117,6,2.53,2.85,2.3,1.4,4.6,0.4,3.4,11.4,33.1,23.9,19.4,0,4.8,24.9,48.6,19,2.8,79.1,20.9,123766,163982
"6957",6085502601,"06","085","502601",2626,37.290388,-121.914492,"Census Tract 5026.01, Santa Clara County, California",926000,1207,12,6.8,2.38,1.74,2.3,3.1,0,2.2,31.4,25.4,30.2,2.7,2.7,4.8,4.1,18.6,31.7,30.2,10.5,72,28,110709,174001
"6958",6085502603,"06","085","502603",2527,37.287717,-121.927438,"Census Tract 5026.03, Santa Clara County, California",897600,1056,53,5.9,2.67,2.39,1.4,0,0,1.2,4.6,15.8,62.4,9,5.5,3.2,6.3,19.4,47.7,18.8,4.6,73.1,26.9,86641,134932
"6959",6085502604,"06","085","502604",4320,37.282147,-121.936623,"Census Tract 5026.04, Santa Clara County, California",418000,2274,133,3.5,1.88,1.99,1.3,2.6,9.4,29.5,35.4,12.7,7.1,0.7,1.5,6.4,39.2,44.4,7.3,2.1,0.6,29,71,68391,77052
"6960",6085502701,"06","085","502701",4874,37.271048,-121.937692,"Census Tract 5027.01, Santa Clara County, California",780600,2071,184,4.9,2.55,2.02,0.8,5.9,12.1,14.1,12.8,25.4,16.9,10,2,1.2,16.5,35.1,25.7,17.5,3.9,57.9,42.1,78503,104386
"6961",6085502702,"06","085","502702",8042,37.258579,-121.942782,"Census Tract 5027.02, Santa Clara County, California",653600,3265,80,5.1,2.42,2.37,3.1,3.4,2.8,26.2,28,6.6,20.5,6.7,2.7,0.6,8.6,30.6,40.4,18.6,1.2,70.5,29.5,94191,108544
"6962",6085502800,"06","085","502800",4102,37.255465,-121.922105,"Census Tract 5028, Santa Clara County, California",724900,1511,47,5.8,2.93,3.19,0.6,3.2,1.8,4.4,5,13.2,70.2,1.5,0,0,1.2,6.4,65.1,19.8,7.5,81.7,18.3,93804,118806
"6963",6085502901,"06","085","502901",5919,37.271599,-121.927311,"Census Tract 5029.01, Santa Clara County, California",655700,2266,88,5.7,2.84,2.75,0.7,6,3.4,5.6,6.6,31.8,41.9,1.7,2.4,0.6,13.2,19.6,44.5,19.9,2.3,65.9,34.1,88826,108359
"6964",6085502902,"06","085","502902",7200,37.273284,-121.91539,"Census Tract 5029.02, Santa Clara County, California",734600,2675,163,6.3,2.83,3.48,3.2,2.8,0,0.8,15,49.8,26.4,0.7,1.4,0,0,11.4,41.5,39.3,7.9,82.2,17.8,103710,121150
"6965",6085502903,"06","085","502903",5075,37.27734,-121.904678,"Census Tract 5029.03, Santa Clara County, California",756500,1951,184,6.3,2.77,2.87,0,0,2.7,0.6,5.5,52.2,35.3,3.7,0,0,0,4.8,46.6,43.2,5.4,92.2,7.8,114787,142242
"6966",6085502906,"06","085","502906",4521,37.248208,-121.901193,"Census Tract 5029.06, Santa Clara County, California",590900,1655,76,5,2.76,2.71,0,0.7,9.2,9.4,16.9,40.1,21.9,0.7,1.1,0,9.3,25.6,44.1,20.5,0.5,59.6,40.4,91714,95811
"6967",6085502907,"06","085","502907",3912,37.263641,-121.897417,"Census Tract 5029.07, Santa Clara County, California",643100,1345,16,6.4,2.66,3.58,0,1.1,0,4,20.1,42.5,30.3,2.1,0,0,0,3,51.5,37,8.5,82.1,17.9,90707,127894
"6968",6085502908,"06","085","502908",6683,37.259275,-121.908748,"Census Tract 5029.08, Santa Clara County, California",671500,2367,64,5.7,2.78,2.73,0.3,2,8.9,3.7,12.3,30.6,34.9,6.7,0.5,4.6,3.3,14.7,43.6,30.5,3.4,78.4,21.6,108346,118366
"6969",6085502909,"06","085","502909",5073,37.256899,-121.887144,"Census Tract 5029.09, Santa Clara County, California",578200,2073,87,4.6,2.5,2.58,0.6,0,8.2,14,23.6,50.1,3.5,0,0,4.5,12.9,34.8,25,19.9,2.8,49.9,50.1,75526,87005
"6970",6085502910,"06","085","502910",3656,37.251692,-121.884511,"Census Tract 5029.10, Santa Clara County, California",588700,1514,46,4.6,2.67,2.21,4.8,7.6,0.4,15.7,31.1,34.1,5.4,0.9,0,0.7,27.7,23.4,32.5,15.1,0.7,51,49,74600,84741
"6971",6085503001,"06","085","503001",4063,37.284049,-121.89229,"Census Tract 5030.01, Santa Clara County, California",803400,1616,42,6,2.48,2.36,0,0,0.6,0,13.7,16.8,49.3,17,2.7,0.6,0,17.8,60.2,17.5,3.9,78,22,116214,130786
"6972",6085503002,"06","085","503002",3506,37.27644,-121.887985,"Census Tract 5030.02, Santa Clara County, California",681700,1327,0,6.1,2.61,2.35,0,0.6,2,3.3,9.9,18.1,60.8,4.6,0.7,0.5,13.3,6.4,50,27.3,2.5,69.3,30.7,84006,115222
"6973",6085503003,"06","085","503003",5099,37.266913,-121.885942,"Census Tract 5030.03, Santa Clara County, California",637500,1797,0,6.2,2.87,3.69,1.2,0,1.1,8.2,13.1,48.3,23,1.6,3.5,0,0.8,2.7,60.9,32.3,3.2,85.3,14.7,103009,108619
"6974",6085503105,"06","085","503105",2484,37.322736,-121.855707,"Census Tract 5031.05, Santa Clara County, California",534600,847,18,4.3,2.68,2.76,9.7,24.1,21.8,3,25.4,2,12.8,0,1.3,2.1,40.9,21.7,20.9,14.4,0,32.6,67.4,35434,55280
"6975",6085503108,"06","085","503108",7894,37.282178,-121.873665,"Census Tract 5031.08, Santa Clara County, California",666500,2881,79,4.3,3.13,2.54,1.2,28.8,25.5,6.5,12.1,16.1,6.7,3.1,0,5.1,23.2,25.2,24.9,19.9,1.7,38.2,61.8,84632,105166
"6976",6085503110,"06","085","503110",4618,37.331496,-121.847488,"Census Tract 5031.10, Santa Clara County, California",275700,1148,42,4.2,4.55,4.04,0,10.4,13.7,11.6,35.1,23.1,6.2,0,0,0.7,16.2,45,24.8,12.6,0.6,31.1,68.9,42561,53051
"6977",6085503111,"06","085","503111",5101,37.322472,-121.840038,"Census Tract 5031.11, Santa Clara County, California",436900,1106,38,5.6,4.32,5.37,1.1,0.9,12.7,6.5,50.8,25.5,2.4,0,0,0,0,12.5,54.6,25.4,7.5,70.7,29.3,69167,77510
"6978",6085503112,"06","085","503112",4025,37.323857,-121.871301,"Census Tract 5031.12, Santa Clara County, California",376500,1482,157,3.7,3.12,2.74,20.9,12.1,15.2,6.6,0.5,2.8,13.5,2.6,25.8,5.2,30.3,48.9,14.2,1.1,0.3,40.2,59.8,57875,70425
"6979",6085503113,"06","085","503113",4760,37.316082,-121.880515,"Census Tract 5031.13, Santa Clara County, California",464400,1279,0,4.3,4.13,4.12,7.2,5.2,8.5,9.9,9.2,13.1,18.8,7.7,20.3,0.9,26,49.6,20.6,0.4,2.5,32.2,67.8,39250,51178
"6980",6085503115,"06","085","503115",6027,37.288866,-121.86098,"Census Tract 5031.15, Santa Clara County, California",383800,2572,214,5.2,2.28,3.42,24.3,33.8,2.1,10.5,25.2,1.1,1.8,0,1.2,1,2.5,46.6,36.2,12.1,1.7,88.1,11.9,93947,108521
"6981",6085503116,"06","085","503116",5240,37.277348,-121.852519,"Census Tract 5031.16, Santa Clara County, California",241800,2251,39,4.5,2.36,2.66,8.7,17.2,45.3,5.1,15.5,7.7,0.5,0,0,3.8,16.9,35.3,32.3,11.7,0,59.3,40.7,85221,100356
"6982",6085503117,"06","085","503117",3120,37.327655,-121.852034,"Census Tract 5031.17, Santa Clara County, California",371200,774,36,4.2,4.22,4.34,0,11.2,12.8,26.5,16.5,12.8,15.6,1.6,3,0,12.3,54.1,26.5,2.1,5,32.7,67.3,45444,53494
"6983",6085503118,"06","085","503118",5474,37.317895,-121.842193,"Census Tract 5031.18, Santa Clara County, California",384700,1738,144,4,3.79,3.19,0.7,4.1,14.4,31.1,21.6,19.1,8.9,0,0,8.9,17,43.5,27.7,2.8,0,35.9,64.1,67000,72093
"6984",6085503121,"06","085","503121",4499,37.309241,-121.87587,"Census Tract 5031.21, Santa Clara County, California",338400,1556,54,4.2,3.11,2.08,13,11.3,21.5,28.7,4.2,0.8,6.2,0,14.1,0,20.9,52.5,21.3,4.2,1.1,41.3,58.7,61848,61191
"6985",6085503122,"06","085","503122",3449,37.310896,-121.853597,"Census Tract 5031.22, Santa Clara County, California",141500,1191,151,3.4,2.94,2.05,6.5,14.4,22.2,19.1,19.4,10.1,5.9,0,2.5,25.2,24.2,29.6,17.8,0,3.3,53.1,46.9,28800,50642
"6986",6085503123,"06","085","503123",3585,37.2982,-121.877713,"Census Tract 5031.23, Santa Clara County, California",83700,1669,87,3.8,1.75,2.56,1.7,22.2,20.3,17.1,21.6,6.7,8.1,0,2.3,8.1,31.2,52.1,8.4,0.1,0,18.2,81.8,28356,37532
"6987",6085503204,"06","085","503204",8175,37.289215,-121.83955,"Census Tract 5032.04, Santa Clara County, California",324600,2230,150,4.4,3.56,3.09,2.3,10,4.3,32.2,22.5,13.8,6.8,6.4,1.8,0,8.8,52.5,27.3,7.6,3.8,66.1,33.9,57163,64233
"6988",6085503207,"06","085","503207",3938,37.296178,-121.816254,"Census Tract 5032.07, Santa Clara County, California",487900,1041,40,5.9,4.27,4.78,0,0,3.6,9,70.6,12.7,3.5,0,0.7,0,2.3,15.9,34.4,43.5,3.9,76.4,23.6,90083,94110
"6989",6085503208,"06","085","503208",3985,37.280211,-121.818264,"Census Tract 5032.08, Santa Clara County, California",464100,874,66,6.1,3.98,5.79,0,0,0,0,35.4,17.5,35.7,9.7,1.7,0.9,0,4,47.4,39.9,7.8,69.3,30.7,73698,78081
"6990",6085503210,"06","085","503210",4453,37.289236,-121.823946,"Census Tract 5032.10, Santa Clara County, California",443000,957,69,6,5.06,3.88,0.1,5.4,13.6,13.3,51.4,10.8,4.4,0.2,0.8,1.5,1.1,9.5,46.7,33.6,7.5,66.3,33.7,99167,101426
"6991",6085503211,"06","085","503211",4744,37.311726,-121.833128,"Census Tract 5032.11, Santa Clara County, California",465800,1136,39,5.9,4.07,5.26,0,0,0,5.6,55.4,30.6,4,0.3,4.1,0.2,1.1,2.4,62.6,30.3,3.5,76.1,23.9,113274,113325
"6992",6085503212,"06","085","503212",4058,37.305003,-121.826271,"Census Tract 5032.12, Santa Clara County, California",530600,964,0,6.3,4.88,5.06,0,0,0.9,12,51.3,32.1,1.6,0.5,1.6,0.7,0,5.6,32.5,55.9,5.3,75.5,24.5,91532,112313
"6993",6085503213,"06","085","503213",4494,37.301446,-121.83759,"Census Tract 5032.13, Santa Clara County, California",183900,1253,83,4.4,3.39,3.65,1.9,5.6,10.4,23.5,29.5,18.3,10.9,0,0,0.6,3,46.8,37.7,10.2,1.6,71.1,28.9,49706,61904
"6994",6085503214,"06","085","503214",7253,37.29973,-121.845831,"Census Tract 5032.14, Santa Clara County, California",88000,1944,150,4.5,3.75,3.61,27,6.7,9.2,7.3,28.4,8,5.4,1.7,6.2,0.6,15.7,35.9,36.8,9.8,1.1,60.1,39.9,45061,54865
"6995",6085503217,"06","085","503217",4512,37.287207,-121.830206,"Census Tract 5032.17, Santa Clara County, California",344400,1094,42,4.8,4.06,4.92,0,0,4.8,17.2,40.7,18.3,16.6,0,2.4,0,3.5,31.3,44.1,21.2,0,64.5,35.5,58900,69721
"6996",6085503218,"06","085","503218",4471,37.280669,-121.829662,"Census Tract 5032.18, Santa Clara County, California",459700,1152,21,4.4,5.08,2.99,1,0,6,6.5,22.4,33.3,27.8,3,0,7.4,30.9,14.3,28.2,15.5,3.7,35.5,64.5,35894,49500
"6997",6085503304,"06","085","503304",6916,37.313184,-121.822303,"Census Tract 5033.04, Santa Clara County, California",297500,1859,168,4.5,3.61,3.53,0.6,5.2,9.7,22.9,31.9,21,1.6,7.1,0,0.5,20.8,31.6,22.9,21.5,2.7,52.3,47.7,39477,53584
"6998",6085503305,"06","085","503305",6069,37.318733,-121.81757,"Census Tract 5033.05, Santa Clara County, California",502800,1508,35,5.2,4.29,3.37,0,0,5.6,21.5,45.6,21.6,3.4,2.4,0,4,9.7,13.7,35.7,27.7,9.2,48.3,51.7,42981,62559
"6999",6085503306,"06","085","503306",4311,37.328568,-121.825536,"Census Tract 5033.06, Santa Clara County, California",306300,913,84,5.3,4.09,5.71,0,0,0.9,19.3,12.6,41.1,19.4,6.8,0,0,0,7.8,66.4,14.1,11.7,72.7,27.3,64063,74379
"7000",6085503312,"06","085","503312",3365,37.350076,-121.787177,"Census Tract 5033.12, Santa Clara County, California",665500,1138,74,6,3.74,3.28,0,4.6,2.5,23.3,31.5,24.6,8.9,2.5,2.2,1,2.3,12.4,35.9,39.6,8.8,85.2,14.8,84818,99223
"7001",6085503313,"06","085","503313",4582,37.331051,-121.776425,"Census Tract 5033.13, Santa Clara County, California",740000,1293,30,7.2,3.38,3.48,0,0,2.1,47.6,42.6,6.3,0.9,0.5,0,1,0,0.7,21.6,62.7,14,94.4,5.6,121250,130692
"7002",6085503315,"06","085","503315",7481,37.317961,-121.8022,"Census Tract 5033.15, Santa Clara County, California",488000,2029,70,5.3,4.06,4.18,1.6,4.6,7.9,17.6,44.2,21.1,1.6,1,0.4,0,9.4,23.3,36,27,4.4,66.3,33.7,78594,87676
"7003",6085503321,"06","085","503321",4658,37.32952,-121.803908,"Census Tract 5033.21, Santa Clara County, California",676500,1102,36,7,4.1,4.67,1.8,3.3,29.4,58.8,4.6,0,2.1,0,0,0,0,2.1,15.2,62.3,20.3,89.6,10.4,126574,143649
"7004",6085503322,"06","085","503322",4173,37.342444,-121.797792,"Census Tract 5033.22, Santa Clara County, California",505900,1011,60,6.7,3.96,4.37,0,0,8.1,23,12.1,48.2,6.4,2.2,0,0,0,3.1,30.3,58.8,7.9,77.5,22.5,97404,101809
"7005",6085503323,"06","085","503323",4688,37.333925,-121.791895,"Census Tract 5033.23, Santa Clara County, California",580700,1219,0,6.2,4.2,3.61,0,2.5,7.5,21.2,37.9,28.1,0.5,2.3,0,1.6,0,3.5,37.7,48.1,9,82.3,17.7,102872,110839
"7006",6085503324,"06","085","503324",3543,37.327607,-121.790001,"Census Tract 5033.24, Santa Clara County, California",684300,911,41,6.3,3.81,5.9,0,0,3.1,36.3,54.8,2.4,3.1,0,0.3,0,0,1.1,21.8,70.4,6.7,78.3,21.7,90776,115364
"7007",6085503325,"06","085","503325",4448,37.320357,-121.789145,"Census Tract 5033.25, Santa Clara County, California",614700,1198,96,6.1,3.63,4.3,0,1.9,5.5,37.8,32.6,21,0,0.4,0.8,0,0.8,2.8,42.6,49.9,4,69.1,30.9,92857,104185
"7008",6085503326,"06","085","503326",6650,37.32031,-121.773023,"Census Tract 5033.26, Santa Clara County, California",791900,1661,18,6.4,3.86,4.31,10,39.6,16.1,31.2,1.9,0,1.2,0,0,0.6,0.8,1.3,32.4,40,24.8,94.6,5.4,162228,187513
"7009",6085503327,"06","085","503327",4712,37.308339,-121.79086,"Census Tract 5033.27, Santa Clara County, California",603000,1384,146,6.2,3.79,3.63,0.4,15.5,16,7.7,22.4,35.5,0.9,0.6,0.9,14.4,0,2.5,33,35.5,14.5,77.5,22.5,93750,104850
"7010",6085503329,"06","085","503329",3461,37.311595,-121.778939,"Census Tract 5033.29, Santa Clara County, California",793900,954,24,6.7,3.54,4.4,2.5,9.7,41.1,20,25.2,0,0,0,1.5,0,0,2.5,32.9,39.9,24.6,91.7,8.3,150217,156650
"7011",6085503330,"06","085","503330",7618,37.310399,-121.765004,"Census Tract 5033.30, Santa Clara County, California",911600,2081,72,6.9,3.73,3.95,8.9,38.8,42.8,2.4,4.9,0.9,0,0,1.3,0,2.8,2.2,27.5,39.9,27.5,94.6,5.4,186536,193976
"7012",6085503331,"06","085","503331",3173,37.2945,-121.759644,"Census Tract 5033.31, Santa Clara County, California",602500,1430,17,5.3,2.67,1.9,0,4.1,0.8,34.3,34.9,15.6,9,0,1.3,4.2,9.6,36.4,29,19.8,1.1,69,31,58074,82541
"7013",6085503332,"06","085","503332",5363,37.283602,-121.744115,"Census Tract 5033.32, Santa Clara County, California",685400,2570,89,5.6,2.33,1.77,0,2,44.9,25.5,22.1,1.8,3.2,0,0.5,0,0.6,64,16.7,14,4.7,94.6,5.4,84349,113556
"7014",6085503333,"06","085","503333",4585,37.301198,-121.788215,"Census Tract 5033.33, Santa Clara County, California",600300,1317,4,6.4,3.58,5.11,0,15.2,26.6,33.2,17.3,6.5,0,1.2,0,0,1.1,16.8,40.4,32.3,9.4,85.7,14.3,111360,144035
"7015",6085503334,"06","085","503334",8854,37.285936,-121.779333,"Census Tract 5033.34, Santa Clara County, California",NA,2672,0,8,3.59,3.76,5,31.5,54.4,4.8,2.9,1,0.4,0,0,0,0,4.5,15.7,40.9,38.9,95.4,4.6,218587,275575
"7016",6085503336,"06","085","503336",3492,37.307663,-121.804444,"Census Tract 5033.36, Santa Clara County, California",466700,886,47,5.4,3.74,4.04,0,0,0,13,73.7,5.2,5.1,1.7,1.4,2.4,0,17.4,40.1,38.4,1.8,71,29,90152,99798
"7017",6085503337,"06","085","503337",3772,37.30119,-121.809995,"Census Tract 5033.37, Santa Clara County, California",376200,979,11,5.6,3.87,4.29,0.8,13.7,4.2,14.5,59.1,5.8,0.5,0,1.3,0.8,0,14.1,53.6,26.9,4.6,74.4,25.6,80548,91305
"7018",6085503401,"06","085","503401",4915,37.332759,-121.839769,"Census Tract 5034.01, Santa Clara County, California",371700,962,88,5.2,4.06,6.44,0,5.8,0,4,8,17.9,45.5,7.9,10.9,1.5,1.1,11.7,68.4,13.6,3.6,65.3,34.7,82109,80864
"7019",6085503402,"06","085","503402",5263,37.32445,-121.833502,"Census Tract 5034.02, Santa Clara County, California",362200,1182,84,4.7,4.02,3.89,0,1.1,0,3.7,25,35.9,33,0.5,0.8,0.5,12.9,29,38.9,17.3,1.3,34.2,65.8,33813,49500
"7020",6085503504,"06","085","503504",6463,37.336089,-121.834414,"Census Tract 5035.04, Santa Clara County, California",380800,1153,19,5.3,5.22,6.38,0,0,6.2,2.6,1.5,37.1,45.7,2.9,4,1.5,0,4.3,67.3,22.9,4,65.2,34.8,62333,75550
"7021",6085503506,"06","085","503506",6432,37.343966,-121.827137,"Census Tract 5035.06, Santa Clara County, California",514800,1295,60,5.8,5.01,4.56,0.9,0,0,0,36.8,54.7,1.1,2.3,4.2,0,3.6,2,52,36.5,5.9,63.4,36.6,56472,78743
"7022",6085503507,"06","085","503507",2182,37.340998,-121.832959,"Census Tract 5035.07, Santa Clara County, California",323800,368,64,5.4,5.52,5.95,0,0,2.7,0,17.7,28.8,46.7,4.1,0,0,0,9.5,51.1,20.1,19.3,72.4,27.6,55000,72419
"7023",6085503508,"06","085","503508",6219,37.35435,-121.811565,"Census Tract 5035.08, Santa Clara County, California",419500,1286,94,5.4,4.56,5.33,0,0,9.1,5.3,4.9,43.3,29.6,4.4,3.4,0.5,9,11.4,51,19,9,71.2,28.8,60000,72195
"7024",6085503509,"06","085","503509",4040,37.349393,-121.801464,"Census Tract 5035.09, Santa Clara County, California",486200,860,0,6.1,4.92,5.5,4.7,0,1.4,12.8,20.1,34.1,17.2,1.4,8.4,0,0,5.1,43.5,40.6,10.8,69.7,30.3,85000,98021
"7025",6085503510,"06","085","503510",5968,37.349265,-121.819936,"Census Tract 5035.10, Santa Clara County, California",382000,1386,37,5,4.37,4.99,0,0,0,6,5.3,25,59.5,2.7,1.5,4.6,3.7,13.6,65.6,10.6,1.9,55.1,44.9,49044,63813
"7026",6085503511,"06","085","503511",3665,37.342682,-121.814756,"Census Tract 5035.11, Santa Clara County, California",492500,864,69,6.1,4.37,5.64,0,0,10.6,22.1,18.3,36.9,4.2,7.9,0,0,0,10.3,38.5,49.2,2,81,19,82813,100481
"7027",6085503601,"06","085","503601",2992,37.355024,-121.862179,"Census Tract 5036.01, Santa Clara County, California",419800,954,41,4.3,3.29,3.24,5.6,2.6,0.3,2,7.8,16.9,40.5,4.3,20.1,4.8,23.6,34.5,31.2,5.9,0,27.2,72.8,46650,62338
"7028",6085503602,"06","085","503602",4741,37.347339,-121.853697,"Census Tract 5036.02, Santa Clara County, California",381400,1300,135,4.6,3.88,3.56,0,7.4,29,7.3,5.4,11.8,16.1,13.2,9.8,11.8,14.2,29.3,33.6,11,0,43.6,56.4,43854,50539
"7029",6085503703,"06","085","503703",4271,37.345523,-121.83939,"Census Tract 5037.03, Santa Clara County, California",486600,909,50,5.1,4.7,4.08,0,3.7,15.5,9.4,24.3,19.7,13.1,10.8,3.5,5.4,1.1,24.1,46.5,19.3,3.6,43,57,46806,64562
"7030",6085503707,"06","085","503707",5462,37.358229,-121.852676,"Census Tract 5037.07, Santa Clara County, California",329500,1440,170,4.5,3.77,4.23,0,0,0,30.7,38.3,16,5.9,6.9,2.2,8.5,5.1,37.2,33.5,15.1,0.6,64.5,35.5,64274,70580
"7031",6085503708,"06","085","503708",2725,37.370566,-121.852672,"Census Tract 5037.08, Santa Clara County, California",565300,735,0,5.4,3.49,3.02,1.6,1.8,2.7,35.1,35,15.4,0,1.2,7.2,3,2.2,17.1,47.5,21.8,8.4,61.2,38.8,80546,83443
"7032",6085503709,"06","085","503709",5088,37.363039,-121.860387,"Census Tract 5037.09, Santa Clara County, California",427400,1417,43,4.1,3.5,3.9,0,1.5,3.1,30.1,35.4,12,12.6,0.7,4.7,12,7.2,41.8,26.3,12.7,0,16.7,83.3,27265,45510
"7033",6085503710,"06","085","503710",3599,37.354433,-121.847659,"Census Tract 5037.10, Santa Clara County, California",406300,967,0,4.5,4.18,3.02,3.3,14.8,21.4,20.8,4.2,5.3,8.6,15.2,6.4,2.9,26.1,25.1,30.8,12.5,2.6,33.2,66.8,35759,46927
"7034",6085503711,"06","085","503711",4763,37.349897,-121.845233,"Census Tract 5037.11, Santa Clara County, California",398400,1039,24,4.7,4.45,4.63,1,2.4,10,11.9,12.1,9.7,23.1,24.4,5.4,2.4,6.4,42.3,34.7,10.4,3.8,45.2,54.8,50050,69649
"7035",6085503712,"06","085","503712",4108,37.361783,-121.845602,"Census Tract 5037.12, Santa Clara County, California",293200,1312,34,3.5,2.61,2.82,8.3,7.9,5.3,30.4,7.1,21.9,12.7,2.8,3.7,18.3,23.8,37,20,0,1,36.9,63.1,51408,61752
"7036",6085503713,"06","085","503713",2974,37.365185,-121.841744,"Census Tract 5037.13, Santa Clara County, California",316500,1162,44,3.5,3.26,2.86,0,10.2,4.6,6.5,36,16.4,22.1,4.3,0,15.1,31.5,47,4.6,1.9,0,30,70,31429,35729
"7037",6085503802,"06","085","503802",7884,37.383752,-121.835323,"Census Tract 5038.02, Santa Clara County, California",476800,2349,64,5.2,3.63,3.3,3,0,0.7,12,27.4,16.6,29.5,4.8,6,2.4,6.1,19.8,48.9,19.6,3.2,63.7,36.3,70193,79013
"7038",6085503803,"06","085","503803",4477,37.382857,-121.849817,"Census Tract 5038.03, Santa Clara County, California",534900,1387,90,5.5,3.46,3.96,0,0,9.4,27.6,47.8,4.5,3,6.1,1.5,1.6,0,30.1,29.5,34.3,4.5,76.8,23.2,100750,115231
"7039",6085503804,"06","085","503804",4980,37.376787,-121.845727,"Census Tract 5038.04, Santa Clara County, California",457900,1574,49,4.8,3.38,3.61,6,0,3.5,29.6,22.3,32.1,3.4,3,0,0.6,6,37.4,36.9,15.7,3.5,69.2,30.8,69464,85540
"7040",6085503902,"06","085","503902",5440,37.374057,-121.828903,"Census Tract 5039.02, Santa Clara County, California",518900,1570,130,4.9,3.82,3.57,0,5.5,10.6,7.8,21.1,2,33,16.6,3.4,1.5,10.2,32,46.4,8.3,1.6,50.9,49.1,62969,77361
"7041",6085503903,"06","085","503903",3301,37.368768,-121.837112,"Census Tract 5039.03, Santa Clara County, California",530500,944,0,4.9,4.95,3.61,4.1,5.1,5.3,5.6,14,14.1,20.8,23.4,7.6,3.2,20.9,8.8,41.2,20.7,5.3,35.9,64.1,53571,67609
"7042",6085504001,"06","085","504001",6017,37.359288,-121.827559,"Census Tract 5040.01, Santa Clara County, California",414100,1561,55,4.8,4.26,3.93,0,7.9,2.8,21.7,11.3,13,35.7,5.6,2,3.3,10.1,28,45.6,11.6,1.4,56.9,43.1,67833,77152
"7043",6085504002,"06","085","504002",5875,37.354334,-121.833617,"Census Tract 5040.02, Santa Clara County, California",426700,1418,136,4.6,4.72,3.78,0,20.7,10.7,21.2,15.1,16.1,13,2,1.2,2.8,14.3,32.3,26,23.1,1.5,40.6,59.4,39659,54909
"7044",6085504101,"06","085","504101",4273,37.368757,-121.821026,"Census Tract 5041.01, Santa Clara County, California",477900,1152,64,5.6,4.04,5,2.2,3.1,7.9,8.7,2.5,6.1,29.7,21.4,18.5,0,3.3,23.4,47.2,19.7,6.4,66.7,33.3,51912,66767
"7045",6085504102,"06","085","504102",5480,37.363898,-121.815534,"Census Tract 5041.02, Santa Clara County, California",516700,1480,103,5.3,3.81,5.09,0.7,0,4.3,2,18.8,27.4,34.6,11.8,0.5,0.6,3.5,12,66.1,12.2,5.5,64.3,35.7,68044,82957
"7046",6085504201,"06","085","504201",4779,37.383283,-121.821636,"Census Tract 5042.01, Santa Clara County, California",658700,1896,44,6.1,2.85,3.09,2.7,3,1.8,10.1,13.6,12.7,34.9,12.7,8.5,0,4.2,21.8,49.4,15.8,8.8,80.9,19.1,92000,118945
"7047",6085504202,"06","085","504202",4530,37.370801,-121.803325,"Census Tract 5042.02, Santa Clara County, California",638000,1609,162,6.3,2.96,3.91,7.6,2.1,8.5,11.2,25.4,25.7,14.4,3.9,1.3,0,0.7,8.5,44.6,34.7,11.6,90.4,9.6,106563,138200
"7048",6085504307,"06","085","504307",5563,37.390791,-121.853826,"Census Tract 5043.07, Santa Clara County, California",584000,1759,22,6.2,3.31,3.41,2.9,7.4,2.4,18.6,43.8,17.9,2.9,4.1,0,0,5,21,25,37.9,11.1,81.2,18.8,99947,110615
"7049",6085504308,"06","085","504308",4415,37.403469,-121.837871,"Census Tract 5043.08, Santa Clara County, California",660600,1504,19,7,2.77,2.9,0.5,7,11.1,16.4,23.1,26.7,8.7,1.8,4.5,2.1,3.9,8.4,31.6,39,15.2,80.7,19.3,105188,119182
"7050",6085504311,"06","085","504311",7062,37.37817,-121.88325,"Census Tract 5043.11, Santa Clara County, California",607000,2393,21,5,3.18,2.95,0.3,0,34.5,56.2,5.3,1.2,0.8,0,1.7,0,6.9,29.3,32.6,23.6,7.6,65,35,104167,125689
"7051",6085504314,"06","085","504314",4753,37.401653,-121.855152,"Census Tract 5043.14, Santa Clara County, California",614600,1340,30,6.5,3.32,4.42,0,0,5.1,5.8,44.6,39.4,5,0,0,0,0.5,2.1,38.3,50.2,8.9,82.1,17.9,89205,104761
"7052",6085504315,"06","085","504315",6562,37.409408,-121.859586,"Census Tract 5043.15, Santa Clara County, California",552300,2012,17,5.9,3.14,2.99,0.5,0,2.9,11,74.4,5.1,2.8,0.9,2.3,2.2,1.8,19.7,35.3,37.4,3.5,77.4,22.6,70625,87610
"7053",6085504316,"06","085","504316",4839,37.386632,-121.87116,"Census Tract 5043.16, Santa Clara County, California",501000,1434,7,5.5,3.47,3.33,0.9,3.3,8.7,17.9,60,5.8,2.8,0,0.6,0.4,1.3,12.3,51.5,32.4,2.2,82.4,17.6,86784,96269
"7054",6085504317,"06","085","504317",4429,37.382853,-121.876588,"Census Tract 5043.17, Santa Clara County, California",594300,1234,49,6.2,3.64,4.23,0,0,6.6,14.5,75.4,2.4,1.1,0,0,0,2.3,7.9,34,48.6,7.2,83.8,16.2,116830,131714
"7055",6085504318,"06","085","504318",5265,37.385244,-121.898989,"Census Tract 5043.18, Santa Clara County, California",75100,1529,57,4.8,3.26,2.99,17.9,11.6,17.4,18.3,23.7,9,0.8,0,1.2,3.3,6.7,30.7,51.3,5.4,2.6,87,13,76433,94710
"7056",6085504319,"06","085","504319",6936,37.373827,-121.866451,"Census Tract 5043.19, Santa Clara County, California",626900,1998,49,5.9,3.58,3.71,9.6,6.8,18.1,18.9,41.3,2.4,3,0,0,5.7,4.4,16,28,32.9,13,67.8,32.2,94943,108873
"7057",6085504320,"06","085","504320",2903,37.403313,-121.871277,"Census Tract 5043.20, Santa Clara County, California",632000,845,17,6.2,3.5,3.93,0,0,1.8,6.6,77.4,6.6,3.8,3.8,0,0,2.2,1.7,46.9,45.8,3.4,76,24,101818,109891
"7058",6085504321,"06","085","504321",5346,37.393253,-121.864464,"Census Tract 5043.21, Santa Clara County, California",546100,1589,0,5.6,3.32,3.35,0,3.5,9.2,16.9,40,20.8,5.2,2.3,2.3,5.7,10.3,12.3,37.1,31.2,3.5,64.9,35.1,99009,108228
"7059",6085504322,"06","085","504322",5263,37.387531,-121.893627,"Census Tract 5043.22, Santa Clara County, California",591100,2109,120,4.3,3.16,2.48,13.5,5.1,43.3,27.3,4.9,5.9,0,0,0,0,11.9,56.5,26,5.2,0.5,36.4,63.6,115607,116139
"7060",6085504323,"06","085","504323",5741,37.39867,-121.881053,"Census Tract 5043.23, Santa Clara County, California",538100,1825,47,4.9,3.47,3.42,4.8,3.6,14,27.4,42.6,5.4,1.8,0,0.5,6.4,14,25.5,22.1,28.1,3.8,50,50,89259,108351
"7061",6085504410,"06","085","504410",4431,37.40871,-121.878998,"Census Tract 5044.10, Santa Clara County, California",567600,1255,39,5.9,4.13,3.95,0,4.3,1.9,9.5,42.9,33.3,4.6,0.7,2.7,2.6,6.5,11.6,36.3,34.6,8.4,61.6,38.4,78750,98090
"7062",6085504411,"06","085","504411",5450,37.416494,-121.864889,"Census Tract 5044.11, Santa Clara County, California",568900,1558,21,6.2,3.21,4.14,0,0,1,4.4,45.2,41.7,4.7,1,2.1,0,3.3,8.4,40.3,42.5,5.5,74,26,86725,103503
"7063",6085504412,"06","085","504412",4901,37.439486,-121.880442,"Census Tract 5044.12, Santa Clara County, California",506100,1324,70,4.9,3.41,3.68,0.7,0,6.4,15.3,40.2,33.1,2.7,1.1,0.6,0,7.9,31,45.7,12.6,2.9,61.1,38.9,66111,81094
"7064",6085504413,"06","085","504413",1714,37.438181,-121.904322,"Census Tract 5044.13, Santa Clara County, California",607600,710,11,4.7,2.76,2.38,0,0,36.6,54.4,8.2,0,0,0,0.8,0,25.6,21.8,33.2,18.2,1.1,57.9,42.1,92361,104050
"7065",6085504414,"06","085","504414",5092,37.441437,-121.897599,"Census Tract 5044.14, Santa Clara County, California",691600,1542,18,6.2,3.42,3.97,1.8,0,14.1,40.4,37.8,4.5,0,0,1.4,0.5,0.6,6,37.4,50.8,4.7,79.6,20.4,118357,127163
"7066",6085504415,"06","085","504415",5116,37.425831,-121.869256,"Census Tract 5044.15, Santa Clara County, California",651000,1576,0,6.2,2.9,4.2,0,2.2,23.7,18.8,27.8,25.4,0.6,0.7,0.8,1.1,0.6,3.2,50.4,39.8,4.7,84.3,15.7,129481,136195
"7067",6085504416,"06","085","504416",3591,37.421195,-121.876776,"Census Tract 5044.16, Santa Clara County, California",554500,1116,84,5.9,3.13,3.16,0,0,8.4,19.8,34.9,35,1.4,0,0.4,0,0,18.9,47.3,33.8,0,86.1,13.9,101719,144110
"7068",6085504417,"06","085","504417",323,37.433009,-121.855566,"Census Tract 5044.17, Santa Clara County, California",779400,110,34,8.2,4.53,5.31,0,4.5,4.5,32.7,15.5,11.8,0,0,30.9,0,0,30.9,9.1,23.6,36.4,78.9,21.1,96739,175409
"7069",6085504418,"06","085","504418",4883,37.431385,-121.880948,"Census Tract 5044.18, Santa Clara County, California",431700,1329,112,4.8,3.56,4.23,2.6,1.3,2,6.6,36,28.3,20.5,2.7,0,0,12.9,29.5,32.2,21.2,4.1,48.9,51.1,71060,75846
"7070",6085504420,"06","085","504420",4555,37.449727,-121.886937,"Census Tract 5044.20, Santa Clara County, California",755600,1400,45,6.6,3.59,2.52,2.2,0,4.7,35,43.4,12.3,2.4,0,0,0,8.1,12.6,31.1,38.9,9.3,72.2,27.8,105139,116771
"7071",6085504421,"06","085","504421",4733,37.45106,-121.901246,"Census Tract 5044.21, Santa Clara County, California",639000,1391,72,6.5,3.39,3.76,0,0,7.3,16.9,44.4,28.9,2.5,0,0,0.8,0,10.1,34.7,42.6,11.8,79.1,20.9,101950,110407
"7072",6085504422,"06","085","504422",3672,37.458748,-121.906536,"Census Tract 5044.22, Santa Clara County, California",535900,1034,0,5.7,3.62,3.55,0,0.9,2.4,15.7,27.4,26.7,25,1.1,1,0.9,2.2,6.3,60.7,22.8,7.1,59.7,40.3,72019,85853
"7073",6085504423,"06","085","504423",2373,37.433589,-121.871107,"Census Tract 5044.23, Santa Clara County, California",584400,666,54,6.7,4.08,3.7,0,0,2.1,0,40.1,48.8,5.9,2,1.2,0,0,6.9,44.4,35.9,12.8,77.9,22.1,97115,103082
"7074",6085504504,"06","085","504504",9882,37.41959,-121.903605,"Census Tract 5045.04, Santa Clara County, California",465400,2646,380,4.3,2.82,3.01,23.1,39.6,15.8,2,10.4,1.6,7.1,0,0.4,0.5,20.5,39.5,34.1,4.4,1.1,46.5,53.5,103250,118767
"7075",6085504505,"06","085","504505",4418,37.410063,-121.90641,"Census Tract 5045.05, Santa Clara County, California",500400,1257,107,5.5,3.73,4.31,14.2,1.1,10.2,1.4,30.7,34.4,7,0,0.9,1.4,2.7,9.5,60,19.3,7.1,70.3,29.7,86897,104763
"7076",6085504506,"06","085","504506",5924,37.452002,-121.915495,"Census Tract 5045.06, Santa Clara County, California",423600,2260,240,4.3,3.38,2.65,2.6,3.5,38.8,21.3,25.6,7.1,0.6,0.5,0,0.5,14.9,48.7,23.1,9.7,3.2,51,49,77955,96036
"7077",6085504507,"06","085","504507",5768,37.435778,-121.913083,"Census Tract 5045.07, Santa Clara County, California",562600,1695,67,5.7,3.62,2.67,5.2,0.7,9.5,5.9,18.9,32.5,26,0.8,0.5,0.4,7.9,10.3,55.2,24.2,2,74.5,25.5,98125,102038
"7078",6085504601,"06","085","504601",817,37.416041,-122.07236,"Census Tract 5046.01, Santa Clara County, California",69900,472,119,4.7,2.22,3.35,3.2,14,14.8,0,37.1,19.1,5.3,3.4,3.2,1.9,6.8,51.1,18.6,21.6,0,79.6,20.4,62563,73033
"7079",6085504602,"06","085","504602",2144,37.42754,-121.970397,"Census Tract 5046.02, Santa Clara County, California",500000,534,17,5.4,4,2.61,6.2,5.8,13.3,3,8.1,13.3,19.5,17,13.9,8.2,3.4,26.2,39.9,18.2,4.1,51.1,48.9,83203,98635
"7080",6085504700,"06","085","504700",719,37.408053,-122.060592,"Census Tract 5047, Santa Clara County, California",NA,144,31,5.8,NA,3.68,20.1,55.6,0,9.7,6.9,0,0,0,7.6,0,0,21.5,40.3,38.2,0,0,100,84554,104725
"7081",6085504802,"06","085","504802",5242,37.396128,-121.991284,"Census Tract 5048.02, Santa Clara County, California",251100,1813,83,4.9,3.04,3.04,1.7,3.1,11.5,6.2,25,21.3,28.8,2.4,0,0.1,17.8,25.2,47.8,3.8,5.3,64.3,35.7,76603,89125
"7082",6085504803,"06","085","504803",5756,37.40107,-122.017999,"Census Tract 5048.03, Santa Clara County, California",510800,2603,54,4.1,2.79,2.24,15.8,9.4,26.8,14.3,20.6,5,5.8,2.3,0,14.8,17.2,38.7,21.9,7.3,0,44.4,55.6,89228,108873
"7083",6085504805,"06","085","504805",5294,37.402956,-122.00395,"Census Tract 5048.05, Santa Clara County, California",106000,2329,58,5.2,2.4,2.15,6.9,17.5,26.3,13,29.3,1.3,1.8,0.2,3.6,3.4,8.4,37,45.6,4.7,0.9,84.2,15.8,73558,83099
"7084",6085504806,"06","085","504806",2930,37.395952,-122.001666,"Census Tract 5048.06, Santa Clara County, California",577500,787,12,5.5,3.9,3.95,0,2.2,0,0,7.5,24.7,62.3,2.3,1.1,1.7,0,9.1,62.8,24.1,2.3,80.4,19.6,99583,117583
"7085",6085504901,"06","085","504901",9530,37.397437,-121.949808,"Census Tract 5049.01, Santa Clara County, California",686700,3813,258,3.8,2.64,2.29,34.1,34.6,19.6,6.5,2,0,0,0,3.2,2,26.6,45.5,21.2,3.5,1.1,36.6,63.4,122481,141340
"7086",6085505001,"06","085","505001",9741,37.400105,-121.960105,"Census Tract 5050.01, Santa Clara County, California",593200,3659,444,4.6,3.24,2.66,6.6,18.9,31.4,6.8,20.5,5.8,4,3.6,2.4,6.6,16.8,29.6,25.3,19,2.6,51.1,48.9,112197,121343
"7087",6085505006,"06","085","505006",3898,37.400549,-121.923796,"Census Tract 5050.06, Santa Clara County, California",525900,1925,207,3.7,1.9,2.18,1.5,3.7,76.6,15.4,1.7,0.2,0,0,1,0.6,34.6,50.8,13.8,0.2,0,32,68,130343,139682
"7088",6085505007,"06","085","505007",4083,37.388619,-121.947238,"Census Tract 5050.07, Santa Clara County, California",587900,1015,0,5.8,3.63,3.62,0,0,0,11.2,10.6,69.2,6,3,0,0,0.8,20.7,44.3,29.1,5.1,72.9,27.1,93221,100181
"7089",6085505008,"06","085","505008",5254,37.407207,-121.93848,"Census Tract 5050.08, Santa Clara County, California",24700,2737,369,3.2,2.44,2.07,35.8,52.5,9.6,2.1,0,0,0,0,0,3.2,49,44.5,3.3,0,0,1.4,98.6,114662,132926
"7090",6085505009,"06","085","505009",6256,37.415473,-121.954704,"Census Tract 5050.09, Santa Clara County, California",83000,2395,106,4.7,2.9,2.87,2.7,10.1,42.3,17.1,21.1,5.9,0.7,0,0,2.1,13.9,37.8,37.1,9.1,0,57.2,42.8,71662,80215
"7091",6085505100,"06","085","505100",3027,37.362668,-121.912359,"Census Tract 5051, Santa Clara County, California",433000,1474,64,3.5,1.88,2.17,18.5,23.4,14.3,2,3.1,6.2,11.1,19.1,2.2,11.7,27.4,40.5,15.5,3.3,1.6,43.2,56.8,78051,84974
"7092",6085505202,"06","085","505202",5867,37.358222,-121.954237,"Census Tract 5052.02, Santa Clara County, California",493100,2199,16,3.8,3.17,3.16,1,3.5,9.6,16,21.6,14.3,16.5,11.4,6.2,3.3,31.9,38.3,20,2.9,3.5,24.9,75.1,53919,72029
"7093",6085505203,"06","085","505203",4809,37.346316,-121.932589,"Census Tract 5052.03, Santa Clara County, California",612600,1398,147,4.3,2.36,2.58,42.1,8.6,0,1.4,5.1,3.7,9.4,8.6,21.2,4.4,21.3,41.2,22.2,8.7,2.3,51.3,48.7,92468,119286
"7094",6085505301,"06","085","505301",4424,37.367906,-121.984879,"Census Tract 5053.01, Santa Clara County, California",535000,1386,41,4.8,3.52,3.65,4.3,1.5,0,2.3,9.4,21.7,55.1,4,1.7,3.4,12,23.3,53,5.4,3,48.9,51.1,76797,88866
"7095",6085505302,"06","085","505302",4015,37.361944,-121.972812,"Census Tract 5053.02, Santa Clara County, California",596400,1430,86,5.7,2.96,2.9,0,0,7,1.7,23.8,30.1,35.7,1.7,0,1.1,10.4,7.6,47.3,27.8,5.7,81.8,18.2,103625,108943
"7096",6085505303,"06","085","505303",5940,37.359404,-121.963136,"Census Tract 5053.03, Santa Clara County, California",588500,2229,100,4.2,2.33,3.02,0,4.1,3.9,24.5,17,18.2,26.1,4.3,2.1,2,22.9,49.2,19,4,2.9,33.7,66.3,71076,84486
"7097",6085505304,"06","085","505304",3265,37.359325,-121.981023,"Census Tract 5053.04, Santa Clara County, California",621400,1092,72,6,2.81,2.57,0.9,0,1.1,3.8,2.3,17.5,73.4,0.9,0,0,0,3,74.4,17,5.6,81.9,18.1,99500,116392
"7098",6085505305,"06","085","505305",5514,37.35948,-121.990372,"Census Tract 5053.05, Santa Clara County, California",655700,2138,123,5.2,2.98,2.73,0,9.3,8.3,0.7,16.1,19.3,41.5,3.2,1.5,6,14.1,9.4,54.1,11.9,4.5,58.7,41.3,96086,105999
"7099",6085505401,"06","085","505401",5957,37.348904,-121.988705,"Census Tract 5054.01, Santa Clara County, California",541900,2629,170,3.8,2.51,2.3,7.5,5.8,7.6,12,29,18.9,11.9,5.7,1.7,3.5,29.4,45.5,9.9,10.3,1.4,28.8,71.2,92630,98354
"7100",6085505402,"06","085","505402",3026,37.346661,-121.972694,"Census Tract 5054.02, Santa Clara County, California",561800,1171,145,5,3.04,3.06,0,0,0,20,3.6,15.9,55.9,2.9,1.7,1.8,7.7,31.8,50.3,4.4,4,62.6,37.4,88611,95057
"7101",6085505403,"06","085","505403",6595,37.341349,-121.98667,"Census Tract 5054.03, Santa Clara County, California",486900,2768,231,4.1,2.27,2.55,1.2,2.7,4.6,12.6,42.8,16.6,15.6,1.6,2.3,3,21.9,47.8,23.5,3.8,0,27.4,72.6,94449,120686
"7102",6085505500,"06","085","505500",3911,37.346548,-121.963483,"Census Tract 5055, Santa Clara County, California",653600,1652,108,5.2,2.34,2.14,0.5,4.7,0.8,4.7,11.4,15.4,45.9,15.1,1.5,0,18.5,18.7,50.8,10.5,1.5,55.4,44.6,69309,105881
"7103",6085505600,"06","085","505600",3880,37.349829,-121.944807,"Census Tract 5056, Santa Clara County, California",653200,1350,95,3.7,2.16,1.92,1.1,6.1,8.8,9.6,15,11.2,8.7,7.3,32.3,11.4,29.9,35.4,15.3,6.1,1.9,20.7,79.3,37844,58906
"7104",6085505700,"06","085","505700",5751,37.343162,-121.943698,"Census Tract 5057, Santa Clara County, California",640400,2447,30,4.1,2.7,2.01,1.3,0,7.4,12.5,5.4,18.3,18.4,13.7,23,4.1,30.1,34.7,23.7,3.4,4.1,38.1,61.9,59149,70760
"7105",6085505800,"06","085","505800",3741,37.333258,-121.943659,"Census Tract 5058, Santa Clara County, California",616000,1595,74,5.5,2.57,2.44,0,0,0.9,1.1,3.3,7,54.6,29.4,3.6,2.4,4.8,20.8,59.2,11.6,1.2,67.1,32.9,94426,114206
"7106",6085505900,"06","085","505900",7079,37.33187,-121.957205,"Census Tract 5059, Santa Clara County, California",668900,3142,123,4.6,2.88,2.03,0.7,1.1,0.4,8.9,24,18.4,36.3,6.6,3.7,6,27.5,21.1,31.8,8.9,4.6,35,65,66432,92427
"7107",6085506000,"06","085","506000",4617,37.338335,-121.961725,"Census Tract 5060, Santa Clara County, California",604700,1868,0,5,2.64,2.03,0,0,1.3,14.7,21.3,13.9,35.5,12.3,1,1.7,20,26,43.3,8.2,0.9,51.4,48.6,100625,105797
"7108",6085506101,"06","085","506101",4615,37.334296,-121.984881,"Census Tract 5061.01, Santa Clara County, California",743200,1741,26,5.8,2.58,2.87,0,0,1.1,2.2,7.6,53,33.4,2.4,0.4,0.6,6,11.9,51.8,25.4,4.3,65.8,34.2,96083,114009
"7109",6085506102,"06","085","506102",3808,37.330268,-121.971254,"Census Tract 5061.02, Santa Clara County, California",660900,1624,31,5,2.44,2.44,4.8,3.9,4.2,6.3,32.5,20.5,25,2.8,0,0,11,27.8,45.1,9.1,7.1,71.4,28.6,90958,109753
"7110",6085506103,"06","085","506103",4699,37.32685,-121.98585,"Census Tract 5061.03, Santa Clara County, California",776400,1736,69,5.2,2.8,2.54,0,0.4,4.8,1,10.7,22.1,57.1,2.2,1.6,0,5.9,22.9,48.9,20.2,2.1,65.1,34.9,116250,123824
"7111",6085506202,"06","085","506202",6959,37.300368,-121.990038,"Census Tract 5062.02, Santa Clara County, California",834200,2571,79,5.9,2.62,2.56,4.1,2.3,2.4,2.9,9.7,39.4,38.8,0.4,0,2.6,11.1,12.8,39.7,27.3,6.6,68.7,31.3,116944,139484
"7112",6085506203,"06","085","506203",6163,37.320126,-121.982513,"Census Tract 5062.03, Santa Clara County, California",520900,2512,209,3.5,2.24,2.5,0.6,2.1,2.7,29.9,34.7,22.2,6.1,0,1.8,1.6,39.7,38.4,18.2,0.8,1.2,23.1,76.9,73628,87565
"7113",6085506204,"06","085","506204",6064,37.314221,-121.985691,"Census Tract 5062.04, Santa Clara County, California",697800,2159,42,5.4,2.48,3.06,0,0,0.6,3.9,25.9,39.8,27.2,1.2,1.3,0,3.5,28,46,15.8,6.6,62,38,75405,96093
"7114",6085506301,"06","085","506301",5334,37.31952,-121.963969,"Census Tract 5063.01, Santa Clara County, California",593800,2441,116,3.8,2.4,2.23,0.7,2.8,4.8,20.6,31.5,24.9,9,5.2,0.5,1.3,37.7,43.5,13.8,2.9,0.8,26.4,73.6,54576,67313
"7115",6085506302,"06","085","506302",6388,37.309851,-121.95647,"Census Tract 5063.02, Santa Clara County, California",699600,2490,117,5.4,2.81,2.11,5.1,3.3,0,12,17.1,23.5,34.1,4.2,0.7,2.4,8.8,22,43.5,20.7,2.6,66.8,33.2,93268,109961
"7116",6085506304,"06","085","506304",4958,37.312304,-121.970927,"Census Tract 5063.04, Santa Clara County, California",571000,2164,214,3.4,2.75,2.29,1.2,0.4,8.9,18.3,28.1,26.5,13.1,3,0.4,12.7,33.1,36.6,7.8,8.8,1,20.6,79.4,69485,85627
"7117",6085506305,"06","085","506305",7191,37.304539,-121.971727,"Census Tract 5063.05, Santa Clara County, California",691900,2603,85,4,2.65,2.91,0.4,0.6,4.7,16,26.7,25.8,23.6,2.2,0,0.4,29.3,38.1,16.7,12.7,2.7,23.6,76.4,60508,74938
"7118",6085506401,"06","085","506401",4380,37.31554,-121.946508,"Census Tract 5064.01, Santa Clara County, California",741900,2121,209,3.6,2.28,2.09,9.1,27.2,11.9,3.8,7.7,21.6,13.7,2.4,2.6,14.9,29.6,24.7,23.1,5.6,2,33.8,66.2,67158,122643
"7119",6085506402,"06","085","506402",5733,37.301363,-121.946248,"Census Tract 5064.02, Santa Clara County, California",727500,2339,64,3.9,2.8,2.4,0.6,1.7,5.8,8.3,29.2,35.6,15,3.1,0.7,3.3,38.1,26.3,15.3,15.3,1.6,28.1,71.9,60154,79307
"7120",6085506501,"06","085","506501",7710,37.298471,-121.95486,"Census Tract 5065.01, Santa Clara County, California",438500,2601,191,3.9,2.46,3.03,1.7,3.2,1,14,32.5,27.1,18,1.5,0.9,2,22.9,54.1,18,3,0,24.3,75.7,52257,66145
"7121",6085506502,"06","085","506502",3907,37.287227,-121.945131,"Census Tract 5065.02, Santa Clara County, California",523100,2007,70,4.2,2.09,1.97,6.2,8.2,16.8,17.2,24.2,5.5,9,5.1,7.8,0.4,11.8,60,18.7,6.4,2.6,49.3,50.7,92153,106890
"7122",6085506503,"06","085","506503",6045,37.284587,-121.954081,"Census Tract 5065.03, Santa Clara County, California",664700,2745,173,4.1,2.53,2.05,2.4,2.7,3.1,16.3,31.3,17.4,17.4,6.5,2.8,2.3,26.3,42.2,19.2,8.3,1.6,32.1,67.9,66250,81332
"7123",6085506601,"06","085","506601",4482,37.292957,-121.981687,"Census Tract 5066.01, Santa Clara County, California",722400,1750,82,4.7,3.03,2.24,2,3.5,0.3,3.8,19,29,36.1,6.1,0,7,20.7,20.9,31.1,17.3,3,49.2,50.8,82548,101315
"7124",6085506603,"06","085","506603",4070,37.282166,-121.969748,"Census Tract 5066.03, Santa Clara County, California",697000,1420,0,6,2.71,3.49,0,0.6,0.5,2.7,18.9,51.1,22,2.7,1.6,0,0,7,54.6,32,6.4,76.1,23.9,99815,117789
"7125",6085506604,"06","085","506604",7324,37.280511,-121.986266,"Census Tract 5066.04, Santa Clara County, California",717900,2662,45,5.7,2.74,2.88,2.3,0.6,4.3,2.4,16.3,45,26.4,2.2,0.6,0,2.7,8.7,59.2,27.4,1.9,72.6,27.4,113988,119351
"7126",6085506605,"06","085","506605",3941,37.296961,-121.969589,"Census Tract 5066.05, Santa Clara County, California",647600,1570,78,4.6,3.22,2.34,0,0.9,0,1.7,19.4,47.2,22.9,7.8,0,5.7,18.9,26.8,34,13.1,1.6,39.5,60.5,80600,90563
"7127",6085506606,"06","085","506606",4453,37.290453,-121.970167,"Census Tract 5066.06, Santa Clara County, California",706000,1680,54,5,2.59,2.43,0.6,1.5,0.4,4.9,37.3,29.2,22.3,2.3,1.5,0,14.5,26.3,45.4,13.9,0,47.7,52.3,81667,99318
"7128",6085506701,"06","085","506701",3954,37.271224,-121.978167,"Census Tract 5067.01, Santa Clara County, California",781800,1365,28,5.9,2.88,2.71,1.4,2.6,13.1,8.6,18.8,33.8,9.7,8.1,3.7,0,5,12.7,44.5,27,10.8,81.8,18.2,99228,125894
"7129",6085506702,"06","085","506702",5455,37.273802,-121.962772,"Census Tract 5067.02, Santa Clara County, California",665200,2144,69,5.1,3.05,2.44,0.7,0.8,4.7,12.7,24.9,27.8,18,9.2,1.3,0.5,14.6,30,29.4,19.4,6,59.7,40.3,84626,108978
"7130",6085506703,"06","085","506703",3625,37.26472,-121.968051,"Census Tract 5067.03, Santa Clara County, California",672600,1436,124,5.2,2.53,2.85,1.3,0,9.3,11.2,26.1,19.8,16.6,11.6,4,3.7,8.1,21,58.6,6.3,2.3,50.6,49.4,82342,98792
"7131",6085506801,"06","085","506801",5871,37.241125,-121.956353,"Census Tract 5068.01, Santa Clara County, California",NA,2270,102,5.8,2.77,2.28,4.6,0.7,4.3,3.8,11.8,28.1,38.5,6,2.2,0,8.5,18.9,41,25.9,5.6,73.5,26.5,120565,154022
"7132",6085506802,"06","085","506802",5237,37.24706,-121.93597,"Census Tract 5068.02, Santa Clara County, California",722400,1861,11,5.7,2.74,1.95,0.6,4.3,1.7,6.6,10.2,15.8,58,1.7,1.1,2.5,5.4,16.3,51.8,21.3,2.7,72.6,27.4,110991,121455
"7133",6085506803,"06","085","506803",6883,37.242322,-121.912931,"Census Tract 5068.03, Santa Clara County, California",701400,2401,38,6.1,2.97,2.85,0.7,1.3,0,5.7,19.5,30.6,39.2,3.1,0,7.1,4.7,6.3,36.2,41.1,4.5,76.7,23.3,110530,119410
"7134",6085506804,"06","085","506804",3629,37.239843,-121.933454,"Census Tract 5068.04, Santa Clara County, California",840600,1359,59,6.1,2.61,2.46,0,1.5,1.9,4,19.5,49.4,19.9,3.3,0.5,0,0,9.7,54.3,29.6,6.4,81.4,18.6,122232,142301
"7135",6085506900,"06","085","506900",7436,37.230647,-121.929229,"Census Tract 5069, Santa Clara County, California",NA,2730,142,7.2,2.94,2.12,0,1.8,9.4,9.5,19.8,32.6,19,4.2,3.7,0,7.2,10.1,25.5,39.6,17.5,82.9,17.1,148250,180242
"7136",6085507001,"06","085","507001",6504,37.22586,-121.983392,"Census Tract 5070.01, Santa Clara County, California",NA,3246,137,6,2.34,1.95,0.4,6.9,6.1,3.7,27.7,14.2,12.1,5.8,23.1,2.6,13.2,23,35.3,19.6,6.3,64.8,35.2,132174,200215
"7137",6085507002,"06","085","507002",2800,37.218941,-121.962464,"Census Tract 5070.02, Santa Clara County, California",NA,1072,29,6.9,2.74,2.67,2,2.2,10.7,10.8,17.7,20.1,11.6,6.1,18.8,0,3.2,11.8,41.9,28.6,14.6,90.4,9.6,188350,234812
"7138",6085507100,"06","085","507100",2683,37.232806,-121.978018,"Census Tract 5071, Santa Clara County, California",NA,1317,56,4.3,2.53,1.55,3.4,1.6,7,9.9,15.6,23.7,19.3,12.1,7.4,0.5,31,32,18.8,17,0.8,38.7,61.3,92991,142316
"7139",6085507203,"06","085","507203",2632,37.251817,-121.964368,"Census Tract 5072.03, Santa Clara County, California",917400,1015,53,5.5,2.68,2.86,11.6,8.2,4.1,11,21,20.2,16.2,4.1,3.5,6.9,12.3,17.2,40.6,15.6,7.4,54.4,45.6,126346,148098
"7140",6085507205,"06","085","507205",4475,37.258309,-121.982203,"Census Tract 5072.05, Santa Clara County, California",NA,1938,67,6.6,2.46,2.38,0,0.6,2.9,11.8,33.1,37.4,9.8,1.2,3.3,3.6,5.8,12.1,41.2,28.7,8.6,84.9,15.1,136161,174928
"7141",6085507206,"06","085","507206",2724,37.243028,-121.983585,"Census Tract 5072.06, Santa Clara County, California",NA,922,0,7.5,3.01,2.12,3.5,5.4,3.8,3.7,26,21.7,18.3,8.7,8.9,0,1.4,8.2,31.8,36,22.6,88.3,11.7,176471,249655
"7142",6085507301,"06","085","507301",6555,37.261266,-122.007747,"Census Tract 5073.01, Santa Clara County, California",NA,2489,46,7.2,2.96,2.19,2.4,14.6,4,6.4,18.7,22.5,25.7,2.5,3.3,2,10.4,6.1,30.7,34,16.9,72.9,27.1,145292,210275
"7143",6085507302,"06","085","507302",2725,37.24704,-122.027053,"Census Tract 5073.02, Santa Clara County, California",NA,1106,148,7.2,2.49,1.33,0,11.1,14.2,10.8,20.7,10.4,11.9,8.8,12.1,4.3,1.9,10.2,30.2,41.4,11.9,84.9,15.1,134667,196075
"7144",6085507401,"06","085","507401",5624,37.288645,-122.018707,"Census Tract 5074.01, Santa Clara County, California",NA,1953,37,7.6,2.83,3.01,0.4,2,1.8,0.5,30.5,44.5,16.5,2.5,1.2,0,0.4,2.3,25,48.3,24.1,93.9,6.1,155341,191544
"7145",6085507402,"06","085","507402",3881,37.280795,-121.999122,"Census Tract 5074.02, Santa Clara County, California",NA,1535,118,6.7,2.77,1.88,0,1.7,9.5,6.1,17.7,15.6,47,1.5,0.8,1.5,7.5,10.5,36.4,32.9,11.2,83.1,16.9,141473,166892
"7146",6085507500,"06","085","507500",5810,37.274438,-122.024028,"Census Tract 5075, Santa Clara County, California",NA,2058,85,7.6,3.04,1.99,2.5,2,1.4,6.8,10.4,43.1,27.1,2.9,3.9,0,2.1,4.5,21.8,50.1,21.5,90.8,9.2,166130,196501
"7147",6085507600,"06","085","507600",5563,37.270079,-122.041379,"Census Tract 5076, Santa Clara County, California",NA,2087,32,7.7,2.75,3.02,1.7,3.7,10,12,27,19.2,16.1,2.2,8,0,1.6,7.6,26.9,41.7,22.2,84.9,15.1,159911,204722
"7148",6085507701,"06","085","507701",4039,37.320389,-122.050286,"Census Tract 5077.01, Santa Clara County, California",NA,1443,39,6.7,3.06,2.54,5,9.4,9,7.7,8.8,32.8,20.9,4.4,2,0,1.7,14.3,27.5,43.1,13.4,78.5,21.5,127273,157905
"7149",6085507702,"06","085","507702",6126,37.304131,-122.051982,"Census Tract 5077.02, Santa Clara County, California",NA,2151,79,7.1,3.05,3.09,0,5,5.5,19.9,23.5,39.7,5.2,0.7,0.6,0,0,5.5,28.4,54.3,11.8,92.9,7.1,184474,183955
"7150",6085507703,"06","085","507703",7706,37.321215,-122.06867,"Census Tract 5077.03, Santa Clara County, California",NA,2707,122,5.8,2.71,2.68,1.5,3.3,3.3,17.7,31.3,20.1,18.1,2.8,1.9,1.8,5.1,22.2,36.1,23.9,11,64.6,35.4,119583,160252
"7151",6085507805,"06","085","507805",5397,37.333742,-122.049284,"Census Tract 5078.05, Santa Clara County, California",895500,1909,107,4.2,2.69,2.58,0.7,2,8.2,19.7,31.7,23.1,11.5,2.5,0.6,0.6,25.8,38.7,17.7,10.8,6.3,43.8,56.2,92625,118812
"7152",6085507806,"06","085","507806",5889,37.329147,-122.041961,"Census Tract 5078.06, Santa Clara County, California",NA,2077,153,4.2,3.18,2.73,0.5,3.5,6.1,13.3,37.9,25.7,8.7,3.5,0.8,7.8,16.3,40.3,13.5,13.4,8.8,35,65,122422,143213
"7153",6085507807,"06","085","507807",3219,37.312691,-122.041614,"Census Tract 5078.07, Santa Clara County, California",NA,1076,28,5.5,2.98,3.22,3.2,2.7,2.9,5.2,24.9,37.5,18.3,2.5,2.9,0,4.6,24.2,30.4,36.5,4.4,72.3,27.7,127750,137990
"7154",6085507808,"06","085","507808",5508,37.302357,-122.037885,"Census Tract 5078.08, Santa Clara County, California",NA,1856,39,5.9,2.96,3.09,3.3,1.1,3.3,10.3,12,59.2,9.2,1.1,0.3,0,3.2,7.5,58.7,24.7,6,81.3,18.7,154836,165287
"7155",6085507903,"06","085","507903",4828,37.302857,-122.010198,"Census Tract 5079.03, Santa Clara County, California",930600,1649,0,6.4,2.85,3.47,0.5,0,2.2,3.5,27.5,55.3,11,0,0,0,0.5,5.2,45.4,34.9,14,89,11,143750,154539
"7156",6085507904,"06","085","507904",3367,37.302823,-122.001714,"Census Tract 5079.04, Santa Clara County, California",NA,1119,0,6.7,3.17,3.37,2.7,1.1,0.5,2.1,3.2,48.6,40.3,1.5,0,0,0,0,47.5,35.5,17,87.2,12.8,180121,177213
"7157",6085507905,"06","085","507905",5784,37.303077,-122.028785,"Census Tract 5079.05, Santa Clara County, California",816100,2237,82,4.6,3.05,2.82,0,0,8.3,9.8,25.3,28.3,23.7,4.1,0.6,6.2,10,32.5,35.4,10.4,5.5,49.4,50.6,113681,120197
"7158",6085507906,"06","085","507906",4460,37.302019,-122.019073,"Census Tract 5079.06, Santa Clara County, California",962500,1463,0,6,3.21,3.02,2.1,1.2,4.6,3.7,6.6,28.5,48.9,3.5,1,1.7,0,6.4,43.7,38.1,10.1,82.2,17.8,134219,143397
"7159",6085508001,"06","085","508001",7377,37.317378,-122.023131,"Census Tract 5080.01, Santa Clara County, California",841900,2958,128,4.6,2.65,2.53,5.2,9.8,10.2,21.3,7.8,20.5,23.7,0.8,0.6,0.5,18.6,29,34.1,17.3,0.5,59.6,40.4,121250,131087
"7160",6085508003,"06","085","508003",2222,37.317534,-122.010779,"Census Tract 5080.03, Santa Clara County, California",849100,774,17,4.9,2.96,3.1,1.7,0,7.9,19,24.9,24.2,14,5.7,2.7,2.5,3.9,51.2,20.8,20.5,1.2,37,63,64792,87817
"7161",6085508004,"06","085","508004",6090,37.317486,-122.001483,"Census Tract 5080.04, Santa Clara County, California",927000,2281,204,4.9,3.07,2.48,1.8,3,24.1,8.8,14.4,7.7,34.4,4.3,1.4,3.9,12.1,23.8,32.7,17.9,9.6,64,36,107537,120922
"7162",6085508101,"06","085","508101",6740,37.330886,-122.023241,"Census Tract 5081.01, Santa Clara County, California",882100,2429,93,5.2,2.8,3.14,0.8,1.6,22.7,6.7,31.3,24.9,9.6,1.4,0.9,0,12.6,30.5,31.8,22.7,2.4,54.8,45.2,121864,139100
"7163",6085508102,"06","085","508102",3321,37.331013,-122.003183,"Census Tract 5081.02, Santa Clara County, California",847600,1222,22,4.7,2.93,2.22,10.3,2.1,21.8,7.2,11.2,12.5,34.2,0.7,0,2.1,24.3,23.8,33,15.2,1.6,45.9,54.1,130929,144466
"7164",6085508202,"06","085","508202",7684,37.344551,-122.003863,"Census Tract 5082.02, Santa Clara County, California",835400,2884,133,5.6,2.53,2.83,0.3,2.1,4.2,8.1,24.9,24.7,32,3.6,0,3.8,12.9,15.8,39.1,21.6,6.8,65.7,34.3,101712,115998
"7165",6085508203,"06","085","508203",5172,37.344632,-122.027342,"Census Tract 5082.03, Santa Clara County, California",925100,1854,0,5.7,2.65,2.97,1.1,0,2.2,2.2,29.5,43.6,16.8,4.1,0.5,0,11.1,17.9,36.9,25.8,8.4,69.7,30.3,124417,142343
"7166",6085508204,"06","085","508204",4194,37.34561,-122.017285,"Census Tract 5082.04, Santa Clara County, California",859500,1534,83,5.5,2.78,3.37,0,0.8,8.3,16.7,9.7,34.7,25.2,2,2.6,0,10.3,19,39.9,21.5,9.3,73.1,26.9,116932,145077
"7167",6085508301,"06","085","508301",4410,37.344794,-122.056714,"Census Tract 5083.01, Santa Clara County, California",NA,1565,32,6.2,2.82,1.95,0,0,1,5.2,20.1,17.1,51.6,3.1,1.9,1.9,9.6,2.5,38.9,35.8,11.3,83.6,16.4,155750,164283
"7168",6085508303,"06","085","508303",2562,37.344247,-122.046314,"Census Tract 5083.03, Santa Clara County, California",NA,919,11,6.4,2.57,3.02,0.7,2.4,0,0,15.2,40.6,35.7,2.5,2.9,0,3.5,3,36.2,52.6,4.7,87.8,12.2,115714,125605
"7169",6085508304,"06","085","508304",7957,37.342676,-122.037541,"Census Tract 5083.04, Santa Clara County, California",757100,3036,221,4.1,2.98,2.57,5.9,1,8.8,7.9,34,26.6,13.3,2.6,0,4.8,13.2,47.9,22.5,9.9,1.6,29.9,70.1,82750,109447
"7170",6085508401,"06","085","508401",6834,37.363006,-122.056084,"Census Tract 5084.01, Santa Clara County, California",898500,2549,83,5.3,2.78,2.37,0.4,0,1.1,1.8,6.8,20.8,62.1,7,0,1,13.6,17.5,50.2,13.3,4.4,62,38,99333,126185
"7171",6085508403,"06","085","508403",2817,37.355827,-122.042865,"Census Tract 5084.03, Santa Clara County, California",959300,1018,71,6.4,2.7,2.99,1.1,0,3.9,4.8,11,39.6,38.9,0,0.7,0,1.8,8.2,29.6,50.4,10.1,91.8,8.2,173125,179832
"7172",6085508404,"06","085","508404",6023,37.364586,-122.04158,"Census Tract 5084.04, Santa Clara County, California",891900,2422,87,5.4,2.91,2.15,1.5,11.8,5.4,4.7,22.4,37.8,14,1.8,0.6,4.7,5.1,27.5,31.3,21.1,10.2,61.8,38.2,126960,146129
"7173",6085508503,"06","085","508503",6506,37.356804,-122.026949,"Census Tract 5085.03, Santa Clara County, California",744700,2908,179,3.8,2.48,2.15,0.1,0.8,6.1,15.2,44.1,22.8,9.4,1,0.6,11.7,29.2,33.1,18.4,6,1.5,29.4,70.6,89191,104900
"7174",6085508504,"06","085","508504",7701,37.363692,-122.021261,"Census Tract 5085.04, Santa Clara County, California",807600,3262,155,3.2,2.34,2.42,2.6,5.7,8.3,18.4,29.9,27.2,6.7,0.4,0.7,8.7,37.8,38,10.6,3.6,1.3,12.3,87.7,88106,99048
"7175",6085508505,"06","085","508505",4392,37.357685,-122.010174,"Census Tract 5085.05, Santa Clara County, California",723200,1987,102,4.8,2.58,2.15,1.7,8.9,18.2,12.7,16.7,36.7,4.7,0.4,0,5.9,13.5,35.5,29.3,13,2.8,55.5,44.5,116705,137144
"7176",6085508507,"06","085","508507",3066,37.357164,-121.998496,"Census Tract 5085.07, Santa Clara County, California",375500,1433,52,3.5,2.02,2.13,0,0,10.5,35.9,40.4,8.9,1.3,3.1,0,6.6,35.4,52.7,5.3,0,0,29.7,70.3,100246,101799
"7177",6085508508,"06","085","508508",5322,37.359716,-122.002322,"Census Tract 5085.08, Santa Clara County, California",670700,2013,150,4.3,2.57,2.77,0.5,1.6,8.2,18,43.5,16.5,5.5,5,1,1.6,20.4,31.8,29.9,12.4,3.9,36.1,63.9,83664,109315
"7178",6085508601,"06","085","508601",3668,37.376515,-122.040918,"Census Tract 5086.01, Santa Clara County, California",768400,1421,58,5.1,2.64,2.48,0.6,0,7,2,8.9,8,41.5,13.9,18.1,0,8,27.6,55,6.5,3,61.6,38.4,117875,117064
"7179",6085508602,"06","085","508602",3839,37.373029,-122.026977,"Census Tract 5086.02, Santa Clara County, California",655900,1869,145,4.2,2.54,2.15,0.3,10,15,9.6,10.9,7.7,18.9,15.9,11.7,7.8,28.5,29.4,30.2,3.3,0.9,35.7,64.3,75566,92823
"7180",6085508703,"06","085","508703",7572,37.370119,-122.011927,"Census Tract 5087.03, Santa Clara County, California",560600,3183,230,4.1,2.44,2.51,5.7,4.9,10.7,25,31.6,14,7.3,0.4,0.4,1.5,23.2,35.7,26.8,12.8,0,45.6,54.4,102943,121409
"7181",6085508704,"06","085","508704",5227,37.383474,-122.015517,"Census Tract 5087.04, Santa Clara County, California",559200,2385,91,3.5,2.09,2.12,4.4,3.2,42.5,4.5,15.6,7.7,5.7,9.1,7.3,6.4,36.9,28,27.1,1.5,0,19.3,80.7,88207,101499
"7182",6085508800,"06","085","508800",3766,37.385269,-122.024454,"Census Tract 5088, Santa Clara County, California",631400,1483,107,4,3.01,2.82,0,2.9,10.7,22,24.8,8.4,16,12.1,3.1,3.8,27.7,39.8,24.2,0.7,3.8,29.9,70.1,72016,88080
"7183",6085508900,"06","085","508900",5273,37.391054,-122.00775,"Census Tract 5089, Santa Clara County, California",523500,1845,72,4.5,3.25,3.44,3,0.6,17.1,12.1,6.4,21.2,33,5.7,1,9.6,17.3,28.2,36,8.6,0.2,46.7,53.3,85034,84691
"7184",6085509000,"06","085","509000",7407,37.392159,-122.020958,"Census Tract 5090, Santa Clara County, California",557000,2537,15,4.4,2.89,3.16,0.2,3.4,3.2,11.9,15.6,15.1,40.4,7.7,2.5,4.2,22.3,31.3,36.1,5.7,0.4,48.4,51.6,76510,85709
"7185",6085509102,"06","085","509102",4798,37.387008,-122.043527,"Census Tract 5091.02, Santa Clara County, California",484300,2462,161,4,1.68,2.29,3.2,0.4,17.8,59,13.6,2.1,3.5,0.5,0,0,21.3,57.9,16.9,3.9,0,37.1,62.9,105938,116268
"7186",6085509105,"06","085","509105",6396,37.377449,-122.062994,"Census Tract 5091.05, Santa Clara County, California",352700,3123,0,4,2.11,2.2,1,2.7,5.9,21.9,37.2,27.5,3.3,0.4,0.1,1.3,31.8,39.8,20.2,6.4,0.4,31.7,68.3,83370,103092
"7187",6085509106,"06","085","509106",4171,37.378511,-122.050182,"Census Tract 5091.06, Santa Clara County, California",839200,1781,142,4,2.87,2.2,2,5.2,6.3,4.4,27.6,34.9,16.5,1.1,2,1.6,32.8,29.5,23.1,12.4,0.6,33.6,66.4,108750,133423
"7188",6085509107,"06","085","509107",4892,37.379847,-122.056601,"Census Tract 5091.07, Santa Clara County, California",560000,2043,69,3.4,3.03,2.35,0,1.2,2.3,7.7,40.5,40.8,6.3,1.3,0,3.3,48.1,45.7,2.9,0,0,1.9,98.1,92463,93730
"7189",6085509108,"06","085","509108",4281,37.402341,-122.063191,"Census Tract 5091.08, Santa Clara County, California",580500,1860,177,4,2.4,2.28,1.2,2.7,1,12.8,34.5,17,28,2.4,0.5,5.1,22.6,41.9,27.5,2.1,0.7,37.7,62.3,87391,116152
"7190",6085509109,"06","085","509109",4346,37.393307,-122.062262,"Census Tract 5091.09, Santa Clara County, California",667900,1877,130,4.7,2.3,2.33,9.1,7.1,17.8,23.7,20.4,13.5,5.3,0.7,2.4,6.2,9.2,32.6,43.9,8.1,0,55.3,44.7,146635,155719
"7191",6085509201,"06","085","509201",4603,37.400272,-122.074484,"Census Tract 5092.01, Santa Clara County, California",621600,2520,467,4,2.28,1.83,1.5,2.8,1.8,7,34.1,33.5,10.2,7.8,1.2,9.2,29.3,35.8,16.5,8.7,0.6,46.8,53.2,79125,103272
"7192",6085509202,"06","085","509202",4480,37.40437,-122.083883,"Census Tract 5092.02, Santa Clara County, California",683900,1857,104,4.7,2.88,2.16,2.3,0.5,2.7,13.4,27.8,17.1,34.1,0.9,1.2,1.1,24.2,22.5,33.9,14.6,3.7,52.1,47.9,108750,122811
"7193",6085509302,"06","085","509302",2978,37.409778,-122.100073,"Census Tract 5093.02, Santa Clara County, California",834500,1215,31,5.1,2.64,2.22,0.5,0,4,5.3,16.1,8.9,61.4,2.3,1.5,0.7,22,9.9,57.3,9.2,0.9,58,42,94896,112499
"7194",6085509303,"06","085","509303",3706,37.406296,-122.092192,"Census Tract 5093.03, Santa Clara County, California",600800,1850,85,3.3,1.93,1.92,3.2,0.4,4.5,27.2,35.6,18.3,4.2,2.8,3.8,4.1,47,35.1,11.4,2.3,0,20.2,79.8,59922,76209
"7195",6085509304,"06","085","509304",2871,37.41416,-122.092063,"Census Tract 5093.04, Santa Clara County, California",602400,1215,15,4.3,2.21,3.02,10.9,3.5,11.2,12,34.4,18.4,1.9,6.5,1.2,7.2,13.6,46.7,24.4,8.1,0,44.2,55.8,107609,144426
"7196",6085509401,"06","085","509401",3212,37.407155,-122.113695,"Census Tract 5094.01, Santa Clara County, California",811900,1649,129,3,3.04,1.71,9,0.4,7.9,10.5,18.3,40.1,10.9,2.1,0.8,18.6,40.5,26.1,10.1,3.6,1.1,24.1,75.9,64524,102447
"7197",6085509403,"06","085","509403",5121,37.398089,-122.096743,"Census Tract 5094.03, Santa Clara County, California",375500,2116,85,3.4,1.84,2.41,1.6,0.6,2.8,9.4,24.2,47.9,10.4,2.7,0.3,1.7,54.4,40.2,3.6,0,0,11.7,88.3,53897,71098
"7198",6085509404,"06","085","509404",6076,37.401435,-122.103922,"Census Tract 5094.04, Santa Clara County, California",572700,2727,14,3.8,1.99,2.85,0.7,8.9,27.2,10.4,32,14,2.9,1.1,2.9,2,32,42,21.2,2.4,0.4,35.3,64.7,101632,107402
"7199",6085509500,"06","085","509500",5565,37.395194,-122.090144,"Census Tract 5095, Santa Clara County, California",870700,2370,133,3.9,2.42,2.46,0,4.1,5.7,21.7,21.4,8.5,17.6,5.7,15.2,4.1,31.3,35.9,25.6,2.4,0.7,25,75,70498,86879
"7200",6085509600,"06","085","509600",2625,37.390327,-122.081136,"Census Tract 5096, Santa Clara County, California",897900,1342,86,4.2,2.5,1.77,7.6,9.9,14.9,8.3,1.3,8,16,10.2,23.8,0.9,31.5,40.8,15.1,7.4,4.3,36.9,63.1,126136,155198
"7201",6085509700,"06","085","509700",3128,37.386642,-122.073661,"Census Tract 5097, Santa Clara County, California",867100,1440,6,4.4,2.5,1.57,1.5,0,2,5.4,19.7,21.3,25.8,12,12.4,1,25.1,43.2,24,4.7,2,42.5,57.5,96452,142137
"7202",6085509801,"06","085","509801",5274,37.38482,-122.093761,"Census Tract 5098.01, Santa Clara County, California",NA,2161,41,5.1,2.55,2.1,2.9,3.1,6,6.1,15.2,11.6,47.3,6,1.8,6.1,18,14.9,39.2,15,6.7,55.1,44.9,130547,138294
"7203",6085509802,"06","085","509802",2719,37.379108,-122.081901,"Census Tract 5098.02, Santa Clara County, California",977100,1135,0,5.1,2.21,2.54,6.3,0.9,2.2,0,11.6,16.6,52.3,9.3,0.8,5,14.3,18.5,42.4,18.1,1.7,58.4,41.6,109432,142053
"7204",6085509901,"06","085","509901",1934,37.369157,-122.089213,"Census Tract 5099.01, Santa Clara County, California",NA,696,0,6.9,2.71,2.96,0,2.3,1.3,2.2,15.4,39.5,35.2,2.7,1.4,0,2.4,5.9,57.5,26.3,7.9,85.9,14.1,150227,203154
"7205",6085509902,"06","085","509902",4838,37.370123,-122.071812,"Census Tract 5099.02, Santa Clara County, California",NA,1863,58,6.7,2.82,2.08,0,3.5,10.4,11.4,15,35.1,17.3,6,1.2,1,12.5,12.5,24,37.7,12.2,75.2,24.8,123224,150219
"7206",6085510001,"06","085","510001",6116,37.35863,-122.080427,"Census Tract 5100.01, Santa Clara County, California",NA,2151,11,7,2.82,2.42,2.1,0.7,3.1,1.6,8,21.5,50.9,7.8,4.4,0,0,5.3,43.3,38.7,12.8,96.6,3.4,171579,210333
"7207",6085510002,"06","085","510002",3553,37.346496,-122.071309,"Census Tract 5100.02, Santa Clara County, California",NA,1348,57,7.2,2.83,2.96,3.5,5,3.3,2.8,7.3,13.4,57.8,7,0,0.5,0,12.8,32.2,38,16.5,82.9,17.1,153770,194014
"7208",6085510100,"06","085","510100",2948,37.341387,-122.080149,"Census Tract 5101, Santa Clara County, California",NA,1131,25,7.4,2.8,3.79,3.2,1.9,0.7,1.9,23.2,33.5,32.1,2.5,1,0,0,3.4,29.7,52.2,14.8,96.6,3.4,196855,267884
"7209",6085510200,"06","085","510200",4328,37.372949,-122.100917,"Census Tract 5102, Santa Clara County, California",NA,1536,57,7.1,2.84,3.22,3.1,4.2,0.8,4,11,7.9,51.6,13.5,4,0,0,3.7,38.9,48.1,9.2,96.7,3.3,160391,187422
"7210",6085510300,"06","085","510300",4020,37.376949,-122.111254,"Census Tract 5103, Santa Clara County, California",NA,1763,176,6,2.5,2.54,3.3,4.3,12.8,4.7,17.1,19.3,26.1,7,5.4,2.7,4.6,30.9,35.3,21.8,4.8,74.4,25.6,151023,203838
"7211",6085510400,"06","085","510400",3131,37.391779,-122.107889,"Census Tract 5104, Santa Clara County, California",NA,1143,6,6.3,2.75,3.15,4,7,2.1,3.8,2.4,26.2,36.6,12.2,5.7,0,3.8,16.5,34.5,31,14.2,86.9,13.1,160821,244276
"7212",6085510500,"06","085","510500",4688,37.393441,-122.119926,"Census Tract 5105, Santa Clara County, California",NA,1949,95,6.4,2.52,1.73,7.5,2.6,9.7,6,9,15.3,29.5,6.5,13.8,0.9,12.3,17.2,30,29.9,9.7,72,28,104500,177933
"7213",6085510600,"06","085","510600",6139,37.409949,-122.129717,"Census Tract 5106, Santa Clara County, California",NA,2462,74,5.1,2.58,2.6,2.5,4.3,3,16.4,19,18.9,26,6.4,3.4,3.3,11,31.4,34,14.1,6.1,58.7,41.3,101471,140866
"7214",6085510700,"06","085","510700",4775,37.416142,-122.126316,"Census Tract 5107, Santa Clara County, California",NA,2029,148,4.5,2.83,2.14,10.8,0.2,4.9,8,15.5,18.4,29.8,9.5,2.9,5.3,22,30.6,29,11.7,1.4,41.9,58.1,110591,134805
"7215",6085510801,"06","085","510801",5290,37.426513,-122.109929,"Census Tract 5108.01, Santa Clara County, California",NA,1959,216,6,2.66,3.36,6.5,9.3,2.8,6.9,9.9,4.8,55.7,3.5,0.5,0,3.6,15.5,42.1,29.5,9.3,86,14,150052,164482
"7216",6085510802,"06","085","510802",1840,37.414437,-122.110985,"Census Tract 5108.02, Santa Clara County, California",NA,747,0,5.9,2.65,2.39,0,0,0,2.5,10.3,13.4,66.8,6.3,0.7,0,12.7,12,39.5,31.6,4.1,80.2,19.8,123264,160563
"7217",6085510803,"06","085","510803",2558,37.420525,-122.120463,"Census Tract 5108.03, Santa Clara County, California",NA,1064,22,5,2.88,2.16,0,3.7,8.6,0.7,6.1,21.5,51.2,8.3,0,9.5,17,13.3,38.8,16.5,4.9,56.7,43.3,104167,159483
"7218",6085510900,"06","085","510900",5354,37.427392,-122.129656,"Census Tract 5109, Santa Clara County, California",NA,2049,30,5.7,2.55,2.72,0.7,0.3,4.3,6.3,4.4,18.9,40,20,5.1,2.1,10.7,24.9,31.5,21.8,8.9,59.3,40.7,135898,167977
"7219",6085511000,"06","085","511000",6402,37.437556,-122.122268,"Census Tract 5110, Santa Clara County, California",NA,2418,70,5.2,3,2.34,1.7,0.7,3.8,6.2,9.6,24,38.5,12.4,3,0,16.6,19.5,35.1,23,5.8,60.3,39.7,116458,146145
"7220",6085511100,"06","085","511100",5445,37.446044,-122.132701,"Census Tract 5111, Santa Clara County, California",NA,1942,69,6.7,2.76,3.25,1.8,2.8,2.5,2.2,2.2,1.8,51.6,31.2,3.9,0,0,8.8,48.5,30,12.8,88.9,11.1,157064,227995
"7221",6085511200,"06","085","511200",4849,37.450949,-122.147617,"Census Tract 5112, Santa Clara County, California",NA,1839,64,7.7,3.03,2.42,4.6,0.7,1.8,3.6,5.2,3.5,17.2,9.7,53.7,1.7,2.7,17.7,28.2,29.1,20.6,86,14,209735,288307
"7222",6085511301,"06","085","511301",3671,37.443896,-122.153907,"Census Tract 5113.01, Santa Clara County, California",NA,1803,66,4.2,2.48,1.6,6.9,10.5,3.1,10.6,16.1,15.1,6.9,4,26.8,10.4,21.6,36.5,19.2,5,7.2,49.5,50.5,112813,203209
"7223",6085511302,"06","085","511302",4062,37.448829,-122.161963,"Census Tract 5113.02, Santa Clara County, California",NA,2408,140,3.6,1.88,1.51,1.9,2.5,7.7,13.1,16.9,17.5,7.5,8.9,24,12.2,37.6,37.2,7.8,2.8,2.4,31.7,68.3,103482,141200
"7224",6085511400,"06","085","511400",3639,37.435559,-122.143461,"Census Tract 5114, Santa Clara County, California",NA,1424,187,6.4,2.71,2.97,5.1,2.8,3.7,3.9,4.8,5.2,18.9,22.9,32.7,0,4.2,27.2,32.4,20.4,15.8,71.5,28.5,169572,251368
"7225",6085511500,"06","085","511500",7513,37.422207,-122.153271,"Census Tract 5115, Santa Clara County, California",NA,3122,208,4.9,2.6,1.98,1.2,1.9,6.9,10.9,15.1,16,13.8,7.5,26.7,4.9,19.5,26.4,21.7,19.5,8,56.5,43.5,137679,199827
"7226",6085511608,"06","085","511608",2687,37.423753,-122.175885,"Census Tract 5116.08, Santa Clara County, California",NA,25,0,7.4,NA,3.4,0,0,0,56,0,0,44,0,0,0,0,0,0,100,0,0,100,89732,NA
"7227",6085511609,"06","085","511609",3183,37.437002,-122.180437,"Census Tract 5116.09, Santa Clara County, California",NA,1977,195,3.4,1.51,1.8,23,20,15,3.9,18.4,14.8,4.4,0.6,0,6.8,44.5,46.6,1.1,1,0,8.9,91.1,96250,144169
"7228",6085511701,"06","085","511701",4017,37.378861,-122.131527,"Census Tract 5117.01, Santa Clara County, California",NA,1476,70,8.4,2.9,3.12,3.3,6,5.5,8.7,22,26.1,18.9,5,4.6,0,0,2.9,24.5,35.6,37,87.8,12.2,202500,291518
"7229",6085511702,"06","085","511702",2684,37.353549,-122.096103,"Census Tract 5117.02, Santa Clara County, California",NA,1106,19,7.1,2.88,3.33,5.3,6,7,3.9,15.7,11.3,32,13.3,5.5,0,0.4,8.4,43.2,31.9,16.1,87.8,12.2,185781,256923
"7230",6085511704,"06","085","511704",4520,37.360924,-122.138482,"Census Tract 5117.04, Santa Clara County, California",NA,1652,39,NA,2.74,3.44,2.2,5.2,15.8,9.5,19.9,22,19.4,3.8,2.2,0,0,6.4,18.3,42.6,32.6,90.2,9.8,219712,320344
"7231",6085511705,"06","085","511705",995,37.408671,-122.143622,"Census Tract 5117.05, Santa Clara County, California",NA,331,0,6.8,2.01,3.41,0,7.6,0,10,18.1,6,25.4,11.2,21.8,0,6.9,18.1,28.4,34.1,12.4,82.5,17.5,250001,233995
"7232",6085511707,"06","085","511707",3009,37.326465,-122.110151,"Census Tract 5117.07, Santa Clara County, California",NA,1257,113,6.9,2.63,2.12,0,13,32.5,8.8,8.7,13.4,13.6,6,4.1,0,16.4,20.8,19.2,22.2,21.4,91.3,8.7,134167,214047
"7233",6085511800,"06","085","511800",4009,37.163631,-121.981688,"Census Tract 5118, Santa Clara County, California",909900,1885,165,5.9,2.48,2.21,1.9,0.6,10.5,10,14,13.2,12.6,7.8,29.4,0,11.9,22.4,33.8,24.4,7.5,80.7,19.3,123050,158302
"7234",6085511905,"06","085","511905",3129,37.214726,-121.858241,"Census Tract 5119.05, Santa Clara County, California",889900,1100,66,7.1,2.91,2.31,0,0,5.3,10,47.4,35,0,0,2.4,0.5,0,12.4,24.6,42.7,19.7,85,15,106686,134582
"7235",6085511907,"06","085","511907",3988,37.221154,-121.85668,"Census Tract 5119.07, Santa Clara County, California",872800,1351,0,6.9,2.98,3.38,0,0,0,5.4,27.8,58.7,6.7,1.5,0,0,0,3.6,33.8,50.4,12.2,85.1,14.9,136563,146805
"7236",6085511909,"06","085","511909",7997,37.206505,-121.861883,"Census Tract 5119.09, Santa Clara County, California",NA,2704,43,7.4,3.21,3.54,1.7,0.3,26.7,37.9,26.4,7.1,0,0,0,0,0.4,3.1,31.9,46.6,17.9,93.4,6.6,171076,185098
"7237",6085511910,"06","085","511910",3042,37.214474,-121.870492,"Census Tract 5119.10, Santa Clara County, California",NA,1059,36,7.8,2.89,3.49,2.2,2.5,1.5,11.6,22.9,54.5,2.5,0,2.4,0,0,0,23.9,55.7,20.4,94.4,5.6,167557,195043
"7238",6085511911,"06","085","511911",4806,37.223716,-121.846879,"Census Tract 5119.11, Santa Clara County, California",968100,1850,44,6.2,2.7,3.09,1.7,4.6,25.5,30,16.3,11,5.9,1.8,3.2,1.2,12.6,16.5,31.5,30.3,7.9,81.2,18.8,103250,140336
"7239",6085511912,"06","085","511912",5440,37.206117,-121.834303,"Census Tract 5119.12, Santa Clara County, California",NA,1735,23,7.1,3.2,3.53,0,2.8,6.5,32.5,51.1,5.8,0.4,0,0.9,0.7,0,5.4,26.5,50.6,16.8,84.6,15.4,136929,155601
"7240",6085511913,"06","085","511913",4295,37.227493,-121.891508,"Census Tract 5119.13, Santa Clara County, California",874500,1442,22,7.7,3.11,4.95,0,0.8,2,3.4,58.7,30.9,0.5,0,3.7,0,1.9,0.5,16.8,62.8,18.1,98.5,1.5,145972,190712
"7241",6085511914,"06","085","511914",5684,37.229629,-121.876851,"Census Tract 5119.14, Santa Clara County, California",880700,1971,0,7.3,2.98,2.81,0,0,6.6,17.7,51.5,21,1.4,0.6,1.3,0,0.6,3.7,30.4,49.8,15.6,90.9,9.1,143512,173281
"7242",6085511915,"06","085","511915",3806,37.245365,-121.880685,"Census Tract 5119.15, Santa Clara County, California",554600,1285,39,4.2,2.48,3.13,0,1.6,18.7,7.2,25.8,30.5,9.6,6.5,0,0,26,50.1,16.4,4.8,2.6,29,71,44673,61879
"7243",6085511916,"06","085","511916",4669,37.237476,-121.89688,"Census Tract 5119.16, Santa Clara County, California",739200,1665,32,5.9,2.72,1.9,0.9,0,21.5,26.3,9.8,31.5,8.8,1.2,0,2.9,7.9,11.7,46.1,25.5,5.9,72.6,27.4,121224,133619
"7244",6085512001,"06","085","512001",6774,37.25802,-121.778697,"Census Tract 5120.01, Santa Clara County, California",630300,2045,38,6.3,3.41,3.9,9.9,2.7,41.3,16.3,24.1,2.8,2.8,0,0,0.4,3,11.6,31.6,40,13.4,84.9,15.1,139207,161416
"7245",6085512005,"06","085","512005",6711,37.269753,-121.865127,"Census Tract 5120.05, Santa Clara County, California",608600,2217,41,6.6,3.04,3.78,0,1.3,1.4,5.3,54.5,33.6,2.8,1,0,0,1.1,7.5,40.9,39.3,11.1,82.8,17.2,101583,124719
"7246",6085512017,"06","085","512017",7804,37.272208,-121.814603,"Census Tract 5120.17, Santa Clara County, California",468000,2213,142,5.8,3.7,4.26,5.4,9.7,5.6,15.8,35.5,19.3,6.6,0,2.1,0,5,17,46,27.6,4.4,54,46,80458,91441
"7247",6085512019,"06","085","512019",4737,37.271221,-121.845376,"Census Tract 5120.19, Santa Clara County, California",607400,1583,18,5.4,2.92,3.04,2.3,5.7,5.2,13.6,60.3,10.6,0,2.1,0,2.1,9.9,18.4,29.6,35.2,4.7,65,35,85602,93476
"7248",6085512020,"06","085","512020",6858,37.273003,-121.83594,"Census Tract 5120.20, Santa Clara County, California",510500,2780,108,3,3.76,2.4,2.4,18.3,18.3,24.5,30,4.9,0,0,1.5,15.8,44.3,19.6,10.6,8.3,1.4,12.5,87.5,72400,80887
"7249",6085512021,"06","085","512021",6087,37.263571,-121.823632,"Census Tract 5120.21, Santa Clara County, California",462300,2065,48,5.7,2.66,4.03,0,0.8,6.4,34.4,47.9,10.5,0,0,0,0.7,1.6,28.4,36.3,28.2,4.8,86.6,13.4,92946,108230
"7250",6085512022,"06","085","512022",5374,37.254846,-121.812549,"Census Tract 5120.22, Santa Clara County, California",99200,1870,125,4.7,2.85,3.41,2.4,4.5,14.8,19.6,47.6,8.9,1.4,0.3,0.5,6.7,9,42.2,29.5,12.6,0,58,42,59740,74963
"7251",6085512023,"06","085","512023",5418,37.255101,-121.825166,"Census Tract 5120.23, Santa Clara County, California",355000,2015,118,4.2,2.53,3.44,0,2.1,2.6,30.6,50.6,10.5,1.6,0,2.1,9.8,5.4,49.6,25,10.2,0,54.9,45.1,67781,79106
"7252",6085512024,"06","085","512024",4670,37.260659,-121.864269,"Census Tract 5120.24, Santa Clara County, California",555200,1710,73,5.4,2.63,2.71,0,10.9,12.5,5.7,51.8,14.9,2.6,0,1.6,6.8,8.8,11.5,48.2,20.4,4.3,64.3,35.7,83835,93824
"7253",6085512025,"06","085","512025",3203,37.26167,-121.851259,"Census Tract 5120.25, Santa Clara County, California",639100,1095,15,6.5,3.07,2.89,1.2,6.9,6.6,6.8,71.9,4.1,1.3,0,1.3,0.6,6.6,0,28,52.6,12.1,81.9,18.1,96471,121133
"7254",6085512026,"06","085","512026",3871,37.255372,-121.83765,"Census Tract 5120.26, Santa Clara County, California",427400,1378,0,5,2.91,3.37,1.1,1.4,4,25,51.2,11.6,3.6,1.6,0.6,0,1.7,38.9,42.3,17.1,0,80.1,19.9,58300,79707
"7255",6085512027,"06","085","512027",4085,37.25278,-121.859914,"Census Tract 5120.27, Santa Clara County, California",599800,1605,107,4.1,3.12,2.62,0.7,3.7,12.9,27.7,28.2,22.4,1.9,0.6,1.9,6.8,28.7,22.7,16.9,23.6,1.3,28.8,71.2,61611,82899
"7256",6085512029,"06","085","512029",6892,37.247895,-121.815835,"Census Tract 5120.29, Santa Clara County, California",487500,2345,22,5.7,2.76,3.67,0.6,0.6,0,21.4,13.9,60.3,3.2,0,0,1.2,10,14.2,36.6,29.8,8.1,84.2,15.8,92686,113348
"7257",6085512030,"06","085","512030",3074,37.232688,-121.823157,"Census Tract 5120.30, Santa Clara County, California",609900,973,63,6.6,2.82,2.64,0,0,0,4.6,26,60.9,3.2,0,5.2,0,3.1,4.4,29.8,46.9,15.8,93.3,6.7,125766,136547
"7258",6085512031,"06","085","512031",4406,37.231591,-121.809631,"Census Tract 5120.31, Santa Clara County, California",620600,1396,18,6.4,3.17,4.1,0,0,0,3,60.4,33.5,1.1,0.9,1.1,0,0.9,3,36.4,57.2,2.5,86.9,13.1,109063,121199
"7259",6085512032,"06","085","512032",3389,37.226568,-121.78456,"Census Tract 5120.32, Santa Clara County, California",510800,1060,0,6.2,3.45,3.32,0,1.3,0,0,80.7,16.2,1,0,0.8,0,0,10.6,42.4,38.8,8.3,82.9,17.1,120306,114960
"7260",6085512033,"06","085","512033",6125,37.232978,-121.797357,"Census Tract 5120.33, Santa Clara County, California",594200,1968,74,6.3,3.18,2.9,0,1.4,16,11.6,47,15.7,4.6,1.8,2,3.9,2.5,19.4,27.7,36,10.6,76,24,110192,124699
"7261",6085512034,"06","085","512034",3101,37.229135,-121.77115,"Census Tract 5120.34, Santa Clara County, California",538600,1044,0,5.8,2.88,2.71,0,0,0,12.3,65.8,17,2.4,0,2.6,0,0,11.6,58,21.6,8.7,87.3,12.7,86400,102490
"7262",6085512035,"06","085","512035",4172,37.224334,-121.764702,"Census Tract 5120.35, Santa Clara County, California",610400,1394,37,6.3,3.13,2.24,0,0.6,8.4,6.9,75,8.2,0,0.9,0,2.8,4.7,1.9,31.9,44.9,13.7,82.4,17.6,104628,115177
"7263",6085512036,"06","085","512036",4585,37.240326,-121.810389,"Census Tract 5120.36, Santa Clara County, California",767100,1773,141,4.2,3.32,2.28,4.2,56.2,17.6,0,12.1,9.9,0,0,0,11.3,19.4,26.6,18.2,17.1,7.4,34.3,65.7,98548,120522
"7264",6085512037,"06","085","512037",3214,37.240936,-121.825154,"Census Tract 5120.37, Santa Clara County, California",616300,980,49,6.5,3.02,4.4,0,1.1,0,0.7,42.9,43.7,10,1.6,0,0,0,1,46.4,48,4.6,93.6,6.4,94494,105345
"7265",6085512038,"06","085","512038",2847,37.236852,-121.766568,"Census Tract 5120.38, Santa Clara County, California",360300,1096,69,4.6,2.87,3.05,2,20,59.4,4.8,12.9,0,0.9,0,0,6.3,3.6,55.7,16.3,18.1,0,53.7,46.3,91629,95868
"7266",6085512039,"06","085","512039",4784,37.248858,-121.786204,"Census Tract 5120.39, Santa Clara County, California",528500,1340,63,6,3.65,4.26,0,2.8,3.4,42.8,44,3.7,3.4,0,0,0,0,7.7,47.9,40.3,4.1,78,22,106989,111848
"7267",6085512042,"06","085","512042",2841,37.265625,-121.813658,"Census Tract 5120.42, Santa Clara County, California",579900,846,38,5.3,3.86,2.7,12.3,0,6.9,5.8,35.8,26.5,9.9,2.8,0,8,18.1,7.8,35.6,29.6,0.9,61.4,38.6,74861,78325
"7268",6085512043,"06","085","512043",6129,37.261878,-121.805682,"Census Tract 5120.43, Santa Clara County, California",440700,1649,29,4.7,4.41,4.09,1.5,3.6,29.6,7.5,21.5,34.5,0.7,1.2,0,0,6.1,44.4,34.9,13.1,1.5,35.2,64.8,43039,54442
"7269",6085512045,"06","085","512045",5602,37.238794,-121.835296,"Census Tract 5120.45, Santa Clara County, California",588100,1851,51,6.4,2.89,3.73,0,0,3.1,2.4,33.7,58.3,2.4,0,0,0,0,1.2,55.9,39.5,3.3,90.4,9.6,100938,119318
"7270",6085512047,"06","085","512047",5461,37.241084,-121.844472,"Census Tract 5120.47, Santa Clara County, California",615200,1733,60,6.6,3.55,2.96,0,0.6,0,9.9,36.1,44.9,5,3.1,0.5,0,0.6,11.3,39.1,41.7,7.3,79.8,20.2,98722,104809
"7271",6085512052,"06","085","512052",3988,37.246029,-121.863443,"Census Tract 5120.52, Santa Clara County, California",373200,1807,199,4.1,2.15,2.43,3.6,7,33.8,24.6,19.5,9.2,1,0,1.3,7.7,12.8,55.6,18.2,5,0.6,41.8,58.2,69750,80595
"7272",6085512053,"06","085","512053",4534,37.244781,-121.85315,"Census Tract 5120.53, Santa Clara County, California",592500,1602,35,5.8,2.95,3.24,0,2.3,1.1,9.1,60.2,25.9,0.5,0.9,0,6.4,0,29.3,19,41.6,3.7,64.8,35.2,81750,95148
"7273",6085512100,"06","085","512100",1666,37.173911,-121.707336,"Census Tract 5121, Santa Clara County, California",811000,543,36,6,3.34,4.12,1.8,3.3,4.2,14.2,27.8,10.1,18.6,4.6,15.3,0,8.1,10.9,43.1,26.5,11.4,72.4,27.6,79688,114675
"7274",6085512200,"06","085","512200",4014,37.050485,-121.674319,"Census Tract 5122, Santa Clara County, California",884700,1639,69,7,2.83,2.18,6.8,23.6,11.2,13.3,17.3,9.5,3.4,4,10.9,2.7,11.6,8.3,21.3,39.7,16.5,84.6,15.4,123587,154593
"7275",6085512305,"06","085","512305",3936,37.129296,-121.671487,"Census Tract 5123.05, Santa Clara County, California",887200,1393,143,6.8,2.98,2.22,3.6,11,16.9,23.5,27.4,4.6,2.9,1.9,8.3,0,5.2,12.8,35,27,20,84.3,15.7,134167,163935
"7276",6085512307,"06","085","512307",6344,37.100676,-121.642016,"Census Tract 5123.07, Santa Clara County, California",579700,2387,233,6.6,2.89,2.6,2.1,9.8,21.9,19,30.5,12.4,2.5,0,1.8,0.6,2.2,22.1,25.6,35.1,14.5,83.7,16.3,95357,119714
"7277",6085512308,"06","085","512308",7006,37.149645,-121.625139,"Census Tract 5123.08, Santa Clara County, California",811800,2328,48,7.5,3.08,3.36,8.8,7.6,19.9,19.7,32.6,4.6,4.2,1,1.6,0,1.3,6,28.6,49.8,14.3,87,13,129583,147609
"7278",6085512309,"06","085","512309",4996,37.136197,-121.605037,"Census Tract 5123.09, Santa Clara County, California",686700,1775,64,7.3,2.7,3.32,0.6,2.5,20,24.6,41.9,5.5,3.3,0.8,0.8,0,0,16.8,31.1,37.5,14.6,85.6,14.4,115114,145311
"7279",6085512310,"06","085","512310",3791,37.120817,-121.636443,"Census Tract 5123.10, Santa Clara County, California",427000,1296,16,4.8,2.8,3.19,14.6,17.3,37.2,9.3,13.2,4.7,1.4,0.8,1.5,1.3,9.6,38.3,31.6,16.4,2.8,50.9,49.1,54444,76501
"7280",6085512311,"06","085","512311",3314,37.145995,-121.658521,"Census Tract 5123.11, Santa Clara County, California",506400,1106,151,5.7,3.03,4.64,8.7,20.8,25.4,8.4,31.4,0,5.3,0,0,0,7.7,16.3,46.5,24.5,5.1,85.5,14.5,83750,98935
"7281",6085512312,"06","085","512312",2899,37.133261,-121.643539,"Census Tract 5123.12, Santa Clara County, California",603600,952,137,6.4,3.27,2.69,0,5.1,57.9,22.7,9.3,4.4,0.5,0,0,0,3,12.7,34,35.8,14.4,84.7,15.3,121992,147545
"7282",6085512313,"06","085","512313",3887,37.119979,-121.651709,"Census Tract 5123.13, Santa Clara County, California",614500,1206,77,5,3.18,3.24,1.2,8.1,22.2,33.1,21.3,7.2,2.7,0,4.1,0,3.3,41.5,39.6,8.9,6.7,47.6,52.4,77103,101251
"7283",6085512314,"06","085","512314",5932,37.130437,-121.6617,"Census Tract 5123.14, Santa Clara County, California",530500,2060,66,5,2.71,3.95,5.8,4.2,8,16.5,24.8,15.3,13.1,4.9,7.5,9.1,2.9,34.8,34.5,12.1,6.6,50.3,49.7,65913,80932
"7284",6085512401,"06","085","512401",4782,37.067048,-121.593034,"Census Tract 5124.01, Santa Clara County, California",900800,1595,29,6,3.24,2.98,0.7,11,6.6,11.5,25.1,19.8,7.3,6.6,11.3,2.8,5.4,17.9,38.2,27.9,7.8,75.4,24.6,79213,106109
"7285",6085512402,"06","085","512402",5167,37.09042,-121.587158,"Census Tract 5124.02, Santa Clara County, California",859200,1699,75,6.7,3.27,4.13,2.6,2,8.1,17.4,35.4,10.1,5.4,6.6,12.2,1.2,1.6,9.7,43.7,31.2,12.6,91.7,8.3,113125,144385
"7286",6085512503,"06","085","512503",7726,37.026126,-121.60817,"Census Tract 5125.03, Santa Clara County, California",650600,2477,81,7.2,3.3,3.77,3.7,17.9,43.7,21.2,9.6,1.9,0.8,1.3,0,0.6,0,5.6,29.5,50.9,13.4,92.4,7.6,128400,130058
"7287",6085512505,"06","085","512505",7295,37.021192,-121.593019,"Census Tract 5125.05, Santa Clara County, California",440400,2144,89,5.5,3.46,3.6,2.8,33,15.3,19.3,20.8,8.3,0.6,0,0,0.8,8.4,20,33.8,31.1,5.9,55,45,69018,87834
"7288",6085512506,"06","085","512506",6686,37.02323,-121.582079,"Census Tract 5125.06, Santa Clara County, California",406000,1849,83,5.3,3.38,3.94,1,9.8,23,18,10.4,17.1,15,5.6,0,2.4,2,20,46.6,28.3,0.6,54.5,45.5,62308,75336
"7289",6085512508,"06","085","512508",7955,37.003793,-121.57729,"Census Tract 5125.08, Santa Clara County, California",523200,2668,0,5.4,3.1,3.08,4.3,0.3,7.7,12.8,20.1,17.7,20.3,5.2,11.7,0,16.2,18.9,37.6,20.8,6.5,55.6,44.4,65352,77380
"7290",6085512509,"06","085","512509",4111,36.992918,-121.571211,"Census Tract 5125.09, Santa Clara County, California",474000,1203,0,6.6,3.26,2.16,2.7,6.7,37.3,21.9,18.8,7.1,3.3,0,2.1,0,0,23.4,35.1,30.4,11.1,82.5,17.5,78625,100340
"7291",6085512510,"06","085","512510",6194,37.003788,-121.593143,"Census Tract 5125.10, Santa Clara County, California",585700,2263,224,6.3,2.88,2.29,14.6,27.3,4.6,10.7,30.6,8.5,3.3,0.3,0,3,14.2,8.9,29.2,28,16.7,67,33,88568,109199
"7292",6085512602,"06","085","512602",2997,37.016916,-121.527777,"Census Tract 5126.02, Santa Clara County, California",NA,899,107,5.2,2.71,4.17,0,3.6,5.2,15.6,25.5,7.7,8.8,9.1,24.6,5.8,5.5,19.4,41.2,23.9,4.3,46.2,53.8,64314,85841
"7293",6085512603,"06","085","512603",3954,37.006861,-121.564889,"Census Tract 5126.03, Santa Clara County, California",284200,1066,109,3.9,2.87,3.71,0,8.3,19.1,7.1,10.7,7.4,13.2,8.7,25.3,11.4,14.6,41.9,23.5,7.2,1.2,20.8,79.2,41458,51865
"7294",6085512604,"06","085","512604",4505,37.016276,-121.568113,"Census Tract 5126.04, Santa Clara County, California",247000,1133,21,4.8,2.91,3.98,10.2,13.9,13.6,4.5,28.7,11.2,2.3,0,15.6,1.9,3.2,44.6,31.2,19.1,0.1,38.6,61.4,34038,53302
"7295",6085513000,"06","085","513000",8215,37.424989,-122.159762,"Census Tract 5130, Santa Clara County, California",772700,2456,245,3.3,2.75,1.95,7.9,20.3,23.8,14.3,12,9.4,9,1.3,2.1,24,24.6,41.9,6.3,3.2,0,0.9,99.1,33523,46601
"7296",6085513500,"06","085","513500",1144,37.201066,-121.549789,"Census Tract 5135, Santa Clara County, California",NA,347,42,6.5,2.91,1.97,0,14.4,9.5,15.3,22.8,15,6.9,5.8,10.4,0,2.3,17.3,47.8,15,17.6,66.2,33.8,86250,369522
"7297",6087100100,"06","087","100100",2163,36.990528,-121.998761,"Census Tract 1001, Santa Cruz County, California",697100,843,62,6,2.78,2.47,6.8,2.5,6.9,4.6,20.3,26.2,11.6,16.6,4.5,0,4.4,18.3,45.7,21,10.7,83.6,16.4,118221,130059
"7298",6087100200,"06","087","100200",7071,36.98444,-122.013844,"Census Tract 1002, Santa Cruz County, California",652100,2808,101,4.9,2.45,2.66,3.4,2.3,5.1,7.8,18.2,11.4,12.4,17.7,21.7,1.5,15.7,36.7,38.6,6.9,0.5,56.4,43.6,65066,83986
"7299",6087100300,"06","087","100300",3380,36.981431,-122.041709,"Census Tract 1003, Santa Cruz County, California",876800,1303,80,5.5,2.18,3.25,3.1,1.5,6.6,8.5,14.7,17,19.4,4.8,24.4,3.1,10.7,24.4,37.1,14.7,10.1,60.4,39.6,84330,133754
"7300",6087100400,"06","087","100400",7331,36.995506,-122.059229,"Census Tract 1004, Santa Cruz County, California",302800,481,22,4.7,2.27,2.67,1.5,0,1.7,22.9,31.8,36.8,0,2.3,3.1,9.1,0,54.3,10,23.1,3.5,36.8,63.2,50170,71881
"7301",6087100500,"06","087","100500",5370,36.969066,-122.054276,"Census Tract 1005, Santa Cruz County, California",735700,2298,284,4.9,2.55,2.67,0.7,0.1,11.8,20.2,38.8,14.4,5.8,5.9,2.2,1.9,13.3,36.2,24,22.9,1.8,62.1,37.9,88155,103070
"7302",6087100600,"06","087","100600",3341,36.969726,-122.041234,"Census Tract 1006, Santa Cruz County, California",711700,1399,154,5.4,2.62,2.82,2.3,0,2.3,1.1,4.9,7.4,18.4,12.7,50.9,1.8,13.6,28.7,32.3,19.7,3.9,60.4,39.6,78177,89160
"7303",6087100700,"06","087","100700",2632,36.975845,-122.029537,"Census Tract 1007, Santa Cruz County, California",601600,1103,149,3.1,2.09,1.63,3.2,4.8,10.9,6,6.1,14,9.5,2.1,43.5,19.2,38.2,17.7,18.6,4.3,2.1,25.7,74.3,43977,64771
"7304",6087100800,"06","087","100800",6873,36.973193,-122.015251,"Census Tract 1008, Santa Cruz County, California",645000,3303,221,4,2.85,2.48,2.5,1.6,4.7,5.2,21.3,13.2,11.6,12.4,27.5,2.9,31.8,37.1,16.2,8.6,3.3,27.5,72.5,54409,65512
"7305",6087100900,"06","087","100900",4236,36.973338,-122.005447,"Census Tract 1009, Santa Cruz County, California",723500,2351,395,4.2,2.4,1.94,1,4.6,6,15.2,18.5,12.5,9.1,7,26.1,13.2,18.3,39.1,25.5,1.8,2,37.4,62.6,59148,78787
"7306",6087101000,"06","087","101000",7866,36.967017,-122.027399,"Census Tract 1010, Santa Cruz County, California",553100,3767,436,3.4,2.57,2.15,1,11.8,14.5,10.2,14.5,6.4,6.2,10.4,24.9,15.6,34.6,31.3,16.5,1.7,0.3,15.4,84.6,33781,46928
"7307",6087101100,"06","087","101100",5444,36.958414,-122.035877,"Census Tract 1011, Santa Cruz County, California",761600,2481,180,5,2.69,2.44,2.7,1.3,6.9,2.7,14.9,14.1,20.9,11.9,24.7,3.3,17.7,32.2,29.8,16.1,0.9,58.6,41.4,81736,108481
"7308",6087101200,"06","087","101200",3132,36.954415,-122.050898,"Census Tract 1012, Santa Cruz County, California",679200,1368,94,5.1,2.65,2.47,6.8,9.7,2,2.1,22.1,23.8,29,3.1,1.2,1,13.1,26.3,42.3,17.3,0,61.7,38.3,74474,84150
"7309",6087110100,"06","087","110100",7466,36.920559,-121.744506,"Census Tract 1101, Santa Cruz County, California",364100,2530,110,4.8,2.86,3.46,5.2,14.5,1.9,14.1,33,11.7,7.5,3.3,8.7,1.2,8.7,51.4,30,7.7,1,54.8,45.2,42500,59169
"7310",6087110200,"06","087","110200",7399,36.923904,-121.755165,"Census Tract 1102, Santa Cruz County, California",485700,2257,79,5.2,3.26,3.52,3.2,1.6,7.9,6.8,10.9,12.1,19.7,19,18.8,1.9,10,28.8,49.8,9.4,0,56.3,43.7,53636,77303
"7311",6087110300,"06","087","110300",6710,36.911827,-121.755135,"Census Tract 1103, Santa Cruz County, California",368500,1866,103,4,4.64,3.67,0.5,2.1,10.8,7.3,13,10.9,8.6,7.5,39.3,14.6,16,41.5,19.6,7.7,0.6,16.5,83.5,33080,36900
"7312",6087110400,"06","087","110400",7976,36.910035,-121.770729,"Census Tract 1104, Santa Cruz County, California",444800,2110,172,4.4,4.07,3.95,15.2,28.7,9,8.7,8.8,4.5,3.5,5.3,16.5,4,21.8,25.5,19.4,27.6,1.7,44.6,55.4,47938,59249
"7313",6087110501,"06","087","110501",7646,36.920505,-121.769529,"Census Tract 1105.01, Santa Cruz County, California",330700,2130,154,4.4,3.82,3.15,5.7,1.8,13.5,30,22.8,7.7,6.8,3.7,8,5.3,8.9,49.4,31.4,5,0,46.5,53.5,43173,52294
"7314",6087110502,"06","087","110502",6088,36.92991,-121.76983,"Census Tract 1105.02, Santa Cruz County, California",315100,1527,52,5.2,3.97,4.9,6.9,5.6,11.5,9,25.1,6.9,17.3,9,8.6,3.8,2.4,30.6,50.9,11.8,0.5,53.8,46.2,51673,64847
"7315",6087110600,"06","087","110600",8349,36.930804,-121.7816,"Census Tract 1106, Santa Cruz County, California",293400,2288,14,4.8,3.96,3.15,1.6,16.9,13.6,12.3,25.8,16.7,6.5,3.5,3.2,5,15.8,24,40.6,13.9,0.7,51.5,48.5,45682,50809
"7316",6087110700,"06","087","110700",3357,36.940365,-121.790957,"Census Tract 1107, Santa Cruz County, California",421600,870,46,5.1,3.57,4.04,0,1,1.4,9.7,14.3,13.4,17.2,17.7,25.3,0,7.4,28,44.7,17,2.9,63.1,36.9,49444,68711
"7317",6087120200,"06","087","120200",4283,37.069531,-122.160577,"Census Tract 1202, Santa Cruz County, California",682300,1688,149,5.3,2.62,2.3,3.5,3.9,5.2,13.9,25.3,14.9,11.3,8.7,13.4,3.4,9.1,26.7,43.1,13.7,4,77.3,22.7,86512,102944
"7318",6087120301,"06","087","120301",5180,37.082867,-122.092467,"Census Tract 1203.01, Santa Cruz County, California",551700,2346,243,5,2.44,2.31,1.2,0.9,4.6,12,16,17.4,21.3,11.1,15.4,2.7,13.9,32.7,37.2,11.9,1.6,77.4,22.6,82269,112667
"7319",6087120302,"06","087","120302",2602,37.080632,-122.086339,"Census Tract 1203.02, Santa Cruz County, California",534700,1144,137,4.6,2.7,2.47,0,1.3,2.2,7.1,13.9,13.9,18.4,21.5,21.7,6.3,18.7,29.5,33,8.7,3.8,62.3,37.7,83826,85424
"7320",6087120400,"06","087","120400",4993,37.129689,-122.127686,"Census Tract 1204, Santa Cruz County, California",475700,2510,362,5.1,2.37,2.29,2.4,2.7,2.2,8.8,11.4,14.1,21.7,10.2,26.3,1.5,18.1,36.2,30.4,12.2,1.7,67.6,32.4,81607,97458
"7321",6087120500,"06","087","120500",5687,37.162207,-122.084153,"Census Tract 1205, Santa Cruz County, California",727100,2809,286,5.4,2.43,1.97,0.5,4.7,10.5,18.7,25.4,13.2,9.4,7.2,10.5,3.6,16.2,25.5,36.2,14.5,3.9,79.2,20.8,95536,137227
"7322",6087120600,"06","087","120600",4733,37.084688,-122.05911,"Census Tract 1206, Santa Cruz County, California",569600,1982,124,5.4,2.61,2.26,0,0.4,2.8,11.1,29.5,16.4,11.6,11.4,16.9,1.6,10.4,26.1,46.4,12.2,3.3,78.2,21.8,85000,92218
"7323",6087120700,"06","087","120700",4120,37.033851,-122.064724,"Census Tract 1207, Santa Cruz County, California",574900,2056,319,4.8,2.66,2.09,4.7,3.7,4.6,8.7,15.8,12,10.1,13,27.4,5.7,16.3,36.4,29.2,6.8,5.5,74.3,25.7,72986,102184
"7324",6087120800,"06","087","120800",5863,37.028704,-122.031544,"Census Tract 1208, Santa Cruz County, California",722000,2470,59,6,2.62,1.76,3.4,1.9,9.7,15.7,26,29.3,9.7,1.9,2.3,1.8,6.9,24.6,41.7,17,8,79.7,20.3,92819,128811
"7325",6087120900,"06","087","120900",8360,37.060176,-122.01536,"Census Tract 1209, Santa Cruz County, California",650600,3334,275,5.3,2.69,2.37,2.9,9.1,21.2,18.2,25.5,6.4,10.7,2.8,3.3,0.4,6.4,36.4,36.4,14,6.3,72,28,117277,126350
"7326",6087121000,"06","087","121000",3423,37.103127,-121.937636,"Census Tract 1210, Santa Cruz County, California",852200,1516,277,6,2.55,2.59,2,0.6,8.4,17,30.9,17,9.9,6.3,7.9,2.8,9.3,20.6,42.5,23.9,0.8,82.9,17.1,107785,141405
"7327",6087121100,"06","087","121100",2963,37.019503,-121.960864,"Census Tract 1211, Santa Cruz County, California",626900,1168,23,5.4,2.39,2.63,5.3,12.2,4.9,25.9,23.4,17.6,1.4,5.1,4.4,2,11.6,25.9,37,19.4,4,90,10,83380,130568
"7328",6087121200,"06","087","121200",6114,37.031407,-122.001469,"Census Tract 1212, Santa Cruz County, California",830300,2507,92,6.1,2.72,2.35,1.6,3,12.7,12.4,23.1,15.8,8.5,8.9,14,6.7,7.1,14.4,38.1,27,6.7,73.5,26.5,103438,132206
"7329",6087121300,"06","087","121300",4144,36.993882,-121.976371,"Census Tract 1213, Santa Cruz County, California",647000,1685,82,5,2.77,2.53,0.7,2.5,12.2,23.4,23.3,27.4,7.5,2.1,0.8,3.4,19.2,22.1,42.7,10.5,2.1,60.9,39.1,67875,93100
"7330",6087121401,"06","087","121401",2683,36.981185,-121.986272,"Census Tract 1214.01, Santa Cruz County, California",585300,927,8,4.8,2.35,2.24,2.4,0,5.2,18.3,20.4,16.8,14.3,7.7,14.9,1.5,12.1,30.7,49.5,2.4,3.8,66.8,33.2,57361,69611
"7331",6087121402,"06","087","121402",4373,36.975779,-121.97872,"Census Tract 1214.02, Santa Cruz County, California",501100,1598,71,4.3,2.78,2.63,3.4,9.8,14.1,15.5,15.2,21.3,4.1,10.2,6.4,4.1,17.6,36.4,31.5,6.4,4.1,59.7,40.3,59940,70976
"7332",6087121403,"06","087","121403",3362,36.97417,-121.991206,"Census Tract 1214.03, Santa Cruz County, California",475000,1425,82,4.6,2.27,2.27,1.8,6.3,8.5,22.5,18.6,19.6,8.4,8.6,5.8,0.6,10,45.5,37.1,4.2,2.6,57.6,42.4,58495,74615
"7333",6087121500,"06","087","121500",4917,36.964776,-121.988205,"Census Tract 1215, Santa Cruz County, California",492200,2795,651,4.2,2.46,2.15,0.9,2.9,4.2,20,28.3,16,10.8,4.2,12.7,2.3,22.4,42.6,28.2,4.5,0,38.7,61.3,49335,75174
"7334",6087121600,"06","087","121600",6159,36.96234,-121.971121,"Census Tract 1216, Santa Cruz County, California",561600,3141,597,4.4,2.22,1.99,1.8,9.7,6.3,9.2,16.6,16.9,13.3,18.7,7.4,0.8,16.5,46,33.7,2.6,0.4,56.5,43.5,63197,81026
"7335",6087121700,"06","087","121700",7458,36.974443,-121.964895,"Census Tract 1217, Santa Cruz County, California",424800,3367,352,4.2,2.2,2.51,4.8,6.1,7.6,11.2,36.1,15.8,9.1,4.8,4.5,1,12.9,54.9,28.2,2.5,0.4,54,46,51214,67927
"7336",6087121800,"06","087","121800",4796,36.979053,-121.948283,"Census Tract 1218, Santa Cruz County, California",635500,2831,560,4.2,2.13,2.08,1.5,2.1,4.8,8.3,32.6,25.6,7,4.2,13.9,5.8,18.6,49.5,17.8,7.3,1.1,37.4,62.6,55257,78645
"7337",6087122001,"06","087","122001",4909,37.000998,-121.940737,"Census Tract 1220.01, Santa Cruz County, California",841500,1965,125,5.7,2.56,2.43,3.4,0.9,10,21.2,25.8,15.1,8.3,6.8,8.5,1.8,8.5,22.5,42.2,20.3,4.6,70,30,77683,116177
"7338",6087122002,"06","087","122002",3349,37.000884,-121.870615,"Census Tract 1220.02, Santa Cruz County, California",821800,1394,63,6.1,2.61,2.55,3.1,3.4,7.6,21.2,35.2,10.5,7.1,0.7,11.2,0,10.5,17.1,40.4,24.4,7.7,81.9,18.1,91394,123503
"7339",6087122003,"06","087","122003",6543,36.986215,-121.932677,"Census Tract 1220.03, Santa Cruz County, California",506400,2778,54,5.1,2.28,2.7,1.3,5.7,10.7,30.1,20.4,17.6,7.7,4.3,2.2,0,10,41.1,32.4,15.6,0.8,71.8,28.2,71925,80778
"7340",6087122100,"06","087","122100",3267,36.976924,-121.915206,"Census Tract 1221, Santa Cruz County, California",577500,1898,425,4.5,2.11,2.16,5,1.7,0.9,21.7,19.4,21.3,15.4,5.2,9.5,6.4,15.2,45.8,27.9,3.1,1.7,53.4,46.6,57450,71713
"7341",6087122201,"06","087","122201",6269,36.974633,-121.88421,"Census Tract 1222.01, Santa Cruz County, California",720500,3429,721,5.6,2.23,2.86,2.6,0,12.5,9.7,28,28.9,5.7,8.1,4.5,0.4,7.1,25.9,48.5,14.9,3.3,69.4,30.6,75039,96558
"7342",6087122202,"06","087","122202",2221,36.965938,-121.877579,"Census Tract 1222.02, Santa Cruz County, California",757900,910,50,6.1,2.44,2.87,0,14.9,4,11.6,43.7,18,4,0,3.7,0,4.1,15.1,58.8,20.3,1.8,86.5,13.5,90769,122811
"7343",6087122203,"06","087","122203",3622,36.957691,-121.878145,"Census Tract 1222.03, Santa Cruz County, California",827200,1728,254,5.4,2.54,2.15,1.7,2.5,5.7,30.4,35.2,14.5,4.9,1.7,3.4,3.6,5.2,31.8,38.5,19.4,1.4,66.4,33.6,99138,124830
"7344",6087122300,"06","087","122300",3943,36.921851,-121.840234,"Census Tract 1223, Santa Cruz County, California",856500,2243,802,5,2.05,2.73,0.6,0.3,5.7,15.8,44,15.2,10.1,4.2,4.2,0,12.2,33.7,39.1,12.7,2.4,64.7,35.3,72350,97660
"7345",6087122400,"06","087","122400",7167,36.984059,-121.807581,"Census Tract 1224, Santa Cruz County, California",717100,2801,233,5.7,2.62,3.29,3.6,9.6,5.6,22.3,21.4,8.5,3.3,6.8,18.8,1.2,10.9,17.6,48.1,17.1,5.2,77.8,22.2,77344,96989
"7346",6087122500,"06","087","122500",6670,36.952405,-121.753678,"Census Tract 1225, Santa Cruz County, California",385900,1468,0,5.5,3.82,5.13,0,4.7,9.5,7.8,26.3,18.3,23.6,7.6,2.2,0,2.5,15.2,63.4,17.1,1.8,71.4,28.6,65391,78141
"7347",6087123100,"06","087","123100",2638,36.959131,-121.778671,"Census Tract 1231, Santa Cruz County, California",450000,823,24,5.1,2.99,3.55,2.1,9.6,1.1,20.8,27.1,24.3,5.3,6.1,3.6,0,1.2,38.8,43.1,16.9,0,73.2,26.8,48477,64144
"7348",6087123300,"06","087","123300",1741,36.946356,-121.708469,"Census Tract 1233, Santa Cruz County, California",799100,459,36,4.5,3.57,4.2,0,2.4,4.6,8.3,25.1,5,12.9,13.7,28.1,7.6,18.1,33.8,29.6,7.6,3.3,28.8,71.2,55450,70004
"7349",6087990100,"06","087","990100",0,36.921792,-122.030506,"Census Tract 9901, Santa Cruz County, California",NA,0,0,NA,NA,NA,NA,NA,NA,NA,NA,NA,NA,NA,NA,NA,NA,NA,NA,NA,NA,NA,NA,NA,NA
"7350",6089010100,"06","089","010100",1581,40.58236,-122.390378,"Census Tract 101, Shasta County, California",155100,766,71,3.7,2.02,1.56,0.9,0.9,8.1,7.7,14,17.2,10.8,11.9,28.5,9.3,40.2,30,19.3,1.2,0,17.8,82.2,22270,31603
"7351",6089010200,"06","089","010200",2078,40.580179,-122.378947,"Census Tract 102, Shasta County, California",224600,1165,48,4.5,2.06,1.89,1.3,1.6,9,3.9,26.2,14.2,31.3,10.3,2.1,1.9,14.3,47.3,28.9,5.2,2.3,38.1,61.9,38844,50151
"7352",6089010300,"06","089","010300",3833,40.580236,-122.345303,"Census Tract 103, Shasta County, California",239400,1590,71,4.7,2.29,2.45,4.3,1.4,7,30.4,26.4,19.6,7.9,2.2,0.8,3.1,7,42.1,42.9,3.1,1.8,46.9,53.1,42064,49713
"7353",6089010400,"06","089","010400",4417,40.552569,-122.378243,"Census Tract 104, Shasta County, California",244900,1776,175,5.4,2.19,2.43,6.7,3.9,7.1,5.7,12.1,12.4,22.5,20.6,8.8,6.3,6.6,21.8,54.5,9.6,1.2,60.3,39.7,31318,46454
"7354",6089010500,"06","089","010500",4928,40.577003,-122.400642,"Census Tract 105, Shasta County, California",242100,2167,255,4.4,2.63,2.28,3.4,3.5,2.7,9.2,18.3,22.5,15.4,14.8,10.2,5.6,12.4,42.6,32.9,6.5,0,36.8,63.2,28705,41779
"7355",6089010601,"06","089","010601",2492,40.563747,-122.41274,"Census Tract 106.01, Shasta County, California",352400,1028,0,6.3,2.66,2.27,5.4,23.2,30.9,15.6,17.8,0,7,0,0,0,0,5.7,63.4,29.8,1.1,80.1,19.9,70833,93183
"7356",6089010602,"06","089","010602",5429,40.580605,-122.422259,"Census Tract 106.02, Shasta County, California",298600,2281,273,5.8,2.7,2.64,6.8,6.6,11.6,14.7,16.3,25.2,11.8,5.2,1.8,0.6,10,24.9,41,20.7,2.8,71.7,28.3,62059,82585
"7357",6089010603,"06","089","010603",1394,40.582826,-122.463044,"Census Tract 106.03, Shasta County, California",378800,612,0,6.4,2.36,4.52,5.1,10.3,17.3,10.6,31,18.1,1.6,1.1,4.7,0,0,19.4,54.6,16.5,9.5,84,16,77167,90214
"7358",6089010702,"06","089","010702",3896,40.60152,-122.40576,"Census Tract 107.02, Shasta County, California",303700,1788,288,5.3,2.51,2.05,6,12.5,15.7,22.4,16.3,12.6,6.3,6.8,1.5,0,9.3,29.4,46.7,12.8,1.8,69.4,30.6,53816,67800
"7359",6089010703,"06","089","010703",3240,40.600807,-122.368244,"Census Tract 107.03, Shasta County, California",240100,1781,224,4.3,2.57,2.09,2.8,10.9,19.3,36.9,14.7,9,1.6,0,4.8,4.5,20.7,39.6,22,7.5,5.6,27.9,72.1,35795,42612
"7360",6089010704,"06","089","010704",4362,40.616446,-122.391903,"Census Tract 107.04, Shasta County, California",174700,2180,218,4.8,2.14,2.12,0.4,5.7,10.6,43.7,20.6,14.3,4.8,0,0,7.6,9.1,47.6,25.3,9.3,1.1,56.3,43.7,32500,43345
"7361",6089010803,"06","089","010803",4908,40.596631,-122.34943,"Census Tract 108.03, Shasta County, California",218700,2233,162,4.7,2.39,2.21,3.4,15,39.8,16.6,20.1,0.6,3.4,0,1.2,3,10,44.6,40.7,1.7,0,36,64,49449,57951
"7362",6089010804,"06","089","010804",2745,40.608034,-122.33018,"Census Tract 108.04, Shasta County, California",287000,882,33,5.9,2.46,2.28,23.9,17.3,40.6,5.1,1,1.4,10.7,0,0,0,7.5,22,43.9,25.7,0.9,82.2,17.8,80550,88198
"7363",6089010805,"06","089","010805",5006,40.581327,-122.321007,"Census Tract 108.05, Shasta County, California",270000,1991,250,5.2,2.54,3,11.9,8.4,35.9,24.1,6.6,6.6,1.5,3.6,1.5,0,1.9,20.4,65.2,12.5,0,60.3,39.7,51114,60448
"7364",6089010806,"06","089","010806",3192,40.622969,-122.377096,"Census Tract 108.06, Shasta County, California",164100,1585,206,4.7,2.32,2.25,6,11.1,3.7,25.1,25.8,14.8,4.1,4.4,5,3.1,11.9,50.9,30.5,3.7,0,57.2,42.8,29603,45413
"7365",6089010807,"06","089","010807",4362,40.624787,-122.348418,"Census Tract 108.07, Shasta County, California",320200,1761,56,6,2.65,2.46,4.7,9.1,43.6,22.1,10.7,5.6,1.8,1.8,0.7,1,3.6,12.3,62.6,20.5,0,79,21,63039,64327
"7366",6089010900,"06","089","010900",4293,40.557424,-122.362028,"Census Tract 109, Shasta County, California",226200,1635,117,4.6,2.56,2.38,3.9,4.5,3.1,14.3,32.1,15,19.9,2,5.2,6.2,12.8,31.9,33.6,10.3,5.3,40.4,59.6,30816,42400
"7367",6089011001,"06","089","011001",1668,40.529468,-122.455972,"Census Tract 110.01, Shasta County, California",389900,657,75,6.2,2.69,3.33,9.4,7.5,21.8,22.1,27.9,2.1,4.9,0,4.4,1.5,4.9,11.9,55.3,23.1,3.3,87.5,12.5,77083,106502
"7368",6089011002,"06","089","011002",5324,40.536194,-122.395944,"Census Tract 110.02, Shasta County, California",232200,2404,84,5.2,2.42,2.05,1.2,4.9,18.2,9.2,26.1,22.3,11.5,5.4,1.1,0,8.8,25.1,58.4,7.7,0,63.3,36.7,43333,53146
"7369",6089011100,"06","089","011100",3096,40.518045,-122.370303,"Census Tract 111, Shasta County, California",292300,1121,27,5.8,2.35,3.47,2.9,11.9,16.2,22.9,17.4,12.8,12.6,2,1.3,4,0.7,10.2,65.4,18.6,1.2,69.9,30.1,59590,69890
"7370",6089011209,"06","089","011209",6113,40.554816,-122.348601,"Census Tract 112.09, Shasta County, California",223300,2393,194,4.6,2.84,2.63,1.7,8.1,10.5,21.2,30.4,17.7,7.4,1,2.1,0,13.7,40.7,37.3,8.3,0,32.9,67.1,31801,36620
"7371",6089011300,"06","089","011300",5073,40.56747,-122.335153,"Census Tract 113, Shasta County, California",191100,2114,0,4.9,2.07,2.55,2.3,3.9,6.8,15.3,33.8,19.2,14.6,3.5,0.7,0.6,0,45.6,49.3,4.6,0,50.1,49.9,43872,45913
"7372",6089011401,"06","089","011401",3971,40.551116,-122.335391,"Census Tract 114.01, Shasta County, California",267500,1510,52,5.7,2.98,3.25,3,1.8,9.8,42,20.7,15.4,5.7,0.9,0.8,1.2,2.5,11.3,69.5,12,3.5,71.7,28.3,52833,71890
"7373",6089011402,"06","089","011402",3350,40.544986,-122.323188,"Census Tract 114.02, Shasta County, California",395100,1268,36,6.4,2.88,3.9,2.8,32.2,25.9,15.7,13.5,6.7,1.8,1.5,0,0,0.9,4.2,43.8,43.1,8,84.7,15.3,80500,102207
"7374",6089011403,"06","089","011403",2804,40.554398,-122.317663,"Census Tract 114.03, Shasta County, California",328400,961,86,6,3.14,4.4,19.4,9.8,15.7,12.9,16.4,17.2,6.8,1.9,0,0,2.9,8.7,54.5,32.3,1.6,72.1,27.9,75365,80277
"7375",6089011500,"06","089","011500",5485,40.496376,-122.312008,"Census Tract 115, Shasta County, California",251800,2331,25,5.7,2.51,4.02,5.3,11.1,10.5,16.8,20.3,22.2,8.2,2.7,2.9,0,0,26.1,56.2,16.4,1.2,84.6,15.4,49318,64796
"7376",6089011600,"06","089","011600",3877,40.650957,-122.409593,"Census Tract 116, Shasta County, California",178000,1631,157,5.1,2.58,2.78,2.2,8.5,10.2,16,25,20.6,13.4,2.6,1.6,1.2,6.7,44.3,37.8,10,0,69.3,30.7,26484,44608
"7377",6089011701,"06","089","011701",2240,40.660239,-122.361263,"Census Tract 117.01, Shasta County, California",335100,969,86,5.8,2.35,3.71,7.1,27.3,24.5,6.3,15.6,5.3,12.1,0,1.9,0,0.8,9.1,71.1,14,5,70,30,63490,64246
"7378",6089011702,"06","089","011702",3476,40.674638,-122.367539,"Census Tract 117.02, Shasta County, California",188700,1392,115,5.1,2.6,1.98,7.9,5,14,14.6,19,13.1,8.8,15.9,1.8,4.6,5,29.1,57.5,3.8,0,73.8,26.2,42938,43620
"7379",6089011703,"06","089","011703",3282,40.685185,-122.368144,"Census Tract 117.03, Shasta County, California",176700,1399,214,5,2.54,2.34,1.6,4.6,6.9,14,22.5,7.1,23.2,8.1,11.9,0,9.8,32.5,48.7,5.4,3.6,73.7,26.3,38438,43659
"7380",6089011801,"06","089","011801",2464,40.617076,-122.256043,"Census Tract 118.01, Shasta County, California",284200,936,105,5.5,3.11,1.71,11.9,4.4,4,14.5,46.6,6.1,3.5,4.3,4.8,0,4.3,16.9,61.9,13.6,3.4,90.1,9.9,54316,80432
"7381",6089011802,"06","089","011802",2442,40.660245,-122.287288,"Census Tract 118.02, Shasta County, California",327300,1025,12,5.8,2.69,1.17,1.7,2.5,17.7,37.5,27.5,5.1,2.9,3.9,1.3,1.3,1.1,22.4,50,23.7,1.5,93.7,6.3,62646,85173
"7382",6089011803,"06","089","011803",2923,40.700103,-122.318487,"Census Tract 118.03, Shasta County, California",241800,1353,189,5.2,2.43,3.63,5.5,10.3,19,20.6,14.7,10.6,10.7,3.8,4.8,0,5.3,32.7,44.9,15.3,1.8,78.9,21.1,41071,70757
"7383",6089011900,"06","089","011900",4511,40.552071,-122.249666,"Census Tract 119, Shasta County, California",370500,1838,57,6.3,2.66,2.36,2.4,6.6,15.8,17.1,30.8,17,7.7,2.4,0,0,1,13.4,62.4,15.8,7.4,89.7,10.3,65422,80654
"7384",6089012000,"06","089","012000",4648,40.443156,-122.302874,"Census Tract 120, Shasta County, California",181700,2112,255,4.5,2.38,2.5,5.5,1.3,7.6,22,18.1,6.9,26.8,7.1,4.6,2,17.8,41.5,30.4,5.2,3.1,39.3,60.7,33721,40880
"7385",6089012101,"06","089","012101",4505,40.462463,-122.297355,"Census Tract 121.01, Shasta County, California",181900,2019,199,5,2.48,2.72,7.4,7.6,14.9,8.5,21,12.3,20.7,5.8,1.8,2.2,12.8,27,44.9,12.3,0.8,59.1,40.9,35557,43720
"7386",6089012102,"06","089","012102",1916,40.455154,-122.276562,"Census Tract 121.02, Shasta County, California",228100,922,0,4.7,2.71,1.94,1.1,20.5,9.2,21.6,20.2,6.3,10,0,11.2,0,14.1,42.8,36.6,6.5,0,47.5,52.5,34167,45237
"7387",6089012200,"06","089","012200",5379,40.405863,-122.261009,"Census Tract 122, Shasta County, California",212400,2238,406,5.3,2.87,3.03,2.4,4.3,15.2,19.9,21.3,15.1,12.6,6.4,2.8,0.8,5.3,34.6,46.7,11.2,1.3,80.5,19.5,47230,59663
"7388",6089012301,"06","089","012301",2578,40.478839,-122.350864,"Census Tract 123.01, Shasta County, California",172000,1093,100,5,2.26,2.62,3.4,6.3,5.6,9.1,28.1,17.3,19.6,5.3,5.3,2.7,6.7,42.2,37.8,8.2,2.4,74,26,35222,43415
"7389",6089012302,"06","089","012302",5450,40.463406,-122.421235,"Census Tract 123.02, Shasta County, California",262600,2170,144,5.4,2.71,2.73,5.5,7.8,13.5,15.9,34.4,16.4,2.5,2.9,1,1,3,26.6,53.8,14.4,1.1,75.6,24.4,53011,58988
"7390",6089012303,"06","089","012303",3913,40.397845,-122.34133,"Census Tract 123.03, Shasta County, California",238200,1529,179,5.3,2.73,2.56,3.9,6.1,16,22.3,33.5,6.3,10.8,0.5,0.7,0,10.2,23.2,54.7,9.1,2.8,74.8,25.2,57560,72968
"7391",6089012400,"06","089","012400",4100,40.537674,-122.533894,"Census Tract 124, Shasta County, California",294000,1687,250,5.8,2.83,1.95,5.9,4.9,13.6,19.3,20.3,14.3,12,1.9,7.9,1.4,7.7,22.2,46.7,18,4,88.2,11.8,53384,85575
"7392",6089012500,"06","089","012500",1477,40.944597,-122.355577,"Census Tract 125, Shasta County, California",249200,1156,534,5.2,2.06,3.59,0.1,11.9,12.9,11.5,22.1,16.9,9.2,3,12.4,0,10.7,34.3,44,9.7,1.3,91.3,8.7,48088,73692
"7393",6089012601,"06","089","012601",5195,40.714431,-122.068399,"Census Tract 126.01, Shasta County, California",251500,2400,310,5.3,2.33,2.42,4.6,9.1,15.8,20.9,24.1,10.9,3.3,5.3,6,2.9,9.1,33.7,40.8,12,1.6,79.3,20.7,42011,59433
"7394",6089012603,"06","089","012603",4134,40.498006,-121.883749,"Census Tract 126.03, Shasta County, California",254400,2259,475,5.5,2.24,2.56,5.6,13.5,15.2,17.7,28.2,6.6,3.1,0,10.1,3.1,1.6,37.1,45.5,10,2.8,81.2,18.8,45244,59098
"7395",6089012604,"06","089","012604",2198,40.53658,-122.034264,"Census Tract 126.04, Shasta County, California",300000,1078,178,5.5,2.39,2.23,8.6,4.5,13.5,16.7,32.3,11.2,6.8,3,3.5,0,7.5,39.1,37.5,13.6,2.3,79.1,20.9,44669,56911
"7396",6089012701,"06","089","012701",4392,40.889409,-121.650816,"Census Tract 127.01, Shasta County, California",180400,2190,499,5,2.27,2.04,1.4,2.9,8,13,33.9,13.7,7.7,11.4,7.9,1.1,14.3,23.2,53.9,6.2,1.4,67.4,32.6,37695,44846
"7397",6089012702,"06","089","012702",3083,41.005337,-121.454229,"Census Tract 127.02, Shasta County, California",217600,1716,455,5.3,2.51,2.41,1.8,2.9,9.6,12.6,26.7,19.3,10.4,4.1,12.5,0,10.2,30,47.7,10.2,1.9,77.1,22.9,38337,54043
"7398",6091010000,"06","091","010000",3240,39.612588,-120.414236,"Census Tract 100, Sierra County, California",304700,2307,979,5.1,2.42,2.4,0.7,5.5,11.6,14,24.1,6.7,12.7,4.2,20.4,2,14.6,31.8,40.7,8.9,2.1,76.8,23.2,50308,56825
"7399",6093000100,"06","093","000100",1458,41.952427,-121.494595,"Census Tract 1, Siskiyou County, California",105600,705,163,4.6,2.54,2.18,0,0,16.3,13.2,11.8,10.9,8.1,20.9,18.9,6.5,7.8,39.3,38.7,4.7,3,61.6,38.4,27941,36937
"7400",6093000200,"06","093","000200",1955,41.911822,-121.946986,"Census Tract 2, Siskiyou County, California",133000,900,194,4.8,2.32,2.89,0.2,0.7,8.2,15.6,29.9,10.1,18.9,6.3,10.1,6.2,7.6,35.3,45.6,4.6,0.8,69.8,30.2,32750,47891
"7401",6093000300,"06","093","000300",4105,41.753457,-122.464603,"Census Tract 3, Siskiyou County, California",182900,2184,392,4.9,2.15,2.43,5.5,8,8.7,20.2,31.8,6.5,7.3,3.5,8.4,2.3,7.1,34.6,46.4,7.2,2.4,73.1,26.9,37328,46635
"7402",6093000400,"06","093","000400",652,41.913642,-122.582528,"Census Tract 4, Siskiyou County, California",207800,474,93,4.6,2.17,2.95,2.1,7.4,9.7,17.7,23.8,13.7,10.5,7.6,7.4,2.5,11,42.8,40.5,1.5,1.7,71.4,28.6,29926,42082
"7403",6093000500,"06","093","000500",2142,41.791616,-123.299662,"Census Tract 5, Siskiyou County, California",152400,1310,355,4.6,2.17,2.06,2.2,3.7,8.1,13.3,22.9,18.9,10.6,8.1,12.1,4.7,16.3,36.6,36,4.4,2.1,64.6,35.4,26690,34892
"7404",6093000600,"06","093","000600",1847,41.624851,-122.870436,"Census Tract 6, Siskiyou County, California",245300,972,185,5,2.04,2.28,0.4,5,10.3,18.5,21.2,11.3,8.1,4.9,20.2,0.6,10,42.7,34.3,10.9,1.5,75.3,24.7,44471,53818
"7405",6093000701,"06","093","000701",3755,41.667506,-122.607559,"Census Tract 7.01, Siskiyou County, California",285600,1867,292,5.3,2.14,2.66,2.8,1.6,8,18.4,32.5,12,5.7,7.2,11.8,2.9,6.1,30.2,46.3,10.6,3.9,74.4,25.6,43679,56842
"7406",6093000702,"06","093","000702",4406,41.721769,-122.633161,"Census Tract 7.02, Siskiyou County, California",148900,2163,331,4.8,2.02,2.38,7.4,4.3,7.3,18.9,32.5,8.4,10.9,4,6.3,2.8,16.4,40.6,30.5,8.8,0.8,47.1,52.9,31468,49661
"7407",6093000703,"06","093","000703",3362,41.736253,-122.644768,"Census Tract 7.03, Siskiyou County, California",229600,1509,14,5.2,2.6,2.18,1.7,1,4.1,5.8,14.7,20.3,21.7,6.9,23.7,2.8,14.1,24.9,44.5,9.7,3.9,58.1,41.9,35709,50563
"7408",6093000800,"06","093","000800",3412,41.474236,-122.917745,"Census Tract 8, Siskiyou County, California",234800,1864,340,5.1,2.15,2.53,4,7.1,9.1,16.8,18.9,10.8,5.6,7.7,20,5,7.7,29.5,40.8,12.2,4.8,76.7,23.3,41389,49600
"7409",6093000900,"06","093","000900",7231,41.459697,-122.382547,"Census Tract 9, Siskiyou County, California",250500,3434,522,5.4,2.2,2.36,9.9,8.8,14.4,17,20.6,6.6,9.1,5.2,8.5,0.1,9,24.4,53.6,10.7,2.2,62.7,37.3,41330,53735
"7410",6093001000,"06","093","001000",6991,41.317045,-122.322737,"Census Tract 10, Siskiyou County, California",325400,3793,470,5.2,2.3,1.83,4,8.9,12.6,24.6,21.5,8.1,8.5,6.5,5.2,1.7,9.4,34.6,39.8,9.3,5.3,64.1,35.9,43295,57267
"7411",6093001100,"06","093","001100",2175,41.213841,-122.274597,"Census Tract 11, Siskiyou County, California",215300,1558,393,4.6,2.11,1.83,1.2,2.3,6.5,5.5,9.6,7.6,16.4,12.9,38,8.2,16.6,34.9,30.9,6.7,2.8,60.9,39.1,35085,41386
"7412",6093001200,"06","093","001200",1409,41.26707,-122.120755,"Census Tract 12, Siskiyou County, California",218200,1153,360,4.9,2,2.3,0.8,4.2,10.9,8.6,15.1,7.5,2.6,6.3,44.1,4.2,10.8,30.7,42.2,7.7,4.3,58.9,41.1,36806,45028
"7413",6095250103,"06","095","250103",4292,38.116418,-122.222763,"Census Tract 2501.03, Solano County, California",357100,1678,86,5.8,2.96,2.93,4.4,1.2,13.9,15,31,14.2,9.4,5.1,5.9,1.4,3.2,24,33,35.3,3.2,58.7,41.3,71000,82466
"7414",6095250104,"06","095","250104",2280,38.113349,-122.208285,"Census Tract 2501.04, Solano County, California",360800,885,76,6.2,2.86,2.06,3.5,0,27.8,9.3,46.3,6.1,2.9,0,4.1,0,12.4,9.3,39.7,34.4,4.3,69.7,30.3,88984,85168
"7415",6095250105,"06","095","250105",6678,38.127606,-122.213593,"Census Tract 2501.05, Solano County, California",366600,2270,124,6.2,3.55,2.51,5.3,22.4,11.2,47.3,6.9,4,1.6,0,1.4,0,12.2,17.5,24.4,35.9,10,65.8,34.2,103500,110704
"7416",6095250106,"06","095","250106",4412,38.133105,-122.192465,"Census Tract 2501.06, Solano County, California",453200,1478,168,6.8,3.34,4.16,6.1,36.2,44.9,8.7,2.6,0.9,0.5,0,0,0,0,1.8,43,35.3,19.9,88.4,11.6,115323,141240
"7417",6095250200,"06","095","250200",4000,38.104731,-122.209842,"Census Tract 2502, Solano County, California",258300,1483,228,5.1,2.14,3.63,3.8,0,1.3,8.4,3.9,17.7,57.4,7.6,0,0,3.8,38.1,52.1,5.5,0.5,61,39,45288,65272
"7418",6095250300,"06","095","250300",3206,38.10512,-122.22304,"Census Tract 2503, Solano County, California",174600,1248,178,5.2,2.92,3.22,0,0,2.4,8.5,2.5,9.4,41.9,33.4,1.9,5.3,4.6,31.7,53,4.4,1,58.1,41.9,55833,64207
"7419",6095250400,"06","095","250400",3087,38.095246,-122.224144,"Census Tract 2504, Solano County, California",226900,1337,188,4.9,2.46,2.73,1.4,2.5,0.7,3.7,4.3,5.2,17.7,45.5,19,0,6.6,54.7,34.8,2.9,1,77.8,22.2,59080,62781
"7420",6095250501,"06","095","250501",2071,38.094298,-122.213929,"Census Tract 2505.01, Solano County, California",253900,838,60,5,2.44,3.86,0,0,0,4.4,9.7,32.2,35.1,14.3,4.3,5.3,0,21.1,60.4,8.9,4.3,67.7,32.3,55795,66127
"7421",6095250502,"06","095","250502",3128,38.092955,-122.202616,"Census Tract 2505.02, Solano County, California",281500,1242,113,6.1,2.76,2.89,0,2.1,3.3,24.6,29.5,28.3,12.2,0,0,0,4.4,11.8,47.3,33.1,3.3,77.2,22.8,74327,97425
"7422",6095250601,"06","095","250601",4695,38.083059,-122.224575,"Census Tract 2506.01, Solano County, California",244700,1643,205,5.3,2.85,4.1,0.5,0,4.3,8.1,7.2,9.1,42.4,26.4,1.9,0.8,2.7,23.6,56.1,9.2,7.7,67.5,32.5,61614,70575
"7423",6095250604,"06","095","250604",3842,38.072543,-122.218534,"Census Tract 2506.04, Solano County, California",309000,1593,71,6,2.61,2.46,3.2,4,32.8,57.8,1.6,0.7,0,0,0,0,5.1,23.9,27.9,32.5,10.5,82.8,17.2,98690,109543
"7424",6095250605,"06","095","250605",4223,38.073943,-122.204434,"Census Tract 2506.05, Solano County, California",393300,1570,128,6.4,2.82,2.37,3.4,1.7,11.4,68.4,9.4,2.1,0,2.1,1.5,0,2.9,5.7,53.1,37.8,0.5,89.5,10.5,106541,116800
"7425",6095250701,"06","095","250701",2962,38.087105,-122.238187,"Census Tract 2507.01, Solano County, California",96000,1204,172,4.5,2.66,3.31,2.2,2.7,0,18.2,12.6,27.4,7.8,10,18.9,2.4,14.6,37.8,37.4,7.8,0,67.6,32.4,49125,59373
"7426",6095250801,"06","095","250801",3917,38.081033,-122.245246,"Census Tract 2508.01, Solano County, California",237500,1728,288,4.3,2.29,2.39,10.3,4.7,18.4,32.5,19.3,4.8,1.9,4.3,3.8,1.1,15.8,51.5,20.5,11.1,0,42.2,57.8,42857,60667
"7427",6095250900,"06","095","250900",2798,38.101608,-122.258045,"Census Tract 2509, Solano County, California",225000,1614,351,3,1.69,1.85,0,0.8,1.1,9.9,14.4,16.7,8.4,5.6,43.1,20.1,48.3,21.2,9,0,1.5,10.8,89.2,14056,34557
"7428",6095251000,"06","095","251000",2470,38.101129,-122.249105,"Census Tract 2510, Solano County, California",357600,1319,232,4,2.17,2.29,0.9,0,2.6,0.8,1.4,6.2,4.1,5,79,3.1,33.5,29.9,22,7.1,4.4,37.2,62.8,47633,54913
"7429",6095251100,"06","095","251100",3271,38.096979,-122.235911,"Census Tract 2511, Solano County, California",225700,1317,232,4.4,3.19,2.25,0,0,0,6.4,3.5,10.2,15.4,29.9,34.6,6,15,43.7,23.7,5.3,6.2,49.7,50.3,51397,57407
"7430",6095251200,"06","095","251200",3061,38.105391,-122.236819,"Census Tract 2512, Solano County, California",219000,1240,217,5.1,2.6,3.64,1.3,0,0.6,2.4,5.5,4.2,16.7,29.6,39.8,4.1,5.2,41.2,37.4,11.1,0.9,62.6,37.4,48240,58220
"7431",6095251300,"06","095","251300",2938,38.114561,-122.235818,"Census Tract 2513, Solano County, California",308700,1227,74,6.2,2.42,2.68,0,1.7,0,0,0.7,1.9,14.3,43.9,37.5,0,1.1,22.7,63.5,9.3,3.4,84.2,15.8,64750,81809
"7432",6095251400,"06","095","251400",5357,38.124272,-122.238729,"Census Tract 2514, Solano County, California",293900,2293,155,5.2,2.53,2.93,0,1.9,0,0.9,7.8,24,23.3,24.9,17.3,0,3.2,36.3,44.6,15.8,0,69.8,30.2,53387,65812
"7433",6095251500,"06","095","251500",3555,38.109902,-122.250062,"Census Tract 2515, Solano County, California",244100,1594,215,4.8,2.56,2.39,0.6,0,0.7,1.6,4,13.6,20.7,7.3,51.4,2.8,17.6,53.4,17.3,6.6,2.4,35,65,36039,50128
"7434",6095251600,"06","095","251600",2359,38.108408,-122.259366,"Census Tract 2516, Solano County, California",284200,1299,151,4.3,2.85,2.66,0,0,2.7,4.9,4.5,13.4,3.1,20.6,50.8,4.1,32.7,39.3,16.2,6.2,1.5,19.6,80.4,43292,52635
"7435",6095251701,"06","095","251701",3372,38.115988,-122.262609,"Census Tract 2517.01, Solano County, California",273100,1624,391,4.2,2.14,2.36,0.5,0,8.7,6.1,19.2,6.7,8.4,18.7,31.8,4.1,20.6,52.6,17.7,2.5,2.5,41.9,58.1,50168,71406
"7436",6095251702,"06","095","251702",2578,38.122323,-122.268381,"Census Tract 2517.02, Solano County, California",236700,1003,134,5.2,2.51,3.11,4.5,27.2,2.3,27,12.5,3,2.8,10.7,10.1,0.7,3.5,34.6,40.1,20.5,0.6,60.2,39.8,66083,64383
"7437",6095251802,"06","095","251802",2538,38.128401,-122.255758,"Census Tract 2518.02, Solano County, California",41400,1379,175,3.4,2.27,2.01,2.2,27,29.8,8.3,9.4,11.9,3.4,0.4,7.5,2.2,45,37.3,6.9,8.6,0,37.6,62.4,31413,42793
"7438",6095251803,"06","095","251803",4988,38.149126,-122.260136,"Census Tract 2518.03, Solano County, California",310900,1491,51,5.7,4.08,3.8,0,1.1,0,7.7,42.1,27.6,17.7,0.6,3.2,0,0.9,7.3,66.9,20.8,4,70.6,29.4,56021,67101
"7439",6095251804,"06","095","251804",3655,38.15177,-122.271281,"Census Tract 2518.04, Solano County, California",248200,1068,99,5.9,3.36,4.03,0.6,2.2,6.4,26.7,47.3,6.6,7.7,0,2.6,1,0,5.7,55.8,34.7,2.7,66.3,33.7,72589,72165
"7440",6095251901,"06","095","251901",5072,38.133861,-122.243989,"Census Tract 2519.01, Solano County, California",275200,2046,265,4.7,2.73,2.62,0.7,1.4,6.2,26.9,36.7,12.4,10.9,3.3,1.6,5.5,14.1,34.8,32.8,10.6,2.2,47.9,52.1,60426,68888
"7441",6095251902,"06","095","251902",5833,38.148026,-122.244333,"Census Tract 2519.02, Solano County, California",243100,1776,172,5.6,3.82,3.61,0.5,2.3,1.4,35,26.8,27.4,5.2,0.8,0.7,0,2.4,15.2,49.7,32.2,0.6,70.4,29.6,64481,72386
"7442",6095251903,"06","095","251903",5308,38.147503,-122.228784,"Census Tract 2519.03, Solano County, California",281100,1791,311,6.1,3.2,4.15,0.4,0,17,34.8,7.6,17,17.1,3.6,2.4,0,0.9,6.4,52.1,38.7,1.8,81.1,18.9,70707,93237
"7443",6095252000,"06","095","252000",4157,38.053591,-122.162922,"Census Tract 2520, Solano County, California",454800,2228,299,5.1,2.52,2.09,3.5,5.2,13.1,18.3,11,6.1,4.9,11.8,26.1,2.3,18.4,28.3,33.4,13.8,3.7,53.1,46.9,69110,95308
"7444",6095252102,"06","095","252102",3874,38.053429,-122.143771,"Census Tract 2521.02, Solano County, California",401900,1687,161,4.9,2.46,2.05,0,4.3,6.8,12,19.7,16.2,9.8,22.6,8.5,1.5,9.1,34.9,40.1,13.2,1.2,58.6,41.4,72847,77102
"7445",6095252103,"06","095","252103",5180,38.105138,-122.194965,"Census Tract 2521.03, Solano County, California",390000,2107,169,5.7,3.17,2.49,0.5,4.6,8.7,43,35,4.2,1.3,1.2,1.4,0,20.3,23.3,22.5,27.6,6.3,47.2,52.8,62526,75799
"7446",6095252104,"06","095","252104",5536,38.08911,-122.166591,"Census Tract 2521.04, Solano County, California",529500,1848,0,7.2,3.1,2.84,18.5,7.5,24.1,39.6,4.8,1.1,2.7,1,0.8,0,4.2,3.8,31.1,45.7,15.2,93.4,6.6,144706,154736
"7447",6095252105,"06","095","252105",3256,38.08132,-122.179172,"Census Tract 2521.05, Solano County, California",472100,1339,144,5.8,2.67,2.79,0,0.4,2.2,67.2,27,0.7,2.5,0,0,0,2.7,25.9,34.9,30.3,6.2,77.9,22.1,102546,115523
"7448",6095252106,"06","095","252106",4132,38.073939,-122.16882,"Census Tract 2521.06, Solano County, California",477900,1763,81,5.5,2.43,2.16,0,0,10.8,27.6,57.9,1.9,0.6,0,1.1,2.9,11.5,27.4,26.4,26.9,4.9,65.3,34.7,84554,93664
"7449",6095252107,"06","095","252107",3592,38.068685,-122.156333,"Census Tract 2521.07, Solano County, California",437100,1493,118,5.5,2.41,2.38,0,0,13.9,19.4,60.5,3.6,0.5,1.4,0.7,1.9,9.2,18.1,40.2,26.1,4.5,72.1,27.9,90341,99742
"7450",6095252108,"06","095","252108",3165,38.060325,-122.161256,"Census Tract 2521.08, Solano County, California",447500,1312,57,5.8,2.59,2.81,1,5,4,30.3,29.3,5.3,8.2,12.7,4.3,0.6,2.3,27.1,32.2,34.5,3.4,79.8,20.2,89028,108606
"7451",6095252201,"06","095","252201",8761,38.232406,-122.149118,"Census Tract 2522.01, Solano County, California",530400,2994,128,7,2.8,2.58,17.4,22.7,24.5,7.9,11.9,4.6,9.5,0.6,0.8,0.5,1,6.8,45.1,36,10.6,94.5,5.5,107137,130317
"7452",6095252202,"06","095","252202",9825,38.177326,-122.143987,"Census Tract 2522.02, Solano County, California",371600,2921,147,6.6,3.26,3.16,9.5,29,19.8,32.4,3.5,2.9,0,0,2.9,0,0,3.5,43.4,44.6,8.5,82.9,17.1,106447,118815
"7453",6095252305,"06","095","252305",4711,38.243971,-122.095169,"Census Tract 2523.05, Solano County, California",398600,1614,69,6.8,3.03,2.74,3.5,23.4,12.4,21.7,28.4,3,2.5,4,1.1,0,9,15.9,28.2,30.5,16.4,66.3,33.7,84922,117706
"7454",6095252306,"06","095","252306",3303,38.266012,-122.064498,"Census Tract 2523.06, Solano County, California",368400,1242,124,6.4,2.65,3.74,0,8.5,17.6,31.3,31.2,6.9,2.7,0.6,1.2,0,5.3,7,44.3,38.8,4.6,75.4,24.6,79866,85557
"7455",6095252310,"06","095","252310",3156,38.286349,-122.080244,"Census Tract 2523.10, Solano County, California",569600,1187,40,7.3,2.87,2.21,11.9,7.6,43,26.6,1,1.5,0,0,8.3,0,5.3,10.8,28.3,41.9,13.7,81.8,18.2,119350,145493
"7456",6095252311,"06","095","252311",4557,38.289186,-122.048838,"Census Tract 2523.11, Solano County, California",457300,1562,36,7.6,2.86,2.62,1.7,19.6,51.5,23,1.5,0,0,0,2.6,0,6,6,16.5,42.1,29.4,80.3,19.7,115658,133611
"7457",6095252312,"06","095","252312",3368,38.275978,-122.055112,"Census Tract 2523.12, Solano County, California",248000,1282,59,5.9,2.46,1.9,0,8.1,12.5,44,30.6,0,0,3.9,0.9,0,13.1,18,47,21.8,0,65.6,34.4,66723,75083
"7458",6095252313,"06","095","252313",5065,38.291408,-122.029248,"Census Tract 2523.13, Solano County, California",392100,2087,205,5.4,2.67,2.3,6.9,20,40.4,13.8,17.5,0,0,0,1.2,0.2,15.1,30.8,17.7,31.4,4.8,51.9,48.1,60049,69715
"7459",6095252314,"06","095","252314",4113,38.277722,-122.036316,"Census Tract 2523.14, Solano County, California",309800,1421,143,6.1,3.17,3.01,0,0,2,4.1,52,38.6,1.8,0,1.5,0,2.8,4.9,42.8,47.5,2,75.8,24.2,73438,77693
"7460",6095252315,"06","095","252315",4393,38.284425,-122.014333,"Census Tract 2523.15, Solano County, California",415200,1371,93,6.8,2.97,3.51,0,7.9,15,53.8,20.9,0,1.5,0.9,0,0,2.3,4.1,34.9,54.5,4.2,89,11,94167,97197
"7461",6095252316,"06","095","252316",3427,38.276741,-122.017315,"Census Tract 2523.16, Solano County, California",299100,1102,32,6.1,3.36,3.59,0,4.6,14.7,36.4,12.3,25.2,2.5,1.7,2.5,0,2.7,12.3,53.5,29.6,1.8,77.1,22.9,80833,88664
"7462",6095252317,"06","095","252317",6823,38.290414,-121.985785,"Census Tract 2523.17, Solano County, California",376800,1975,136,6.5,3.33,3.84,26.8,36.1,17.9,10.1,3.7,0,3.1,1.8,0.5,0.5,0.7,7,40.2,35.6,16,80.3,19.7,103728,106140
"7463",6095252401,"06","095","252401",4559,38.253336,-122.058079,"Census Tract 2524.01, Solano County, California",229200,1431,221,5.6,2.93,3.52,3.8,8.4,0.4,0,3.3,9.6,66.5,6.8,1.3,0,6.4,17.1,58.1,17.2,1.1,64.2,35.8,48870,55285
"7464",6095252402,"06","095","252402",5238,38.244345,-122.064727,"Census Tract 2524.02, Solano County, California",254300,1665,155,5.2,3.13,3.18,0,1.5,2.2,33.6,23.1,18.3,16.7,3.5,1.1,3.7,11.9,22,41.7,19.1,1.6,58.4,41.6,52653,67060
"7465",6095252501,"06","095","252501",2670,38.255678,-122.041715,"Census Tract 2525.01, Solano County, California",193300,962,47,4.4,2.7,3.38,1.1,1.4,0,8.9,18.4,8.5,46.6,7.9,7.2,0,15.1,39.1,34.5,8,3.3,39.3,60.7,39183,44695
"7466",6095252502,"06","095","252502",2275,38.246969,-122.043899,"Census Tract 2525.02, Solano County, California",172500,632,50,3.9,2.52,2.19,0.9,3.5,3.2,10.9,14.6,19.3,2.8,11.6,33.2,6,38.9,28.8,23.3,2.1,0.9,19.9,80.1,37623,43052
"7467",6095252604,"06","095","252604",3674,38.266342,-122.048834,"Census Tract 2526.04, Solano County, California",308900,1200,185,4.8,2.76,3.23,1.3,6.3,4.4,7.1,26.6,39.5,6.4,0.8,7.7,3.3,11,35.7,36.5,13.3,0.3,40.9,59.1,46875,54016
"7468",6095252605,"06","095","252605",5520,38.266568,-122.039292,"Census Tract 2526.05, Solano County, California",198600,1926,117,4.3,3.12,3.13,0.6,5.3,6.5,22.2,26.4,27.6,9.1,1.4,0.9,0,9.8,54.6,23.2,12.5,0,34.5,65.5,48455,56592
"7469",6095252606,"06","095","252606",5148,38.264869,-122.029618,"Census Tract 2526.06, Solano County, California",231100,1752,106,4.9,2.64,3.17,6.1,6.5,1.5,13.9,17.9,40,5.5,6.1,2.5,1.6,14.2,24,49.8,10.1,0.3,35.1,64.9,45897,55116
"7470",6095252607,"06","095","252607",3819,38.256104,-122.027842,"Census Tract 2526.07, Solano County, California",207800,1186,91,4.7,2.7,3.56,4.4,2.4,0,9.4,14.8,13.2,48.4,6.1,1.3,0.4,5,36.6,53,4.3,0.8,38.6,61.4,39435,50345
"7471",6095252608,"06","095","252608",3807,38.266321,-122.021751,"Census Tract 2526.08, Solano County, California",218500,1341,165,5.2,2.97,2.82,1.8,0.1,6.1,11,31.4,38.2,4.5,3.3,3.6,0,4.8,36.2,44.2,14.2,0.7,40.6,59.4,40222,46627
"7472",6095252610,"06","095","252610",3142,38.270073,-122.006721,"Census Tract 2526.10, Solano County, California",248700,1049,0,6.1,2.83,4.01,2.5,5.8,0,3.9,68.9,18,0.9,0,0,0,5,0.9,45.7,48.5,0,80.1,19.9,62847,76077
"7473",6095252611,"06","095","252611",3263,38.264149,-122.012216,"Census Tract 2526.11, Solano County, California",234100,1131,89,4.7,2.6,3.29,5.9,1.1,10.8,28.6,32.5,9.2,9.2,0,2.7,2.1,0.7,55.8,29.4,12,0,45.5,54.5,56912,62140
"7474",6095252702,"06","095","252702",6808,38.238777,-122.015875,"Census Tract 2527.02, Solano County, California",322900,2478,199,5.8,3.1,2.91,1.4,16.6,30.9,13,19.2,3.1,7.4,0.5,7.8,1.2,8.4,13,45.5,28,3.8,71.4,28.6,79034,87442
"7475",6095252703,"06","095","252703",3846,38.249387,-122.025273,"Census Tract 2527.03, Solano County, California",244300,1291,87,6,2.99,3.53,0.7,5.8,34.5,14.7,38.7,0.8,1.6,1.2,1.9,0,0.8,8.9,65.8,24,0.5,55.8,44.2,64731,79803
"7476",6095252704,"06","095","252704",5155,38.249567,-122.013752,"Census Tract 2527.04, Solano County, California",252000,1859,53,5.6,3.18,2.5,0,0.4,5.1,29.5,58.3,5.3,0,0.5,0.9,0,15.5,18.4,28.9,35.8,1.3,60.4,39.6,53889,63135
"7477",6095252705,"06","095","252705",5962,38.247902,-121.99761,"Census Tract 2527.05, Solano County, California",250200,1990,46,6.1,2.99,3.9,0.7,3.4,3.5,52.1,31.1,6.5,0,2,0.7,0.8,0,8.6,48.2,40.1,2.3,80,20,72037,73987
"7478",6095252706,"06","095","252706",3844,38.252692,-121.984063,"Census Tract 2527.06, Solano County, California",320800,1200,51,5.7,3.37,3.33,13.4,27.5,21.8,28.8,5.2,0.4,3,0,0,0,0,3.7,65.5,30.8,0,89,11,94004,106447
"7479",6095252707,"06","095","252707",4753,38.261298,-122.003001,"Census Tract 2527.07, Solano County, California",207100,1689,200,5.4,2.57,3.54,5.1,4.6,13.7,18.4,49.6,1.5,2,3.7,1.4,0.7,4.1,20.8,61.7,10.5,2.2,72,28,61063,67954
"7480",6095252801,"06","095","252801",2455,38.279504,-121.943301,"Census Tract 2528.01, Solano County, California",NA,1103,270,5.7,3.83,3.67,13.8,35,29.5,9.8,8.5,3.3,0.2,0,0,1.1,2.3,30.5,47.3,18.9,0,2.2,97.8,55298,65600
"7481",6095252802,"06","095","252802",1359,38.27589,-121.934616,"Census Tract 2528.02, Solano County, California",NA,193,75,4.8,NA,2.74,12.4,24.4,44.6,2.1,8.8,1.6,6.2,0,0,0,14,34.7,39.4,11.9,0,0,100,101250,102443
"7482",6095252903,"06","095","252903",4368,38.429044,-122.002013,"Census Tract 2529.03, Solano County, California",707100,1816,124,6.5,2.64,2.7,7.7,6.2,10.6,25.4,26.9,3.3,2.6,2.3,15,0,2.6,15.1,46.7,27.9,7.7,79.6,20.4,112500,135334
"7483",6095252904,"06","095","252904",4726,38.40685,-121.93898,"Census Tract 2529.04, Solano County, California",431000,1966,128,5.6,2.59,2.38,23.7,10.9,5.8,22.5,13,10.2,5,2.1,6.8,0.7,10.9,23.7,42,15,7.7,71.1,28.9,87217,97405
"7484",6095252908,"06","095","252908",3626,38.34223,-121.95682,"Census Tract 2529.08, Solano County, California",298500,1343,150,5.8,3.14,2.39,0,0,1.9,23.8,62,5.4,4.3,0,2.5,0.2,13.3,23.8,16.3,41.2,5.2,51.9,48.1,67097,80652
"7485",6095252909,"06","095","252909",3235,38.347764,-121.941896,"Census Tract 2529.09, Solano County, California",328700,1113,46,6,2.57,3.71,0,1.3,10.7,42.3,42,1.3,1.1,0,1.2,1.3,0.8,1.8,55.2,39,2,87.5,12.5,75388,92098
"7486",6095252910,"06","095","252910",5617,38.340104,-121.944432,"Census Tract 2529.10, Solano County, California",364800,2003,159,6.1,3.05,2.96,0.5,3.6,27.2,42.5,23.3,0.9,0.8,1.1,0,0.4,5.9,6,57.7,29.2,0.8,69.3,30.7,91897,91381
"7487",6095252911,"06","095","252911",4912,38.36729,-121.947377,"Census Tract 2529.11, Solano County, California",270000,2799,132,4.7,1.74,1.54,1.5,19.8,18.9,20.6,16.1,19.2,2.7,0.7,0.5,0,16.4,58.1,17.1,8,0.4,65.2,34.8,50608,58285
"7488",6095252912,"06","095","252912",5625,38.357391,-121.944807,"Census Tract 2529.12, Solano County, California",400100,1947,42,7.1,3.03,3.3,1.8,21.5,39.4,30.2,2.2,0.7,1.8,0,2.3,1.9,0,2.9,36.3,43.7,15.3,82.8,17.2,113242,118591
"7489",6095252913,"06","095","252913",4910,38.326272,-121.9657,"Census Tract 2529.13, Solano County, California",319900,1747,14,6,2.92,2.43,1.4,6.8,21.5,63.5,6.8,0,0,0,0,0.4,1.3,8.9,64.6,22.8,2,76.4,23.6,95331,100081
"7490",6095252914,"06","095","252914",5266,38.33218,-121.950121,"Census Tract 2529.14, Solano County, California",330600,1882,84,5.6,3.41,2.95,9.5,11.6,18.4,21.7,35.9,1.3,0.5,1,0,0,5.7,16.4,45.3,22.1,10.5,65.9,34.1,82955,97501
"7491",6095252915,"06","095","252915",3506,38.321947,-121.955351,"Census Tract 2529.15, Solano County, California",397100,1040,60,7.2,3.52,3.87,13.8,8.8,61,0,12.6,0,1.2,2.6,0,0,0,6.7,30.4,51.4,11.4,94.4,5.6,125313,156631
"7492",6095253000,"06","095","253000",7810,38.323294,-121.975917,"Census Tract 2530, Solano County, California",NA,0,0,NA,NA,NA,NA,NA,NA,NA,NA,NA,NA,NA,NA,NA,NA,NA,NA,NA,NA,NA,NA,NA,NA
"7493",6095253101,"06","095","253101",4974,38.353013,-121.997507,"Census Tract 2531.01, Solano County, California",363900,2089,127,5.5,2.37,2.61,0,0.8,3.6,7.2,20,20,32.5,9.3,6.5,0,7.7,29.7,39.5,16,7,60.5,39.5,52500,83790
"7494",6095253105,"06","095","253105",5958,38.352552,-121.968341,"Census Tract 2531.05, Solano County, California",213500,2545,316,4.6,2.75,2.57,2.6,20.8,11,14.3,31.6,16.1,2.8,0,0.7,1.7,10.7,48.3,31.2,5.2,3,35.6,64.4,58683,65040
"7495",6095253106,"06","095","253106",3296,38.341936,-121.965478,"Census Tract 2531.06, Solano County, California",265400,1296,69,5,2.87,2.4,3,3.9,6.3,27.9,39.1,18.1,1.6,0,0,0.8,14.6,24,51.3,9.3,0,48.8,51.2,65347,74765
"7496",6095253107,"06","095","253107",6016,38.340162,-121.977728,"Census Tract 2531.07, Solano County, California",195400,2380,273,5.2,2.58,2.58,1.3,4,8.6,13.5,64.1,5.5,3,0,0,0.7,16.8,26.8,37.6,18.1,0,52.9,47.1,51645,66186
"7497",6095253108,"06","095","253108",4088,38.339651,-121.991574,"Census Tract 2531.08, Solano County, California",284300,1541,149,5.7,2.9,2.61,7.9,12.3,17.3,23.8,32,4.3,0.8,1.6,0,1.6,15,10.1,41.1,31.7,0.5,63.7,36.3,54500,70393
"7498",6095253201,"06","095","253201",4713,38.367897,-122.008413,"Census Tract 2532.01, Solano County, California",371300,1823,52,6.7,2.44,2.93,0.5,1.3,1.3,8.8,67.9,10.7,7.6,0.9,1.1,1,0,4,43.7,43.2,8.1,86.4,13.6,83552,96250
"7499",6095253203,"06","095","253203",4147,38.362185,-121.998444,"Census Tract 2532.03, Solano County, California",263000,1616,46,5.5,2.54,2.51,2,1.7,3.6,6.8,13.4,14.4,47.8,5.1,5.2,0.9,2.5,19.4,67.9,5.9,3.3,63.2,36.8,57329,68363
"7500",6095253204,"06","095","253204",7098,38.375498,-121.982107,"Census Tract 2532.04, Solano County, California",432500,2494,242,6.2,2.84,3.22,1.8,16,24.8,24.9,2.7,19.7,5,3.2,1.8,2.1,4.1,26.2,22.9,36.1,8.5,67.4,32.6,73030,107028
"7501",6095253205,"06","095","253205",3022,38.376062,-121.975269,"Census Tract 2532.05, Solano County, California",389300,1116,20,6.2,2.88,3.27,0,0,16.2,48.9,10.6,13.5,3.7,0,7.1,1.8,0,20.4,50.7,26.3,0.7,58.5,41.5,99643,98287
"7502",6095253206,"06","095","253206",3102,38.394129,-121.971811,"Census Tract 2532.06, Solano County, California",469000,992,0,6.8,2.99,3.53,10.7,22.2,41.2,17.1,6.1,0.7,0,1.9,0,0,0,2.9,46.7,45.4,5,82.5,17.5,125833,131161
"7503",6095253300,"06","095","253300",2743,38.426986,-121.835647,"Census Tract 2533, Solano County, California",583300,1071,40,5.3,2.37,3.3,11,8.5,9.1,9.8,16.3,10.1,7.1,4.9,23.2,0,9.6,27.5,47.9,11.1,3.8,54.9,45.1,69075,81174
"7504",6095253402,"06","095","253402",6940,38.443001,-121.823904,"Census Tract 2534.02, Solano County, California",297500,2520,181,5.1,3.01,2.71,15,15.4,7,13.2,8.7,9.1,14.1,5.7,11.7,1,13.1,23.5,38,17.7,6.7,55.1,44.9,59472,73553
"7505",6095253403,"06","095","253403",4959,38.447745,-121.841516,"Census Tract 2534.03, Solano County, California",359400,1710,86,6.6,2.98,3.96,0,14,29.1,13.4,33.7,5.8,3,0,0.8,0,0,0.9,47.1,49.8,2.2,88.1,11.9,86307,101475
"7506",6095253404,"06","095","253404",6611,38.458553,-121.831756,"Census Tract 2534.04, Solano County, California",386800,2289,183,5.6,2.77,3.44,6.3,4.6,37.2,25.6,21.1,1.7,1.2,0.5,1.6,0,7.5,22,45.2,24,1.4,60.7,39.3,65917,76369
"7507",6095253500,"06","095","253500",8423,38.176373,-121.707801,"Census Tract 2535, Solano County, California",284400,4210,446,5.1,2.05,2.14,16.2,31.5,11.3,1.5,5,5.2,10.6,4.1,14.5,0,6.6,53.7,29.7,7.9,2.1,75.9,24.1,59836,69815
"7508",6095980000,"06","095","980000",16,38.243471,-121.941981,"Census Tract 9800, Solano County, California",NA,0,0,NA,NA,NA,NA,NA,NA,NA,NA,NA,NA,NA,NA,NA,NA,NA,NA,NA,NA,NA,NA,NA,NA
"7509",6097150100,"06","097","150100",2322,38.257972,-122.43781,"Census Tract 1501, Sonoma County, California",914900,1164,76,5.6,2.43,3,0.7,5.5,6.4,5,19.1,13.6,14.6,12.1,23.1,2.7,11.1,30.9,41.1,11.5,2.7,65.7,34.3,79468,142999
"7510",6097150202,"06","097","150202",5103,38.300775,-122.462654,"Census Tract 1502.02, Sonoma County, California",582600,2776,436,5.5,2.26,1.89,2.3,6.3,5,20.6,23,14.8,9.9,5,13.1,0,8.8,46.1,34.5,9.7,1,64.1,35.9,67866,100277
"7511",6097150203,"06","097","150203",4505,38.281924,-122.463631,"Census Tract 1502.03, Sonoma County, California",600400,2319,144,4.6,2.28,1.62,7.8,8.8,16.3,23.4,13.2,15.1,9.3,2.7,3.5,3.4,13.6,42,29.9,10.3,0.6,57.5,42.5,47946,80030
"7512",6097150204,"06","097","150204",3678,38.287272,-122.455556,"Census Tract 1502.04, Sonoma County, California",801400,1875,162,5.2,2.24,2.08,2.7,6.7,20.2,8.3,18.6,15.6,15.6,3,9.2,0,13,25,49,12,1.1,55,45,85313,101328
"7513",6097150303,"06","097","150303",4170,38.289432,-122.503861,"Census Tract 1503.03, Sonoma County, California",522500,2475,292,5.6,1.77,2.6,2.7,4,10.9,23.2,28.2,16.8,6.9,1.2,5.9,1.1,3.7,43.8,40.7,9,1.7,83.5,16.5,58724,126576
"7514",6097150304,"06","097","150304",6158,38.304427,-122.488572,"Census Tract 1503.04, Sonoma County, California",542200,2492,326,4.9,2.45,2.72,0.6,1.8,7.3,28.7,24,9.4,15.1,4.8,8.2,1.7,7.9,42.3,38.6,8.2,1.2,49.4,50.6,55495,75864
"7515",6097150305,"06","097","150305",5282,38.317297,-122.486837,"Census Tract 1503.05, Sonoma County, California",378700,1795,140,4.7,2.5,4.07,3.7,2.8,5,27.5,27.7,16.8,6.1,8.5,1.8,0,14.8,44.7,28.9,11.6,0,41.6,58.4,39196,59065
"7516",6097150306,"06","097","150306",4107,38.319097,-122.478545,"Census Tract 1503.06, Sonoma County, California",600200,1720,117,5.1,2.57,2.94,3.5,6.9,14.5,11.1,12,5.9,14.2,7.8,24.1,1.2,9.7,38.5,37.6,12.1,0.9,67.5,32.5,75938,92957
"7517",6097150500,"06","097","150500",5283,38.37362,-122.534884,"Census Tract 1505, Sonoma County, California",718200,2489,618,5,2.12,2.14,1.3,3.7,8.8,16.1,14.9,15.7,12.5,6.6,20.2,3.9,16.8,36.4,35.6,6.4,1,66.7,33.3,80341,110819
"7518",6097150601,"06","097","150601",4089,38.237706,-122.612749,"Census Tract 1506.01, Sonoma County, California",403700,1402,42,5.5,2.59,3.62,0,0,1.5,11.4,54.9,31.2,1,0,0,0,5.4,21.5,29.4,41.2,2.5,73.4,26.6,62018,76264
"7519",6097150602,"06","097","150602",4307,38.244265,-122.608181,"Census Tract 1506.02, Sonoma County, California",435400,1572,64,6,2.8,3.58,0.9,0.8,2.1,4.1,61.7,24,4.6,0,1.8,0,1.8,8.9,52.3,32.9,4.1,87.7,12.3,75109,83867
"7520",6097150603,"06","097","150603",7249,38.25208,-122.61974,"Census Tract 1506.03, Sonoma County, California",418800,2768,135,5.3,3.03,2.4,0.9,4.3,10.2,15.7,19.4,30.6,18.9,0,0,7.7,12.4,10.3,44.9,21.9,2.8,60.4,39.6,57995,73056
"7521",6097150607,"06","097","150607",5369,38.269655,-122.635085,"Census Tract 1506.07, Sonoma County, California",631700,1916,40,6.6,3.06,2.57,3.4,10.7,58.2,4.1,8.2,2.3,6.5,2.7,3.9,0,8.8,9.6,37.2,31.6,12.8,80.7,19.3,119000,124525
"7522",6097150609,"06","097","150609",4465,38.261083,-122.643639,"Census Tract 1506.09, Sonoma County, California",396600,1924,59,5.5,2.25,2.81,1.3,5.2,21.1,34.4,31.4,2.5,2.6,0.7,0.8,0.6,10.1,24.3,46.4,13.3,5.2,78,22,60826,73577
"7523",6097150610,"06","097","150610",4004,38.265438,-122.639888,"Census Tract 1506.10, Sonoma County, California",488800,1412,12,6,2.6,3.6,0,0,47.2,43.1,4,0.7,1.8,3.1,0,2.3,0,6,58.7,27.8,5.2,80.2,19.8,100641,104517
"7524",6097150611,"06","097","150611",4067,38.239722,-122.593557,"Census Tract 1506.11, Sonoma County, California",585300,1413,102,5.7,2.69,2.47,10.3,1.8,30.7,28.9,23.6,2,0,2.7,0,0,10.3,20.4,36.4,30.1,2.7,71.8,28.2,80852,94222
"7525",6097150612,"06","097","150612",4325,38.248932,-122.596456,"Census Tract 1506.12, Sonoma County, California",564600,1809,125,6,2.86,2.59,8.7,10.7,11.4,43,13.3,1.7,3.6,2.1,5.4,3.3,2.3,26.3,36.2,30.4,1.6,65.7,34.3,102727,107380
"7526",6097150701,"06","097","150701",4609,38.231376,-122.632083,"Census Tract 1507.01, Sonoma County, California",555100,2161,108,4.6,2.4,1.91,4.7,12.9,16.5,9.3,5.6,5.4,5.2,5.8,34.7,3.9,24.2,36.1,27.2,7.7,0.9,41,59,65905,78279
"7527",6097150702,"06","097","150702",4552,38.21741,-122.630058,"Census Tract 1507.02, Sonoma County, California",707700,1805,112,6.5,2.67,2.49,2.8,3.8,21.7,8.1,21.1,13.3,11.5,5.3,12.3,1,6.5,15.3,36.9,30.9,9.3,76.3,23.7,102802,124953
"7528",6097150800,"06","097","150800",4994,38.227044,-122.649335,"Census Tract 1508, Sonoma County, California",612300,2089,194,5,2.45,2.2,6.3,3.5,7.9,9.7,3,8.3,11.6,11,38.7,3,15.7,37,28.1,14.1,2.2,56.8,43.2,72739,91067
"7529",6097150901,"06","097","150901",4904,38.243142,-122.639462,"Census Tract 1509.01, Sonoma County, California",417100,2081,184,4.7,2.58,2.79,4.7,6,7.2,10.8,11.3,10.8,16.2,9,24,6.4,15.5,31.3,29,17.3,0.4,50.8,49.2,65121,78473
"7530",6097150902,"06","097","150902",3350,38.241858,-122.652295,"Census Tract 1509.02, Sonoma County, California",590100,1485,120,6.1,2.51,2.25,5.4,2,1,14.9,19.1,18.7,7.7,6.6,24.5,0.8,3.8,26.5,42.5,19.7,6.7,76.8,23.2,92321,118675
"7531",6097151000,"06","097","151000",3483,38.249481,-122.673463,"Census Tract 1510, Sonoma County, California",707400,1516,77,5.4,2.64,2.32,0.8,2.4,2.7,13.5,18.6,20.1,10.6,4.9,26.3,1.8,10.9,31.9,40.8,13.2,1.4,60.5,39.5,80733,104351
"7532",6097151100,"06","097","151100",5151,38.261155,-122.733346,"Census Tract 1511, Sonoma County, California",835500,1850,128,5.9,2.48,2.64,1.9,2.4,8.6,9.4,19.8,14.6,14.3,9.8,19,2.3,7,31.5,40.6,15.8,2.9,60.6,39.4,69653,94545
"7533",6097151201,"06","097","151201",6855,38.324208,-122.704272,"Census Tract 1512.01, Sonoma County, California",209500,3076,324,4.5,2.63,2.07,8.9,10.7,10.4,11.7,29.7,6,8.7,1.7,12.1,0.6,14.7,40.7,36,7.2,0.8,61.7,38.3,55901,75447
"7534",6097151203,"06","097","151203",5130,38.324491,-122.694753,"Census Tract 1512.03, Sonoma County, California",395300,2157,28,5.1,2.39,2.31,5,10.7,5.6,12.5,49.1,12,2.3,0,2.9,3.4,14.9,19.5,38,21.9,2.3,55.2,44.8,63780,74407
"7535",6097151204,"06","097","151204",3413,38.32454,-122.707879,"Census Tract 1512.04, Sonoma County, California",377700,1603,28,4.5,2.37,2.12,5.4,1.8,15.7,33.7,22.5,8.6,4,3.1,5.3,0,6.1,48.3,27.2,18.2,0.3,55.3,44.7,56250,91639
"7536",6097151301,"06","097","151301",4587,38.333769,-122.70015,"Census Tract 1513.01, Sonoma County, California",347900,1645,62,5.1,3.23,2.78,1.2,0,2.4,15.1,23.5,49.4,6,0,2.4,0,19.5,23.7,30.8,25.5,0.5,49.1,50.9,54531,68954
"7537",6097151305,"06","097","151305",5405,38.341842,-122.706208,"Census Tract 1513.05, Sonoma County, California",318800,2441,132,3.8,2.39,2.15,4.6,0,14,25,27.3,18.1,9.1,1,0.9,2.9,34.2,29.5,24.6,7.2,1.6,28.2,71.8,44375,50144
"7538",6097151306,"06","097","151306",3636,38.347177,-122.69437,"Census Tract 1513.06, Sonoma County, California",195300,1679,101,4.6,1.9,2.46,1,1.2,4.3,27.6,52.1,8.8,2,2.3,0.6,1.2,5.4,59.5,24.2,7.1,2.6,57.8,42.2,54610,65775
"7539",6097151307,"06","097","151307",5174,38.366522,-122.69571,"Census Tract 1513.07, Sonoma County, California",447200,1993,254,5.8,2.8,2.41,0,0.9,5.5,49.9,32.9,3.6,3.9,0.4,3,0,4.1,20.2,52,18,5.7,79.7,20.3,77125,93382
"7540",6097151308,"06","097","151308",4796,38.356178,-122.694153,"Census Tract 1513.08, Sonoma County, California",441700,2185,63,5.1,2.44,2.47,1.3,5.6,5.2,22.4,60,3.1,1,1.4,0,0.5,12.9,39.9,23.2,17.6,5.9,51.8,48.2,55052,66091
"7541",6097151309,"06","097","151309",4865,38.357177,-122.671385,"Census Tract 1513.09, Sonoma County, California",404500,1912,104,5.4,2.98,2.24,9.8,5.6,4.3,52.7,18.2,4.1,0.4,0,4.8,0,8.8,24.2,47.6,18.3,1.2,70.6,29.4,74224,90105
"7542",6097151310,"06","097","151310",6143,38.339154,-122.68363,"Census Tract 1513.10, Sonoma County, California",362500,1531,106,4.8,2.76,2.28,0,2.1,10.7,40.8,39.4,4.4,1.8,0,0.7,0,18.3,30.4,35.3,14,2.1,51.6,48.4,62703,69320
"7543",6097151311,"06","097","151311",6382,38.329189,-122.681516,"Census Tract 1513.11, Sonoma County, California",388900,2449,0,5.4,2.71,2.71,1.8,0.6,39.9,40,9.8,3,2.8,0.7,1.5,1.3,16.1,19.1,48.2,14.6,0.7,58,42,74570,90129
"7544",6097151401,"06","097","151401",7306,38.423769,-122.700806,"Census Tract 1514.01, Sonoma County, California",338400,2081,141,4.9,3.36,3.39,20.6,29.9,8.3,3.1,5.1,6.9,18.9,4.1,3.1,5.1,12.7,25.4,41.5,14.9,0.4,45.2,54.8,53396,64197
"7545",6097151402,"06","097","151402",9177,38.406079,-122.709113,"Census Tract 1514.02, Sonoma County, California",81900,3592,164,4.2,2.65,2.65,6.3,24.3,28.4,9.9,11.6,6.1,7.1,3.5,2.8,0,26.1,42.4,26.7,4.5,0.3,40.9,59.1,47597,52779
"7546",6097151502,"06","097","151502",6591,38.420759,-122.667881,"Census Tract 1515.02, Sonoma County, California",461300,3067,144,5.4,2.42,2.18,0.5,4.2,13.3,20.7,34.9,16.1,4.5,3,2.8,0.4,13.1,32.5,36.5,13.9,3.6,55.8,44.2,61604,71275
"7547",6097151503,"06","097","151503",3572,38.431654,-122.649736,"Census Tract 1515.03, Sonoma County, California",678500,1458,0,7.1,2.48,2,0.6,1.1,15.6,36.6,32.6,8.8,0,0.6,4,0,2.5,6.7,46.5,41.6,2.7,90.1,9.9,120685,161380
"7548",6097151504,"06","097","151504",3563,38.436433,-122.667757,"Census Tract 1515.04, Sonoma County, California",447200,1379,31,6,2.25,2.71,1.7,0,0.5,9.6,45.8,28.6,10.9,2,0.8,0,0.8,10.7,69.7,18.8,0,85.9,14.1,78472,85841
"7549",6097151601,"06","097","151601",2901,38.443256,-122.593536,"Census Tract 1516.01, Sonoma County, California",476800,1925,309,5,1.62,1.42,4.2,1.4,10.3,17,41.6,16.7,2.8,2,4.1,2.8,5.8,66.4,23.5,0.9,0.7,73.2,26.8,50985,64560
"7550",6097151602,"06","097","151602",3324,38.428308,-122.591361,"Census Tract 1516.02, Sonoma County, California",603900,2062,251,5.8,1.78,1.75,0,4.1,8.4,41.9,31.7,9,0,0,4.9,0,1.9,48,45.6,4.5,0,83.7,16.3,62188,90692
"7551",6097151700,"06","097","151700",6978,38.448716,-122.669635,"Census Tract 1517, Sonoma County, California",445400,3091,207,4.6,2.58,2.21,2.5,1.6,7.7,19.7,15.1,21.8,28.6,2.7,0.2,2.4,19.6,30.8,38.1,7.1,1.9,42.8,57.2,62857,77208
"7552",6097151800,"06","097","151800",5219,38.442953,-122.691027,"Census Tract 1518, Sonoma County, California",445500,2150,139,5.1,2.52,1.89,5.4,0.6,0,4,3.8,9.2,44.6,21.1,11.4,0,8.6,43.1,41.5,4.8,2,62.4,37.6,60380,76030
"7553",6097151900,"06","097","151900",3158,38.435461,-122.707882,"Census Tract 1519, Sonoma County, California",368100,1448,122,4.5,2.5,2.26,3.7,5.7,5.5,0,19.9,1.9,13.9,17.9,31.6,3.4,25.7,43.6,22.7,4.7,0,37.6,62.4,51071,51615
"7554",6097152000,"06","097","152000",2079,38.44266,-122.714483,"Census Tract 1520, Sonoma County, California",403300,1032,120,3.6,1.28,1.84,2.9,4.7,0.8,9.7,9.9,7.3,3.5,14.5,46.8,6,52.4,27,10.9,3.7,0,15.1,84.9,43098,50692
"7555",6097152100,"06","097","152100",3004,38.459275,-122.72324,"Census Tract 1521, Sonoma County, California",367300,1083,80,4.4,1.85,2.55,6.8,1.6,1.6,4.7,14.6,20.5,23.5,9,17.7,0,23.5,47.8,25.2,3.5,0,57.5,42.5,41328,55530
"7556",6097152201,"06","097","152201",3846,38.456279,-122.712616,"Census Tract 1522.01, Sonoma County, California",393300,1822,148,4.3,2.17,2.5,0.4,0,4.2,8.1,16.9,10.6,14.1,32.5,13.1,4.8,18.3,52.4,21.3,3.2,0,27.4,72.6,47553,50997
"7557",6097152202,"06","097","152202",6763,38.466501,-122.675437,"Census Tract 1522.02, Sonoma County, California",418300,3027,139,4.9,2.24,2.65,5.3,12.5,8,16.4,40.1,10.9,4.8,1.5,0.5,1.1,12.8,37.5,32.9,14.7,0.9,50.4,49.6,62098,71543
"7558",6097152203,"06","097","152203",3527,38.447973,-122.707916,"Census Tract 1522.03, Sonoma County, California",547600,1877,157,5,2.28,1.81,0,5,1,9.6,15,8.7,7.4,14,39.3,3.2,21.5,43.5,25.3,4.7,1.8,39.9,60.1,59187,77946
"7559",6097152300,"06","097","152300",4329,38.459655,-122.699859,"Census Tract 1523, Sonoma County, California",575100,1937,0,5.8,2.29,1.88,0,0,0.3,9.3,14.4,19.4,34.6,17.8,4.1,1.9,8.5,23.5,48.7,16.9,0.5,71.3,28.7,70069,92679
"7560",6097152400,"06","097","152400",10001,38.47941,-122.702634,"Census Tract 1524, Sonoma County, California",780900,4280,158,6.7,2.64,1.8,10.4,21.8,25.7,15.7,12,7.9,5.2,0.7,0.6,2.9,5.1,14.3,34.8,35.6,7.3,75.3,24.7,110815,149983
"7561",6097152501,"06","097","152501",4178,38.466431,-122.659394,"Census Tract 1525.01, Sonoma County, California",426100,1740,87,5,2.5,2.36,2.6,8.9,14,14.9,28.9,16.8,10.8,2.6,0.5,0,13.2,33.4,36.8,15.3,1.3,41.7,58.3,54570,75886
"7562",6097152502,"06","097","152502",3603,38.477479,-122.663925,"Census Tract 1525.02, Sonoma County, California",334600,1553,62,5.3,2.43,2.75,0,2.1,7.2,10,50.7,21.3,5.3,1.7,1.7,0,4,37,41.3,17.3,0.4,73.8,26.2,72196,81701
"7563",6097152600,"06","097","152600",8365,38.485816,-122.649199,"Census Tract 1526, Sonoma County, California",652500,3502,376,6.4,2.56,2.1,3,11,10.5,9.9,29.7,20.6,11,0.9,3.4,3.4,3.2,13.4,46.8,28.7,4.6,87.1,12.9,104612,124560
"7564",6097152701,"06","097","152701",5271,38.515795,-122.758709,"Census Tract 1527.01, Sonoma County, California",460000,2215,234,5.9,2.3,3.02,0.9,6.4,12.5,40.4,20.1,15.5,3.5,0.2,0.6,2.1,4.9,27.2,42.3,22.4,1,82.4,17.6,72560,91609
"7565",6097152702,"06","097","152702",5242,38.503871,-122.763011,"Census Tract 1527.02, Sonoma County, California",485600,2108,115,5,2.69,2.25,7.6,9.8,14.8,19.5,19.4,14.2,10.6,0.9,3.2,3.9,10.6,27.5,38.1,17.3,2.6,55,45,57739,74080
"7566",6097152801,"06","097","152801",5547,38.478507,-122.748638,"Census Tract 1528.01, Sonoma County, California",404100,2023,68,5.4,2.58,2.92,2.7,0.4,11.2,45.4,23.2,6.2,0.6,4,6.2,0,10.9,12.4,55.3,20.1,1.2,65.3,34.7,63988,79328
"7567",6097152802,"06","097","152802",6807,38.463745,-122.735116,"Census Tract 1528.02, Sonoma County, California",233800,2926,291,4,2.54,2.55,4.6,1.9,5.4,30.8,32.2,17.3,2.3,4.7,0.8,7,25.5,48.6,17.4,1.2,0.4,21.3,78.7,38988,50450
"7568",6097152903,"06","097","152903",5114,38.458921,-122.745612,"Census Tract 1529.03, Sonoma County, California",360400,1592,28,4.9,2.77,3.81,5.6,2.6,4,34.7,27.2,22.9,0.4,1.1,1.4,3.4,7.4,33.2,39.5,15.8,0.7,38.9,61.1,46029,59407
"7569",6097152904,"06","097","152904",5095,38.461508,-122.759678,"Census Tract 1529.04, Sonoma County, California",442400,1923,57,5.5,2.53,3.02,7.3,7.2,5.3,33.1,30.9,5.8,6.8,1,2.7,0,14.7,18,45.4,20.7,1.1,55.6,44.4,66978,77434
"7570",6097152905,"06","097","152905",4037,38.469782,-122.758588,"Census Tract 1529.05, Sonoma County, California",352600,1595,127,5,2.61,1.74,0,2,33,53.9,6.2,0,0.4,3.2,1.4,0,5.3,45.6,32.9,16.2,0,65.3,34.7,64803,75861
"7571",6097152906,"06","097","152906",5234,38.472016,-122.779077,"Census Tract 1529.06, Sonoma County, California",550000,1925,157,5.6,2.59,2.39,9.1,10.8,25,12.2,13.9,6.2,12.3,7,3.5,2.2,8.2,19.8,49.7,17.7,2.3,70,30,73370,81940
"7572",6097153001,"06","097","153001",6594,38.45107,-122.737878,"Census Tract 1530.01, Sonoma County, California",363900,2437,174,4.2,2.66,2.47,13.9,5.2,13,13.2,20.5,19.3,1.9,7.4,5.7,7.3,27.9,33.1,23.4,7.8,0.5,32.3,67.7,40250,48325
"7573",6097153002,"06","097","153002",6827,38.441232,-122.73428,"Census Tract 1530.02, Sonoma County, California",277600,2059,209,4.8,3.06,3.03,1.7,1.8,15.1,9.7,13.8,10.7,25.4,3.6,17.9,1.7,13.3,34.7,38.2,12.1,0,56.8,43.2,53289,60048
"7574",6097153003,"06","097","153003",5502,38.434031,-122.73957,"Census Tract 1530.03, Sonoma County, California",255700,2099,123,4.8,2.41,3.19,1,0.8,6.2,27.1,36.3,14.2,3.6,1.2,9.5,1,15.5,35.6,37.5,7.8,2.5,49.1,50.9,46162,53459
"7575",6097153005,"06","097","153005",6669,38.434065,-122.774498,"Census Tract 1530.05, Sonoma County, California",436900,2553,125,5.9,2.75,3.35,2.2,2.3,15.1,40.2,23.9,6.9,8,0.7,0.6,0,4,24.4,46.1,24.1,1.3,81.5,18.5,76607,98888
"7576",6097153006,"06","097","153006",7286,38.444993,-122.758894,"Census Tract 1530.06, Sonoma County, California",322500,2881,141,5,2.43,2.83,4.2,8.7,11.7,33.4,31.9,2.2,1.8,3.2,2.9,0,8.6,31.3,49.2,9.2,1.6,67.5,32.5,59091,64956
"7577",6097153102,"06","097","153102",5742,38.420038,-122.721267,"Census Tract 1531.02, Sonoma County, California",334900,1473,80,4.8,3.54,4.83,2,5.6,2.4,13.7,11.3,25.3,21.1,12.3,6.4,3.5,4.5,36.3,41.5,11.4,2.9,40.6,59.4,53112,58279
"7578",6097153103,"06","097","153103",4716,38.421012,-122.73393,"Census Tract 1531.03, Sonoma County, California",295800,1476,34,5.3,3.44,3.72,6.6,11.7,18.2,8.1,10,11.7,14.6,11.8,7.2,3.5,9.4,30,43.6,11.6,1.8,43.1,56.9,59722,60426
"7579",6097153104,"06","097","153104",4046,38.427906,-122.724483,"Census Tract 1531.04, Sonoma County, California",247100,1273,149,4.1,3.21,3.45,0.4,0.7,8.2,11.4,12.6,15,24.6,11,16.1,8.5,21.4,36.1,29.9,4.1,0,42.8,57.2,58676,77020
"7580",6097153200,"06","097","153200",7522,38.400056,-122.72827,"Census Tract 1532, Sonoma County, California",392300,2245,215,5.3,3.13,3.67,2.1,29.5,12.3,8,10.2,8.9,13.5,7.4,8.1,3.7,6.5,24.9,42.9,18.4,3.7,57.1,42.9,60694,73591
"7581",6097153300,"06","097","153300",11010,38.414402,-122.755089,"Census Tract 1533, Sonoma County, California",379400,3612,301,5.2,3.05,3.37,5,25.6,16.6,8.7,13.9,7,8.7,6.6,7.9,1.2,7.6,28.5,41.7,18.1,3,55.8,44.2,68911,75648
"7582",6097153401,"06","097","153401",6131,38.406905,-122.837415,"Census Tract 1534.01, Sonoma County, California",563500,2872,154,4.9,2.45,1.96,2.3,1.9,5.6,18.3,20.3,12.4,10.7,9.5,18.9,1.7,11.8,38.9,39.7,7.1,0.7,55.8,44.2,54969,79310
"7583",6097153403,"06","097","153403",3840,38.386235,-122.809825,"Census Tract 1534.03, Sonoma County, California",598800,1812,196,5,2.57,1.76,2.5,2.4,6.8,10.2,22.9,12.4,14.7,12.7,15.2,2.6,18.7,34.8,33.3,9.9,0.7,63.1,36.9,69250,89440
"7584",6097153404,"06","097","153404",4011,38.385834,-122.827285,"Census Tract 1534.04, Sonoma County, California",659300,1944,111,5.5,2.61,1.94,1.6,2.3,10,17.7,28.5,12.8,9.4,11,6.6,8.2,9.3,23.1,42.8,13.3,3.2,68.4,31.6,79229,98536
"7585",6097153501,"06","097","153501",4319,38.348619,-122.786556,"Census Tract 1535.01, Sonoma County, California",693800,1959,144,5.5,2.39,2.26,1.6,5.4,6.7,9.4,30.2,17.3,10.6,3.8,15.1,2.9,11.6,24.4,46.7,12.6,1.8,79.6,20.4,80225,98730
"7586",6097153502,"06","097","153502",3684,38.363555,-122.867554,"Census Tract 1535.02, Sonoma County, California",788500,1805,222,5.7,2.69,1.83,2.2,2.8,10.5,21.1,29.5,9.8,7.8,6.3,10,0.6,13.3,24.4,48.5,11.4,1.8,73.8,26.2,79375,98766
"7587",6097153600,"06","097","153600",5327,38.421742,-122.881361,"Census Tract 1536, Sonoma County, California",708600,2523,314,5.5,2.39,2.56,2.2,4.7,7.6,22.7,24.5,7.2,6.9,9.2,15,2.2,13.9,26.4,48.9,7.3,1.3,78.4,21.6,78272,90745
"7588",6097153703,"06","097","153703",3490,38.477937,-123.013397,"Census Tract 1537.03, Sonoma County, California",383500,2824,1241,4.1,2.08,1.8,0.6,1.1,5.1,12.7,5.6,9.9,18.7,12,34.3,9,22.5,47.1,19.2,1.1,1.1,55.3,44.7,37014,50303
"7589",6097153704,"06","097","153704",3728,38.513227,-122.99149,"Census Tract 1537.04, Sonoma County, California",391200,2610,760,4.1,1.82,2.13,0.2,2.4,6,6.4,11.3,9.7,14.4,21.4,28.3,2.1,21.3,53.4,18.2,4,1,54.4,45.6,41792,60965
"7590",6097153705,"06","097","153705",3536,38.491882,-122.899331,"Census Tract 1537.05, Sonoma County, California",468900,1871,349,4.8,2.17,2.22,2.5,3.3,7.4,8,13.3,9.1,27,12.8,16.6,1.1,22.2,37,31.5,7.2,1,69.9,30.1,52500,78715
"7591",6097153706,"06","097","153706",4092,38.473006,-122.89293,"Census Tract 1537.06, Sonoma County, California",476700,2464,629,4.8,2.21,1.79,3.2,4.1,3.7,11,14.9,13.1,18.1,7.6,24.3,3.9,12,36.3,33.2,11.4,3.1,81.7,18.3,71250,82163
"7592",6097153801,"06","097","153801",9648,38.542124,-122.822649,"Census Tract 1538.01, Sonoma County, California",460800,3386,138,5.6,3.05,3.21,11,26,13.7,11.9,14.2,10.3,3.5,3.2,6.1,1.4,1.5,15.5,53.1,25.2,3.3,77.4,22.6,77877,96233
"7593",6097153804,"06","097","153804",3239,38.557248,-122.812726,"Census Tract 1538.04, Sonoma County, California",385800,1174,96,5.9,3.3,3.07,1.7,8.3,52.3,29.6,2.6,1.3,2,1,1.3,3.3,2.1,19.8,46.8,28,0,82.7,17.3,86357,95610
"7594",6097153806,"06","097","153806",3288,38.550387,-122.802582,"Census Tract 1538.06, Sonoma County, California",452400,1286,50,5.5,2.56,1.86,0,6.1,46,28.5,6.4,4.4,2.9,0,5.8,5.5,12.4,14.1,41.1,23.5,3.4,65.8,34.2,67692,75116
"7595",6097153807,"06","097","153807",3861,38.555143,-122.786576,"Census Tract 1538.07, Sonoma County, California",508300,1451,28,5.7,3.11,2.36,0,2.1,54.7,21,6.3,3.4,10.5,0.5,1.6,2.9,1,11.9,55.3,24.5,4.4,82.2,17.8,102841,115382
"7596",6097153808,"06","097","153808",4251,38.547333,-122.812292,"Census Tract 1538.08, Sonoma County, California",253200,1545,88,5.2,2.4,2.76,6.3,19.2,11.9,25.6,22.8,7.8,4.9,0.2,1.4,1.7,12.2,30.2,37.3,17.2,1.5,66.5,33.5,54432,71485
"7597",6097153809,"06","097","153809",4336,38.5345,-122.788489,"Census Tract 1538.09, Sonoma County, California",506200,1607,95,6.2,2.49,3.86,1.5,7.3,16.9,48.8,12.8,7.5,0.7,1.7,2.8,0,3.6,16.9,48.7,24.5,6.3,75.1,24.9,73681,89340
"7598",6097153901,"06","097","153901",5421,38.619765,-122.851851,"Census Tract 1539.01, Sonoma County, California",559300,2483,220,5.5,2.52,2.35,4.1,16.6,10.1,16.6,17.7,9.6,6.6,5.8,13.1,0,5.9,31.5,39.9,17.3,5.4,67.8,32.2,70976,107293
"7599",6097153902,"06","097","153902",4147,38.616142,-122.867626,"Census Tract 1539.02, Sonoma County, California",504100,1658,158,5.2,2.37,2.81,2.7,7.1,11,13.6,21.2,6.5,8.6,4.2,25.2,4.7,12,24.2,41.9,14.7,2.5,47,53,53864,74187
"7600",6097153903,"06","097","153903",3760,38.618621,-122.861794,"Census Tract 1539.03, Sonoma County, California",633600,1690,146,5.3,2.18,2.66,2.5,2.5,3.8,19.2,12.4,9.9,24.8,9.2,15.7,0.7,5.2,37,47.6,9.1,0.5,63.1,36.9,65962,80019
"7601",6097154000,"06","097","154000",2597,38.622484,-122.911785,"Census Tract 1540, Sonoma County, California",NA,1387,337,5.2,2.28,3.33,1.5,1.7,9.5,22.1,15.3,16.1,12.9,6.3,14.6,2.8,10.7,31.2,41.1,11.2,3,68.2,31.8,84537,118956
"7602",6097154100,"06","097","154100",3729,38.707386,-122.880341,"Census Tract 1541, Sonoma County, California",728100,1781,272,5.4,2.55,3.17,0,5.6,16.8,15,16.4,11.8,7.6,8.1,18.5,0.7,8.4,30.8,43.3,13,3.8,70.3,29.7,77017,102711
"7603",6097154201,"06","097","154201",3925,38.804492,-123.014889,"Census Tract 1542.01, Sonoma County, California",338200,1563,273,4.7,3.15,2.44,1.3,0.8,4.3,11.4,20.2,17.2,16.6,14.8,13.4,0,16.4,36,41.1,5.6,0.8,45.4,54.6,41240,50107
"7604",6097154202,"06","097","154202",5994,38.795514,-123.02378,"Census Tract 1542.02, Sonoma County, California",404200,2465,175,5.4,2.54,2.59,4.7,31,17.6,14.4,9.8,7,7.1,5,3.4,1.3,2.6,32.8,45.3,15,3,70.1,29.9,70337,79138
"7605",6097154302,"06","097","154302",3747,38.37717,-122.975413,"Census Tract 1543.02, Sonoma County, California",692600,2324,700,5.1,1.98,2.13,0.8,7.6,13.5,22.2,18.9,5.7,3.5,9.9,18,4.5,11.2,31.3,43,10,0,81,19,67410,99042
"7606",6097154303,"06","097","154303",1720,38.682003,-123.419284,"Census Tract 1543.03, Sonoma County, California",846100,2011,1422,4.7,1.87,2.2,0,6.7,23.4,35.9,22,8.1,0.5,1.6,1.9,1.9,9.5,47.7,37.2,3.6,0,81,19,57148,86979
"7607",6097154304,"06","097","154304",2400,38.509862,-123.13865,"Census Tract 1543.04, Sonoma County, California",594300,1852,881,4.2,2.22,2.03,4.2,4.1,4.6,15.4,20,18.4,11.8,3.7,17.8,5.3,22.7,42.1,27.8,2.1,0,72.3,27.7,68510,88907
"7608",6097990100,"06","097","990100",0,38.533921,-123.316279,"Census Tract 9901, Sonoma County, California",NA,0,0,NA,NA,NA,NA,NA,NA,NA,NA,NA,NA,NA,NA,NA,NA,NA,NA,NA,NA,NA,NA,NA,NA
"7609",6099000101,"06","099","000101",4928,37.811191,-120.835519,"Census Tract 1.01, Stanislaus County, California",551400,2017,142,6.2,2.67,3.07,6.2,15.8,11.7,15.5,20.9,8.4,7.3,7.1,7.2,0.5,3.8,20.1,48.2,20.6,6.8,77.2,22.8,72750,96537
"7610",6099000102,"06","099","000102",3869,37.763339,-120.807846,"Census Tract 1.02, Stanislaus County, California",539300,1457,61,6.5,2.71,3.26,2.7,16.3,23.7,14.7,19.1,6.7,4.6,3.1,9.1,0,1.2,13.5,49.8,30,5.5,77.8,22.2,79519,104179
"7611",6099000201,"06","099","000201",5908,37.765456,-120.863197,"Census Tract 2.01, Stanislaus County, California",264000,2324,173,5.7,2.59,2.71,1.3,7,11.9,24,12.2,8.7,15.9,10.8,8.3,0.6,4.3,21.3,59,14.3,0.6,69.9,30.1,67196,82265
"7612",6099000202,"06","099","000202",6593,37.756855,-120.860536,"Census Tract 2.02, Stanislaus County, California",277500,2224,247,5.8,3.45,2.86,34,12.2,7.9,11.6,7.5,10,6.5,5.2,5,0,6.4,23.6,32.8,26.7,10.6,66,34,61854,71325
"7613",6099000203,"06","099","000203",8756,37.770954,-120.837538,"Census Tract 2.03, Stanislaus County, California",235400,3305,230,5.2,2.62,3,1.8,15.2,28.1,15.8,22.3,8.6,6.5,1.2,0.5,0,9.2,23.7,51.7,13.9,1.6,56.4,43.6,56517,65200
"7614",6099000301,"06","099","000301",1987,37.735778,-120.932159,"Census Tract 3.01, Stanislaus County, California",193100,729,79,4.9,2.85,3.02,0,1,4.3,7.8,18.8,24.7,19.1,3.7,20.7,2.9,22.4,32.4,37,4.3,1.1,40.3,59.7,36333,51317
"7615",6099000302,"06","099","000302",2641,37.736614,-120.94892,"Census Tract 3.02, Stanislaus County, California",202200,886,101,5.4,3.43,3.02,0,0.7,30.1,16.1,22.9,11.5,0,12.8,5.9,0,10,33.4,26.4,25.8,4.3,59.2,40.8,44821,65802
"7616",6099000303,"06","099","000303",5883,37.726345,-120.945008,"Census Tract 3.03, Stanislaus County, California",179400,1817,183,5.5,3.28,3.78,13.2,5.8,46.7,13.5,11.7,2.8,3.7,1.5,1.2,0.9,0.6,14.2,64.8,15.7,3.8,81.5,18.5,61992,70168
"7617",6099000304,"06","099","000304",5003,37.726218,-120.927676,"Census Tract 3.04, Stanislaus County, California",171800,1366,17,5.1,3.7,4,0,6,39.1,20.8,6.7,9.3,8.7,3.1,6.2,1.1,4.5,22.3,55.9,16.3,0,69.2,30.8,45905,52016
"7618",6099000402,"06","099","000402",10095,37.721522,-120.946231,"Census Tract 4.02, Stanislaus County, California",296700,3364,235,6.5,3.31,3.31,13.4,36.9,12.2,7.4,9.9,11.1,3.7,2.7,2.7,0.5,3.7,7.2,46.1,33.3,9.2,84.5,15.5,77354,84350
"7619",6099000403,"06","099","000403",4317,37.694999,-120.966807,"Census Tract 4.03, Stanislaus County, California",247100,1606,166,6.3,2.91,2.93,6.4,19.7,18.3,21.8,30.6,1.7,0.6,0,0.9,3.9,2.1,15.3,37.7,29.3,11.8,79.4,20.6,59286,83024
"7620",6099000404,"06","099","000404",5564,37.694555,-120.98551,"Census Tract 4.04, Stanislaus County, California",245500,2217,137,5.7,2.56,2.64,7.2,12.3,4.5,31.2,36.1,6,0,0.6,2.2,0.7,10,28.8,34.6,18.4,7.6,66.6,33.4,51563,64106
"7621",6099000501,"06","099","000501",7165,37.72299,-121.062324,"Census Tract 5.01, Stanislaus County, California",325300,2600,113,5.8,3.12,2.71,1,16.7,44.5,11.4,7.1,3.5,8.7,2.5,4.7,0,3.8,12.2,47.7,29.6,6.8,75.8,24.2,83051,124108
"7622",6099000503,"06","099","000503",4930,37.696561,-121.057324,"Census Tract 5.03, Stanislaus County, California",191800,1926,182,4.7,2.92,2.66,3,0,10.8,55,24.7,3,3.5,0,0,0.5,10.7,36,44.2,8.3,0.4,48.4,51.6,56223,62943
"7623",6099000504,"06","099","000504",8692,37.696934,-121.035762,"Census Tract 5.04, Stanislaus County, California",361800,3184,217,6.6,3.3,2.57,0.4,44.1,10.2,36.4,7.5,0,0.4,0.4,0.6,0,7.3,18.8,32.8,35.2,5.9,69.8,30.2,68822,101419
"7624",6099000505,"06","099","000505",4895,37.694776,-121.020518,"Census Tract 5.05, Stanislaus County, California",270700,1801,191,5.6,3.14,3.46,0.6,27.9,12.7,13.8,40.1,0.7,0.3,3.1,0.8,0,5.7,24.8,38.9,22.8,7.9,51.4,48.6,62279,75892
"7625",6099000506,"06","099","000506",4295,37.693005,-121.003827,"Census Tract 5.06, Stanislaus County, California",204100,1914,110,4.7,2.31,2.63,0.5,0,3.7,33.5,51.7,7.8,1.9,0,1,3.1,17.9,28.1,44.1,6.8,0,53.4,46.6,39911,61291
"7626",6099000510,"06","099","000510",8480,37.702054,-121.087084,"Census Tract 5.10, Stanislaus County, California",220300,2739,117,6,3.23,4.41,0.8,9.4,47,20.1,7.8,4.3,6.1,3.2,1.4,0,0,15.5,45.9,31.8,6.8,77,23,66235,73137
"7627",6099000601,"06","099","000601",4647,37.655741,-121.046709,"Census Tract 6.01, Stanislaus County, California",264700,1529,72,5.9,3.2,3.74,1.1,1,16.2,55,13.6,5.8,1.7,0.5,5.1,2,0.5,8.4,64.8,23.4,0.9,76.9,23.1,70923,73559
"7628",6099000602,"06","099","000602",2953,37.652327,-121.036079,"Census Tract 6.02, Stanislaus County, California",232400,944,39,5.6,3.08,2.81,0.5,4.6,16.3,43.9,9.2,1.5,13.5,8.7,1.9,0,0,17.2,59.5,20.8,2.5,66.9,33.1,65912,65114
"7629",6099000801,"06","099","000801",6216,37.679988,-121.003921,"Census Tract 8.01, Stanislaus County, California",230000,2696,322,5.7,2.59,2.12,2.4,0.5,0,6.2,33.4,27.2,26.9,2.4,1,0.6,14.4,18,48.1,18.2,0.6,68.6,31.4,56557,74771
"7630",6099000803,"06","099","000803",4789,37.678042,-121.038434,"Census Tract 8.03, Stanislaus County, California",85700,1674,228,4.9,2.46,3.36,0.4,6.5,12.4,13,42.8,13.4,6.8,4,0.8,5.1,2.3,51.9,34.5,4.7,1.5,53,47,35256,42349
"7631",6099000805,"06","099","000805",6188,37.676943,-121.02187,"Census Tract 8.05, Stanislaus County, California",177200,2124,164,5.5,2.87,3.47,0,0,0,4.4,19.5,55.7,15.3,5.1,0,0,2.3,8.3,78.2,11.3,0,60.2,39.8,53400,59819
"7632",6099000806,"06","099","000806",4231,37.685376,-121.022553,"Census Tract 8.06, Stanislaus County, California",214300,1617,68,5.2,2.84,2.41,1.1,1.6,11.1,24,39.5,20.8,2,0,0,1,13,21.2,49.2,15.2,0.5,51,49,47780,64536
"7633",6099000807,"06","099","000807",3694,37.685759,-121.041439,"Census Tract 8.07, Stanislaus County, California",197200,1669,132,4.1,2.55,2.07,0.7,2.2,23.5,40.6,26.1,5.6,0,0.7,0.7,2.5,30.6,32.6,23.7,10.2,0.5,27.5,72.5,50732,60231
"7634",6099000905,"06","099","000905",6102,37.660667,-120.94819,"Census Tract 9.05, Stanislaus County, California",289300,2206,157,5.9,2.93,2.82,6,1.2,6.7,9.4,65.7,7.6,3.4,0,0,2.9,6.1,14.5,51.4,20.7,4.5,70.1,29.9,64665,79485
"7635",6099000906,"06","099","000906",5810,37.661468,-120.929959,"Census Tract 9.06, Stanislaus County, California",242700,2409,191,5.6,2.61,2.52,0,0.9,9.1,34.9,42,8.4,4.1,0.6,0,0,8.3,19.6,57.7,13.2,1.1,66.2,33.8,51250,77630
"7636",6099000907,"06","099","000907",3200,37.683687,-120.984971,"Census Tract 9.07, Stanislaus County, California",290500,1312,55,6.5,2.54,2.03,0,0,1.1,4,24.8,45.7,20.7,3.4,0.4,0,7.2,17.5,44.8,26.2,4.2,76.7,23.3,67689,112255
"7637",6099000908,"06","099","000908",5093,37.68332,-120.968356,"Census Tract 9.08, Stanislaus County, California",268300,2030,185,5.4,2.61,3.24,0.6,0.4,9.5,28.2,42.5,14.3,4.5,0,0,0,9.4,33.4,34.1,21.8,1.3,48,52,52663,66312
"7638",6099000909,"06","099","000909",4402,37.673547,-120.984345,"Census Tract 9.09, Stanislaus County, California",194200,1816,76,5,3.05,2.38,1.4,1.4,2.4,8.4,26.6,33.2,24.1,1,1.4,5.4,9.9,25.9,52.3,5.9,0.6,50.3,49.7,44142,50980
"7639",6099000910,"06","099","000910",6585,37.673055,-120.967046,"Census Tract 9.10, Stanislaus County, California",157300,2437,103,4.6,2.78,2.74,0.7,1.8,2.8,8,65.1,16.6,3.7,0.5,0.7,0,10.7,41.8,41.8,4.7,1.1,38,62,40414,45763
"7640",6099000911,"06","099","000911",4815,37.672646,-120.951813,"Census Tract 9.11, Stanislaus County, California",220000,1833,69,5.2,3.25,2.43,0,2.3,24.2,66.8,5.8,0.4,0.4,0,0,0,16.7,18,49.7,14.5,1.1,54.7,45.3,66667,70578
"7641",6099000912,"06","099","000912",17129,37.679444,-120.937952,"Census Tract 9.12, Stanislaus County, California",283400,5274,277,6.6,3.52,3.11,15.1,46.7,18.3,15,2.5,0.2,0.4,0.5,1.4,0,1.5,9.7,35.8,37.8,15.2,76.3,23.7,80934,94662
"7642",6099001001,"06","099","001001",6042,37.659293,-120.966591,"Census Tract 10.01, Stanislaus County, California",208400,2653,142,5.2,2.36,2.09,0.3,2.4,4.7,14.3,40.7,19.4,10.9,6.1,1.1,4.2,13.9,25.9,46.7,8,1.3,53.9,46.1,44629,61932
"7643",6099001002,"06","099","001002",3153,37.654966,-120.979017,"Census Tract 10.02, Stanislaus County, California",166300,1417,136,4.7,2.26,2.39,1.6,0.9,5.5,17.5,9.3,10.2,42,3.5,9.5,2.3,21,34.9,38.8,2.7,0.3,44.8,55.2,36156,53743
"7644",6099001100,"06","099","001100",3899,37.662482,-120.987563,"Census Tract 11, Stanislaus County, California",191300,1645,179,4.5,2.75,2.84,2,2.6,9.3,6.5,20.7,5,23.3,16.1,14.5,4.1,21.2,38.4,25.5,9.1,1.7,31.6,68.4,33971,53957
"7645",6099001200,"06","099","001200",3623,37.649496,-120.993918,"Census Tract 12, Stanislaus County, California",209300,1734,163,4.8,2.56,2.37,0,2.9,2.2,2.4,8.4,3.6,4.7,19.1,56.7,3.1,16.4,40.2,29.9,10.4,0,42.1,57.9,44338,59162
"7646",6099001300,"06","099","001300",5778,37.660942,-121.003625,"Census Tract 13, Stanislaus County, California",297900,2610,302,5.9,2.28,2.19,1.6,0,0.7,3.6,6.7,8.2,44.6,26.1,8.5,0,11,26.3,47.2,11.6,3.9,71.7,28.3,64167,84155
"7647",6099001400,"06","099","001400",6430,37.663943,-121.019657,"Census Tract 14, Stanislaus County, California",190100,2472,0,4.7,2.34,3.16,1,1.6,0.6,8.7,19.5,24.5,30,11,3,1.7,19.5,26.4,46.6,5.2,0.5,45.5,54.5,32699,42406
"7648",6099001500,"06","099","001500",6551,37.63465,-121.027032,"Census Tract 15, Stanislaus County, California",177000,2205,176,5.1,3,3.73,0,0.6,4.4,27.2,21.1,20.4,12.7,4.1,9.6,0,4.8,34,48.6,12.1,0.6,68.6,31.4,36374,48297
"7649",6099001601,"06","099","001601",4803,37.627995,-121.016074,"Census Tract 16.01, Stanislaus County, California",124100,1339,149,5,4.28,3.77,1,3.7,12.2,17.4,12.6,21.4,11,11.1,9.6,1.3,12.1,24.3,51.8,8.7,1.8,54.5,45.5,28131,41995
"7650",6099001603,"06","099","001603",5706,37.616998,-121.025699,"Census Tract 16.03, Stanislaus County, California",100000,1729,104,4.8,3.61,3.96,2.1,1.4,5.7,14.9,4.8,12.4,21.2,25.7,11.8,4,2.7,44.9,38.8,7.9,1.7,46.2,53.8,35246,44701
"7651",6099001604,"06","099","001604",3861,37.617102,-121.01689,"Census Tract 16.04, Stanislaus County, California",123500,1002,101,5,4.59,4.17,0,1,3.3,38.7,14.6,9.3,26.7,5.1,1.3,1.6,8.6,18,56.6,15.3,0,34.6,65.4,19646,32611
"7652",6099001700,"06","099","001700",2589,37.635318,-121.008618,"Census Tract 17, Stanislaus County, California",154700,831,94,4.2,3.89,3.58,1.1,0,1.6,4.6,15.4,10.6,11.9,6,48.9,3.9,23.1,39.7,25.4,7.3,0.6,36.9,63.1,30550,33990
"7653",6099001800,"06","099","001800",2196,37.640833,-120.991413,"Census Tract 18, Stanislaus County, California",166500,979,142,3.2,2.28,1.62,0,0.9,0.3,4.2,26.7,10.3,12,19.2,26.5,21.7,46,23.5,8.2,0.7,0,12.9,87.1,16913,29210
"7654",6099001900,"06","099","001900",5257,37.643309,-120.968507,"Census Tract 19, Stanislaus County, California",233200,2255,176,5.2,2.21,2.52,0.4,0.6,0.6,17.3,14,6.7,22.3,33.3,4.8,1.7,14.8,31,49.9,2.6,0,62.2,37.8,41919,57682
"7655",6099002002,"06","099","002002",4527,37.642999,-120.903799,"Census Tract 20.02, Stanislaus County, California",170100,1524,157,5.1,3.12,3.15,1.2,0.6,3.7,10.3,32.9,19.5,14.5,8.6,8.7,1,6.3,32,45.6,15,0,56,44,32265,41701
"7656",6099002004,"06","099","002004",6022,37.64329,-120.94786,"Census Tract 20.04, Stanislaus County, California",152400,2186,289,4.8,2.46,4.15,1.6,0,4.6,13.8,42.1,10.8,19.5,6.5,1.1,0.5,6.4,35.9,51.7,4.4,1.1,53.9,46.1,39613,49217
"7657",6099002005,"06","099","002005",3631,37.643956,-120.934614,"Census Tract 20.05, Stanislaus County, California",183400,1182,99,5.2,3.68,3.17,2,0,24,11.3,55,2.1,0,0,5.6,0.3,0,15.1,74.5,4.7,5.4,57.3,42.7,49593,63116
"7658",6099002006,"06","099","002006",4458,37.645022,-120.925464,"Census Tract 20.06, Stanislaus County, California",222100,1324,175,5.9,3.39,3.47,2.6,0,69.7,25.3,1.6,0,0.8,0,0,0,0,2.4,55.5,38.7,3.4,69,31,60602,71709
"7659",6099002100,"06","099","002100",4165,37.631371,-120.971593,"Census Tract 21, Stanislaus County, California",140400,1298,265,4.2,3.67,3.39,2.5,1.8,3.5,9.8,12.9,8.9,15.8,19.8,25.2,5.2,11.6,45.1,29.4,5.9,2.8,28.2,71.8,19398,29568
"7660",6099002200,"06","099","002200",6223,37.623562,-121.006239,"Census Tract 22, Stanislaus County, California",155300,1879,213,4.5,3.33,3.31,0,0,5.4,4.6,12.3,6.3,18,16.4,37,2.1,13.3,54.7,24.6,5.4,0,41,59,23220,29772
"7661",6099002301,"06","099","002301",7841,37.60855,-121.00509,"Census Tract 23.01, Stanislaus County, California",140300,2073,190,5.1,3.95,4.29,14.4,4.3,18.9,24.8,8.4,8.4,5.2,11.9,3.6,4.3,6.6,20.9,41.8,21.3,5.1,49.4,50.6,32253,41594
"7662",6099002302,"06","099","002302",4010,37.619478,-120.9803,"Census Tract 23.02, Stanislaus County, California",116400,1278,117,4.6,3.56,3.06,0,0,9.8,8.1,27.1,9.7,24.3,18.2,2.7,8.2,17.8,23.8,42.3,7.2,0.7,45.8,54.2,22227,33711
"7663",6099002401,"06","099","002401",3567,37.597119,-121.002657,"Census Tract 24.01, Stanislaus County, California",155800,889,53,5.5,4.31,4.24,0,1.5,42,41.7,5.8,1.6,3.3,4.2,0,0,7.4,1.5,67.4,23.7,0,60.3,39.7,49018,61548
"7664",6099002402,"06","099","002402",5559,37.602595,-121.003373,"Census Tract 24.02, Stanislaus County, California",119600,1378,111,4.6,3.58,4.17,3.2,10.4,10.4,3.8,6.4,6.5,19.1,34.1,6.1,2.8,2,50,32.1,11.6,1.5,53.7,46.3,30305,37321
"7665",6099002501,"06","099","002501",7036,37.592423,-120.98127,"Census Tract 25.01, Stanislaus County, California",200600,1771,135,6,3.79,3.49,3.6,50.1,17.7,2.4,1.9,5.9,6.4,8.7,3.3,0.7,5.6,17.5,23.2,48.9,4.2,69.5,30.5,50859,55199
"7666",6099002503,"06","099","002503",4368,37.584767,-120.959459,"Census Tract 25.03, Stanislaus County, California",115400,1446,246,4.7,2.68,3.22,0.8,3.9,11.5,32.4,17.3,6.2,9.9,14.7,3.4,0,7.5,34.4,44.3,13.8,0,45.7,54.3,28083,34626
"7667",6099002504,"06","099","002504",4422,37.58681,-120.970393,"Census Tract 25.04, Stanislaus County, California",248600,1291,27,5.9,3.34,4.53,6,20,14.7,46,6.6,0,1.2,3.9,1.7,1.2,5.7,1.6,52.6,33.5,5.3,71.7,28.3,62182,67009
"7668",6099002602,"06","099","002602",4561,37.589125,-120.945034,"Census Tract 26.02, Stanislaus County, California",138100,1641,74,4.8,3,2.64,6.5,0.5,7.6,19,38.5,6,5.6,11.4,4.9,0,4.8,45,45.8,4.4,0,44.1,55.9,32083,42327
"7669",6099002603,"06","099","002603",2906,37.602717,-120.952193,"Census Tract 26.03, Stanislaus County, California",202900,1014,43,5.8,3.13,2.92,0.8,4,5.8,19,33.6,19.7,13.4,3.6,0,0,0.8,19.5,61.3,16.4,2,74.4,25.6,58780,67186
"7670",6099002604,"06","099","002604",4681,37.602837,-120.963265,"Census Tract 26.04, Stanislaus County, California",176000,1427,71,4.4,3.29,3.08,6,3.2,11.4,20,21.7,14.3,16.7,4.4,2.5,1.8,22.2,33.6,37,5.3,0.1,26.2,73.8,30354,35281
"7671",6099002605,"06","099","002605",3855,37.601267,-120.94216,"Census Tract 26.05, Stanislaus County, California",140700,1293,13,5.5,2.73,4.34,3.4,0.9,6.7,22,29.4,12.4,23.3,0.6,1.4,0.9,1.8,26.8,59.4,10.6,0.6,76.4,23.6,37674,47721
"7672",6099002701,"06","099","002701",3811,37.614268,-120.948669,"Census Tract 27.01, Stanislaus County, California",205500,1297,41,6.1,2.81,3.54,1.1,4,30.8,27.4,12.2,4,7.8,0.8,12,2.5,3.1,17.6,41.4,30.1,5.3,88.7,11.3,58077,71434
"7673",6099002702,"06","099","002702",6940,37.615564,-120.967795,"Census Tract 27.02, Stanislaus County, California",193200,2138,125,5.1,3.89,3.54,0.6,2.8,18.8,30.7,17.4,16,7.5,3.9,2.2,0,2.1,31.7,52,12.6,1.7,52.3,47.7,51250,67279
"7674",6099002801,"06","099","002801",5624,37.647037,-120.748212,"Census Tract 28.01, Stanislaus County, California",216200,1797,77,5.3,3.39,3.44,12.7,18.3,11.3,13.7,12,11.2,3.7,7.9,9.1,0,5.7,28,42.6,17.4,6.3,70.5,29.5,60909,67147
"7675",6099002802,"06","099","002802",6310,37.644688,-120.797314,"Census Tract 28.02, Stanislaus County, California",244500,2112,213,5.3,3.27,2.94,2.5,6.7,23.1,15.6,18.5,11.8,8.7,6.2,6.9,0,2.8,32.3,56.3,8.1,0.6,75.9,24.1,51625,60711
"7676",6099002803,"06","099","002803",2866,37.663321,-120.916111,"Census Tract 28.03, Stanislaus County, California",209900,1140,95,5.4,2.5,3.67,0,10.6,26.1,57.5,2.5,0.5,1.8,0,1,0,0,27.6,62.5,9.9,0,86.5,13.5,56317,68239
"7677",6099002901,"06","099","002901",4764,37.588786,-120.784019,"Census Tract 29.01, Stanislaus County, California",455000,1721,163,5.9,2.54,3.39,4.4,5.2,19.5,9.5,17.7,8,7.3,14.3,14.1,2,2.3,23.4,52.5,15,4.6,71.3,28.7,60917,80921
"7678",6099002902,"06","099","002902",7609,37.60108,-120.865482,"Census Tract 29.02, Stanislaus County, California",227800,2349,98,5.4,3.19,2.86,10.2,29.9,12,9.6,10,1.7,6.2,8.9,11.5,1.6,7.7,18.2,49,16.4,7,67.2,32.8,48313,62902
"7679",6099003001,"06","099","003001",9397,37.599567,-120.928237,"Census Tract 30.01, Stanislaus County, California",273100,2788,223,6.4,3.86,3.89,33.1,11.5,11.8,12.5,20.3,4.3,4.3,0.5,1.8,0,0.6,13.2,42.1,29.8,14.2,78.4,21.6,69798,81212
"7680",6099003002,"06","099","003002",6818,37.561103,-120.924198,"Census Tract 30.02, Stanislaus County, California",137500,2252,129,5.1,3.25,3.36,5.1,4.1,18,15.6,23.4,11.1,13.1,7.3,2.1,0.8,6.6,26.1,51.9,13.1,1.6,67.9,32.1,35638,44104
"7681",6099003100,"06","099","003100",4000,37.563115,-121.042726,"Census Tract 31, Stanislaus County, California",409400,1351,126,5.2,2.68,4.22,6.8,3.8,4.7,6.2,13.3,18.1,21.4,15.2,10.5,3.2,6.1,34.8,46.4,6.1,3.5,54.1,45.9,39866,68320
"7682",6099003201,"06","099","003201",5055,37.477661,-121.125313,"Census Tract 32.01, Stanislaus County, California",146300,1543,183,5.4,3.48,3.85,3.5,11,8.2,49.3,10.4,4,7.1,1.2,5.2,0,5.9,15.2,56.7,15.6,6.5,61.8,38.2,42778,51962
"7683",6099003202,"06","099","003202",16007,37.468713,-121.145048,"Census Tract 32.02, Stanislaus County, California",226900,4892,635,6.6,3.21,4.16,26.2,29.2,8.4,14.1,2,3.7,4.5,2.8,9.1,1.5,3.8,10.9,29.3,34.8,19.6,69.2,30.8,67928,77805
"7684",6099003300,"06","099","003300",5077,37.505052,-121.173834,"Census Tract 33, Stanislaus County, California",281800,1824,196,6.1,3.24,4.04,8.1,24.3,10.1,10.7,9.2,9.3,8.5,3.5,16.3,0.4,3.8,15.6,49.8,25.2,5.3,65.2,34.8,58947,72306
"7685",6099003400,"06","099","003400",1601,37.373271,-121.052292,"Census Tract 34, Stanislaus County, California",307000,670,106,5.1,1.92,3.83,0.6,5.1,6.3,9.9,3.3,11.2,16.6,12.1,35.1,2.7,12.4,31.6,42.8,4.2,6.3,44.7,55.3,39167,66505
"7686",6099003500,"06","099","003500",10720,37.315719,-121.021912,"Census Tract 35, Stanislaus County, California",171700,3524,376,5.7,3.42,3.03,14.8,19.4,20.8,8.4,8.2,5.7,6.5,5.9,10.3,0.7,3.4,13.7,52.3,24.9,5.1,66.5,33.5,48450,59821
"7687",6099003603,"06","099","003603",3952,37.498736,-120.940814,"Census Tract 36.03, Stanislaus County, California",384400,1418,94,5.4,2.7,3.59,0.8,13.8,10.8,8.3,20.7,6.6,11.8,6.9,20.3,0.7,3.1,32.7,51.8,10.1,1.6,48.9,51.1,41750,70322
"7688",6099003604,"06","099","003604",8092,37.520575,-120.801786,"Census Tract 36.04, Stanislaus County, California",320000,2743,24,6.3,3.06,3.13,16.4,10.8,10.3,15.5,23.3,8.3,6.7,0.3,8.5,0.6,0.7,18.8,45.3,27.1,7.5,83.2,16.8,71188,87725
"7689",6099003605,"06","099","003605",8007,37.525899,-120.85653,"Census Tract 36.05, Stanislaus County, California",270300,2854,94,5,3.21,2.44,9.3,23.7,23.1,19.7,18.6,2.5,0.2,1.5,1.4,1.3,7,37.1,32,18.2,4.4,46.5,53.5,48808,59781
"7690",6099003606,"06","099","003606",10838,37.532855,-120.856812,"Census Tract 36.06, Stanislaus County, California",278700,3482,199,6.7,3.44,3.3,21.5,53.7,19.2,1.9,1.1,0.3,1.7,0,0.7,0,1.1,11.2,34.9,37.9,14.9,79.5,20.5,89461,91528
"7691",6099003700,"06","099","003700",4796,37.470503,-120.856355,"Census Tract 37, Stanislaus County, California",196100,1417,76,5.3,3.55,3.53,3,13.4,22.7,16.7,8.3,15.8,5.4,1.7,13,0.4,0,15.5,72.4,11.1,0.6,59.8,40.2,46372,58377
"7692",6099003802,"06","099","003802",5860,37.486735,-120.855574,"Census Tract 38.02, Stanislaus County, California",155900,1682,210,4.4,3.96,3.56,2.6,9.8,6.2,11.8,9.2,14.9,10.8,19.2,15.7,0.6,18.1,43.3,27.3,8.1,2.6,38.7,61.3,30115,40208
"7693",6099003803,"06","099","003803",3004,37.482771,-120.841264,"Census Tract 38.03, Stanislaus County, California",135300,823,96,4.9,3.58,3.55,0,18.2,7.8,28.3,30.4,6.8,6.2,2.3,0,3.4,8,28.6,48,9.7,2.3,64,36,44215,49412
"7694",6099003804,"06","099","003804",6450,37.499384,-120.863332,"Census Tract 38.04, Stanislaus County, California",158200,2223,215,4.9,2.87,3.44,6.7,1.6,11.7,38,19.5,1.3,6.2,7.1,7.8,0,7.8,39.7,44.7,5.8,2,51.7,48.3,39167,51750
"7695",6099003805,"06","099","003805",2667,37.511936,-120.871369,"Census Tract 38.05, Stanislaus County, California",196000,966,123,4.6,3.21,3.11,3.8,31.3,35.1,27.4,1.4,0.9,0,0,0,0,15.1,37.8,29.9,12,5.2,30.6,69.4,54053,58282
"7696",6099003904,"06","099","003904",4374,37.492028,-120.834997,"Census Tract 39.04, Stanislaus County, California",200400,1836,122,4.7,3.11,2.13,0.8,6.2,4.5,7,13.1,10.4,19.4,15.6,22.9,1.4,22.3,34.5,27.5,10.1,4.3,45.5,54.5,36282,47341
"7697",6099003905,"06","099","003905",3871,37.499865,-120.824098,"Census Tract 39.05, Stanislaus County, California",271400,1517,88,6,2.54,2.4,0.9,0.7,2.9,10.3,30.5,24.3,20.1,5.2,5.1,0,0.6,11.2,70.5,17.3,0.3,81.8,18.2,73992,84511
"7698",6099003906,"06","099","003906",4880,37.504826,-120.841887,"Census Tract 39.06, Stanislaus County, California",152200,1991,304,4.1,2.32,2.55,3.8,1.1,11.1,24.9,36.9,11.2,8.7,0.9,1.5,2.9,20.6,54.6,20,1.9,0,14.3,85.7,25841,35783
"7699",6099003907,"06","099","003907",7460,37.514742,-120.835965,"Census Tract 39.07, Stanislaus County, California",310700,2832,163,5.7,2.68,2.57,2.2,5.8,14.8,20.6,34.5,10.1,8.4,0.9,2.6,2.3,5.6,16.9,59.3,11.3,4.6,65.5,34.5,65732,80598
"7700",6099003908,"06","099","003908",2226,37.506831,-120.854699,"Census Tract 39.08, Stanislaus County, California",34300,1082,66,4.2,1.81,2.53,1.1,0,11.8,22.7,30.3,15.4,7.6,3.4,7.6,8.3,13.4,50.5,26,1.2,0.6,27.6,72.4,34643,41579
"7701",6099003909,"06","099","003909",5980,37.516579,-120.859343,"Census Tract 39.09, Stanislaus County, California",189300,2354,123,5.2,2.69,2.35,0.6,5.4,16.6,36.2,36.4,2.3,0.4,2.1,0,3.7,8.4,23.7,53,10.7,0.5,56.3,43.7,50323,56793
"7702",6099004000,"06","099","004000",3822,37.663475,-121.105417,"Census Tract 40, Stanislaus County, California",390700,1421,153,6.1,2.7,2.5,1.8,8.2,14.2,11,9.4,16.3,5.9,10.3,22.8,0,0.7,28,45.7,23.6,2,58.2,41.8,61994,77433
"7703",6101050101,"06","101","050101",6438,39.157854,-121.628829,"Census Tract 501.01, Sutter County, California",248600,2404,138,4.7,3.05,2.62,8.5,5.4,4.8,25,29.5,14.6,5.6,3.7,2.7,1.4,18.9,37.4,25.7,12,4.6,43,57,39146,51787
"7704",6101050102,"06","101","050102",4559,39.148021,-121.623696,"Census Tract 501.02, Sutter County, California",156200,1968,191,4.8,3.02,2.53,0,3.9,6.9,9.9,22.4,20.4,32.4,2.5,1.7,5.9,18.8,26.1,43.9,5.4,0,32.1,67.9,31217,41177
"7705",6101050201,"06","101","050201",3249,39.133034,-121.627721,"Census Tract 502.01, Sutter County, California",177300,1351,116,4.5,2.56,2.93,1.6,2.8,3.6,0.4,18,22.6,24.8,12.9,13.2,2.4,14.7,49.8,22.2,10.8,0,29.5,70.5,29940,39771
"7706",6101050202,"06","101","050202",4037,39.134827,-121.615358,"Census Tract 502.02, Sutter County, California",120000,1750,230,4.3,2.04,2.47,3.1,3.3,4.7,10.5,10.4,18.6,13.4,9.8,26.2,1.9,27.3,42.6,23.5,3.5,1.2,23.6,76.4,27639,34023
"7707",6101050301,"06","101","050301",2403,39.118469,-121.628865,"Census Tract 503.01, Sutter County, California",238600,1054,45,6,2.72,2.23,0,0.8,3.6,29.4,17.6,12.1,27.5,5.6,3.3,0.9,6.6,24,50.1,15.8,2.5,59.3,40.7,51611,75201
"7708",6101050302,"06","101","050302",6071,39.12338,-121.615755,"Census Tract 503.02, Sutter County, California",153200,2071,148,4.8,3.24,3.62,3,1.6,2.5,15,19.7,15.2,29.4,11.1,2.6,1.4,7,44.4,38.3,7,1.9,42.3,57.7,41612,45508
"7709",6101050401,"06","101","050401",4783,39.107764,-121.624389,"Census Tract 504.01, Sutter County, California",221600,1681,0,5.8,2.7,3.56,11.5,9.5,33.7,16.4,12.7,11.1,3.6,0,1.6,0,2.3,13.9,59.5,19.6,4.8,64.9,35.1,56061,76198
"7710",6101050402,"06","101","050402",3970,39.093568,-121.621855,"Census Tract 504.02, Sutter County, California",238100,1323,68,6.5,2.67,2.28,18.4,23.7,4.7,8,26.6,8.2,2.3,3.7,4.2,0,2.9,9.4,47.4,40.3,0,80.7,19.3,67440,66772
"7711",6101050403,"06","101","050403",3585,39.098393,-121.607749,"Census Tract 504.03, Sutter County, California",197400,1078,78,6.5,3.08,3.6,16.5,19.4,58.4,1.8,3,0,0,0.9,0,0,0.8,0.9,48,40.9,9.4,82.7,17.3,69598,72159
"7712",6101050501,"06","101","050501",6182,39.131727,-121.652511,"Census Tract 505.01, Sutter County, California",241600,1996,144,5.1,3.64,3.05,5.6,13.2,16,28.1,18.3,10.5,4.7,1.7,2,0.8,5,35.3,37.2,14.8,7,47.4,52.6,46250,61642
"7713",6101050503,"06","101","050503",6966,39.120132,-121.648599,"Census Tract 505.03, Sutter County, California",236900,2013,70,6.1,3,3.72,18.3,12.9,9.2,24.7,16.3,8.8,6.4,0.8,2.5,0,0.8,16.5,40.3,35.2,7.1,75.5,24.5,62066,76097
"7714",6101050504,"06","101","050504",7163,39.102596,-121.649902,"Census Tract 505.04, Sutter County, California",237200,2251,86,6,3.12,4.66,3.9,9.6,31.1,17,10.6,16.4,3.7,4.2,3.6,1,0,6.5,66.8,20.6,5.1,89.9,10.1,66831,81249
"7715",6101050601,"06","101","050601",6029,39.150758,-121.675773,"Census Tract 506.01, Sutter County, California",287100,2134,112,6.1,2.82,3.58,15.1,1.5,21.5,14,19.9,17.9,6.3,1.7,2.2,0,1.6,18.7,53.2,19.9,6.5,75.7,24.3,75040,77550
"7716",6101050603,"06","101","050603",4528,39.160145,-121.64701,"Census Tract 506.03, Sutter County, California",289500,1905,195,6.3,2.66,1.75,2.4,16.9,19,10.8,34.2,10.3,3.6,1.8,1.1,0.1,2.9,25.2,47.3,21,3.4,86.7,13.3,58074,79294
"7717",6101050604,"06","101","050604",4178,39.155939,-121.640207,"Census Tract 506.04, Sutter County, California",278300,1763,50,5.7,2.77,2.31,0.5,8.5,19.9,26.3,33,9,0.9,0.3,1.5,0.4,15.7,21.7,40.9,20.1,1.3,57.5,42.5,57813,76357
"7718",6101050701,"06","101","050701",4358,39.278003,-121.659802,"Census Tract 507.01, Sutter County, California",170000,1320,89,5.3,3.1,3.41,4.7,8.1,10.9,11.7,18.6,8.6,12.2,10.5,14.7,0,7.3,20.9,52,19.7,0,53.3,46.7,43783,62290
"7719",6101050702,"06","101","050702",6205,39.262512,-121.670142,"Census Tract 507.02, Sutter County, California",220600,1827,30,5.5,3.05,3.62,25,5.1,8.3,12.3,10.7,11.5,5.4,10.1,11.4,0,10.4,10.5,53.4,17.5,8.2,63,37,44522,55618
"7720",6101050800,"06","101","050800",3460,39.168047,-121.75749,"Census Tract 508, Sutter County, California",230800,1357,40,5.6,2.44,3,1.8,8.3,17.6,9.9,20,10.8,19,5.3,7.3,0,1.7,18.6,62.9,15.2,1.7,82.3,17.7,68371,79016
"7721",6101050900,"06","101","050900",1561,38.983569,-121.797772,"Census Tract 509, Sutter County, California",275900,612,67,5.5,2.75,2.81,0.5,2,10.5,7.7,13.1,6.4,12.7,24.8,22.4,0,5.4,31.2,43.3,19.4,0.7,67,33,52039,68629
"7722",6101051000,"06","101","051000",2461,39.049116,-121.658519,"Census Tract 510, Sutter County, California",281100,870,84,5.7,2.8,4.56,6.1,1.4,5.1,17.6,17.7,17.9,20.7,6.3,7.2,0,2.5,32.1,42.8,14.7,7.9,68.8,31.2,51204,67216
"7723",6101051100,"06","101","051100",2551,38.884836,-121.522212,"Census Tract 511, Sutter County, California",396400,1027,106,5.6,2.72,3.17,4.5,5.8,8.2,13.4,20.7,10,12.7,8.4,16.3,0.3,8.5,26.5,49.2,13,2.6,66.4,33.6,73603,91271
"7724",6103000100,"06","103","000100",4699,40.178123,-122.060137,"Census Tract 1, Tehama County, California",214000,2569,748,4.7,2.36,2.6,2.4,4.2,10.2,12.5,23,18.3,12,5.5,12,1.8,14,40.4,32.9,8,2.8,74.7,25.3,40199,58826
"7725",6103000200,"06","103","000200",7705,40.34085,-122.296673,"Census Tract 2, Tehama County, California",243800,3162,307,5.4,2.61,3.07,11.8,19.1,20.6,20,20,5.1,2.5,0.6,0.4,0.6,2,21.9,62.1,11.9,1.4,79.1,20.9,48070,66813
"7726",6103000300,"06","103","000300",4515,40.051423,-122.39279,"Census Tract 3, Tehama County, California",170200,2049,253,5,2.32,3.14,5.4,6.6,15.5,17.8,24.7,16.2,8.2,1.9,3.8,0.5,11,30.3,51,5.7,1.4,79.1,20.9,37433,54733
"7727",6103000400,"06","103","000400",5508,40.223448,-122.285536,"Census Tract 4, Tehama County, California",271900,2225,114,5.9,2.53,2.27,1,11.8,19.3,27.5,18.1,8.5,4.5,4.5,4.8,0.8,3.9,19.1,57,14.9,4.3,88.5,11.5,60083,75826
"7728",6103000500,"06","103","000500",5507,40.181237,-122.245911,"Census Tract 5, Tehama County, California",215100,2509,199,5,2.31,2.31,4.7,5.2,5.3,15.1,17.1,5.6,16.2,9.6,21,0.8,19,33.1,36,10.5,0.6,42,58,34159,45883
"7729",6103000600,"06","103","000600",5213,40.188056,-122.212291,"Census Tract 6, Tehama County, California",169100,2585,228,4.7,1.99,2.34,1.2,1.9,13.2,22.5,19.8,10.8,21.2,5.7,3.6,2.5,11.7,42.4,39.9,2.8,0.7,58,42,33359,43943
"7730",6103000700,"06","103","000700",7828,40.161972,-122.239877,"Census Tract 7, Tehama County, California",174300,3187,243,4.8,2.68,2.78,9.9,4.6,12.9,18.2,28.4,13.9,10.5,1.6,0,1.8,14.6,26.9,48.5,7.6,0.8,43.1,56.9,31997,44474
"7731",6103000800,"06","103","000800",4112,40.068889,-122.183396,"Census Tract 8, Tehama County, California",159700,1559,141,5,2.8,2.8,1.5,2.8,13.1,12,20.5,21.2,12.8,4.4,11.7,2.2,2.6,34.8,47.7,8.9,3.7,65.1,34.9,36359,51496
"7732",6103000900,"06","103","000900",3678,40.00945,-122.095715,"Census Tract 9, Tehama County, California",205300,1628,123,5.1,2.2,2.56,6.6,5.3,11.9,13.2,18.4,7,12.3,4.7,20.6,3.3,7.9,31.9,48.2,6.9,1.8,60.2,39.8,35019,50072
"7733",6103001000,"06","103","001000",7175,39.916941,-122.148307,"Census Tract 10, Tehama County, California",176900,2656,280,5.1,2.67,3.71,8.5,7,15.1,13,31,8.8,5.8,3.3,7.4,0.6,3.2,34.9,49,8,4.3,73.1,26.9,42576,51346
"7734",6103001100,"06","103","001100",7523,39.922308,-122.194101,"Census Tract 11, Tehama County, California",207600,2783,466,5,2.96,3.1,6.3,4.9,9.5,19.4,25,8.2,8.3,6.8,11.6,0.9,13,38.8,38.5,7.5,1.3,54.1,45.9,38594,43427
"7735",6105000101,"06","105","000101",2867,40.71278,-122.854311,"Census Tract 1.01, Trinity County, California",274000,1963,610,4.5,2.29,2.21,2.3,5.5,12.7,22.5,21.6,12.5,13.8,5.1,3.9,6.3,11,36.1,34.2,10.2,2.1,77.8,22.2,38309,55834
"7736",6105000102,"06","105","000102",4558,40.761032,-122.90874,"Census Tract 1.02, Trinity County, California",254300,2641,719,4.8,2.68,1.85,3.1,8.6,11.5,17.2,32.8,10.3,4.3,1.9,10.2,1.6,16.8,31.8,39.2,7.9,2.8,66.2,33.8,43889,58376
"7737",6105000200,"06","105","000200",2281,40.822122,-123.345842,"Census Tract 2, Trinity County, California",294300,1483,528,4.6,2.4,2.36,4.2,2.6,8.8,14.4,33.7,12.5,7.7,3.8,12.2,4.2,9.9,51.9,25.4,8.2,0.4,73.5,26.5,36193,50004
"7738",6105000300,"06","105","000300",3105,40.546472,-123.196427,"Census Tract 3, Trinity County, California",246400,1692,519,4.4,2.28,2.32,3.9,4.4,3.1,26.5,18.9,23,11.3,3.4,5.4,4.7,14.3,38.1,37.1,4,1.8,74.9,25.1,31972,40845
"7739",6105000400,"06","105","000400",975,40.315471,-123.440806,"Census Tract 4, Trinity County, California",285700,871,543,4.1,2.05,2.85,6.2,0,19.6,11.8,24.6,11.7,7.6,1.1,17.3,12.1,17.6,28.1,30.7,6.9,4.7,73.8,26.2,30903,42460
"7740",6107000100,"06","107","000100",5142,36.437156,-118.979782,"Census Tract 1, Tulare County, California",322500,2894,844,5.2,2.39,2.44,3.7,8.9,20.3,9.2,12,17.1,9.4,8.7,10.6,0.4,9.5,39.1,41.7,7.7,1.6,73.3,26.7,57083,72601
"7741",6107000201,"06","107","000201",9406,36.542554,-119.290155,"Census Tract 2.01, Tulare County, California",136000,2191,161,5,4.99,4.81,5.8,11.9,19.5,16.3,14.9,18,6.4,2.2,5,1,7,27.8,44.2,18.8,1.2,45.4,54.6,34933,41468
"7742",6107000202,"06","107","000202",2663,36.565448,-119.274639,"Census Tract 2.02, Tulare County, California",293100,732,49,5.5,3.46,4.5,1.5,0,4.4,10.4,22.1,15.6,29,3.4,13.7,0,3.3,27,39.5,27.6,2.6,36,64,34688,63448
"7743",6107000301,"06","107","000301",6717,36.525934,-119.428138,"Census Tract 3.01, Tulare County, California",297200,1993,213,5.6,3.25,3.47,3.1,6.9,8.7,11,17.6,9.7,12,7.3,23.7,3.2,7.9,29.6,41.6,12.7,5,58.2,41.8,52165,82147
"7744",6107000302,"06","107","000302",3427,36.468628,-119.449307,"Census Tract 3.02, Tulare County, California",206900,852,56,4.6,3.97,4.77,7.5,2.5,13.7,14.3,20.2,10.2,10,8.2,13.4,1.4,3.9,39,47.1,6.3,2.3,38.1,61.9,35833,46357
"7745",6107000401,"06","107","000401",5193,36.552626,-119.40086,"Census Tract 4.01, Tulare County, California",170700,1348,82,5.6,4.51,3.55,5.8,10.5,16.8,6.3,22.3,15.5,5.1,8.2,9.6,1.6,5.7,12.5,38,39.3,3,73.8,26.2,49068,55548
"7746",6107000402,"06","107","000402",7002,36.552986,-119.385806,"Census Tract 4.02, Tulare County, California",197700,2136,129,5.1,3.3,3.41,7.4,16.2,16.4,18.9,18.4,8.7,8.3,2.9,2.9,2.9,7.7,21.5,49.6,16.1,2.2,66.1,33.9,43393,51579
"7747",6107000501,"06","107","000501",6712,36.539002,-119.385422,"Census Tract 5.01, Tulare County, California",144600,1783,114,4.7,3.66,4.34,1.7,5.4,4,10.4,15.2,14.8,19.5,10.9,18.1,4.2,12.2,36.1,32.4,14.6,0.5,36.1,63.9,32740,47954
"7748",6107000502,"06","107","000502",3405,36.533471,-119.384384,"Census Tract 5.02, Tulare County, California",195400,787,6,5.1,4,4.75,8.1,17.5,37.5,7.9,10,6.7,6.1,1.8,4.3,0,0,20.7,60.2,18.6,0.5,68.6,31.4,63125,61834
"7749",6107000600,"06","107","000600",6200,36.517876,-119.281138,"Census Tract 6, Tulare County, California",158100,1534,43,4.8,3.59,4.65,8.9,6.5,13.7,19.2,15.8,12.6,5.3,5.7,12.4,1.3,5.9,33.4,47.4,10.2,1.8,39.8,60.2,33304,39753
"7750",6107000701,"06","107","000701",2635,36.404477,-119.096761,"Census Tract 7.01, Tulare County, California",234500,759,88,5.5,3.3,3.62,9.6,6.2,7.1,22,7.6,6.9,19.5,16.6,4.5,3.7,2.5,13.8,63.9,13,3,62.1,37.9,47460,55360
"7751",6107000702,"06","107","000702",5391,36.41981,-119.098599,"Census Tract 7.02, Tulare County, California",150300,1562,32,5,3.8,3.75,9.2,1.4,18,24.3,21.1,9.2,10.9,5.2,0.7,0.4,7.5,23.3,56,11.3,1.5,53.2,46.8,31626,42059
"7752",6107000800,"06","107","000800",7416,36.396723,-119.223783,"Census Tract 8, Tulare County, California",148500,2257,114,5.2,3.54,3.39,1.8,6.2,15.6,11.7,23.1,10.3,10.9,12.7,7.6,0,3.5,31.9,51.7,11.7,1.2,64.4,35.6,45819,61175
"7753",6107000900,"06","107","000900",8171,36.379307,-119.36862,"Census Tract 9, Tulare County, California",178000,1852,51,5.5,3.95,3.93,8.7,6.3,10.5,20.7,13.9,9.9,15,2,13,0.3,9.7,16.1,50.2,22.9,0.8,55.7,44.3,35254,54688
"7754",6107001003,"06","107","001003",19732,36.350099,-119.329547,"Census Tract 10.03, Tulare County, California",250900,5809,241,5.8,3.39,3.44,37.8,28.5,14.7,4.8,3.1,7.1,1.1,1.5,1.4,0.2,1.7,6.5,50.7,33.5,7.3,77.7,22.3,79829,92740
"7755",6107001004,"06","107","001004",8235,36.348482,-119.296762,"Census Tract 10.04, Tulare County, California",136700,2068,98,5,4.66,4.26,5.5,4.7,12.4,17.5,14.4,12.1,8.9,6.9,17.6,0.5,4.4,22.5,57.9,10.8,3.8,61.8,38.2,38781,48425
"7756",6107001005,"06","107","001005",2733,36.333139,-119.357711,"Census Tract 10.05, Tulare County, California",252600,1052,51,5.9,2.62,1.72,25.5,19.7,12.8,15.1,25.4,1,0.6,0,0,0,0.9,24.7,37.5,36.1,0.8,81.9,18.1,80439,98688
"7757",6107001006,"06","107","001006",5765,36.33406,-119.33585,"Census Tract 10.06, Tulare County, California",251100,2365,218,5.2,2.23,2.54,5.2,7.4,8.9,25.5,31.3,8.5,6.1,3.6,3.5,2.3,4.5,34.9,42.8,12.1,3.4,58.7,41.3,58891,79814
"7758",6107001100,"06","107","001100",6983,36.338161,-119.299883,"Census Tract 11, Tulare County, California",130400,2139,307,4.2,3.15,3.55,0.3,0.7,0,7.6,23.9,9.2,20.2,16.7,21.4,3.3,16.1,49.5,24.5,5.8,0.8,36.4,63.6,24433,32005
"7759",6107001200,"06","107","001200",1337,36.331718,-119.302688,"Census Tract 12, Tulare County, California",250000,611,34,4,3.2,1.97,8,14.1,3.4,30.3,4.4,19.3,3.8,8.3,8.3,0,36.3,41.6,12.1,7.9,2.1,14.9,85.1,28750,38176
"7760",6107001301,"06","107","001301",8013,36.349438,-119.268719,"Census Tract 13.01, Tulare County, California",204200,2617,257,5.7,2.87,4.07,8.4,13.2,19.9,31.8,16.1,8.4,0.8,0.8,0.6,0.5,1.3,10.5,63.8,20.1,3.8,75.2,24.8,56765,70261
"7761",6107001302,"06","107","001302",8037,36.335276,-119.259242,"Census Tract 13.02, Tulare County, California",200400,2524,227,5,3.51,2.86,11.5,16.9,28.5,15.4,9.9,5.3,6.1,1.5,4.9,2.4,6.6,26.2,49.3,13.9,1.6,51.5,48.5,44399,58008
"7762",6107001400,"06","107","001400",5581,36.321737,-119.150578,"Census Tract 14, Tulare County, California",201300,1877,113,5.5,3.11,2.9,9.5,13,20.6,8.5,17.6,3.1,9.5,5.7,12.4,0.3,2.7,23.2,53.8,18,2.1,67.4,32.6,43017,63992
"7763",6107001501,"06","107","001501",5258,36.301101,-119.148302,"Census Tract 15.01, Tulare County, California",195400,1865,177,5.2,2.84,2.55,2.4,13.2,22.1,22.5,18.4,6.7,5,2,7.7,0,11.7,25.7,47.1,14.4,1.2,70,30,46042,52186
"7764",6107001502,"06","107","001502",5918,36.290318,-119.145496,"Census Tract 15.02, Tulare County, California",196000,1947,144,5.4,3.38,3.54,9,3.5,6.8,13.3,19.3,7.4,13.4,14.7,12.6,1,10.7,23.5,42.4,20.6,1.7,61.4,38.6,42266,56053
"7765",6107001601,"06","107","001601",5587,36.300498,-119.205142,"Census Tract 16.01, Tulare County, California",130800,1342,85,5,4.78,3.98,2.5,0,11.4,12.5,32,18.7,7.2,8.1,7.5,0.8,4.2,22.1,55.7,14.2,2.9,50.8,49.2,34073,39949
"7766",6107001602,"06","107","001602",5745,36.296979,-119.215129,"Census Tract 16.02, Tulare County, California",160300,1622,79,5,3.59,3.7,9.6,9.4,13.5,21.6,15.9,6.8,6.5,10,6.8,1.5,11.6,23.5,46.1,15.4,2,55.3,44.7,31910,42157
"7767",6107001701,"06","107","001701",6117,36.320622,-119.288081,"Census Tract 17.01, Tulare County, California",164400,2433,129,4.3,2.95,2.87,0,1.6,3.3,13.3,21.3,10.7,25.8,8.4,15.6,2.6,14.1,49.2,30.6,3.5,0,32.9,67.1,29844,44805
"7768",6107001703,"06","107","001703",7149,36.318726,-119.260252,"Census Tract 17.03, Tulare County, California",236700,2612,193,5.7,2.82,2.6,7.7,15.7,23,29.5,5.4,4.7,5.7,7.1,1.3,0,1,12.8,68.2,12.5,5.5,82,18,61113,82108
"7769",6107001704,"06","107","001704",6500,36.305129,-119.271143,"Census Tract 17.04, Tulare County, California",276000,2272,126,5.2,3.05,2.56,31.5,31.3,11.3,9.9,8.4,1.8,1.2,1.6,3,0,6.9,27.4,44.6,18.5,2.6,59,41,56361,69446
"7770",6107001800,"06","107","001800",4689,36.318808,-119.305097,"Census Tract 18, Tulare County, California",195200,1936,176,5.1,2.63,3.14,2.8,0.5,5.6,6,19.5,19,27.9,4.2,14.4,1.8,4.6,30.4,56.5,4.8,2,61.3,38.7,54471,72797
"7771",6107001901,"06","107","001901",3390,36.309196,-119.302519,"Census Tract 19.01, Tulare County, California",200200,1302,36,5.7,2.58,2.95,5.8,9.4,3,3.6,57,10.4,7,3.8,0,0,0,18.2,65.1,15.4,1.2,76.5,23.5,63182,70348
"7772",6107001902,"06","107","001902",4016,36.303304,-119.298542,"Census Tract 19.02, Tulare County, California",306000,1499,52,6.5,2.89,3.06,1.1,1.3,14.1,23.7,45.6,8.6,4.5,0.5,0.7,0,0.7,16.6,48.2,26.8,7.7,83.7,16.3,74769,98206
"7773",6107002002,"06","107","002002",4830,36.319699,-119.324229,"Census Tract 20.02, Tulare County, California",202100,1751,59,5.5,2.51,3.27,0,0,0,4.6,39.3,33.9,19.9,2.3,0,0,2,24.8,59.7,9.7,3.7,58.7,41.3,50254,61559
"7774",6107002003,"06","107","002003",5663,36.305496,-119.323193,"Census Tract 20.03, Tulare County, California",206900,2215,293,5.2,2.51,2.56,4.2,5.5,3,20.6,45.9,11.4,1.8,1.6,5.9,0,5.4,29.8,53,10,1.8,51.7,48.3,61011,68089
"7775",6107002004,"06","107","002004",4910,36.304929,-119.33945,"Census Tract 20.04, Tulare County, California",198800,1935,153,5.1,2.86,3.01,2.2,6.9,15.2,27,46.1,1.2,0.3,1.1,0,7.8,7.6,13.3,51.6,19.7,0,56.8,43.2,48143,60797
"7776",6107002006,"06","107","002006",4378,36.310276,-119.356369,"Census Tract 20.06, Tulare County, California",293800,1588,70,6.2,2.92,3.11,3.9,11.1,61,9.9,9.3,2.1,0.5,0.3,1.8,0,0.4,10.5,58.9,28.8,1.4,75.4,24.6,95217,107967
"7777",6107002007,"06","107","002007",8185,36.291913,-119.320077,"Census Tract 20.07, Tulare County, California",193000,2846,149,5.3,2.82,3.03,23.2,20.7,15.7,8.7,14.3,8.3,4.3,2.1,2.7,0,6.6,23.6,51.3,16.9,1.6,67.4,32.6,52661,67403
"7778",6107002008,"06","107","002008",2769,36.323155,-119.337982,"Census Tract 20.08, Tulare County, California",172100,1134,121,4,2.14,2.64,0.8,11.6,13.4,9.5,43.8,8.7,8.1,1.4,2.6,2.9,23.3,44.7,23.9,5.2,0,28.8,71.2,31458,41172
"7779",6107002009,"06","107","002009",4376,36.31641,-119.343133,"Census Tract 20.09, Tulare County, California",167100,1761,279,5.3,2.6,2.9,0,1.4,9.1,24.1,40.3,11.9,5.8,3.1,4.3,1.4,4.3,23,58.2,13.1,0,62.1,37.9,56429,66475
"7780",6107002100,"06","107","002100",2499,36.234389,-119.420375,"Census Tract 21, Tulare County, California",275000,694,64,5.9,3.18,3.67,5,4.2,8.1,8.8,21.5,16.6,12.4,11.2,12.2,0,2.6,20.2,62.4,13.1,1.7,63.2,36.8,43804,62886
"7781",6107002202,"06","107","002202",5542,36.207451,-119.36089,"Census Tract 22.02, Tulare County, California",146800,1555,135,4.7,4.05,3.62,21.6,4.7,7.9,6,8.7,10.4,21.2,6.6,12.9,5.1,11,38.8,25.9,16.3,2.9,39.2,60.8,29556,38596
"7782",6107002203,"06","107","002203",4363,36.220008,-119.373843,"Census Tract 22.03, Tulare County, California",134800,1082,0,5.7,4.3,4.07,18.9,18.2,38.5,14.1,4,4.3,1.1,0.9,0,0,0,3.2,59.7,33.2,3.9,71.2,28.8,59853,61555
"7783",6107002204,"06","107","002204",6126,36.218529,-119.359695,"Census Tract 22.04, Tulare County, California",174200,1840,125,5.1,4.13,3.23,2.7,14.9,27.3,17,9.6,7.7,16.5,1.3,2.9,0.6,2.3,33.3,46.4,15.9,1.5,46.8,53.2,36191,47430
"7784",6107002302,"06","107","002302",4570,36.219039,-119.323033,"Census Tract 23.02, Tulare County, California",212200,1677,30,5.5,2.93,2.69,5.5,7.5,15.6,35.2,23.1,6.4,4.7,0.5,1.4,0,0.1,25.7,64,10.1,0,63.9,36.1,64594,74334
"7785",6107002303,"06","107","002303",6447,36.225676,-119.343794,"Census Tract 23.03, Tulare County, California",236400,2550,154,5.7,2.49,2.52,0.5,3.2,14.1,13.5,24.4,17.2,16.7,3.9,6.5,3.2,7.6,20.9,56.3,10.3,1.6,67.3,32.7,50750,69648
"7786",6107002304,"06","107","002304",1740,36.211563,-119.337903,"Census Tract 23.04, Tulare County, California",160200,791,18,4.6,2,2.67,11.9,1.4,2.1,5.2,12.8,19.1,18.7,8.1,20.7,0.8,13.8,61.4,18.5,3.4,2.1,50.3,49.7,36761,47027
"7787",6107002400,"06","107","002400",11470,36.210825,-119.304051,"Census Tract 24, Tulare County, California",250600,3252,145,6.1,3.08,3.66,30.7,19.3,11.5,5.1,13.5,10.3,3.8,2.2,3.6,1.4,0.9,11.4,56.9,24.8,4.5,72,28,63420,78766
"7788",6107002500,"06","107","002500",3778,36.213618,-119.092783,"Census Tract 25, Tulare County, California",248900,1166,92,5.8,3.68,4.62,11.3,5.3,13.6,19.6,26.6,7.7,6.5,1.6,7.7,0.8,2.4,17.4,63.4,10.6,5.4,75.8,24.2,50530,69369
"7789",6107002601,"06","107","002601",4218,36.209216,-119.098566,"Census Tract 26.01, Tulare County, California",161600,1227,134,4.9,4.07,3.6,3.8,1.5,15.6,8.8,14.2,22.3,17.8,10.9,5.1,2.8,13.5,25.9,48.7,5.3,3.7,51.6,48.4,27382,39518
"7790",6107002602,"06","107","002602",5561,36.211325,-119.081686,"Census Tract 26.02, Tulare County, California",156500,1549,87,5.6,3.99,3.64,3.2,2.3,4.5,9,18.6,30.9,15.4,10.4,5.8,0,1.4,29,38.9,25.4,5.4,64.4,35.6,35294,48779
"7791",6107002700,"06","107","002700",5615,36.081337,-118.800136,"Census Tract 27, Tulare County, California",306100,4136,1980,4.8,2.63,2.31,4.4,10.2,16.5,12.9,17,11.3,4.6,9.4,13.8,3.7,9.5,41.2,39.2,5,1.4,72.9,27.1,45451,61374
"7792",6107002800,"06","107","002800",3395,36.20032,-119.089403,"Census Tract 28, Tulare County, California",54600,1005,83,4.6,3.76,3.75,16.8,9.1,2.3,34.5,8.3,9.8,3.1,4.5,11.7,2.7,14.8,35.4,35.4,9.9,1.8,30.2,69.8,22614,35703
"7793",6107002901,"06","107","002901",3729,36.202572,-119.335078,"Census Tract 29.01, Tulare County, California",139800,1238,145,4.7,3.61,2.99,0,0,22.4,21.6,17.8,13.6,9.8,11.5,3.5,2.5,13.7,43,33.6,6.4,0.9,38.8,61.2,26574,31666
"7794",6107002903,"06","107","002903",5097,36.203094,-119.320915,"Census Tract 29.03, Tulare County, California",182400,1727,95,5.4,3.19,3.54,1.6,2.3,21,17,22.5,18.1,16.2,1.4,0,0,2.3,16.9,73.5,5.8,1.5,69.4,30.6,48375,56502
"7795",6107002904,"06","107","002904",5002,36.190484,-119.322044,"Census Tract 29.04, Tulare County, California",179800,1574,22,5.4,2.92,3.39,5.8,11.5,23.4,24.4,18.2,8.9,6.4,0.8,0.4,0,6.6,10.5,69.9,13,0,54.5,45.5,53478,57251
"7796",6107003001,"06","107","003001",4652,36.200054,-119.357091,"Census Tract 30.01, Tulare County, California",134400,1229,160,5.1,4.24,4.31,5.7,5,3.3,15.5,14.6,15,20,10.1,10.7,1.2,2.1,29.9,54.8,12,0,52.1,47.9,34896,41368
"7797",6107003002,"06","107","003002",3519,36.195313,-119.361401,"Census Tract 30.02, Tulare County, California",160100,1008,40,5,4.45,3.92,1.6,7.1,38.8,18.7,14.9,5.8,11.6,0.3,1.3,1.6,0,30.9,60.8,6.7,0,49.3,50.7,39205,45302
"7798",6107003100,"06","107","003100",3591,36.158889,-119.393965,"Census Tract 31, Tulare County, California",136700,1042,96,5.2,3.11,3.33,2.3,3.1,11.2,12.9,25.6,10.3,19.6,8.7,6.3,3.5,5.4,31.7,48.8,7.6,3.2,38.9,61.1,37908,49988
"7799",6107003200,"06","107","003200",6446,36.070801,-119.26214,"Census Tract 32, Tulare County, California",124300,1650,96,5.2,3.66,4.44,1.3,5.2,9.1,16.4,29.9,11.7,11.5,8.8,6.3,0.6,2.8,24.2,56,15.3,1.1,40,60,34858,47587
"7800",6107003300,"06","107","003300",7837,36.13919,-119.076259,"Census Tract 33, Tulare County, California",191200,2281,86,5.4,3.59,4.68,5.1,2.3,8.2,9.7,22.4,11.8,17.3,12.3,11,1.6,6,25.8,45.5,16.8,4.4,53.3,46.7,36371,50474
"7801",6107003400,"06","107","003400",7016,36.046464,-119.072836,"Census Tract 34, Tulare County, California",169300,2072,139,5.2,3.19,3.82,3.7,3.8,11.8,15.1,23.6,11.6,13.5,6,11,0.1,1,27.6,61,8.9,1.4,67.5,32.5,35795,50829
"7802",6107003501,"06","107","003501",2861,36.079683,-119.074785,"Census Tract 35.01, Tulare County, California",253000,988,83,5.9,3.47,3.85,2.5,15.6,52.4,9.9,1.8,7.5,3.4,5,1.8,6.4,5.3,16,39.3,31.8,1.3,64.6,35.4,76454,101601
"7803",6107003502,"06","107","003502",10796,36.090044,-119.053836,"Census Tract 35.02, Tulare County, California",196400,3388,165,5.6,3.29,4.37,11.7,20.3,22.7,20.7,13.3,7.5,2.6,0.6,0.6,1.4,0,7.2,66.6,23.3,1.5,78.7,21.3,65077,71195
"7804",6107003601,"06","107","003601",7090,36.072838,-119.061767,"Census Tract 36.01, Tulare County, California",156500,2408,143,5.4,3.03,3.72,0,0.7,21.8,29,31.9,8.2,5.6,0.7,2.1,0,6,12.7,68.7,11.1,1.5,65.7,34.3,52901,57571
"7805",6107003602,"06","107","003602",7114,36.06561,-119.049864,"Census Tract 36.02, Tulare County, California",171100,2375,184,5.1,3.19,3.13,12.5,9.6,15,17.7,22,9.4,8.7,2.4,2.7,1.6,8.5,28,47.1,14.6,0.3,60.1,39.9,41236,52335
"7806",6107003700,"06","107","003700",5931,36.083331,-119.026933,"Census Tract 37, Tulare County, California",158900,2118,338,5,3.15,3.44,2.4,1,10.1,9,29.7,16.1,16.8,13.1,1.8,7.8,3.8,35.5,46.4,5.9,0.5,46.8,53.2,34737,45329
"7807",6107003801,"06","107","003801",3077,36.071483,-119.031506,"Census Tract 38.01, Tulare County, California",188400,1166,66,4.7,2.59,2.75,3.5,0,2.8,16.6,26.8,17.2,17.2,12.9,2.9,0,21.1,36.6,39.5,0.7,2.1,35.1,64.9,37959,44169
"7808",6107003802,"06","107","003802",4123,36.071061,-119.016981,"Census Tract 38.02, Tulare County, California",137800,1572,264,4.4,2.51,3.06,1.3,2.7,4.1,11.8,20.5,15.2,8.8,16.5,18.9,8,18.8,40.2,28.4,4.2,0.5,31.7,68.3,22328,37915
"7809",6107003901,"06","107","003901",7184,36.062158,-118.998212,"Census Tract 39.01, Tulare County, California",129100,2038,70,5.4,3.65,3.76,2.5,3.2,17.5,17,16.8,13.1,13.5,5.9,10.4,1.5,6.3,20.2,55.4,14.3,2.3,66.9,33.1,37553,47837
"7810",6107003902,"06","107","003902",5847,36.0666,-118.967986,"Census Tract 39.02, Tulare County, California",180700,1819,266,5.2,3.09,3.96,3.7,10.9,17.3,12.8,20.2,10.9,10.4,5.4,8.3,0.8,6.8,32.9,42.8,15.3,1.3,57.4,42.6,31157,46181
"7811",6107004000,"06","107","004000",560,36.036157,-118.983818,"Census Tract 40, Tulare County, California",NA,29,29,NA,NA,NA,0,0,0,0,100,0,0,0,0,0,0,100,0,0,0,NA,NA,NA,NA
"7812",6107004101,"06","107","004101",9670,36.05899,-119.022976,"Census Tract 41.01, Tulare County, California",123700,2801,300,4.2,3.5,3.13,10.2,16.9,9,12.6,9.6,13.1,15.7,6.5,6.4,5.9,16,40.8,27.6,9.8,0,43.6,56.4,23047,33999
"7813",6107004102,"06","107","004102",2028,36.04618,-119.025588,"Census Tract 41.02, Tulare County, California",164900,634,15,5,3.27,3.43,13.6,6.3,14,23,16.9,1.7,13.2,4.6,6.6,7.7,7.9,23,50.3,11,0,57.8,42.2,36588,43891
"7814",6107004200,"06","107","004200",6529,35.963777,-119.279557,"Census Tract 42, Tulare County, California",167200,1683,180,4.9,3.83,4.08,4.2,2.7,13.4,9.5,21.3,20,9.1,10.2,9.6,3.9,7.7,30.1,47.4,10,0.9,39.6,60.4,26577,41285
"7815",6107004300,"06","107","004300",7682,35.845083,-119.248199,"Census Tract 43, Tulare County, California",146400,1844,108,5,3.91,4.5,4,6.3,17.3,14.3,18.3,9.2,12.9,12.1,5.5,1.2,7.7,31.7,44.1,12.9,2.3,45.7,54.3,27662,35388
"7816",6107004400,"06","107","004400",7470,35.883464,-119.26877,"Census Tract 44, Tulare County, California",122600,1624,61,4.6,4.05,3.68,1.9,5.4,14.2,14.3,15.7,15.5,14.6,6.2,12.3,2.3,12.9,29.7,38.2,16.9,0,42.4,57.6,25945,32856
"7817",6107004500,"06","107","004500",6628,35.948607,-119.030869,"Census Tract 45, Tulare County, California",213800,1885,148,4.9,3.44,3.75,2.8,6.5,9.9,10.5,29,11.1,14.4,7.6,8.3,2.7,9.2,32.1,41.8,13.1,1.2,64.4,35.6,34023,53325
"7818",6109001100,"06","109","001100",3883,37.991039,-120.395588,"Census Tract 11, Tuolumne County, California",298700,1766,65,5.3,2.14,2.46,8.4,4.5,6.2,16.3,19.5,13.4,11.3,2.5,18,2.2,8.3,23.7,52.2,11.8,1.8,58,42,54771,63962
"7819",6109001200,"06","109","001200",3678,37.987252,-120.376005,"Census Tract 12, Tuolumne County, California",306500,2029,232,4.3,2.51,1.96,3.3,3.4,13.9,14.3,14.8,9.5,15.2,6.1,19.5,3.7,30,35.6,20.8,6.6,3.3,40.8,59.2,33769,58575
"7820",6109002100,"06","109","002100",4439,38.039196,-120.376108,"Census Tract 21, Tuolumne County, California",270200,2456,534,4.8,2.02,2.78,2,6.4,9.7,18.8,28.4,16.2,9.9,3.1,5.6,6.7,6.8,43.1,33.6,8.8,1,66.7,33.3,45260,59732
"7821",6109002200,"06","109","002200",8132,38.012945,-120.291707,"Census Tract 22, Tuolumne County, California",307900,3728,695,5.6,2.5,3.23,3,9.5,15.1,22.9,33.9,10.4,4.7,0.5,0,0.9,1.4,19.3,62.9,13.6,1.9,89.1,10.9,55036,71111
"7822",6109003100,"06","109","003100",6433,38.053689,-120.204988,"Census Tract 31, Tuolumne County, California",345000,7224,4465,4.9,2.07,2.47,0,2.8,10.2,15.2,26.2,14.4,14.8,6.8,9.6,1.6,12.8,32.1,38.5,11.6,3.4,75.1,24.9,48677,68819
"7823",6109003200,"06","109","003200",5765,37.977654,-120.244972,"Census Tract 32, Tuolumne County, California",303600,2619,294,5.3,2.52,2.83,6.5,4.5,10.3,22.3,23,8.5,12.9,1.5,10.5,0.8,8.4,33.6,47.2,4.8,5.2,80.9,19.1,49339,61338
"7824",6109004100,"06","109","004100",5358,37.968476,-120.314927,"Census Tract 41, Tuolumne County, California",315100,2567,145,5.3,2.22,2.24,4.6,11.3,20,24.7,22.2,7.3,5.8,1.4,2.6,3.4,8.9,36.8,41.6,8.7,0.7,67.5,32.5,45278,61255
"7825",6109004200,"06","109","004200",3954,37.843705,-120.186865,"Census Tract 42, Tuolumne County, California",320800,3680,1928,5.2,2.1,1.8,3.4,4,17,35.5,30.3,5.1,3.3,0,1.4,1.3,4.4,28.1,54.3,11,0.9,69.6,30.4,49271,61267
"7826",6109005100,"06","109","005100",8355,37.953384,-120.408651,"Census Tract 51, Tuolumne County, California",258000,4082,382,5.2,2.27,2.55,2.2,6.8,21.9,19.2,20.7,15.8,6,2.2,5.3,1.4,8,42.5,41.1,7.1,0,67.6,32.4,42410,56550
"7827",6109005201,"06","109","005201",1778,37.757486,-120.406871,"Census Tract 52.01, Tuolumne County, California",276800,1006,260,5.6,2.54,1.95,8.7,12.1,30.9,21,18,4.7,0.6,2.8,1.2,0,2.1,33.2,47.3,14.1,3.3,89.5,10.5,59196,77566
"7828",6109985202,"06","109","985202",3590,37.893385,-120.538231,"Census Tract 9852.02, Tuolumne County, California",NA,0,0,NA,NA,NA,NA,NA,NA,NA,NA,NA,NA,NA,NA,NA,NA,NA,NA,NA,NA,NA,NA,NA,NA
"7829",6111000100,"06","111","000100",819,34.641763,-119.207179,"Census Tract 1, Ventura County, California",491700,557,196,4.8,1.63,2.37,2.3,9.9,17.2,13.8,9.7,23.7,4.3,8.4,10.6,3.1,25.3,28,33.8,7,2.9,81.2,18.8,31888,55336
"7830",6111000200,"06","111","000200",2822,34.409763,-118.798184,"Census Tract 2, Ventura County, California",232900,695,60,4.4,4.38,3.74,0,22.2,14.8,3.9,10.5,12.2,3.9,9.1,23.5,2.7,18,30.1,33.4,11.7,4.2,38.7,61.3,47939,54057
"7831",6111000302,"06","111","000302",6786,34.402708,-118.909879,"Census Tract 3.02, Ventura County, California",333900,2327,156,5.3,2.86,3.34,4.7,3.7,12.9,12.9,15.8,10,14.9,3.1,22.1,3.9,10.8,28,40.1,13.5,3.7,68.1,31.9,54844,64761
"7832",6111000303,"06","111","000303",5103,34.394234,-118.928013,"Census Tract 3.03, Ventura County, California",442100,1430,0,6,3.28,4.71,3.6,10.7,12,16.2,21.8,20.7,7.1,2.2,5.6,2.4,0,14.9,53.4,26.4,3,68.1,31.9,81071,88069
"7833",6111000304,"06","111","000304",4777,34.406633,-118.927301,"Census Tract 3.04, Ventura County, California",363800,1262,113,5,4.48,3.71,0.7,20,7.4,5.5,20.5,15.7,18.3,1.7,10.1,2.9,9.1,25,44.1,13.7,5.2,65.5,34.5,64128,78805
"7834",6111000400,"06","111","000400",6758,34.369177,-119.058969,"Census Tract 4, Ventura County, California",393500,1851,110,4.9,3.46,4.02,0.4,3.2,7.1,19.6,9.4,16.4,21.9,8.2,13.8,1.2,7.5,38.8,39.9,10.6,2.1,55.5,44.5,54784,79455
"7835",6111000500,"06","111","000500",1867,34.34008,-119.067912,"Census Tract 5, Ventura County, California",151300,661,52,5.2,3.24,3.72,2.7,4.8,4.8,9.8,25.7,2.9,24.7,11.2,13.3,0.8,4.7,35.1,50.7,6.5,2.3,57.6,42.4,61382,58619
"7836",6111000600,"06","111","000600",6141,34.352229,-119.063236,"Census Tract 6, Ventura County, California",316100,1865,165,4,4.37,2.97,4.6,4.6,9.9,9,2.8,17.7,14.5,6.5,30.4,11.6,28.3,30.5,23.2,5.9,0.5,21.9,78.1,37700,42433
"7837",6111000701,"06","111","000701",6441,34.345231,-119.076906,"Census Tract 7.01, Ventura County, California",317000,1776,50,4.9,2.99,3.52,9.9,0,2.8,13.7,22.4,17.3,19.5,9.6,4.7,2.6,4.3,39.7,34.6,16,2.8,54.8,45.2,55819,58744
"7838",6111000702,"06","111","000702",3065,34.348092,-119.085221,"Census Tract 7.02, Ventura County, California",357700,928,89,5.3,3.95,4.95,0,0,5.1,21.4,34.2,30.1,3.6,1.3,4.4,0,0,29.8,44.6,25.5,0,85.2,14.8,76250,82741
"7839",6111000800,"06","111","000800",7788,34.354255,-119.082989,"Census Tract 8, Ventura County, California",425400,2583,212,5.3,3.38,3.45,2.9,1.4,7.2,15.6,10.5,26.8,8.1,2.9,24.5,2.2,4.4,27,45.9,15.4,5,69.2,30.8,61507,76650
"7840",6111000901,"06","111","000901",2541,34.453339,-119.255692,"Census Tract 9.01, Ventura County, California",NA,1231,235,5.9,2.69,2.67,0,2.2,3.7,10.9,27.3,10,18.3,8.6,19.1,3.7,16.7,22.5,21.7,27.2,8.1,68.5,31.5,87188,136386
"7841",6111000902,"06","111","000902",2026,34.434969,-119.228516,"Census Tract 9.02, Ventura County, California",769500,942,160,5.6,2.76,2.14,6.5,8.2,5.5,24.7,16.8,6.4,19.6,4.2,8.1,2.1,16.8,24.9,34,16.2,5.9,60,40,59750,84179
"7842",6111000903,"06","111","000903",5865,34.453443,-119.217642,"Census Tract 9.03, Ventura County, California",662500,2329,212,5.4,2.53,2.13,0,0.5,5,9.4,21,16.2,23.5,12.4,12.1,0,12.3,29.5,44.3,12.1,1.9,59,41,57689,89740
"7843",6111001001,"06","111","001001",2488,34.39621,-119.31148,"Census Tract 10.01, Ventura County, California",536700,1054,109,4.7,2.57,2.19,0.7,13,3.9,12.2,20.7,5.7,25.4,12.5,5.9,1.1,20.6,33.3,25,14.8,5.1,71.3,28.7,66581,101599
"7844",6111001002,"06","111","001002",6834,34.444254,-119.281765,"Census Tract 10.02, Ventura County, California",492600,2866,145,5.3,2.46,2.82,1.9,4.5,5.9,9.1,15.4,17.4,23,10.4,12.5,4.8,4,38.6,39.3,10.3,2.9,72.1,27.9,69684,78680
"7845",6111001101,"06","111","001101",4491,34.406718,-119.299785,"Census Tract 11.01, Ventura County, California",441800,1817,57,5.1,2.67,3.02,0,1,5.1,17,20.5,22.9,23.2,5.2,5.2,0.3,9.4,32.9,47.6,9.7,0,70.6,29.4,65473,74531
"7846",6111001102,"06","111","001102",3539,34.412215,-119.288456,"Census Tract 11.02, Ventura County, California",612400,1427,101,5.6,2.67,2.77,1.6,1.1,2.5,13,25.4,27.3,17.1,5.5,6.6,2.1,8.1,18.6,54.7,13.4,3.1,71.8,28.2,98438,115744
"7847",6111001201,"06","111","001201",4235,34.294937,-119.161378,"Census Tract 12.01, Ventura County, California",438700,1747,82,5.2,2.38,2.5,4.2,10.8,10.8,11.6,32.2,22.8,2.6,0,4.9,1.3,16.9,17.7,41.9,21.5,0.7,57.8,42.2,59028,82313
"7848",6111001202,"06","111","001202",7191,34.281142,-119.187866,"Census Tract 12.02, Ventura County, California",552800,2464,72,6.6,2.65,3.83,0.6,2.4,29.8,3.6,16.4,29.1,16.8,1.3,0,0.6,0.8,8.2,41.1,44.1,5.2,88,12,85417,107724
"7849",6111001204,"06","111","001204",2473,34.342844,-119.245147,"Census Tract 12.04, Ventura County, California",323000,843,65,5.3,3.17,2.86,2.3,8.4,12,16.7,9.3,3.8,32.4,6.8,8.4,0,14.1,22.8,46.1,17,0,73.4,26.6,54773,71980
"7850",6111001206,"06","111","001206",941,34.358845,-119.424401,"Census Tract 12.06, Ventura County, California",829300,631,270,5.2,1.98,3.4,1.6,8.1,7.8,20.3,17.7,13.9,15.5,7.8,7.3,0,4.1,25.4,54.2,11.9,4.4,81.4,18.6,75568,133962
"7851",6111001301,"06","111","001301",7724,34.27765,-119.160696,"Census Tract 13.01, Ventura County, California",436900,2764,128,5.5,3,3.12,4.5,19.7,21.6,24.9,14.5,9.3,3.4,1.6,0.6,5.9,4.5,25,35.8,27.6,1.2,58.8,41.2,76103,88446
"7852",6111001302,"06","111","001302",1778,34.286985,-119.147882,"Census Tract 13.02, Ventura County, California",227400,776,122,4.9,2.17,2.89,6.1,12,12.6,9.3,32.7,3.5,7.1,5,11.7,0,10.1,50,27.8,10.2,1.9,73.9,26.1,35272,44005
"7853",6111001401,"06","111","001401",3950,34.273461,-119.178814,"Census Tract 14.01, Ventura County, California",507400,1367,56,6.2,2.86,3.13,11.6,4.1,7.5,19.5,9.9,40.5,3.2,0.7,3,1.5,7,11.3,34.6,39.3,6.2,71.2,28.8,77434,88525
"7854",6111001402,"06","111","001402",5677,34.267791,-119.170655,"Census Tract 14.02, Ventura County, California",470100,2195,13,5.5,2.76,2.53,0,6.4,4.2,25.5,30.2,23.1,9.9,0.7,0,1.6,14.5,15.4,42.2,23.8,2.4,62.5,37.5,78630,87608
"7855",6111001502,"06","111","001502",8668,34.264381,-119.220363,"Census Tract 15.02, Ventura County, California",338700,3553,93,4.2,2.61,2.14,8.8,20.8,8.7,22.5,30.6,8.1,0.5,0,0,0,14,55.1,22.7,7.6,0.6,47.1,52.9,63438,76207
"7856",6111001503,"06","111","001503",5898,34.267496,-119.205672,"Census Tract 15.03, Ventura County, California",340400,1955,107,4.5,2.46,2.44,1.5,1,14.9,29.5,24.5,21.6,3.9,2.2,1,0,12.6,51.2,24.3,9.6,2.3,40.4,59.6,63977,69298
"7857",6111001506,"06","111","001506",5027,34.261388,-119.193133,"Census Tract 15.06, Ventura County, California",407100,1786,84,5.6,2.67,3.58,0.6,0,0.6,20.9,51.7,22.7,3.5,0,0,0,0.6,18.9,60.4,15.7,4.4,76.5,23.5,82607,91617
"7858",6111001507,"06","111","001507",4330,34.255674,-119.203491,"Census Tract 15.07, Ventura County, California",469200,1529,93,5.8,3.15,3.8,14.7,1.4,0,10.2,20.9,26.6,17.6,6.8,1.8,0,3.7,24.4,35.8,30.7,5.4,60.2,39.8,88341,87350
"7859",6111001601,"06","111","001601",1099,34.276114,-119.21147,"Census Tract 16.01, Ventura County, California",459100,546,87,4,2.37,1.85,4,0,0,7.7,46.5,23.3,8.1,2.7,7.7,0,42.5,32.4,20.5,2.4,2.2,19.4,80.6,58674,63296
"7860",6111001602,"06","111","001602",2388,34.273393,-119.222429,"Census Tract 16.02, Ventura County, California",433100,953,70,5.9,2.44,2.95,2,0,0,20,11.5,50.5,15.9,0,0,3.5,0,27.9,40.6,24.8,3.3,78,22,71509,81870
"7861",6111001700,"06","111","001700",3531,34.289954,-119.210184,"Census Tract 17, Ventura County, California",777300,1365,30,6.7,2.55,3.55,0,2.1,0,4.8,33.6,43.7,14,1.9,0,0.7,0,6.1,31.5,55.2,6.5,90.6,9.4,113125,123256
"7862",6111001800,"06","111","001800",4302,34.281948,-119.227209,"Census Tract 18, Ventura County, California",604400,1679,47,6.5,2.84,2.46,0,1.3,2.1,1.7,28.2,32.8,29.3,3,1.6,0.7,6.7,9.8,38.8,35,9.1,84.8,15.2,94632,105809
"7863",6111001900,"06","111","001900",3822,34.277753,-119.251952,"Census Tract 19, Ventura County, California",629000,1664,78,5.4,2.44,1.97,0.7,0,1.3,0.5,4.4,16.9,49.1,18.2,8.8,0.5,14.3,32.9,38.6,13,0.7,57.4,42.6,74662,85540
"7864",6111002000,"06","111","002000",2577,34.282727,-119.271421,"Census Tract 20, Ventura County, California",871800,1199,111,5.8,2.3,1.87,0,3.9,2.8,6.9,6.5,11.8,26,7.6,34.4,1.2,16.6,24.7,42.3,8.8,6.4,73.2,26.8,105250,127495
"7865",6111002102,"06","111","002102",1832,34.283335,-119.287881,"Census Tract 21.02, Ventura County, California",635000,1075,112,3.5,1.58,1.51,0,2,2.1,14.1,13.8,13.6,13.9,3.8,36.7,21.2,32.3,31.7,11.1,2,1.8,22.8,77.2,55250,62967
"7866",6111002200,"06","111","002200",6288,34.295979,-119.292753,"Census Tract 22, Ventura County, California",343300,2206,131,4.7,3.22,3.07,0,8.8,5,22,15.5,10.1,20.4,5.9,12.2,2.4,17.5,35.8,35,7.9,1.4,46.7,53.3,47756,62504
"7867",6111002300,"06","111","002300",7430,34.293859,-119.299809,"Census Tract 23, Ventura County, California",404900,2289,87,4.2,2.67,3.85,2.4,13.9,3.7,8.9,6.7,22.6,12.5,5.1,24.2,4.9,28.4,35.5,30.1,1.1,0,31.1,68.9,42891,50695
"7868",6111002400,"06","111","002400",2571,34.278902,-119.289913,"Census Tract 24, Ventura County, California",671500,1452,30,3.4,2.14,1.71,1.2,0.6,2.5,5.6,21.8,20.9,23.6,5.2,18.6,9.2,52.5,26.9,8.7,0.3,2.5,9.8,90.2,27227,49328
"7869",6111002500,"06","111","002500",4795,34.259629,-119.268191,"Census Tract 25, Ventura County, California",711300,2697,267,5,1.88,2.13,0.6,1.6,3.4,5.2,24.7,33.2,24.5,4.9,1.9,1.7,7.5,43.5,30.4,11.8,5,51.6,48.4,54292,87072
"7870",6111002600,"06","111","002600",3211,34.274503,-119.272513,"Census Tract 26, Ventura County, California",554600,1407,153,4.7,2.48,2.3,0.7,0.5,0.6,5,8.7,3.8,13.1,18.9,48.5,0.9,20,44.5,32.3,2.3,0,32.9,67.1,52230,63849
"7871",6111002700,"06","111","002700",3881,34.270781,-119.239471,"Census Tract 27, Ventura County, California",471900,1824,178,4.5,2.54,2.13,0,0.8,0,0,8.9,48,34.4,5.8,2.2,10.3,17.7,34.2,22,15.2,0.5,44.8,55.2,56475,69692
"7872",6111002800,"06","111","002800",6270,34.266171,-119.255945,"Census Tract 28, Ventura County, California",455000,2643,99,4.6,2.47,2.11,0.4,0.8,1.3,5.1,7.5,22.1,49.5,5.9,7.3,1.4,19.1,33.7,35.7,9.6,0.5,48.1,51.9,54664,68968
"7873",6111002901,"06","111","002901",5455,34.224001,-119.205481,"Census Tract 29.01, Ventura County, California",636900,1832,12,7,3.1,3.58,1.5,24.4,18.2,26.7,12.4,11.5,5.3,0,0,0,1,8.1,32.1,48.9,10,80.8,19.2,109479,126223
"7874",6111002905,"06","111","002905",5478,34.213868,-119.200606,"Census Tract 29.05, Ventura County, California",476800,1771,0,6.8,3.32,3.41,0,4.4,12.2,29.7,31.6,17.8,3,0.5,0.8,0,6.9,8.2,32.4,40,12.5,73.8,26.2,92011,98741
"7875",6111003010,"06","111","003010",2885,34.223327,-119.183232,"Census Tract 30.10, Ventura County, California",371500,1054,85,4.6,2.39,3.2,0,0,5.8,28.8,30.4,31.5,2.4,0,1.1,3.1,20.2,33.4,36.1,7.1,0,54.5,45.5,62555,66736
"7876",6111003011,"06","111","003011",5397,34.22278,-119.190506,"Census Tract 30.11, Ventura County, California",390200,1669,66,4.8,3.75,2.79,0.4,0,0,8.9,15,67.8,4.6,2,1.4,0,33.8,15.5,34.6,14.4,1.7,44.6,55.4,50821,60754
"7877",6111003012,"06","111","003012",321,34.238633,-119.18557,"Census Tract 30.12, Ventura County, California",48600,110,31,4.1,2.34,3.39,0,0,0,17.3,35.5,47.3,0,0,0,0,26.4,29.1,44.5,0,0,77.2,22.8,30066,27591
"7878",6111003013,"06","111","003013",4657,34.230898,-119.18476,"Census Tract 30.13, Ventura County, California",515400,1707,13,5.4,3.41,2.79,0.7,0,36.1,16.8,28.3,14.4,0,0,3.7,1.6,24.8,25,17.4,27.7,3.5,47.5,52.5,72119,82635
"7879",6111003100,"06","111","003100",14589,34.215885,-119.168441,"Census Tract 31, Ventura County, California",452300,3769,60,6.4,4.4,4.69,4.9,36.8,18.5,2.8,5.5,15.3,14,2.3,0,2.4,1.4,9.8,28.2,49.5,8.6,71.3,28.7,74783,81603
"7880",6111003201,"06","111","003201",4577,34.203731,-119.172538,"Census Tract 32.01, Ventura County, California",268200,827,24,4.3,4.39,4.13,1.5,8.3,4.4,3.5,6.4,9.4,21.5,33.1,11.9,2.3,25,29.7,38.5,3.6,0.8,28.4,71.6,25613,41683
"7881",6111003300,"06","111","003300",8187,34.21364,-119.186317,"Census Tract 33, Ventura County, California",394000,2463,234,5.8,3.06,4.21,4.3,3.9,0,6.5,7.7,45.4,24,6,2.2,2.3,10.3,19.8,30.9,31.7,4.9,56,44,60036,68283
"7882",6111003605,"06","111","003605",8606,34.188837,-119.214939,"Census Tract 36.05, Ventura County, California",393500,2969,176,5.8,3.21,3.45,8.7,2.6,8.9,13.8,53.2,9.5,1.3,1.2,0.9,0.8,10.4,14.9,43.6,25.5,4.8,59.7,40.3,85767,90366
"7883",6111003608,"06","111","003608",3838,34.193483,-119.200439,"Census Tract 36.08, Ventura County, California",431000,1101,0,5.7,4.13,4.17,0,12.6,25.2,19.8,5,13.4,21.1,0,2.9,0,10.2,12.3,45.9,25.8,5.9,62.7,37.3,76875,87089
"7884",6111003609,"06","111","003609",5966,34.186913,-119.23509,"Census Tract 36.09, Ventura County, California",743500,4070,1138,5.8,1.93,2.06,14.6,13.1,3.4,18.1,38.1,12.2,0,0.4,0,0.5,5.7,37.8,39.1,12.3,4.6,64.1,35.9,91466,134454
"7885",6111003612,"06","111","003612",4355,34.161613,-119.223148,"Census Tract 36.12, Ventura County, California",783700,2816,887,4.8,2.48,2.11,1.8,2.6,5.9,15.6,24,18.3,15.3,7.4,9,3.4,20.6,33.6,26.5,13.3,2.6,38.8,61.2,67618,111687
"7886",6111003700,"06","111","003700",6679,34.182203,-119.191191,"Census Tract 37, Ventura County, California",360200,1375,110,5.6,4.88,4.4,0,0,0.7,5.5,6.5,23.1,58.8,5.4,0,6.9,1.6,7.1,37.7,36,10.7,78.2,21.8,62688,77553
"7887",6111003801,"06","111","003801",5778,34.18608,-119.183208,"Census Tract 38.01, Ventura County, California",346600,1227,125,4.6,4.08,4.22,1.5,0.8,4.5,3,3.6,34.3,25.3,18.4,8.5,1.8,10.8,42.4,24.4,11.8,8.8,42.8,57.2,46667,51768
"7888",6111003802,"06","111","003802",2888,34.178327,-119.18273,"Census Tract 38.02, Ventura County, California",283900,622,0,5,5.63,4.28,0,0,6.3,3.9,1.1,45.2,30.7,9.6,3.2,0,11.4,43.9,14.6,19.6,10.5,42.3,57.7,49375,52232
"7889",6111003900,"06","111","003900",7533,34.179678,-119.172205,"Census Tract 39, Ventura County, California",323000,1724,132,4.8,4.59,4.52,0,11.4,2.7,2.3,3.9,16.2,46.2,16.6,0.5,9.4,7.6,31.6,28.5,19.7,3.2,49.3,50.7,46157,58191
"7890",6111004000,"06","111","004000",6586,34.16793,-119.171996,"Census Tract 40, Ventura County, California",277600,1536,84,5.8,4.34,4.77,0,1.8,0,5.4,13.3,44.6,26,7,1.9,2.3,14.8,16.7,32.3,27,6.8,71.1,28.9,50706,58501
"7891",6111004101,"06","111","004101",6814,34.168227,-119.182195,"Census Tract 41.01, Ventura County, California",320300,1442,49,5.7,5.27,4.32,0,1.4,0,1.7,6.6,38.9,47.8,2.9,0.7,2.4,11.8,13.9,34.4,31,6.5,54.6,45.4,48790,60150
"7892",6111004200,"06","111","004200",5324,34.162651,-119.190939,"Census Tract 42, Ventura County, California",370300,1364,58,6.1,3.92,5.04,0,0,2.3,0,10.3,30.4,54.5,1.8,0.7,1.7,0.8,7.2,48.5,34.9,6.9,79,21,70741,69875
"7893",6111004304,"06","111","004304",6760,34.178812,-119.210176,"Census Tract 43.04, Ventura County, California",311900,2936,223,4.8,2,2.71,0,0,3.7,13.6,43.8,32.4,4.1,2.4,0,1.2,6.6,60.1,29.6,2.2,0.4,51.3,48.7,49958,60749
"7894",6111004305,"06","111","004305",2388,34.163221,-119.200642,"Census Tract 43.05, Ventura County, California",174000,784,150,4.8,3.87,3.28,1.5,2.2,35.3,20.2,8.9,11,11.1,5.2,4.6,8.8,0.6,48.5,33,8.4,0.6,3.6,96.4,48036,56587
"7895",6111004400,"06","111","004400",7251,34.149451,-119.193649,"Census Tract 44, Ventura County, California",400200,3215,416,4.3,2.55,2.36,2.8,5.3,11.2,13.2,33.8,12.4,14.3,6.4,0.5,1.6,23,39.3,27.8,7.9,0.5,36.3,63.7,51052,63115
"7896",6111004503,"06","111","004503",4387,34.151972,-119.173968,"Census Tract 45.03, Ventura County, California",321100,1084,31,4.7,4.76,4.33,15.1,14.5,12,9.1,12.5,10.5,10.1,7.3,8.9,0,13.8,36.3,34.1,6.5,9.1,44.1,55.9,55875,65068
"7897",6111004504,"06","111","004504",5389,34.158095,-119.172234,"Census Tract 45.04, Ventura County, California",300000,1275,0,5.1,4.7,4.02,0,0,5.8,28.9,34.7,22.1,6.8,1.6,0,1.3,15.7,32.2,26.7,16.2,7.8,48.9,51.1,61005,73098
"7898",6111004505,"06","111","004505",2150,34.157724,-119.181969,"Census Tract 45.05, Ventura County, California",308400,506,0,5.3,4.04,4.14,0,0,0,4,6.7,43.5,41.7,0.6,3.6,0,11.7,11.3,74.5,2.6,0,56.7,43.3,52407,63742
"7899",6111004506,"06","111","004506",7858,34.150998,-119.182781,"Census Tract 45.06, Ventura County, California",347200,1545,37,4,4.63,4.56,0,0,3,15.3,21.9,43.8,12.4,0.9,2.7,5.6,32.5,36.1,20.3,5.5,0,14.1,85.9,35823,45740
"7900",6111004600,"06","111","004600",2126,34.123776,-119.096834,"Census Tract 46, Ventura County, California",NA,655,138,5.6,3.33,3.78,0,2.3,7.8,6.1,17.6,33.3,27.2,5.8,0,0,2.7,13.9,58.6,24.7,0,0.6,99.4,58464,59711
"7901",6111004704,"06","111","004704",1469,34.164116,-119.134186,"Census Tract 47.04, Ventura County, California",91800,459,26,5.2,3.55,2.71,0.9,1.3,5.9,28.1,46.8,7.8,4.1,4.6,0.4,0,1.7,39.9,45.3,13.1,0,75.8,24.2,52083,53807
"7902",6111004710,"06","111","004710",5089,34.16103,-119.158485,"Census Tract 47.10, Ventura County, California",234000,1439,44,5.1,2.99,4.71,0.8,7.5,4.7,14,36.6,24.7,8.8,1.8,1.1,1,3.8,46.5,36.7,10.9,1.2,58.9,41.1,61350,66365
"7903",6111004711,"06","111","004711",3432,34.168132,-119.163919,"Census Tract 47.11, Ventura County, California",305000,826,0,5.9,3.74,4.26,0,0,5.7,13.4,60.7,17.4,1.7,1.1,0,0,1.7,23,42.1,27.8,5.3,58.2,41.8,62667,69450
"7904",6111004715,"06","111","004715",5020,34.157244,-119.152522,"Census Tract 47.15, Ventura County, California",274000,1343,101,5.2,3.75,5.06,0,4.7,5.4,6.3,41,26,12.4,2,2.2,0,10.7,19.3,50.1,19.1,0.8,62.3,37.7,49318,61157
"7905",6111004716,"06","111","004716",4476,34.178861,-119.155425,"Census Tract 47.16, Ventura County, California",335800,1005,61,5.6,3.89,4.21,0,2.3,16.4,23.3,44.8,8.5,4.8,0,0,0,3.4,11.4,53.2,30.5,1.4,70.9,29.1,55556,69499
"7906",6111004717,"06","111","004717",4120,34.173696,-119.150545,"Census Tract 47.17, Ventura County, California",295700,777,0,6.1,4.08,6.55,0,0,0,6.9,40.9,40.7,10.7,0.8,0,1.4,0,14.7,29.7,39,15.2,67.7,32.3,57552,66910
"7907",6111004901,"06","111","004901",6249,34.211923,-119.150204,"Census Tract 49.01, Ventura County, California",444800,1926,90,5.3,4.24,3.05,1,59.4,36.9,2.2,0.4,0,0,0,0,0,8.4,23.4,44.2,22,2.1,52.3,47.7,73274,80291
"7908",6111004902,"06","111","004902",5091,34.203461,-119.155969,"Census Tract 49.02, Ventura County, California",328800,1139,52,4.9,4.78,4.13,4.3,6.5,1.8,0,0.5,61.5,16.6,6.9,1.8,1.9,10,34.3,44.5,9.2,0,46.1,53.9,43264,48071
"7909",6111005002,"06","111","005002",3003,34.2254,-119.135013,"Census Tract 50.02, Ventura County, California",328800,696,9,4.2,3.03,4.4,0,2.6,6.6,15.4,17.2,17.1,19.7,17.8,3.6,10.6,25.9,24.3,28,11.2,0,29.5,70.5,43054,49977
"7910",6111005003,"06","111","005003",8366,34.235306,-119.160943,"Census Tract 50.03, Ventura County, California",305200,1868,147,5.2,3.73,4.6,5.5,0.8,4.2,2.9,10,15.3,41.9,13.7,5.6,3,6,29,37.4,22.3,2.2,65.4,34.6,52743,53741
"7911",6111005004,"06","111","005004",5419,34.241913,-119.173645,"Census Tract 50.04, Ventura County, California",367400,1373,47,4.8,2.88,2.7,61.9,5.5,4.1,0.5,14.3,1.1,3.2,3.1,6.3,0,8.4,43,28.6,17.9,2,42.8,57.2,75152,79108
"7912",6111005100,"06","111","005100",3768,34.278023,-119.035019,"Census Tract 51, Ventura County, California",NA,1075,109,6.5,3.01,3.02,3.9,5.3,8.5,12.4,25,17.4,15.8,6.1,5.6,2.8,0.9,18.7,36,30.2,11.3,76.8,23.2,89167,134356
"7913",6111005202,"06","111","005202",2694,34.249359,-119.023524,"Census Tract 52.02, Ventura County, California",516000,1083,62,5.4,2.75,2.51,0,14.6,21.7,17.1,4.3,9,19.7,4.2,9.3,3,18.2,22.3,27.2,24.9,4.2,76,24,78125,105276
"7914",6111005203,"06","111","005203",5226,34.240409,-119.042597,"Census Tract 52.03, Ventura County, California",584100,1948,152,6.9,2.82,2.7,0.5,0.5,2.9,10.1,36.4,34.3,11.8,1.9,1.6,0,6.7,7.6,29.7,39,17.1,81.9,18.1,86757,101650
"7915",6111005204,"06","111","005204",3367,34.238702,-119.062802,"Census Tract 52.04, Ventura County, California",774600,1226,7,7.7,2.73,4.83,0,1.5,31.6,11.9,12.6,34.1,6.1,0.9,1.3,0,0,3.1,18.4,63,15.6,98,2,114653,139288
"7916",6111005205,"06","111","005205",5767,34.23478,-119.081276,"Census Tract 52.05, Ventura County, California",835000,2243,30,6.7,2.66,2.86,1.1,14.1,25,12.6,19.1,21.8,4.4,1.6,0.4,0.8,6,14.6,31,32.5,15.1,78.8,21.2,125841,153868
"7917",6111005303,"06","111","005303",9416,34.229434,-119.007711,"Census Tract 53.03, Ventura County, California",561700,3172,30,5.9,2.97,3.62,9.3,24.1,37.1,11,17.2,0,1,0,0.3,0,2,21.2,44.6,26.9,5.2,80.2,19.8,100536,113146
"7918",6111005304,"06","111","005304",5325,34.221744,-118.989997,"Census Tract 53.04, Ventura County, California",365000,3030,241,4.9,1.75,1.82,0,4.5,2.9,21.2,65.7,3.7,1.1,0.4,0.4,1.7,5.1,69.5,20.1,2.6,1,74.5,25.5,52434,67430
"7919",6111005305,"06","111","005305",5777,34.243195,-118.934744,"Census Tract 53.05, Ventura County, California",NA,1869,70,8.3,3.15,3.05,7.1,15.8,14.8,50.1,8.2,1.6,1.6,0.5,0.3,0,0,5.7,21.1,40.4,32.9,91.9,8.1,156610,210757
"7920",6111005306,"06","111","005306",4867,34.232968,-118.989363,"Census Tract 53.06, Ventura County, California",588100,1680,24,6.5,2.87,3.23,0.5,3.5,4.8,44,43.8,2.2,0.6,0,0.5,0,4.3,9.4,38.1,45.7,2.6,80,20,111750,120909
"7921",6111005401,"06","111","005401",4073,34.233385,-119.031383,"Census Tract 54.01, Ventura County, California",506200,1299,32,6.6,3.15,2.94,0,0,2.5,8.9,40.3,48.3,0,0,0,0,0,7.9,42.2,42.5,7.5,78.9,21.1,89707,93886
"7922",6111005403,"06","111","005403",2694,34.223144,-119.033628,"Census Tract 54.03, Ventura County, California",421300,980,60,4.3,2.96,2.54,0.3,0,17.3,24.2,12,29.4,8.4,4.5,3.9,0,28.5,29.9,25,15.6,1,33.2,66.8,53281,67535
"7923",6111005404,"06","111","005404",3870,34.234086,-119.020805,"Census Tract 54.04, Ventura County, California",478200,1229,13,6.5,3.13,2.47,0,0.7,0.8,5.3,34.6,55.9,2,0.8,0,0,0,4.6,35.4,55.7,4.2,94,6,103209,107948
"7924",6111005502,"06","111","005502",5127,34.221453,-119.055972,"Census Tract 55.02, Ventura County, California",422800,2134,113,4.1,2.42,2.58,0.6,8.4,13.5,16,39.5,16.4,5,0,0.7,1.1,26,48.1,18.2,6.7,0,29.5,70.5,55375,67497
"7925",6111005503,"06","111","005503",3336,34.227703,-119.060905,"Census Tract 55.03, Ventura County, California",483300,1179,178,6.1,2.85,3.15,6.9,6.8,3.3,5.6,28.2,34,13.7,0,1.4,2.5,7.1,2,44.7,39.4,4.3,63.4,36.6,74980,84004
"7926",6111005504,"06","111","005504",4320,34.228968,-119.044408,"Census Tract 55.04, Ventura County, California",497800,1540,31,6.3,2.94,2.61,0,0,0.4,7.5,34.5,56,1.6,0,0,0,12.8,10.8,25.8,43.1,7.5,67.9,32.1,83413,91669
"7927",6111005600,"06","111","005600",9976,34.208858,-119.023676,"Census Tract 56, Ventura County, California",476000,3596,147,5.2,2.71,2.44,23.3,2,13,22.1,18.4,9.4,9.3,2.1,0.4,0.3,5.1,48,25.8,14.5,6.2,71.4,28.6,81547,99748
"7928",6111005700,"06","111","005700",2068,34.16592,-119.03702,"Census Tract 57, Ventura County, California",330900,674,49,4.1,3.45,2.17,36.6,57.4,0.4,3.7,0.7,1,0,0,0,4,27,36.5,25.1,7.4,0,32.6,67.4,78456,85499
"7929",6111005801,"06","111","005801",5149,34.165929,-118.965558,"Census Tract 58.01, Ventura County, California",689300,1691,64,6.9,3.25,3.19,6.9,20.9,28.3,4.4,26.7,12.2,0,0.7,0,0,0,0.6,38.2,49.4,11.8,92.1,7.9,133516,142286
"7930",6111005802,"06","111","005802",9090,34.177731,-118.970652,"Census Tract 58.02, Ventura County, California",722300,3088,13,7,3.15,3.13,8.9,42.4,3.1,5.5,28.6,8.1,1.4,1.9,0,0,0.6,15.5,29.7,37.9,16.4,92.5,7.5,124533,157213
"7931",6111005901,"06","111","005901",6716,34.168237,-118.947049,"Census Tract 59.01, Ventura County, California",621700,2279,30,6.9,3.02,3.1,0.6,3.6,0.7,12.7,42.6,38.1,1.7,0,0,0,0,0.5,37.9,48.2,13.4,87.2,12.8,105815,124694
"7932",6111005906,"06","111","005906",6695,34.153982,-118.847987,"Census Tract 59.06, Ventura County, California",790500,2532,65,6.9,2.73,2.74,1.6,9.6,5.6,6.6,44.4,29,1.8,0.9,0.5,1.9,9.8,8.5,24.4,41.6,13.7,64,36,93713,132376
"7933",6111005907,"06","111","005907",3635,34.145537,-118.833584,"Census Tract 59.07, Ventura County, California",739300,1860,107,5.8,2.19,1.73,2.7,1.1,2.8,11.6,62.1,18.7,0.5,0.5,0,1.7,0,38.1,31.7,22.4,6.1,72.5,27.5,94850,134516
"7934",6111005908,"06","111","005908",2711,34.179031,-118.922154,"Census Tract 59.08, Ventura County, California",587800,883,17,6.7,2.99,2.69,0,2.6,12.7,10.8,25.5,48.5,0,0,0,0,2.2,2.7,40.1,44.6,10.4,79.6,20.4,97121,104977
"7935",6111005909,"06","111","005909",3395,34.180515,-118.904028,"Census Tract 59.09, Ventura County, California",473100,1486,147,5.5,2.32,3.34,0.9,9.3,13.9,23.2,37.3,9.8,4.3,0.9,0.5,0,0.7,36.3,28.1,27.6,7.3,86.7,13.3,77880,93329
"7936",6111005910,"06","111","005910",1775,34.168119,-118.924992,"Census Tract 59.10, Ventura County, California",817900,622,0,7.1,2.96,2.44,9.8,4,22.5,28.3,17.2,4.7,1.3,7.7,4.5,0,4.2,12.4,24.9,50.8,7.7,87.3,12.7,115395,155991
"7937",6111005911,"06","111","005911",3854,34.172946,-118.890134,"Census Tract 59.11, Ventura County, California",609700,1623,64,6.2,2.42,2.99,0,3.9,7,21.4,54.7,7,1.2,4.7,0,0.6,4.5,15.4,54,21.4,4.1,71.3,28.7,88856,116465
"7938",6111006000,"06","111","006000",4845,34.184818,-118.942528,"Census Tract 60, Ventura County, California",508100,1518,10,6.5,3.14,5.07,0,0,0,5.8,27.9,61.4,4.9,0,0,0.5,0.6,4.2,59.4,33,2.3,85.5,14.5,86087,101220
"7939",6111006100,"06","111","006100",8378,34.192202,-118.917386,"Census Tract 61, Ventura County, California",736100,2918,246,4.4,3.03,2.95,3.6,11.7,36.7,13.5,30.6,2.2,1.7,0,0,2,15.7,39.8,17.2,19.8,5.4,46.9,53.1,91938,114853
"7940",6111006200,"06","111","006200",3003,34.199837,-118.901226,"Census Tract 62, Ventura County, California",939900,1070,0,7.8,3.14,2.71,3.2,0.9,13.7,18,34.7,25.9,2.4,1.1,0,0,0,1,21.4,63,14.6,93.3,6.7,142344,187673
"7941",6111006301,"06","111","006301",6573,34.223293,-118.888752,"Census Tract 63.01, Ventura County, California",628900,2545,89,6.2,2.85,1.96,8.6,4.1,5.2,14.8,44.2,19.9,3.2,0,0,0.9,11.2,15.2,27.2,41.2,4.4,76.3,23.7,108047,129042
"7942",6111006302,"06","111","006302",3597,34.221319,-118.878549,"Census Tract 63.02, Ventura County, California",627400,832,25,6.5,2.64,2.82,0,0,4.1,11.3,68.5,10.6,2.8,2.8,0,0,7.1,5.5,43.1,43.9,0.4,67,33,117736,122659
"7943",6111006400,"06","111","006400",7126,34.226445,-118.857505,"Census Tract 64, Ventura County, California",589800,2488,166,6.6,3.05,2.78,0,0.4,1.8,20,32.4,41.6,2.8,1,0,0,1.6,5.8,38.9,47.3,6.4,86.4,13.6,106290,117839
"7944",6111006500,"06","111","006500",3744,34.211568,-118.860851,"Census Tract 65, Ventura County, California",445500,1083,25,5.1,3.39,2.97,0,0,0,12,21.2,43.3,23.5,0,0,0,6.8,6.6,73,6.8,6.6,63.4,36.6,58269,74248
"7945",6111006600,"06","111","006600",4019,34.210568,-118.877041,"Census Tract 66, Ventura County, California",599600,1330,24,6.9,2.79,2.39,0.8,0.8,0.7,0,18.8,77,2,0,0,0,0,0,32.4,51.8,15.8,86.1,13.9,120160,121054
"7946",6111006700,"06","111","006700",3117,34.199186,-118.882464,"Census Tract 67, Ventura County, California",640000,1153,51,6.7,2.86,2.27,0,0,0.9,9.6,35,52.3,1.3,0.9,0,0,8.2,11.2,25.5,36.7,18.4,72.3,27.7,84444,105093
"7947",6111006800,"06","111","006800",3908,34.196089,-118.866384,"Census Tract 68, Ventura County, California",558900,1288,63,6.3,2.85,4.25,0.6,0.2,2.4,1.3,11,50.4,32.8,0,1.2,0,4.3,5.3,41,43.3,6.1,70.9,29.1,78021,110688
"7948",6111006900,"06","111","006900",3520,34.190581,-118.882449,"Census Tract 69, Ventura County, California",478600,1773,154,4.3,2.33,2.02,0,0,3.6,8.6,45.9,36.7,2.8,0.5,2.1,6,21.3,42.9,14.6,6.4,8.9,39.8,60.2,52608,76365
"7949",6111007000,"06","111","007000",3907,34.183124,-118.868404,"Census Tract 70, Ventura County, California",525200,1645,58,4,2.82,2.44,0,6.4,7.9,22.9,33.3,22.9,5.5,1.2,0,1.5,36.9,24.6,30.7,4,2.4,25.3,74.7,53094,66906
"7950",6111007100,"06","111","007100",6335,34.175931,-118.845574,"Census Tract 71, Ventura County, California",278600,2822,340,4,2.29,1.85,5.7,13.9,9,27.9,18.6,9.9,10.2,4.3,0.4,2,27.5,49,18.7,2.8,0,44.4,55.6,44449,53688
"7951",6111007201,"06","111","007201",3429,34.193358,-118.850057,"Census Tract 72.01, Ventura County, California",719600,1187,11,7,2.83,3.11,0,0,13,6.3,8.9,34.4,34.9,0.9,1.6,0,0.9,2.4,32.7,51.8,12.2,93.2,6.8,135238,150128
"7952",6111007202,"06","111","007202",4313,34.179645,-118.830982,"Census Tract 72.02, Ventura County, California",731100,1643,31,7.3,2.73,4.71,0,8.4,9.7,9.6,36.2,33.9,0.5,0,1.6,0,0,5.1,34.1,41.5,19.3,95.7,4.3,121250,151057
"7953",6111007300,"06","111","007300",1930,34.116245,-118.915564,"Census Tract 73, Ventura County, California",NA,911,270,5.9,2.71,1.65,6.4,11.9,15.1,10.3,29.3,12,3,5.4,6.7,12.8,11.4,15.1,25.2,19.9,15.5,80.2,19.8,113594,239048
"7954",6111007402,"06","111","007402",6305,34.183362,-118.803739,"Census Tract 74.02, Ventura County, California",901400,2638,107,7.1,2.43,2.59,0,3.9,22.7,64,8,0.9,0.5,0,0,2.4,1.6,21.3,36.7,13.9,24.3,92.2,7.8,145855,243727
"7955",6111007403,"06","111","007403",5585,34.175885,-118.775673,"Census Tract 74.03, Ventura County, California",663300,2178,91,6.3,2.72,2.24,0,1.9,36.6,35.9,22.5,2.2,0.2,0.7,0,0,3.6,14.2,31.8,37.1,13.3,86.3,13.7,132255,144822
"7956",6111007405,"06","111","007405",6304,34.182807,-118.753284,"Census Tract 74.05, Ventura County, California",630300,2432,0,6.6,2.81,2.61,0,7.1,25.5,36.6,25.2,5.7,0,0,0,0,9.6,20.3,28,26.7,15.3,80.8,19.2,129079,156734
"7957",6111007406,"06","111","007406",2377,34.192842,-118.776502,"Census Tract 74.06, Ventura County, California",NA,861,92,7.2,3.36,1.49,0,0,36.2,63.8,0,0,0,0,0,0,21.7,4.6,9.2,56.7,7.8,76.3,23.7,138242,177483
"7958",6111007505,"06","111","007505",3324,34.259825,-118.779442,"Census Tract 75.05, Ventura County, California",478800,1116,65,6.7,3.1,2.59,0,0,5.2,13.4,29.6,46.1,2.6,0.6,2.4,0,0,14.3,25.4,47.9,12.3,88.4,11.6,101103,117003
"7959",6111007506,"06","111","007506",7514,34.246153,-118.761487,"Census Tract 75.06, Ventura County, California",620600,2334,58,7.1,3.17,3.49,1.3,11.7,16.5,22.2,20.4,23.1,1.1,0.5,3.2,0,0,7.4,35,43.6,14,91.1,8.9,122586,128311
"7960",6111007507,"06","111","007507",6958,34.2404,-118.801983,"Census Tract 75.07, Ventura County, California",775100,2326,40,7.8,3.16,3.37,0.5,11.4,49.5,32.8,4,1.8,0,0,0,0,0,9.8,20.1,43.3,26.9,94.7,5.3,136167,159136
"7961",6111007508,"06","111","007508",3722,34.214573,-118.845209,"Census Tract 75.08, Ventura County, California",551600,1476,53,5.7,2.34,3.01,0,1.2,5.2,18.9,71.7,3,0,0,0,0,0,31.8,39.4,22,6.8,78.3,21.7,87008,106409
"7962",6111007509,"06","111","007509",4161,34.212878,-118.827129,"Census Tract 75.09, Ventura County, California",687600,1618,0,6.3,2.98,2.42,0,11.7,46.7,31.1,10.4,0,0,0,0,0,7,25.2,22.6,30.8,14.5,59.8,40.2,109808,132834
"7963",6111007510,"06","111","007510",6565,34.22124,-118.825517,"Census Tract 75.10, Ventura County, California",823000,2123,43,7.8,3.17,4.76,0,23.2,46.3,25.5,5,0,0,0,0,0,0,0,23.4,63.4,13.2,94.5,5.5,167821,179423
"7964",6111007511,"06","111","007511",2222,34.220066,-118.674546,"Census Tract 75.11, Ventura County, California",NA,851,82,8.3,2.91,2.11,3.1,3.1,19,38.1,19.2,8.2,7.6,0,1.8,1.5,8.7,13.5,13.6,28.7,34,97.5,2.5,169063,216179
"7965",6111007512,"06","111","007512",5355,34.259787,-118.711726,"Census Tract 75.12, Ventura County, California",581200,1761,106,5.9,2.95,2.85,2.3,24.8,25,12.9,3.2,17.6,4.7,0.8,8.6,0,8,19.4,30.8,27.3,14.5,75,25,122083,129372
"7966",6111007513,"06","111","007513",1681,34.25359,-118.786978,"Census Tract 75.13, Ventura County, California",773000,519,0,7.6,3.48,NA,0,0,2.3,15.2,45.1,16.6,15.8,5,0,0,0,4.8,38.9,50.3,6,100,0,124969,146117
"7967",6111007514,"06","111","007514",6528,34.259001,-118.807863,"Census Tract 75.14, Ventura County, California",517400,3015,93,4.6,2.48,2.12,4.2,10.8,37.2,23,16.2,7.3,1,0.4,0,0.6,22.8,38.5,21.7,11.6,4.8,41.4,58.6,75585,94242
"7968",6111007606,"06","111","007606",1555,34.2973,-118.898582,"Census Tract 76.06, Ventura County, California",NA,396,18,8.4,3.36,3.9,30.1,38.6,4.3,2.3,5.1,11.1,1.5,0,7.1,4.5,0,2.5,26.5,16.9,49.5,97.4,2.6,206375,226117
"7969",6111007607,"06","111","007607",6152,34.264404,-118.900102,"Census Tract 76.07, Ventura County, California",659300,2036,41,7.3,3.03,2.35,0,0,42,51.1,1.1,1.1,0.9,1.6,2.2,0,1.5,8.6,29.3,42.3,18.3,94.5,5.5,131734,142649
"7970",6111007609,"06","111","007609",2590,34.269536,-118.88997,"Census Tract 76.09, Ventura County, California",628600,797,11,7.4,3.32,3.42,0,0,2.3,87,2.8,2,4.8,1.3,0,0,0,0.6,34.3,50.9,14.2,83.3,16.7,136833,148341
"7971",6111007610,"06","111","007610",5118,34.268185,-118.876188,"Census Tract 76.10, Ventura County, California",564500,1677,34,6.6,3.37,2.8,0.8,0.4,4.2,69.3,24,0.8,0.6,0,0,1.3,0.8,3,48.5,41.2,5.2,89.9,10.1,106441,122904
"7972",6111007611,"06","111","007611",4375,34.281754,-118.878571,"Census Tract 76.11, Ventura County, California",346100,973,24,5.1,5.38,3.85,0,9.8,4.9,15.5,21.7,23.8,17.1,3.6,3.6,2.9,12.6,13.8,49.9,18.9,1.8,55.4,44.6,49489,62404
"7973",6111007612,"06","111","007612",4762,34.27638,-118.891491,"Census Tract 76.12, Ventura County, California",560900,1664,127,4.4,3.24,2.48,5,27.9,19.6,40.5,3.1,1.2,2.6,0,0,1.9,8.3,41.2,30.2,16.5,1.9,37.4,62.6,68792,77648
"7974",6111007613,"06","111","007613",3896,34.28141,-118.867274,"Census Tract 76.13, Ventura County, California",696500,1141,0,7.1,3.15,3.16,21.7,51.6,4.9,7,2.3,2.3,0.6,0,9.6,0,1,12.2,20.9,42.2,23.8,95,5,118750,131778
"7975",6111007614,"06","111","007614",7476,34.298639,-118.850861,"Census Tract 76.14, Ventura County, California",434600,2442,210,5.8,3.32,3.66,1.2,0,14.1,54,22.2,2.7,3.4,1.1,1.4,2.4,0,14.5,53.6,24.8,4.7,88.5,11.5,94528,106188
"7976",6111007700,"06","111","007700",5988,34.270373,-118.791636,"Census Tract 77, Ventura County, California",372200,2079,166,5.5,2.92,3.41,2.5,14.1,19.1,18.5,6.7,28.1,10,0,0.9,2.1,2.1,28.1,46.2,14.4,7.1,79.9,20.1,73648,88139
"7977",6111007800,"06","111","007800",4119,34.268671,-118.770857,"Census Tract 78, Ventura County, California",459200,1406,66,4.7,3.55,2.74,2.7,15.4,28.4,21.6,14.1,9.8,3.8,4.3,0,0,25.3,36.8,20,17.9,0,27.9,72.1,53796,73868
"7978",6111007901,"06","111","007901",5401,34.278285,-118.767859,"Census Tract 79.01, Ventura County, California",380500,1708,32,5.5,3.31,3.32,0.7,0.6,10.3,33,12.1,39.6,3,0.6,0,0,7,24.6,37.4,23.5,7.6,62.1,37.9,82419,88237
"7979",6111007903,"06","111","007903",4855,34.290719,-118.753523,"Census Tract 79.03, Ventura County, California",597600,1530,13,7.1,3,3.52,33.4,6.8,6.2,5.2,34.8,11.3,1,0.7,0.7,0,0,4.6,23.3,51.7,20.4,84.2,15.8,105893,119402
"7980",6111007904,"06","111","007904",5831,34.276837,-118.752302,"Census Tract 79.04, Ventura County, California",482800,1705,0,7.1,3.47,4.19,0,0,1.2,7.7,19.1,61.8,9.7,0,0.6,0,1.1,0.9,38.9,42.5,16.5,86.7,13.3,102096,104566
"7981",6111008001,"06","111","008001",3331,34.268453,-118.753345,"Census Tract 80.01, Ventura County, California",477600,900,29,6.6,3.37,4.78,0,0,0.7,9.8,18.1,69.8,0.8,0.9,0,0,0,11.2,29.1,36.7,23,82.4,17.6,86313,101903
"7982",6111008002,"06","111","008002",4827,34.268245,-118.729758,"Census Tract 80.02, Ventura County, California",425700,1521,75,5.5,3.26,3.07,0,1.6,3.1,3.3,31.5,54.2,5.9,0.4,0,0.9,12.9,13.5,41.7,26.4,4.6,66.9,33.1,74766,86270
"7983",6111008004,"06","111","008004",5156,34.261259,-118.750443,"Census Tract 80.04, Ventura County, California",432300,1454,117,6.4,3.19,4.28,0,2.2,1.8,0.7,7.6,81.4,4.1,0.9,1.3,0.7,3.2,3.2,33.6,39.5,19.8,75.8,24.2,82899,92851
"7984",6111008005,"06","111","008005",2788,34.259178,-118.765981,"Census Tract 80.05, Ventura County, California",398800,767,0,6.4,3.63,3.61,0,0,0,3.3,6.6,76,14.1,0,0,0,0,0.7,39.8,52.3,7.3,90.1,9.9,79957,91566
"7985",6111008101,"06","111","008101",3433,34.275764,-118.7361,"Census Tract 81.01, Ventura County, California",424900,1092,29,6.1,2.69,4.22,0,0,0,17.7,11.2,65.8,1.7,3.6,0,1.2,0.7,9.7,51.8,35.3,1.3,73.3,26.7,83347,94710
"7986",6111008201,"06","111","008201",4315,34.277419,-118.706434,"Census Tract 82.01, Ventura County, California",407700,1412,58,5.9,3.16,2.58,1.9,17.2,6.4,5.7,9.8,45.5,12.7,0,0.9,0,9.3,8.2,57.1,21.7,3.7,76.5,23.5,75078,95655
"7987",6111008202,"06","111","008202",4353,34.276803,-118.724332,"Census Tract 82.02, Ventura County, California",401400,1437,21,5.7,2.89,2.91,0,0,0,7.1,67.6,22.8,1.1,1.4,0,2.4,0.7,19.6,36.8,33.2,7.2,80.5,19.5,74595,76207
"7988",6111008302,"06","111","008302",5380,34.275707,-118.673088,"Census Tract 83.02, Ventura County, California",434000,1978,16,5.7,2.68,3.08,0,6.1,7.8,3.6,58.8,21.9,1.3,0.4,0,1.4,5.8,30.5,21.4,32.8,8.2,72.1,27.9,69516,82042
"7989",6111008303,"06","111","008303",3767,34.269348,-118.684266,"Census Tract 83.03, Ventura County, California",420000,1429,0,5.2,3.19,2.93,6.1,6.5,13.2,10.3,33.3,26.8,3.8,0,0,0.6,16.9,24.9,25.3,23.4,9,52.9,47.1,69837,77996
"7990",6111008304,"06","111","008304",5484,34.268353,-118.665165,"Census Tract 83.04, Ventura County, California",407200,2064,60,5.6,2.65,2.76,3.5,7.7,11,28.3,26.6,18.2,2,0,2.8,0,2.7,29.4,48.2,16.2,3.6,76.4,23.6,84427,98365
"7991",6111008305,"06","111","008305",3819,34.289478,-118.678541,"Census Tract 83.05, Ventura County, California",680900,1246,20,7.8,3.02,4.11,0.6,32.5,20.5,31.6,14.2,0.6,0,0,0,2.2,0,3.9,21.3,57.5,15.2,96.9,3.1,135179,162073
"7992",6111008306,"06","111","008306",3714,34.278271,-118.687581,"Census Tract 83.06, Ventura County, California",433200,1505,32,5,2.55,2.4,0,4.1,8.8,68.4,12.2,2.5,4,0,0,0,15,40.4,26,17.3,1.3,49.6,50.4,81331,91692
"7993",6111008401,"06","111","008401",5308,34.287438,-118.707495,"Census Tract 84.01, Ventura County, California",482900,1927,38,5.7,2.86,2.8,6.1,9.4,1.5,17.4,16,36.7,8.9,3.4,0.5,1.3,11.1,14.3,45,17.1,11.2,64.4,35.6,83569,86059
"7994",6111008402,"06","111","008402",5110,34.297301,-118.703335,"Census Tract 84.02, Ventura County, California",610300,1640,83,7.3,3.4,2.63,10.2,11,0.7,4.1,16.1,54,1.6,0,2.4,0.4,2.3,0.6,27.7,40.9,28.1,92,8,101382,123624
"7995",6111008500,"06","111","008500",8420,34.290217,-118.735809,"Census Tract 85, Ventura County, California",567800,3045,109,6.5,3.01,2.62,16,2.2,8.4,34.4,23.6,11.3,3.6,0.6,0,0,8.2,9.6,31.1,40.8,10.2,80.1,19.9,105893,125084
"7996",6111008600,"06","111","008600",7982,34.194313,-119.187798,"Census Tract 86, Ventura County, California",305200,2385,100,4.1,3.57,3.35,0,1.8,18.8,10.2,10.9,29.6,12.1,8,8.6,0.9,32.4,40.6,21.4,3.1,1.7,24.4,75.6,37364,51415
"7997",6111008700,"06","111","008700",6424,34.203892,-119.185698,"Census Tract 87, Ventura County, California",394000,1894,69,4.8,3.27,3.15,2.7,1.4,1,4.1,6.3,15.2,33.4,18,18,7.6,20.1,28.8,31,11.5,1.2,40.4,59.6,38494,57218
"7998",6111008800,"06","111","008800",5632,34.185224,-119.201195,"Census Tract 88, Ventura County, California",390400,1445,91,6.2,3.81,3.71,1.1,0,0,20.6,22.2,41.2,14.2,0.7,0,1.3,0.6,4.4,53.3,33.6,6.9,82.4,17.6,74375,84775
"7999",6111008900,"06","111","008900",3590,34.171984,-119.189654,"Census Tract 89, Ventura County, California",324400,784,0,6.1,4.48,4.03,0,0,1.3,0,8.2,22.4,58.9,6.8,2.4,0,0,5,50.1,41.8,3.1,90.8,9.2,57500,74605
"8000",6111009100,"06","111","009100",5279,34.198911,-119.167126,"Census Tract 91, Ventura County, California",171100,1295,96,4.7,3.38,4.06,2.5,8.6,2.9,5.1,9.3,21.8,24.7,24.5,0.5,3.9,16.8,25.2,38.2,14.4,1.5,25.9,74.1,22435,43152
"8001",6111980000,"06","111","980000",56,33.273114,-119.532024,"Census Tract 9800, Ventura County, California",NA,0,0,NA,NA,NA,NA,NA,NA,NA,NA,NA,NA,NA,NA,NA,NA,NA,NA,NA,NA,NA,NA,NA,NA
"8002",6111990100,"06","111","990100",0,33.996349,-119.420296,"Census Tract 9901, Ventura County, California",NA,0,0,NA,NA,NA,NA,NA,NA,NA,NA,NA,NA,NA,NA,NA,NA,NA,NA,NA,NA,NA,NA,NA,NA
"8003",6113010101,"06","113","010101",6645,38.591369,-121.518311,"Census Tract 101.01, Yolo County, California",247500,2628,409,4.7,3.12,2.42,20.4,9.1,3,6.1,3.5,6.6,39.2,3.1,9.2,5.6,17.5,29.1,38.9,5.4,3.6,40.1,59.9,38479,48946
"8004",6113010102,"06","113","010102",7702,38.595666,-121.535967,"Census Tract 101.02, Yolo County, California",169600,2468,147,4.9,2.94,3.13,3.8,5.1,11.6,12.5,18.4,16.6,22.5,2.7,6.7,3,10.7,29.4,39.3,12.2,5.3,50.6,49.4,36998,54515
"8005",6113010201,"06","113","010201",2538,38.570266,-121.527919,"Census Tract 102.01, Yolo County, California",217200,1213,99,4.9,2.13,2.68,2.2,1.6,1.1,0.8,10.7,10.3,31.8,34.4,7.1,0.9,8.6,57.4,25.1,8.1,0,66.1,33.9,52674,66207
"8006",6113010203,"06","113","010203",5397,38.579446,-121.547607,"Census Tract 102.03, Yolo County, California",35000,2293,279,3.9,2.4,2.75,3.3,3.9,12,13.4,17.8,17.3,19.5,7.8,5.1,3.8,27.6,51.8,15.3,0.7,0.9,32,68,25965,34215
"8007",6113010204,"06","113","010204",4922,38.579075,-121.533,"Census Tract 102.04, Yolo County, California",210700,2233,60,4.7,2.41,2.08,0,0,2.5,4.8,6.9,15.5,58.8,9.9,1.7,0,25.6,26.8,43.3,4.3,0,56.1,43.9,50431,52324
"8008",6113010302,"06","113","010302",7270,38.548781,-121.529157,"Census Tract 103.02, Yolo County, California",336300,2663,231,5.9,2.83,2.52,33.5,36.3,2,5.3,4.5,4,10,2.2,2.3,0,5.8,18.7,35.7,29.7,10.1,80,20,79507,94332
"8009",6113010310,"06","113","010310",5485,38.54011,-121.569841,"Census Tract 103.10, Yolo County, California",297100,1843,24,6.2,3.01,3.69,8.8,80.5,2.2,0,4.7,0.8,1,0.7,1.2,0,4.7,14.3,31.5,37.4,12.2,66.6,33.4,86632,89571
"8010",6113010312,"06","113","010312",5130,38.545686,-121.5518,"Census Tract 103.12, Yolo County, California",297700,2023,171,5.6,2.85,2.32,7,11.2,14.1,34.2,22.2,0.7,0.5,8.5,1.5,0,1.7,10.3,66.1,18.5,3.4,73.9,26.1,65638,80135
"8011",6113010401,"06","113","010401",4532,38.506436,-121.647254,"Census Tract 104.01, Yolo County, California",712900,1921,131,6.4,2.42,2.51,0.9,7.2,12.3,18,24.8,12.6,5.2,5.2,13.7,0,7.8,18.4,34.7,32.3,6.8,65.1,34.9,90673,127621
"8012",6113010402,"06","113","010402",3832,38.526573,-121.570931,"Census Tract 104.02, Yolo County, California",400800,1249,76,7,3.1,3.14,54,25.4,1.5,0,5.2,1.8,9.8,1.3,1,0,0,4.4,33.2,40.4,22,81.8,18.2,102679,101667
"8013",6113010501,"06","113","010501",5922,38.541099,-121.757372,"Census Tract 105.01, Yolo County, California",750000,1127,34,3.4,3.94,2.46,1.3,16.6,10.6,13,32.2,18.6,5,1.9,0.8,0,28.2,56.4,5.9,7.3,2.2,4.6,95.4,26362,41105
"8014",6113010505,"06","113","010505",4807,38.569537,-121.739389,"Census Tract 105.05, Yolo County, California",616300,1779,152,6,3.05,2.76,5.8,29.1,20.9,13.5,17.3,5.8,1.3,0.6,5.8,2,2.7,23.8,32.1,25.1,14.3,68.2,31.8,113393,125668
"8015",6113010508,"06","113","010508",2453,38.554877,-121.79057,"Census Tract 105.08, Yolo County, California",616500,1064,81,5.4,2.5,2.13,0,0.9,14.4,36.7,36.5,9.1,2.4,0,0,1,3.5,36.7,34.7,22,2.1,57.3,42.7,99107,116758
"8016",6113010509,"06","113","010509",3471,38.563809,-121.751245,"Census Tract 105.09, Yolo County, California",506500,1330,0,5.4,2.35,2.98,0,0,6.8,15.5,50.1,20,3.4,1.9,2.3,0,8,28,39.8,21.1,3.2,54.2,45.8,59922,76943
"8017",6113010510,"06","113","010510",5267,38.567081,-121.759757,"Census Tract 105.10, Yolo County, California",554200,2104,36,5.2,2.45,2.6,0.8,1.1,24.9,41.5,25.1,3.9,0.5,2.2,0,5,9.7,23.8,31.7,26.2,3.5,48.6,51.4,64219,128188
"8018",6113010511,"06","113","010511",3135,38.557664,-121.778578,"Census Tract 105.11, Yolo County, California",630000,1255,51,4.7,3.09,2.23,0.7,31.5,52,8.5,4.1,0.7,0,0,2.5,2.7,14.3,31,26.8,19.8,5.3,38.2,61.8,82841,96851
"8019",6113010512,"06","113","010512",3406,38.552758,-121.772217,"Census Tract 105.12, Yolo County, California",606600,1182,0,5.7,3.03,3.44,1.5,8.4,18.8,20.1,29.1,22.1,0,0,0,0,5.8,17.3,44.8,27,5.1,44.3,55.7,80568,95087
"8020",6113010513,"06","113","010513",2817,38.549541,-121.784637,"Census Tract 105.13, Yolo County, California",543700,1201,51,4.6,2.52,2.36,0,2.4,4.8,28.6,43.2,19.5,1.4,0,0,0,14.6,44.2,24.8,16.4,0,31.7,68.3,43125,63581
"8021",6113010602,"06","113","010602",5615,38.551222,-121.735893,"Census Tract 106.02, Yolo County, California",473600,2606,246,3.8,2.3,2.23,1.3,8.5,4.5,19.4,24.3,20.1,16.1,2,3.7,0,31.8,42.1,22.1,3.9,0,17.8,82.2,28611,47425
"8022",6113010605,"06","113","010605",3559,38.558455,-121.704642,"Census Tract 106.05, Yolo County, California",620000,1202,64,6.1,3.27,2.73,1.7,26.5,64.8,0.7,1.1,1.2,2.7,1.4,0,0,5.7,11.9,37.7,38.6,6.2,67.5,32.5,109569,133347
"8023",6113010606,"06","113","010606",7902,38.556121,-121.722828,"Census Tract 106.06, Yolo County, California",441900,2831,103,5.6,2.43,3.04,4,5.3,20.1,3.3,31.9,28,6.7,0,0.8,0,5,19.3,56,17.9,1.8,57.4,42.6,61646,77456
"8024",6113010607,"06","113","010607",4095,38.545415,-121.703351,"Census Tract 106.07, Yolo County, California",620900,1650,70,5.8,2.66,2.61,7.3,3.7,20.5,20.7,32.9,9.9,4.8,0,0,2.4,7.7,21.8,38.4,22,7.6,62.4,37.6,91607,115983
"8025",6113010608,"06","113","010608",5882,38.539939,-121.722062,"Census Tract 106.08, Yolo County, California",531800,2045,136,5.2,2.88,3.23,2.5,7.7,45.5,15.6,19.2,5.1,2.6,0,1.7,4.4,10.2,24.1,35.3,23.3,2.7,34.9,65.1,52141,80725
"8026",6113010701,"06","113","010701",4625,38.550792,-121.745001,"Census Tract 107.01, Yolo County, California",636500,2076,137,4.2,2.25,2.22,1.2,2.2,3.5,8.1,15.5,19.9,23.8,9.4,16.4,2.7,31.2,26.9,23.1,10.5,5.5,28.5,71.5,39598,62384
"8027",6113010703,"06","113","010703",5854,38.552494,-121.763522,"Census Tract 107.03, Yolo County, California",587900,1878,167,4.9,2.61,2.8,0.6,5.3,3.9,17.6,15.4,38.9,11.3,5.3,1.7,3.6,17.3,33.6,21.2,22.2,2.2,35.4,64.6,41854,66615
"8028",6113010704,"06","113","010704",2267,38.554505,-121.755529,"Census Tract 107.04, Yolo County, California",630900,914,50,5.9,2.65,2.61,0,0,1.1,3.4,27.5,28.2,35.8,3.5,0.5,3.3,8.3,24.2,28,26,10.2,52.5,47.5,73542,88356
"8029",6113010800,"06","113","010800",3881,38.684174,-121.768303,"Census Tract 108, Yolo County, California",291300,1457,87,4.9,2.53,3.03,4.3,1.9,12.8,2.3,8,4.4,21.5,9.5,35.2,0.8,16.1,34,33,15.5,0.5,52.8,47.2,46422,58171
"8030",6113010901,"06","113","010901",5311,38.688776,-121.788233,"Census Tract 109.01, Yolo County, California",290100,1907,26,5.1,3.33,3.05,0.6,0.4,10.1,29,19.3,14.3,16.9,5.7,3.7,1.5,11.9,26.5,46.1,12.6,1.4,50,50,49383,59317
"8031",6113010902,"06","113","010902",6189,38.681411,-121.788884,"Census Tract 109.02, Yolo County, California",263000,2581,213,4.4,2.89,2.12,1.5,0.6,4.8,25.6,14.9,23.3,12.7,4.5,12.1,4.3,34.9,20.5,34.3,6.1,0,35.9,64.1,41391,58636
"8032",6113011001,"06","113","011001",6464,38.673466,-121.789687,"Census Tract 110.01, Yolo County, California",343600,2612,171,4.4,2.33,2.23,2,2.7,7.5,23.4,22.3,16.1,7.7,3.5,14.8,4.3,28.4,30.9,24.9,10,1.5,40.1,59.9,42712,59708
"8033",6113011002,"06","113","011002",3093,38.66613,-121.788556,"Census Tract 110.02, Yolo County, California",363800,1439,64,6,2.25,2.29,2.2,2.6,3.5,10.8,17,19.5,27.1,11.5,5.8,5.6,1.9,17.4,58.3,14.3,2.5,74.3,25.7,73229,80700
"8034",6113011101,"06","113","011101",3070,38.669843,-121.770205,"Census Tract 111.01, Yolo County, California",320400,1213,150,5.3,2.77,2.94,5.1,3.1,0,1.2,12.5,3.4,16.1,18,40.7,1,13.6,38.4,33.8,10.6,2.6,61.9,38.1,65083,72810
"8035",6113011102,"06","113","011102",4884,38.669574,-121.759981,"Census Tract 111.02, Yolo County, California",205300,1635,75,4.8,2.94,3.7,1.9,5,8,31.1,30.9,8.9,10.6,1.3,2.2,1.5,7.9,44,39,6.4,1.2,42.6,57.4,41186,49861
"8036",6113011103,"06","113","011103",3118,38.66898,-121.752217,"Census Tract 111.03, Yolo County, California",314700,1144,20,5.3,3.32,2.6,0,4.5,21.5,48.4,16,7.1,2.4,0,0,2.9,1.7,28.1,51.7,13,2.6,59.5,40.5,62266,70519
"8037",6113011203,"06","113","011203",2561,38.659082,-121.794319,"Census Tract 112.03, Yolo County, California",361700,1074,80,6.4,2.66,2.69,0,2.5,2.8,17.4,66.6,9,1.7,0,0,1.4,0,9.2,51.5,27,10.9,88.8,11.2,81622,130437
"8038",6113011204,"06","113","011204",4672,38.659333,-121.770393,"Census Tract 112.04, Yolo County, California",287400,1759,28,5.8,2.51,3.64,0,2.8,6.9,17.6,39.9,29.4,2.5,0,1,0,1.1,7,62,26.9,3,78.2,21.8,71302,84319
"8039",6113011205,"06","113","011205",8123,38.669083,-121.7381,"Census Tract 112.05, Yolo County, California",333100,2645,218,5.8,3.5,2.75,7.6,38.6,41.2,1.7,4.8,1,2,0.9,2.2,0,9.9,14.8,35.2,32.9,7.2,66.8,33.2,78966,85361
"8040",6113011206,"06","113","011206",7329,38.664062,-121.788418,"Census Tract 112.06, Yolo County, California",401700,2287,250,6.3,2.85,2.55,49.7,13,3.8,6,5.5,4.2,5.5,3,9.3,0,2.8,16.1,45,27.5,8.5,82.6,17.4,86594,114072
"8041",6113011300,"06","113","011300",8106,38.5288,-121.971554,"Census Tract 113, Yolo County, California",313300,2634,28,5.6,3.28,2.92,3.5,13.1,15.1,17.1,8.9,15.6,14.9,3.5,8.2,0.4,4.9,20.7,47.6,22.5,3.9,60.2,39.8,58603,79513
"8042",6113011400,"06","113","011400",4193,38.816609,-121.857167,"Census Tract 114, Yolo County, California",304000,1515,143,5.1,2.72,2.86,3,5.3,9.6,17.4,14.9,9.3,11.1,4.3,25.1,2.6,7.8,33.3,44.8,11.2,0.3,61.2,38.8,49261,76342
"8043",6113011500,"06","113","011500",5325,38.712763,-122.043944,"Census Tract 115, Yolo County, California",293800,1959,221,5.4,2.92,2.76,3.7,16.1,7.5,14.3,11.1,13.1,6.2,7.9,20.1,0,5.3,30.9,44.2,13.3,6.3,66.4,33.6,65543,83447
"8044",6115040100,"06","115","040100",4615,39.147159,-121.592195,"Census Tract 401, Yuba County, California",163300,1952,238,4.4,2.64,2.49,1.4,0.6,2.3,9.4,8.4,11.4,17.8,8.8,39.9,1.8,21.2,45.7,24.7,6.4,0.3,24,76,31290,38990
"8045",6115040200,"06","115","040200",7767,39.158203,-121.574138,"Census Tract 402, Yuba County, California",177500,3245,246,5.2,2.34,2.76,0,1.4,4.4,10.4,24.8,19.8,29,9,1.3,1,8.6,27.1,52.1,11.2,0,57.1,42.9,41863,56278
"8046",6115040301,"06","115","040301",3366,39.132159,-121.542238,"Census Tract 403.01, Yuba County, California",126700,1295,61,4.8,2.57,3.3,4.5,14.3,16.4,7.6,21.6,12.9,13.2,6.6,3,0,15.6,34.4,39.1,10.9,0,31,69,21823,32056
"8047",6115040302,"06","115","040302",2143,39.126714,-121.564386,"Census Tract 403.02, Yuba County, California",131900,704,34,4.1,3.47,4.08,0,12.8,2.6,32.7,18.6,20,13.4,0,0,0,12.6,50.4,34.2,2.7,0,37.9,62.1,35625,44021
"8048",6115040303,"06","115","040303",6555,39.1201,-121.549376,"Census Tract 403.03, Yuba County, California",184800,2374,348,5.7,3.34,3.15,34.5,17.2,4.7,3.3,21.7,6.7,7,1,3.8,0,6.4,19.5,36.4,34.6,3,63.5,36.5,60373,60725
"8049",6115040400,"06","115","040400",5538,39.112593,-121.576761,"Census Tract 404, Yuba County, California",159400,1862,287,4.9,2.94,3.03,6.8,3.1,8.2,14.9,15.4,16.4,17.7,12.7,4.9,1.3,8.2,35.4,47.9,6.5,0.6,47.4,52.6,35068,39627
"8050",6115040500,"06","115","040500",4111,39.100202,-121.553956,"Census Tract 405, Yuba County, California",109100,1221,84,4.7,3.04,3.55,1.2,0.7,8.4,22.1,24.1,16.3,7,11.5,8.7,2,11.6,41.9,35.7,6.1,2.6,49.5,50.5,36141,39780
"8051",6115040600,"06","115","040600",6130,39.083494,-121.545908,"Census Tract 406, Yuba County, California",157900,2050,92,5.2,3.5,3.38,7.5,3.7,4.9,9.2,21.6,21.7,19.5,6.3,5.8,0,6.9,29.2,49.9,8.1,5.9,58.9,41.1,35650,44345
"8052",6115040700,"06","115","040700",10879,39.032094,-121.554162,"Census Tract 407, Yuba County, California",212800,3632,486,6.4,3.09,4.17,48.8,25.7,12.2,2.7,4.6,2.5,2.5,0.3,0.7,0,0,8.4,42.2,34.8,14.6,80.1,19.9,74100,87136
"8053",6115040800,"06","115","040800",4233,39.016818,-121.427571,"Census Tract 408, Yuba County, California",208900,1581,84,5.2,3.01,2.91,0.3,29,12.4,11.4,17.8,6.9,7.3,7.9,7,1.5,4.7,19.8,57.9,14.5,1.6,58.6,41.4,62748,62632
"8054",6115040901,"06","115","040901",2783,39.134048,-121.423488,"Census Tract 409.01, Yuba County, California",253400,1055,147,5.4,2.6,3.78,3.8,14.5,19.9,28.2,11.3,6.9,4.1,6.4,5,4.2,1.5,23.2,56.3,14.8,0,77.9,22.1,61786,74002
"8055",6115040902,"06","115","040902",1737,39.103993,-121.351583,"Census Tract 409.02, Yuba County, California",137500,1189,614,5.3,3,2.99,4.2,4.6,10.7,3.5,9.3,49.6,18,0,0,1.9,6.1,18.3,48.8,24.9,0,0.3,99.7,36836,46345
"8056",6115041000,"06","115","041000",7357,39.272593,-121.428069,"Census Tract 410, Yuba County, California",360800,2898,371,5.5,2.53,2.65,2.6,17.4,22,18,20.7,9,6.3,0.8,3.1,0.4,2.7,36.4,47.4,12,1,83.3,16.7,72526,85171
"8057",6115041100,"06","115","041100",4941,39.420752,-121.227764,"Census Tract 411, Yuba County, California",216800,2504,585,4.9,2.42,2.54,6.7,5,15.4,24,24.8,9.5,4.4,2.7,7.5,4.6,12.1,32.6,42.5,6.3,1.9,75.3,24.7,50139,58160
"8058",42001030101,"42","001","030101",2580,40.015805,-77.081172,"Census Tract 301.01, Adams County, Pennsylvania",207200,1016,94,6.6,2.84,2.53,2.5,10.1,19.5,22.5,16.3,5.9,7.8,1,14.4,0,1,9.3,68.3,16.1,5.3,90,10,68036,77132
"8059",42001030102,"42","001","030102",5780,39.953082,-77.036212,"Census Tract 301.02, Adams County, Pennsylvania",198900,2472,249,6.3,2.57,2.64,5.8,7.2,15.3,31.8,14.1,4.7,5.3,3.9,12,0,2,17,63.8,14.6,2.5,86.5,13.5,61646,83407
"8060",42001030200,"42","001","030200",5500,39.983047,-77.147087,"Census Tract 302, Adams County, Pennsylvania",177000,2148,52,6,2.6,2.85,4.2,7.7,18.3,16.4,11.5,5.5,8.1,4.7,23.5,1,3.2,19.6,53.1,18.1,5,75.5,24.5,52639,60701
"8061",42001030300,"42","001","030300",4156,39.978773,-77.282463,"Census Tract 303, Adams County, Pennsylvania",182000,1634,134,5.8,2.72,2.73,6.7,6.7,10.5,9.7,25.4,8.4,6.2,3.5,22.8,0,7.4,26.4,50.1,13.3,2.8,78.7,21.3,55481,63530
"8062",42001030400,"42","001","030400",5829,39.894504,-77.357017,"Census Tract 304, Adams County, Pennsylvania",200000,2396,135,6.2,2.57,2.25,5.3,5.3,12.5,11.1,14.9,12.5,12.3,5.3,20.9,2,7.8,23.7,45,15.8,5.7,77.7,22.3,59076,66992
"8063",42001030500,"42","001","030500",3767,39.924092,-77.241346,"Census Tract 305, Adams County, Pennsylvania",181800,1592,74,6.2,2.46,2.06,1.4,4,10.6,9.6,14,14.4,8.4,7.8,29.9,2,5.3,23.6,49.6,15.5,4.1,77.7,22.3,51827,70072
"8064",42001030600,"42","001","030600",4928,39.862523,-77.176066,"Census Tract 306, Adams County, Pennsylvania",215700,1764,24,6.3,2.57,2.72,1.1,9,11.6,18.9,16.5,9.9,9.9,5.9,17.2,0.9,7.8,18.1,48.9,16.6,7.7,72.1,27.9,59550,65473
"8065",42001030700,"42","001","030700",6493,39.821182,-77.119397,"Census Tract 307, Adams County, Pennsylvania",179100,2857,249,5.8,2.48,3.19,8.2,10.3,19.7,25.3,13.9,4.2,5.4,3,10,0.2,0.8,15.8,63.1,17.3,2.8,83.9,16.1,50731,59753
"8066",42001030800,"42","001","030800",7451,39.892912,-76.997704,"Census Tract 308, Adams County, Pennsylvania",184400,2889,155,6.1,2.64,2.28,7.6,14.1,18.4,10.3,11,7.2,8.2,4.3,19,0.8,5.1,19.1,54.8,15.5,4.6,83.4,16.6,57000,65426
"8067",42001030900,"42","001","030900",7300,39.859936,-77.050693,"Census Tract 309, Adams County, Pennsylvania",182400,3000,86,5.4,2.69,1.98,6.5,11.8,21.2,18,13.5,5.1,5.3,2.7,15.8,1,18,19.9,43.4,15,2.7,62.1,37.9,49927,58963
"8068",42001031000,"42","001","031000",1781,39.816071,-77.027236,"Census Tract 310, Adams County, Pennsylvania",188600,604,0,6.1,2.9,2.37,23.2,2.2,16.9,14.1,9.6,8.6,14.6,5.5,5.5,0,0,13.7,74,9.1,3.1,94.2,5.8,59474,66273
"8069",42001031101,"42","001","031101",5163,39.803641,-77.013805,"Census Tract 311.01, Adams County, Pennsylvania",156800,2261,46,5.3,2.46,2.01,7,1.5,5.3,17,8.8,4.5,17.8,8.4,29.5,0,9.1,35.6,42.1,11.6,1.5,66,34,43201,51086
"8070",42001031102,"42","001","031102",3179,39.794506,-77.033649,"Census Tract 311.02, Adams County, Pennsylvania",259600,1222,37,6.6,2.73,1.89,9.5,31.3,25,8,3,2.9,7.9,6.8,5.5,0.7,0,12.1,52.7,27.3,7.2,91.6,8.4,70903,72287
"8071",42001031201,"42","001","031201",3670,39.775047,-77.183579,"Census Tract 312.01, Adams County, Pennsylvania",270500,1565,81,6.8,2.44,2.35,9.7,8,16,15.7,16.5,9,3.1,0.4,21.5,0,1.9,13.7,54.7,24,5.8,83.4,16.6,68235,82885
"8072",42001031202,"42","001","031202",2700,39.737394,-77.103434,"Census Tract 312.02, Adams County, Pennsylvania",259100,988,6,6.7,2.86,1.54,8.2,13.3,14.2,15.9,11.8,5.6,10.7,2.3,18,0,0.6,12.8,57.5,22.6,6.6,88.7,11.3,73542,81469
"8073",42001031203,"42","001","031203",3148,39.750129,-77.048888,"Census Tract 312.03, Adams County, Pennsylvania",251700,1179,40,6.7,2.77,2.74,3.2,6.5,27.4,12.2,22.1,8.7,4,0.6,15.4,0,0.5,11.5,59.5,27.2,1.3,87.3,12.7,70541,81682
"8074",42001031300,"42","001","031300",4434,39.744097,-77.089334,"Census Tract 313, Adams County, Pennsylvania",182100,1784,12,6.1,2.63,2.15,1.7,14.4,15.3,9,4.1,9.4,9,6.8,30.3,1.3,8.4,17.2,48.4,24,0.7,72.1,27.9,54375,61197
"8075",42001031401,"42","001","031401",3975,39.848733,-77.254971,"Census Tract 314.01, Adams County, Pennsylvania",239100,1702,50,6.5,2.23,2.47,9.2,6.2,10.8,18.4,16.8,11,11.1,5.4,11,1.9,5.3,25.9,41.1,21.8,3.9,78.8,21.2,56276,70856
"8076",42001031402,"42","001","031402",2187,39.786102,-77.250286,"Census Tract 314.02, Adams County, Pennsylvania",217400,1023,127,6.5,2.31,2.36,4.9,7.4,13.1,11.6,20.9,13.3,7,3.7,18,0,3.3,23.9,44.6,19,9.2,76.5,23.5,57500,84491
"8077",42001031501,"42","001","031501",3315,39.835514,-77.232454,"Census Tract 315.01, Adams County, Pennsylvania",194600,518,46,5.9,2.27,2.31,1.4,0,3.3,1.7,3.3,6.6,27.6,14.3,41.9,0,21.2,12,45,19.1,2.7,38.3,61.7,53750,60820
"8078",42001031502,"42","001","031502",4305,39.828592,-77.233527,"Census Tract 315.02, Adams County, Pennsylvania",192700,2035,137,5.2,2.15,1.89,2.8,2.4,4,7.9,10.2,2.5,18,4.3,47.9,1.9,28.9,21.9,33.5,11.2,2.6,38,62,38750,53832
"8079",42001031600,"42","001","031600",6887,39.761036,-77.360152,"Census Tract 316, Adams County, Pennsylvania",244100,2719,247,6.5,2.82,2.47,5.1,12,25.7,16.8,13.7,9.9,5.2,2.9,8.8,0,1.2,13.6,59.5,21,4.7,91.3,8.7,73483,91766
"8080",42001031700,"42","001","031700",2879,39.790947,-77.400198,"Census Tract 317, Adams County, Pennsylvania",195300,1268,124,6.1,2.42,2.43,6,9,13.6,8.4,11.6,7,13,5.4,26,0.6,3.2,25.4,52.3,15.5,3.1,83,17,53354,59343
"8081",42003010300,"42","003","010300",6600,40.435636,-79.990745,"Census Tract 103, Allegheny County, Pennsylvania",34100,406,83,4.2,2.1,1.57,1.7,2.7,9.9,17.5,1.7,11.1,13.8,11.8,29.8,2.7,27.3,39.7,5.7,10.8,13.8,52,48,14719,44608
"8082",42003020100,"42","003","020100",3629,40.440623,-79.998398,"Census Tract 201, Allegheny County, Pennsylvania",155900,2175,366,3.3,1.28,1.24,6.7,2.2,3,2.7,10.1,26.1,8.7,5.2,35.4,15.7,46.8,29.8,4.6,3,0,23.8,76.2,48102,79928
"8083",42003020300,"42","003","020300",616,40.456547,-79.978868,"Census Tract 203, Allegheny County, Pennsylvania",280900,383,61,3,1.49,1.68,5,6.5,0,3.4,9.4,5,4.4,4.2,62.1,10.4,65.8,8.4,8.6,6.8,0,20.2,79.8,63864,106317
"8084",42003030500,"42","003","030500",2256,40.44295,-79.984046,"Census Tract 305, Allegheny County, Pennsylvania",99900,1491,223,4.4,1.3,1.8,7.6,6,23.5,9,17.4,5.2,1.5,1.5,28.2,3.2,29,33.4,26.4,7.2,0.7,24.5,75.5,13468,21438
"8085",42003040200,"42","003","040200",2604,40.440548,-79.964469,"Census Tract 402, Allegheny County, Pennsylvania",67300,783,150,5.4,2.73,2.22,6.9,16.9,11.6,0,6.5,6,7.9,6.4,37.8,0,20.1,34.5,26.6,17.1,1.8,33.2,66.8,21646,27236
"8086",42003040400,"42","003","040400",2488,40.44764,-79.94994,"Census Tract 404, Allegheny County, Pennsylvania",116100,1497,264,3.8,1.41,1.79,2.6,0,0.6,4.9,7.7,6.1,32.3,9.4,36.5,16.1,33.5,45.8,4.6,0,0,48.7,51.3,23750,47107
"8087",42003040500,"42","003","040500",3694,40.439,-79.956104,"Census Tract 405, Allegheny County, Pennsylvania",100800,1273,268,4.3,1.65,2.44,1.3,0,1.3,3.5,15.9,11.7,10.7,6.6,48.9,9,17.3,33.8,21.1,12.5,6.4,7.9,92.1,13456,24090
"8088",42003040600,"42","003","040600",2392,40.436736,-79.953256,"Census Tract 406, Allegheny County, Pennsylvania",116600,1184,245,4.2,1.85,2.62,0.9,0,9.5,13,10.2,14,8.4,4.6,39.3,7.9,24.7,25.8,22.5,9.6,9.5,15.9,84.1,19336,27532
"8089",42003040900,"42","003","040900",2969,40.43286,-79.957051,"Census Tract 409, Allegheny County, Pennsylvania",99400,1456,389,5.5,2.36,2.59,1.5,0.7,1.5,10.4,8.7,5,10,2.7,59.4,1.1,23.1,24.7,28.6,15,7.4,37.9,62.1,25072,37586
"8090",42003050100,"42","003","050100",1707,40.447611,-79.973305,"Census Tract 501, Allegheny County, Pennsylvania",72400,1313,318,5.1,1.72,1.6,12.5,7.9,1.4,9.3,5.1,2.5,1.2,8.3,51.7,1.9,18.1,33.8,35.3,9.8,1.1,47.2,52.8,23833,28370
"8091",42003050600,"42","003","050600",2057,40.453071,-79.959808,"Census Tract 506, Allegheny County, Pennsylvania",60900,1169,254,6,1.99,2.23,0,2.1,1.1,5.6,2.5,0,8.9,8.6,71.3,0,5.6,28.1,45.6,13.5,7.3,69.9,30.1,35481,49695
"8092",42003050900,"42","003","050900",1202,40.450887,-79.973709,"Census Tract 509, Allegheny County, Pennsylvania",22300,742,128,3.6,1.34,1.55,14.3,0,10.5,7.8,3.8,4.6,14.7,3.5,40.8,4.3,45,36.1,11.9,2.7,0,4.7,95.3,10432,17335
"8093",42003051000,"42","003","051000",2106,40.444197,-79.966721,"Census Tract 510, Allegheny County, Pennsylvania",403600,718,126,3.8,2.81,1.63,3.3,48.7,13.8,1.3,12.4,2.5,0,4.6,13.4,10.7,40.3,27.6,21.4,0,0,4.6,95.4,11969,18864
"8094",42003051100,"42","003","051100",1122,40.44169,-79.976398,"Census Tract 511, Allegheny County, Pennsylvania",NA,772,236,3.9,8.2,1.81,0.6,4.4,10,4.3,15.3,7.3,22.7,11.5,24,3.4,28.8,53.9,8.7,0,5.3,0.9,99.1,9604,13584
"8095",42003060300,"42","003","060300",2341,40.464204,-79.962684,"Census Tract 603, Allegheny County, Pennsylvania",83200,1365,221,4.9,2.04,2.09,0,2.1,2.6,2.8,17.7,3.5,4.1,8.1,59.1,0.8,31.1,30.4,31.2,2.7,3.8,35.7,64.3,26056,34417
"8096",42003060500,"42","003","060500",1274,40.457773,-79.964682,"Census Tract 605, Allegheny County, Pennsylvania",90900,884,233,4.5,2.25,1.64,0,2.1,2.1,9.7,2.4,1.1,7.6,6.6,68.3,0,26,49.5,20.6,1.6,2.3,54.1,45.9,36750,48872
"8097",42003070300,"42","003","070300",2197,40.450995,-79.934131,"Census Tract 703, Allegheny County, Pennsylvania",299300,1325,134,4.3,1.86,1.62,0.7,2.3,5.8,12.6,8.7,14.3,3,1.1,51.5,8.9,29,33.1,17.6,7.7,3.8,35,65,54081,100763
"8098",42003070500,"42","003","070500",2997,40.455476,-79.92903,"Census Tract 705, Allegheny County, Pennsylvania",274400,1961,215,3.7,1.96,1.61,0,0.5,4.8,8.5,5.6,10.8,14.8,5.4,49.6,8.6,41.7,25.3,13,5.2,6.3,22.9,77.1,49519,67423
"8099",42003070600,"42","003","070600",2082,40.453197,-79.925652,"Census Tract 706, Allegheny County, Pennsylvania",192300,1376,70,4.2,1.75,1.41,0,3.7,2.1,7.5,13.5,13.9,11.8,6.8,40.6,8.9,31.6,41.4,10,3.7,4.4,35.9,64.1,44383,80600
"8100",42003070800,"42","003","070800",1705,40.45623,-79.921077,"Census Tract 708, Allegheny County, Pennsylvania",246800,1084,0,4.4,1.55,1.77,1.2,1.8,9.8,8.7,7.6,16.7,12.5,9.3,32.6,10.8,23.3,44,13.6,3.5,4.8,23.3,76.7,53750,93868
"8101",42003070900,"42","003","070900",4934,40.452522,-79.94194,"Census Tract 709, Allegheny County, Pennsylvania",367600,3058,398,3.4,2.06,1.48,1.7,5.3,4.6,13.3,14.4,9.5,6.7,8.3,36.2,15.2,39,28.3,6.6,7.1,3.9,28.6,71.4,41337,85687
"8102",42003080200,"42","003","080200",1679,40.460394,-79.950909,"Census Tract 802, Allegheny County, Pennsylvania",68300,1012,131,5,2.44,1.7,0,0,0,0,3.6,0.5,14.1,4.8,77,3.4,22.7,38.6,19.3,15.5,0.5,42.5,57.5,37199,43007
"8103",42003080400,"42","003","080400",1369,40.456709,-79.94667,"Census Tract 804, Allegheny County, Pennsylvania",115200,849,53,4.5,1.73,1.98,0.9,0.6,1.6,2.4,7.5,4.1,3.8,5.2,73.9,8.1,33,23.2,26,4.4,5.3,29.3,70.7,37500,41695
"8104",42003080600,"42","003","080600",1998,40.460544,-79.939648,"Census Tract 806, Allegheny County, Pennsylvania",185100,1329,117,5,1.98,1.56,0,1.5,0,0,1.4,3.6,4.8,12,76.7,5.2,33.4,23.3,19.4,9.1,9.6,37.8,62.2,39054,55435
"8105",42003080700,"42","003","080700",1785,40.460803,-79.934182,"Census Tract 807, Allegheny County, Pennsylvania",168100,1189,206,2.9,2.25,1.41,0,0.8,0,1.1,6.8,3.7,10.8,10.9,65.9,12.4,64.4,11.5,6.5,1.9,3.3,13.1,86.9,24738,33850
"8106",42003080900,"42","003","080900",1767,40.46328,-79.944637,"Census Tract 809, Allegheny County, Pennsylvania",106800,1132,128,4.7,2.11,1.58,0,0,0,6.4,4.2,16.7,13.9,5.6,53.4,3.3,31.4,40.1,18.2,5.1,1.9,35.1,64.9,39796,48408
"8107",42003090100,"42","003","090100",1843,40.47342,-79.960656,"Census Tract 901, Allegheny County, Pennsylvania",72900,1066,171,5.5,1.88,1.99,0,0,0.8,1.9,3.9,0,6.9,11.4,75,0.9,21.5,35.6,27.3,14.6,0,43.9,56.1,32279,47998
"8108",42003090200,"42","003","090200",2635,40.468636,-79.957438,"Census Tract 902, Allegheny County, Pennsylvania",75100,1561,286,5.2,2.56,1.34,0,0,0.6,3.1,4.5,0.3,12.1,3.2,76.1,7,19.2,36.5,21.4,13.6,2.3,53.9,46.1,41386,49537
"8109",42003090300,"42","003","090300",1629,40.464414,-79.952401,"Census Tract 903, Allegheny County, Pennsylvania",71700,1026,67,5,2.16,1.81,0,0,0,0.5,1.9,4,8.2,12.5,73,0.7,20.9,47,21.1,8.3,2.1,35.8,64.2,23153,33059
"8110",42003100500,"42","003","100500",2079,40.477852,-79.937756,"Census Tract 1005, Allegheny County, Pennsylvania",94300,993,37,6,2.22,2.31,0,8.6,2,1.2,6.7,14.3,42.6,15.1,9.5,0,10.7,15.1,58.5,15.7,0,77.2,22.8,43415,53100
"8111",42003101100,"42","003","101100",2669,40.480284,-79.951322,"Census Tract 1011, Allegheny County, Pennsylvania",49600,1528,402,5.2,1.95,2.77,0,1.4,0,2.1,2,0.7,0.7,1.2,92,0,13.7,47,33.3,6,0,66.3,33.7,31419,37153
"8112",42003101400,"42","003","101400",3346,40.481616,-79.927876,"Census Tract 1014, Allegheny County, Pennsylvania",100100,1687,149,6,2.58,1.8,0,0,0.1,5.9,3.9,2.5,5.9,16.5,65.3,3.8,11.9,18.9,53,6.6,5.9,64.7,35.3,44953,58617
"8113",42003101600,"42","003","101600",857,40.470744,-79.938712,"Census Tract 1016, Allegheny County, Pennsylvania",88800,457,74,6,2.04,3.61,21.7,0,1.1,10.1,0.9,3.3,11.4,6.8,44.9,0,0.9,14.4,59.7,15.3,9.6,41.3,58.7,22926,30468
"8114",42003101700,"42","003","101700",1465,40.466417,-79.941352,"Census Tract 1017, Allegheny County, Pennsylvania",56800,900,254,5.4,2.62,1.93,0,1,7.1,6.3,8.1,3.1,8.7,6.2,59.4,9.4,14.6,29.4,32.8,10.2,3.6,52.2,47.8,26324,37623
"8115",42003101800,"42","003","101800",2522,40.483658,-79.937326,"Census Tract 1018, Allegheny County, Pennsylvania",102500,1283,108,5.9,2.3,2.58,0.5,0,0.4,0.5,0,9.5,36.5,18.2,34.5,0,1.8,39.2,48.9,8.7,1.3,81.8,18.2,55474,64789
"8116",42003110200,"42","003","110200",3971,40.475152,-79.923118,"Census Tract 1102, Allegheny County, Pennsylvania",158800,2284,361,4.9,2.48,1.5,0,0.3,0.6,0.5,3.6,13.5,8.4,11.6,61.5,6.1,29.1,25.3,15.1,13.2,11.3,39.2,60.8,47663,64325
"8117",42003110600,"42","003","110600",2406,40.472014,-79.915789,"Census Tract 1106, Allegheny County, Pennsylvania",208000,1127,72,7,2.35,2.01,0,0,0.9,0,0,9.1,12.2,11.6,66.3,0,5.4,16.4,41.7,19.6,16.9,80.4,19.6,80050,87163
"8118",42003111300,"42","003","111300",2639,40.469094,-79.924714,"Census Tract 1113, Allegheny County, Pennsylvania",77000,1637,474,4.4,2.24,2.18,1,0,2.6,6.5,3.6,4.2,2.6,10,69.5,2.1,39.1,18.4,18.8,6.8,14.8,22,78,30363,34892
"8119",42003111400,"42","003","111400",1353,40.46703,-79.932078,"Census Tract 1114, Allegheny County, Pennsylvania",82300,830,177,4.9,2.38,2.34,7.1,9.5,1,1,3.1,2.8,5.3,20.4,49.9,7.6,24.2,20.5,32.3,7.7,7.7,31.9,68.1,17083,22686
"8120",42003111500,"42","003","111500",3230,40.462438,-79.926449,"Census Tract 1115, Allegheny County, Pennsylvania",47700,2148,295,3.5,2.31,1.61,5.3,8.8,6.1,7.6,27.2,5.4,12.8,6.7,20,4.7,46.4,31.2,14.9,0.6,2.2,14.3,85.7,20954,32092
"8121",42003120300,"42","003","120300",1650,40.468013,-79.902302,"Census Tract 1203, Allegheny County, Pennsylvania",44400,996,186,5.7,2.39,2.24,0,0,2.5,0,8.5,4.2,21.6,10.7,52.4,0,11.9,34.7,35.7,15.8,1.8,46.4,53.6,31731,46404
"8122",42003120400,"42","003","120400",869,40.464011,-79.910367,"Census Tract 1204, Allegheny County, Pennsylvania",31000,637,251,5.9,1.98,2.24,0,3.6,6.1,0,3.6,3.3,28.4,2,52.9,0,6.4,26.7,38.3,17.3,11.3,54.4,45.6,16136,25610
"8123",42003120700,"42","003","120700",818,40.459425,-79.903155,"Census Tract 1207, Allegheny County, Pennsylvania",33000,654,205,4.7,3.15,1.98,11.8,5.5,0,0,6.4,7.8,1.8,7.2,59.5,0,29.5,32.1,19.4,2.8,16.2,34.1,65.9,22083,28022
"8124",42003120800,"42","003","120800",859,40.462269,-79.912279,"Census Tract 1208, Allegheny County, Pennsylvania",37000,517,219,5.3,2.06,2.81,10.8,13.2,0,0.6,4.3,7.4,1.9,0.8,61.1,2.5,28,22.2,33.1,11,3.1,53,47,30391,38212
"8125",42003130100,"42","003","130100",1910,40.459848,-79.891075,"Census Tract 1301, Allegheny County, Pennsylvania",36700,1272,403,6,1.85,2.56,0,0,0,3.2,13.1,4.3,7.9,10.8,60.7,1.3,6.5,31.5,28.6,18.4,13.7,46.6,53.4,20417,26781
"8126",42003130200,"42","003","130200",1370,40.458918,-79.89351,"Census Tract 1302, Allegheny County, Pennsylvania",43300,704,224,7.6,2.28,2.73,0,0,3,0,0,0,9.1,13.4,74.6,0,2,15.1,20.6,27.3,35.1,72.7,27.3,34079,41459
"8127",42003130300,"42","003","130300",1153,40.455168,-79.89654,"Census Tract 1303, Allegheny County, Pennsylvania",33000,847,308,5.3,2.09,1.39,4.7,1.3,6.1,8.1,8.3,2.4,12.2,9.9,47,0,33.1,16.4,42.7,7.8,0,42.7,57.3,14805,28998
"8128",42003130400,"42","003","130400",1191,40.451882,-79.888179,"Census Tract 1304, Allegheny County, Pennsylvania",38600,722,208,6.5,2.15,2.52,0,0,2.8,3.6,6.2,0,6.2,8.4,72.7,1.4,8.6,28.7,27.7,27.1,6.5,51.2,48.8,27925,29996
"8129",42003130600,"42","003","130600",3169,40.454192,-79.874376,"Census Tract 1306, Allegheny County, Pennsylvania",47900,1549,212,5.3,2.3,2.16,3.6,6.4,6.6,1.4,9.6,19.5,23.6,6.1,23.2,0,14.5,39.8,41.7,2.9,1,43,57,17097,30015
"8130",42003140100,"42","003","140100",5476,40.443675,-79.938327,"Census Tract 1401, Allegheny County, Pennsylvania",390300,1087,96,7.5,2.59,2.6,0,2,0.9,10,6.3,6,14.1,9.1,51.6,0.7,5.1,19.2,27,23.2,24.7,74.8,25.2,116979,170750
"8131",42003140200,"42","003","140200",2447,40.447957,-79.927745,"Census Tract 1402, Allegheny County, Pennsylvania",417600,1192,31,4.5,2.64,1.8,0,0,3.4,9,13.1,7.9,10.3,18,38.3,0,30.9,27.5,18.1,6.6,16.9,40.4,59.6,54509,116259
"8132",42003140300,"42","003","140300",3440,40.441616,-79.919512,"Census Tract 1403, Allegheny County, Pennsylvania",348500,1577,145,6.9,2.69,2.19,0,1.7,0,1.7,1.6,5.4,9.9,8.1,71.6,0.7,12.4,14.8,32,13,27.1,57.9,42.1,87019,141015
"8133",42003140400,"42","003","140400",2306,40.448842,-79.915404,"Census Tract 1404, Allegheny County, Pennsylvania",302300,1025,50,7.6,2.48,1.62,0,1.1,0.9,1.4,3.9,5.3,16.2,10.4,60.9,0,12.9,8.3,33.3,27.3,18.2,82.8,17.2,126458,150900
"8134",42003140500,"42","003","140500",2054,40.452107,-79.904491,"Census Tract 1405, Allegheny County, Pennsylvania",155000,1187,184,5.6,2.23,1.52,0,0,2.6,5.1,1.4,3.5,19.2,5.8,62.3,1.9,22.1,32.2,13.1,14.9,15.8,44.6,55.4,38899,55967
"8135",42003140600,"42","003","140600",3002,40.445367,-79.900873,"Census Tract 1406, Allegheny County, Pennsylvania",231300,1484,157,6.9,2.55,1.87,0,1.5,0.4,1.9,0.9,2.8,15.2,6.4,70.8,0,16.2,14.7,32.3,19,17.8,67.6,32.4,72232,92479
"8136",42003140800,"42","003","140800",4554,40.433068,-79.917783,"Census Tract 1408, Allegheny County, Pennsylvania",305300,2163,159,6.1,2.87,1.81,1.3,0.5,0.6,4.1,5.7,6.2,7.7,16.5,57.4,2.6,20.2,16.1,29.4,11.7,19.8,50,50,63594,103693
"8137",42003141000,"42","003","141000",928,40.434131,-79.896823,"Census Tract 1410, Allegheny County, Pennsylvania",224500,497,79,6.2,2.27,1.53,0,0,0,0,2.8,0.8,3,3,90.3,0,17.7,18.1,47.3,10.9,6,79.7,20.3,80781,117571
"8138",42003141100,"42","003","141100",1361,40.421319,-79.902982,"Census Tract 1411, Allegheny County, Pennsylvania",109500,646,61,6,2.23,2.27,0,0,0.6,0,5.3,4.3,25.9,6.5,57.4,2.6,4,31.3,51.4,9.1,1.5,87.5,12.5,70272,64067
"8139",42003141300,"42","003","141300",5177,40.433155,-79.927622,"Census Tract 1413, Allegheny County, Pennsylvania",236300,2590,232,4.5,2.48,1.7,0,0,0,6.2,7,13.9,8.8,13.7,50.5,4.9,33.3,24.6,23.8,7.1,6.3,36,64,49655,70884
"8140",42003141400,"42","003","141400",5351,40.423314,-79.920142,"Census Tract 1414, Allegheny County, Pennsylvania",229800,2700,288,5.1,2.49,1.49,4.6,4.1,1.6,2.3,10.3,11,18.7,8.7,38.8,8.9,26.1,21.3,25.2,15.5,3.1,51.5,48.5,52738,92293
"8141",42003151600,"42","003","151600",2363,40.424226,-79.943593,"Census Tract 1516, Allegheny County, Pennsylvania",86400,1291,117,6.1,2.24,2.23,0,0,2.6,1.9,0.3,5,12.9,6,71.1,0,5.2,31.5,48.9,10.5,4,73.4,26.6,48243,57004
"8142",42003151700,"42","003","151700",4931,40.423557,-79.932553,"Census Tract 1517, Allegheny County, Pennsylvania",119200,2660,386,5.6,2.15,2.03,1.3,2,0.5,5.5,1.3,2.4,19.3,13.5,54.2,3.1,16.2,24.4,45.6,8.5,2.3,63.1,36.9,47722,59921
"8143",42003160800,"42","003","160800",2559,40.420735,-79.969955,"Census Tract 1608, Allegheny County, Pennsylvania",68800,1520,398,5.3,2.25,2.22,1.4,3.1,0,2,0.7,1.3,2,8.8,80.9,2.2,8.9,45.1,35.8,7.2,0.7,61.9,38.1,34826,46815
"8144",42003160900,"42","003","160900",2872,40.427258,-79.970853,"Census Tract 1609, Allegheny County, Pennsylvania",205800,1928,194,3.9,1.99,1.51,3.2,19,5.4,0.5,3.8,2.2,2.6,4.8,58.4,5.6,43.6,28.3,15,3.6,3.9,32.8,67.2,41366,60987
"8145",42003170200,"42","003","170200",3725,40.428135,-79.982802,"Census Tract 1702, Allegheny County, Pennsylvania",136900,2352,399,4.9,1.91,2.11,1.8,4.7,2,1.3,3.9,2.6,11.1,1.4,71.3,11.5,22.2,35.6,21.7,8.5,0.6,56.4,43.6,49284,61868
"8146",42003170600,"42","003","170600",1864,40.42264,-79.983686,"Census Tract 1706, Allegheny County, Pennsylvania",86300,1130,185,5.2,1.91,2.54,1.8,0,2.3,1.2,2.5,4.4,14.2,1.5,72.1,0,10.1,47.4,32,8.1,2.3,50.4,49.6,40489,80017
"8147",42003180300,"42","003","180300",2500,40.42147,-79.993126,"Census Tract 1803, Allegheny County, Pennsylvania",42800,1403,409,5.3,2.19,2.6,0,0,0.9,5.8,3.6,1.2,9.1,9.1,70.3,2,15.3,42.3,32.1,6.4,1.9,56.8,43.2,31287,36379
"8148",42003180700,"42","003","180700",2011,40.424549,-80.001092,"Census Tract 1807, Allegheny County, Pennsylvania",64800,1048,180,5.9,2.68,2.63,0,0.3,0.8,0.9,1.3,6.2,7,16.1,67.5,0,17.9,21.3,41.6,13.2,6,47.9,52.1,44563,57289
"8149",42003190300,"42","003","190300",1945,40.433495,-80.015047,"Census Tract 1903, Allegheny County, Pennsylvania",129100,1224,76,5.7,1.89,1.62,0.6,2.9,0,7.5,6,2.5,8.7,6.9,64.8,5.5,14.6,23.4,48.6,6.2,1.6,56.3,43.7,56298,74374
"8150",42003191100,"42","003","191100",2425,40.43614,-80.023004,"Census Tract 1911, Allegheny County, Pennsylvania",108500,1320,92,5.4,2.14,1.88,0,0,1.6,19.8,7.5,7.3,13.3,9.8,40.7,0.8,17.3,41.7,38.2,2,0,59.6,40.4,60106,78499
"8151",42003191400,"42","003","191400",2796,40.428012,-80.010133,"Census Tract 1914, Allegheny County, Pennsylvania",81400,1696,174,4.8,2.3,1.72,1.1,2.7,5.5,11.3,4.8,3.8,9.9,14.4,46.5,3.1,30.1,35.1,25.7,4.5,1.5,33.4,66.6,40536,58347
"8152",42003191500,"42","003","191500",2047,40.421915,-80.009779,"Census Tract 1915, Allegheny County, Pennsylvania",66600,1192,205,5.4,2.3,1.7,0,0,0,1,1,10.7,6.6,19.2,61.4,1,19.5,40,30.5,6.9,2.2,49.8,50.2,31734,37350
"8153",42003191600,"42","003","191600",4295,40.414189,-80.023151,"Census Tract 1916, Allegheny County, Pennsylvania",79300,2095,182,5.9,2.21,2.3,0.4,0,0.6,2.9,8.5,6.2,24.9,18.2,38.3,0,8.8,37.1,46.7,4.6,2.8,56.9,43.1,40113,47576
"8154",42003191700,"42","003","191700",3448,40.402822,-80.013763,"Census Tract 1917, Allegheny County, Pennsylvania",85000,1655,99,5.8,2.49,2.22,1,0,0,7.3,4,13.1,32.2,17.7,24.7,0,6.3,35.6,51.7,5,1.3,74.6,25.4,43333,53490
"8155",42003191800,"42","003","191800",5322,40.389622,-80.016963,"Census Tract 1918, Allegheny County, Pennsylvania",84100,2623,277,5.9,2.29,2.15,0,0.4,0.6,2.8,2.6,5.2,14.4,20,53.9,0.7,9.5,35.6,46.5,7.1,0.5,72.8,27.2,47043,54207
"8156",42003191900,"42","003","191900",2183,40.395944,-80.021373,"Census Tract 1919, Allegheny County, Pennsylvania",81500,1077,99,5.9,2.46,2.23,0,0,0,0,1.9,7.5,13.1,23.3,54.2,0,9,37.8,43.4,7.1,2.7,56.5,43.5,41755,53080
"8157",42003192000,"42","003","192000",3679,40.404266,-80.026541,"Census Tract 1920, Allegheny County, Pennsylvania",76700,1883,254,5.6,2.44,1.76,0.4,1,0,3,3.9,7.1,26.9,10.3,47.3,3,24.3,22.5,42.6,7,0.5,53.3,46.7,39750,46257
"8158",42003202200,"42","003","202200",2568,40.45456,-80.063731,"Census Tract 2022, Allegheny County, Pennsylvania",65600,1274,206,5.8,2.14,2.16,0,0,3.3,3.8,8.6,9.3,11.4,7.5,56.2,0,6.8,31.1,48.9,11.3,1.9,68.6,31.4,36250,46626
"8159",42003202300,"42","003","202300",4144,40.410387,-80.040013,"Census Tract 2023, Allegheny County, Pennsylvania",118200,2129,126,5.7,2.47,1.67,0.6,0.9,9.6,7.3,23.7,16.9,31,6.3,3.7,5.4,16.4,22.2,44.2,8.9,3,45.9,54.1,54555,63138
"8160",42003210700,"42","003","210700",2130,40.45476,-80.024612,"Census Tract 2107, Allegheny County, Pennsylvania",89400,1271,380,5.6,2.82,2.23,1.7,0.8,4.6,6.9,10.5,12.4,12.5,3,47.7,0,17.5,36,22.4,21.3,2.8,49,51,32620,50863
"8161",42003220600,"42","003","220600",1833,40.456011,-80.010298,"Census Tract 2206, Allegheny County, Pennsylvania",147300,1253,356,4.7,1.85,1.42,0,0,0,2.4,8.4,6.6,3.8,8.9,69.9,4.2,32.1,23.9,22.9,12,4.9,39,61,31792,76533
"8162",42003240600,"42","003","240600",2714,40.463147,-79.984133,"Census Tract 2406, Allegheny County, Pennsylvania",59900,1611,337,5.2,1.85,1.88,0.4,0,3.2,0.3,0.5,0.4,4.3,9.7,81.3,0,25.8,36.4,21,12.5,4.3,52.5,47.5,31369,52959
"8163",42003241200,"42","003","241200",884,40.46436,-79.990268,"Census Tract 2412, Allegheny County, Pennsylvania",40100,619,169,4.9,1.74,2.39,0,0,7.9,8.9,3.6,0,3.7,14.2,61.7,3.6,19.5,44.4,22.3,10.2,0,56.7,43.3,32500,46081
"8164",42003250300,"42","003","250300",1090,40.458152,-80.012419,"Census Tract 2503, Allegheny County, Pennsylvania",167300,712,284,6.2,2.87,3.03,0,0,2.7,0,0,5.3,5.8,7.3,78.9,0,6.7,23.6,60.5,2.7,6.5,65,35,61667,68146
"8165",42003250700,"42","003","250700",761,40.460217,-80.021765,"Census Tract 2507, Allegheny County, Pennsylvania",59400,437,172,6.3,2.35,3.86,0,1.8,9.2,0,1.8,5.3,10.8,13.3,57.9,0,11.4,26.3,32.3,19.7,10.3,47.2,52.8,20066,30231
"8166",42003250900,"42","003","250900",1285,40.462007,-80.005643,"Census Tract 2509, Allegheny County, Pennsylvania",54700,845,144,4.4,2.06,1.76,0.7,0.7,2.2,1.8,1.2,13.6,12.4,9.1,58.2,0,34.1,42,17.5,6.4,0,42.1,57.9,21281,32460
"8167",42003260200,"42","003","260200",2285,40.490956,-80.018774,"Census Tract 2602, Allegheny County, Pennsylvania",75900,1137,234,6,2.15,2.37,0,0,0,4.4,4,8.4,9.9,17.2,56.2,0.4,4.8,28.9,48.7,15,2.1,79.1,20.9,39821,50505
"8168",42003260700,"42","003","260700",1744,40.481863,-80.012201,"Census Tract 2607, Allegheny County, Pennsylvania",93900,880,179,6,3.05,2.9,0,0,1.3,9,1.9,5.8,5.5,12.6,64,0,3.5,32.5,35.3,23.1,5.6,60.2,39.8,45563,57707
"8169",42003260900,"42","003","260900",1214,40.477072,-80.000473,"Census Tract 2609, Allegheny County, Pennsylvania",NA,758,249,5.4,NA,3.25,2,0,11.3,2.8,25.1,23.6,9.9,1.7,23.6,0,4.6,18.2,60.9,16.2,0,0,100,13885,21572
"8170",42003261200,"42","003","261200",1051,40.49475,-80.009967,"Census Tract 2612, Allegheny County, Pennsylvania",101300,524,0,5.9,2.39,1.62,0,0,0,0,11.8,6.3,15.1,18.9,47.9,0,1.7,45.2,42.7,8.8,1.5,66.8,33.2,54808,71539
"8171",42003261400,"42","003","261400",2473,40.465955,-80.012293,"Census Tract 2614, Allegheny County, Pennsylvania",47300,1494,370,6,2.32,2.09,3.3,0,0.7,9.8,4.8,7,17.5,6.4,50.3,0,12.5,32.9,30.8,12.6,11.2,43,57,19898,29656
"8172",42003261500,"42","003","261500",1672,40.472312,-80.013677,"Census Tract 2615, Allegheny County, Pennsylvania",57500,926,127,5.3,2.4,2.15,5.5,0,3,11.1,2.8,6.9,16.4,15.3,38.9,0,28.4,27.4,40.5,2.1,1.6,57.4,42.6,40243,41841
"8173",42003262000,"42","003","262000",2648,40.466031,-79.993266,"Census Tract 2620, Allegheny County, Pennsylvania",61200,1344,278,5.2,2.26,1.91,0,0.4,0.8,7.1,1.7,11.8,10,15.4,52.8,0,16.7,38.5,31.9,10.3,2.5,55.9,44.1,22179,36181
"8174",42003270100,"42","003","270100",2649,40.484024,-80.041565,"Census Tract 2701, Allegheny County, Pennsylvania",101600,1279,94,6.5,2.56,2.4,0.9,0,0,0,1.6,1.6,9.4,21.2,65.4,0,5.3,24.6,39.2,19.3,11.6,72.7,27.3,56521,68765
"8175",42003270300,"42","003","270300",1947,40.477993,-80.037049,"Census Tract 2703, Allegheny County, Pennsylvania",68700,1078,12,5.3,2.73,1.79,0,0,1.4,14.2,6.9,6.7,4.7,13.5,52.6,0,33.2,25.1,26.1,6.8,8.8,47.5,52.5,24773,39674
"8176",42003270400,"42","003","270400",1079,40.465863,-80.028522,"Census Tract 2704, Allegheny County, Pennsylvania",68700,523,43,5.5,2.16,2.48,0,0,0,0,0,1.3,21.8,15.7,61.2,0,1.7,48.6,38.4,9,2.3,68.3,31.7,32576,36859
"8177",42003270800,"42","003","270800",2651,40.485169,-80.03297,"Census Tract 2708, Allegheny County, Pennsylvania",96000,1342,43,6,2.4,1.97,0,0,8.3,8.6,7.8,8.1,11.2,9.9,46,0,13,30.3,45.5,7.1,4.2,75.4,24.6,52039,60606
"8178",42003271500,"42","003","271500",3167,40.472347,-80.030189,"Census Tract 2715, Allegheny County, Pennsylvania",49200,1812,397,5.5,2.12,3.07,0,0,1,0,0.8,2,9.7,19.6,66.9,2,8.3,43.7,33.3,6,6.8,57.9,42.1,30656,38465
"8179",42003281400,"42","003","281400",2352,40.446805,-80.053044,"Census Tract 2814, Allegheny County, Pennsylvania",76300,1118,203,5.3,2.12,2.56,0,0,2.8,8.1,13.2,16.4,19.7,10.3,29.5,0,10.3,29.8,47.4,10.2,2.3,56.2,43.8,29836,39848
"8180",42003281500,"42","003","281500",1462,40.440539,-80.054555,"Census Tract 2815, Allegheny County, Pennsylvania",81300,722,0,5.8,2.3,2.66,0,5.3,0,1.9,4,13.3,18.3,8.3,48.9,0,4.7,25.9,62.9,6.5,0,65.7,34.3,46429,55507
"8181",42003290100,"42","003","290100",2120,40.397685,-79.991523,"Census Tract 2901, Allegheny County, Pennsylvania",58400,1084,107,5.6,2.68,1.76,0,1.6,0,0.7,5.4,7.7,22,13,49.5,1.1,22.5,31.7,37.1,6.4,1.2,63.4,36.6,38278,46321
"8182",42003290200,"42","003","290200",3944,40.398648,-79.985026,"Census Tract 2902, Allegheny County, Pennsylvania",65500,1978,165,5.8,2.22,1.72,0,0.2,1.4,3.7,10.6,7,21.1,4.7,51.3,1.4,17.8,25.8,39.2,14,1.7,65.4,34.6,30391,38073
"8183",42003290400,"42","003","290400",4049,40.386922,-79.982359,"Census Tract 2904, Allegheny County, Pennsylvania",72600,2041,250,5.7,2.47,1.94,0,0.7,2.2,0.4,4.2,10.3,26.6,10.7,44.9,0,9.7,28,48.8,10.8,2.7,71.5,28.5,37963,51169
"8184",42003300100,"42","003","300100",3747,40.413291,-79.99303,"Census Tract 3001, Allegheny County, Pennsylvania",39900,1896,503,5.7,2.74,3.03,2.5,1.4,0,0,3,5.6,9.8,8.1,69.7,1.8,6.7,36.6,30.4,18.8,5.7,62.7,37.3,27872,37638
"8185",42003310200,"42","003","310200",3227,40.370908,-79.913526,"Census Tract 3102, Allegheny County, Pennsylvania",76500,1563,128,5.9,2.25,2.68,0,0.5,0,1.9,2.9,7.9,33.9,18.9,34,0,3.6,37.7,48.9,9.9,0,84.8,15.2,44943,54819
"8186",42003310300,"42","003","310300",990,40.386959,-79.921045,"Census Tract 3103, Allegheny County, Pennsylvania",119000,420,0,6.4,2.48,2.91,8.8,6,1.7,2.6,6,36,23.6,3.1,12.4,0,0,14.8,67.6,15,2.6,97.4,2.6,69500,81621
"8187",42003320400,"42","003","320400",1994,40.386342,-79.993067,"Census Tract 3204, Allegheny County, Pennsylvania",79900,949,0,6.2,2.25,2.37,2.2,0,0,0.5,0,8.9,30.1,14.9,43.4,0,4.7,14.8,63.5,12,5,86.2,13.8,50856,57036
"8188",42003320600,"42","003","320600",2261,40.394507,-80.006569,"Census Tract 3206, Allegheny County, Pennsylvania",89200,1099,90,6,2.3,2.37,0,0,0,3.9,6.1,9.3,33,21.4,26.3,0,6.9,19.8,66.2,4.5,2.5,86.9,13.1,59534,61051
"8189",42003320700,"42","003","320700",1650,40.382994,-80.00057,"Census Tract 3207, Allegheny County, Pennsylvania",80500,760,0,5.9,2.37,2.78,0,0,0,0,2.1,12,32.2,11.2,42.5,0,2.9,27.1,61.1,7.8,1.2,90.5,9.5,52794,69884
"8190",42003401100,"42","003","401100",4447,40.637619,-79.714227,"Census Tract 4011, Allegheny County, Pennsylvania",100700,2124,165,5.6,2.43,2.26,2.5,3.8,3.5,3.8,14.3,18.5,21.4,23.2,9.1,0,9.6,35.9,46.3,8.2,0,68,32,41295,54331
"8191",42003401200,"42","003","401200",3272,40.615045,-79.725809,"Census Tract 4012, Allegheny County, Pennsylvania",67400,1690,400,5.3,2.61,2.39,0,0,0.4,3.6,8.8,7.6,15.7,8.3,55.6,0,11.3,39.4,42.9,5.6,0.8,57,43,32500,40373
"8192",42003401300,"42","003","401300",2742,40.621939,-79.733177,"Census Tract 4013, Allegheny County, Pennsylvania",89300,1205,90,6,2.28,1.95,0,1.7,0,7,2.2,10.7,32.9,14,31.5,0,8,36.8,41.3,13.9,0,88.3,11.7,47270,61916
"8193",42003402000,"42","003","402000",3260,40.60841,-79.741426,"Census Tract 4020, Allegheny County, Pennsylvania",67200,1523,195,5.6,2.47,2.26,1.7,0.7,0,0,6.2,3.7,21.4,19.6,46.6,1.6,5.9,42.7,38,9.3,2.4,66.3,33.7,41071,47060
"8194",42003403500,"42","003","403500",4530,40.603535,-79.755922,"Census Tract 4035, Allegheny County, Pennsylvania",60100,2259,462,5.2,2.81,2.18,7.1,1.6,0.6,4.2,4.2,7.7,8.4,7.8,58.3,4.2,17.6,35.8,29.4,9,4,53.2,46.8,35489,45322
"8195",42003404000,"42","003","404000",1500,40.582388,-79.779912,"Census Tract 4040, Allegheny County, Pennsylvania",71900,718,103,5.6,2.17,2.05,5.6,3.3,3.2,4.2,4,5.7,12.4,14.6,46.9,1.7,9.6,42.5,40,5.4,0.8,62.8,37.2,38472,49787
"8196",42003405000,"42","003","405000",1157,40.607483,-79.795217,"Census Tract 4050, Allegheny County, Pennsylvania",101600,523,39,5.8,2.38,1.82,2.1,2.5,3.8,5.4,12.4,10.5,30.2,10.7,22.4,0,4.8,34,49.9,10.9,0.4,90.9,9.1,49125,63709
"8197",42003406000,"42","003","406000",2376,40.649581,-79.763166,"Census Tract 4060, Allegheny County, Pennsylvania",113200,1024,119,6,2.71,1.97,0.8,0.4,6.7,8.1,14.1,14.4,17.3,15.7,22.6,0,4.7,27.1,49.9,15.5,2.8,83.8,16.2,52917,70437
"8198",42003407001,"42","003","407001",5174,40.641737,-79.86713,"Census Tract 4070.01, Allegheny County, Pennsylvania",122300,2365,209,5.7,2.27,2.47,4.7,15.1,7.1,4.4,9.6,11,12.8,6.6,28.8,0.7,7.7,31.6,47.1,11,1.9,77.8,22.2,57100,68508
"8199",42003407002,"42","003","407002",6597,40.611445,-79.880958,"Census Tract 4070.02, Allegheny County, Pennsylvania",149300,2621,64,5.9,2.62,2.27,0.5,8,11.9,23.1,17.2,11,13.2,1.5,13.6,0,0,22.5,62.7,14.2,0.5,87,13,67083,73718
"8200",42003408001,"42","003","408001",4769,40.649851,-79.952594,"Census Tract 4080.01, Allegheny County, Pennsylvania",200800,1827,160,7.2,2.99,1.39,10.5,3.9,6.3,19,7.4,11.1,16.6,4.3,21.1,2.5,11.7,12.6,30.7,32.8,9.9,79.6,20.4,77216,97065
"8201",42003408002,"42","003","408002",6331,40.625215,-79.942004,"Census Tract 4080.02, Allegheny County, Pennsylvania",191100,2263,76,7.4,2.93,1.63,4.9,17,15.6,8.3,6.3,14.5,21.5,5.1,6.8,0.8,3.3,11.4,38.8,41,4.8,92.3,7.7,91633,100445
"8202",42003409000,"42","003","409000",11497,40.641645,-80.037764,"Census Tract 4090, Allegheny County, Pennsylvania",358200,3742,158,8,3.21,2.09,9.5,26.8,26,7.4,5.4,6.5,11,4.1,3.3,0,2.1,12.2,26.8,44.7,14.3,86.7,13.3,145668,190070
"8203",42003410000,"42","003","410000",1171,40.636889,-80.082441,"Census Tract 4100, Allegheny County, Pennsylvania",276600,494,37,7.6,2.65,1.17,3.2,1.4,1.6,13.8,21.9,9.5,17.6,5.7,25.3,0,1.6,8.1,52,33.6,4.7,94.7,5.3,117656,214183
"8204",42003411000,"42","003","411000",6915,40.642375,-80.100651,"Census Tract 4110, Allegheny County, Pennsylvania",283900,2421,220,8.1,3.13,2.45,8.6,14.5,23.6,26.1,2.3,6.8,8.7,3.7,5.7,0,0.6,10.8,26.4,56.3,6,92.4,7.6,129097,178280
"8205",42003412001,"42","003","412001",8605,40.598708,-80.089678,"Census Tract 4120.01, Allegheny County, Pennsylvania",298600,3057,220,8.2,2.81,2.88,7.8,8.7,11.9,38.8,13.4,4.4,9.3,0.2,5.5,2.3,1.6,8.5,24.6,57.4,5.7,96.7,3.3,115234,154931
"8206",42003412002,"42","003","412002",4865,40.569495,-80.080987,"Census Tract 4120.02, Allegheny County, Pennsylvania",274300,1779,85,8.1,3.13,1.98,2.4,6.7,16.8,22.3,13.1,9.8,12.3,6.2,10.4,0,0.4,7.9,31.1,53.1,7.5,94.9,5.1,114375,156707
"8207",42003413100,"42","003","413100",6609,40.599329,-80.0385,"Census Tract 4131, Allegheny County, Pennsylvania",274600,2843,233,7.1,2.75,1.82,6.2,1.7,7.4,43.3,22,8.7,4.9,0.8,5.1,0.5,8.4,23.3,25.6,36.2,6,73.1,26.9,92664,122130
"8208",42003413201,"42","003","413201",3737,40.574191,-80.041967,"Census Tract 4132.01, Allegheny County, Pennsylvania",166800,1637,34,6.3,2.52,1.93,2.2,0.7,3.2,7.1,19.4,21.6,29.3,11.9,4.7,0,5.4,23.7,48.3,18.4,4.2,84.9,15.1,72228,91963
"8209",42003413202,"42","003","413202",2866,40.578117,-80.057385,"Census Tract 4132.02, Allegheny County, Pennsylvania",167600,1196,99,6.6,2.4,1.66,0,0,6.3,8,37.1,16.1,13.7,5.9,12.9,0,4.8,21.7,43.4,21.4,8.7,94.6,5.4,61281,109669
"8210",42003413300,"42","003","413300",4742,40.560036,-80.04535,"Census Tract 4133, Allegheny County, Pennsylvania",168800,1922,65,7,2.56,1.37,0,2.9,3.1,10.1,23.3,23.3,24.6,3.4,9.3,0,6.5,8.8,56.9,25,2.9,92.4,7.6,82179,91150
"8211",42003413400,"42","003","413400",4339,40.560121,-80.001753,"Census Tract 4134, Allegheny County, Pennsylvania",205700,1672,45,7.7,2.85,2.44,2.4,2.7,8.1,10.1,22.5,29.7,14.8,6.7,3,0,0.5,12.1,32.5,49.3,5.6,92.9,7.1,92516,105940
"8212",42003413500,"42","003","413500",6164,40.576726,-80.008736,"Census Tract 4135, Allegheny County, Pennsylvania",180400,2915,432,5.5,2.35,1.64,2.8,1.6,14.9,6.1,26.4,19,23.3,2.1,3.6,1.2,25.5,23.9,33.4,13.4,2.5,59.2,40.8,59299,78494
"8213",42003414101,"42","003","414101",5358,40.602377,-79.932805,"Census Tract 4141.01, Allegheny County, Pennsylvania",199000,2054,81,7.2,2.72,2,2.1,3,20.7,14.3,29.8,10.4,14.5,3.2,1.9,0,2.9,17.6,36.9,39.1,3.6,95.6,4.4,81122,98490
"8214",42003414102,"42","003","414102",7040,40.591186,-79.965519,"Census Tract 4141.02, Allegheny County, Pennsylvania",202800,2975,240,6.5,2.52,2.27,7.9,16.8,18,7.5,14.7,9,11.3,5,9.6,2.5,7.5,20.5,37.9,25.9,5.6,78.5,21.5,78888,101224
"8215",42003414200,"42","003","414200",5965,40.564743,-79.954811,"Census Tract 4142, Allegheny County, Pennsylvania",203500,2279,78,7.1,2.82,1.95,3.5,6.3,6.7,7.9,16.9,12.3,27.4,6.1,12.8,0.4,4.9,12.5,40.4,33.5,8.4,87.6,12.4,80938,111886
"8216",42003415001,"42","003","415001",4708,40.577955,-79.860598,"Census Tract 4150.01, Allegheny County, Pennsylvania",188700,1785,168,6.3,2.73,3.16,11.1,8.9,9.9,12.5,7.3,4.3,19,5.8,21.1,2.1,11,14.9,42.3,24.9,4.7,87.4,12.6,73019,104152
"8217",42003415002,"42","003","415002",2545,40.550928,-79.908202,"Census Tract 4150.02, Allegheny County, Pennsylvania",199000,1029,72,6.7,2.84,1.54,1,0,16.6,11.3,7.5,3.5,22.6,10.1,27.4,0,7.1,16.6,44,26.4,5.8,80.7,19.3,78693,111280
"8218",42003416000,"42","003","416000",1636,40.553158,-79.798274,"Census Tract 4160, Allegheny County, Pennsylvania",97800,786,22,5.5,2.09,1.76,1.4,3.3,18.3,7.1,10.6,13.7,20,8.3,17.3,0,4.2,42.5,45.2,6,2.2,78.3,21.7,44464,55447
"8219",42003417100,"42","003","417100",2145,40.543857,-79.783549,"Census Tract 4171, Allegheny County, Pennsylvania",88700,1083,200,6,2.37,2.99,0,0.4,2.3,6.5,0.5,7,32.1,7.9,43.3,3,5.6,29,41.5,18.8,2,79.7,20.3,51732,57922
"8220",42003417200,"42","003","417200",1260,40.539766,-79.781436,"Census Tract 4172, Allegheny County, Pennsylvania",86700,709,71,5.2,2.08,1.62,0,1.1,1.4,8.2,11.3,12,13.8,9,43.2,0,20.2,36.8,31.2,11.8,0,59.6,40.4,41000,45709
"8221",42003418000,"42","003","418000",1746,40.544053,-79.80063,"Census Tract 4180, Allegheny County, Pennsylvania",105900,817,30,6.1,2.11,1.85,0.5,0.7,1.3,1.3,5.1,11.6,33.3,16.6,29.4,0,4.5,22.8,55.7,15.9,1.1,87.2,12.8,57708,65507
"8222",42003419000,"42","003","419000",2921,40.544942,-79.833303,"Census Tract 4190, Allegheny County, Pennsylvania",106500,1649,174,5.4,1.82,2.12,2.1,6.7,6.7,17.6,11.5,11.2,17.6,10.6,16.1,0,7.8,46.6,40.6,4.9,0,75.4,24.6,40286,64838
"8223",42003420000,"42","003","420000",1432,40.4937,-79.861428,"Census Tract 4200, Allegheny County, Pennsylvania",100700,875,69,4.3,2.09,1.47,0,8.6,3.2,12.5,8.3,11.5,13.7,13.6,28.6,0.5,40.6,26.5,24.7,7,0.8,37.5,62.5,38456,45668
"8224",42003421100,"42","003","421100",4103,40.505186,-79.867614,"Census Tract 4211, Allegheny County, Pennsylvania",258300,1865,119,6.8,2.54,1.76,14.2,2.4,1.4,8.3,19.2,18.6,19.4,3.8,12.7,2,12.2,17.2,31,31.8,5.8,80.2,19.8,80750,113565
"8225",42003421200,"42","003","421200",4304,40.511492,-79.922107,"Census Tract 4212, Allegheny County, Pennsylvania",196400,1844,108,7.1,2.46,2.15,2.6,1.9,6.4,9.7,10.2,14.8,26.3,11.7,16.5,0,2,22.1,40.7,30.7,4.4,91,9,82619,125857
"8226",42003422000,"42","003","422000",5388,40.522159,-79.888467,"Census Tract 4220, Allegheny County, Pennsylvania",531100,2027,230,NA,2.9,3.31,3.2,2.9,10.4,8.6,13.3,17.3,20.9,8.7,14.7,0,0,1.8,18.6,53.5,26.1,94.4,5.6,194219,285122
"8227",42003423000,"42","003","423000",2801,40.493415,-79.903303,"Census Tract 4230, Allegheny County, Pennsylvania",199100,1518,114,5.5,2.68,1.39,0,0,0.8,4.2,9.9,20.8,8.8,10.8,44.9,2.6,20.3,35.9,19.6,13.8,7.9,46.7,53.3,52019,82660
"8228",42003424000,"42","003","424000",3446,40.495418,-79.927195,"Census Tract 4240, Allegheny County, Pennsylvania",68000,1747,240,5.2,2.58,2.02,0,1.1,1.3,4.5,9.7,6.4,8.4,9.5,59.1,2.6,21.5,31.8,29,13.8,1.3,46.1,53.9,32232,40042
"8229",42003425000,"42","003","425000",3451,40.500288,-79.948844,"Census Tract 4250, Allegheny County, Pennsylvania",83600,1816,179,5.2,2.24,1.93,0,0,1.8,1.7,3,6.7,21.9,10.5,54.4,0.7,20.3,41,31.6,6,0.4,52.7,47.3,33908,45692
"8230",42003426300,"42","003","426300",6037,40.544768,-79.97586,"Census Tract 4263, Allegheny County, Pennsylvania",149300,2424,8,6.5,2.37,3.43,0.9,0.3,5.7,0,12.9,20.3,31.5,12.9,15.4,0,0.6,9.7,65.1,21.7,2.9,98,2,65592,74363
"8231",42003426400,"42","003","426400",4581,40.519699,-79.959233,"Census Tract 4264, Allegheny County, Pennsylvania",131800,2068,12,5.9,2.47,1.56,0.7,0,1.9,2.2,8.5,16.1,34.1,12.2,24.3,2.1,12.9,24.9,45.7,11.9,2.4,74.4,25.6,50347,64607
"8232",42003426700,"42","003","426700",2361,40.515667,-79.942668,"Census Tract 4267, Allegheny County, Pennsylvania",127300,1187,92,5.6,2.23,1.68,0.7,1.6,10.4,15.2,22.4,8.3,18.6,8,14.9,0,3.3,52.7,32.7,7.9,3.4,65.7,34.3,48539,55535
"8233",42003426800,"42","003","426800",5369,40.542292,-79.948635,"Census Tract 4268, Allegheny County, Pennsylvania",160600,2038,35,7.2,2.72,1.26,0.3,7.9,6.8,4.7,16,41.2,15.9,2.6,4.6,0,0.3,7.7,61.6,23.8,6.6,98.5,1.5,77434,85246
"8234",42003427000,"42","003","427000",3744,40.483468,-79.974059,"Census Tract 4270, Allegheny County, Pennsylvania",65500,2073,264,5,2.44,1.79,0,0.5,9.2,1,6.3,10.7,10.5,14.1,47.8,3.2,34.1,32.7,25.2,3.6,1.2,41.9,58.1,36864,47503
"8235",42003427100,"42","003","427100",5510,40.517709,-79.979203,"Census Tract 4271, Allegheny County, Pennsylvania",143700,2213,20,6.8,2.69,1.4,0,6,7.3,13.3,13.4,15,23.9,11.6,9.4,0,0.6,16.2,56.2,27,0,93.8,6.2,78076,83568
"8236",42003427200,"42","003","427200",4899,40.494462,-79.964426,"Census Tract 4272, Allegheny County, Pennsylvania",114300,2354,255,5.9,2.42,1.75,1.1,2.3,0.6,5.8,13.2,17.2,21.4,12.2,26.2,0,8.6,27.1,55.2,8.6,0.5,82.8,17.2,53497,59857
"8237",42003428100,"42","003","428100",1242,40.473189,-79.982214,"Census Tract 4281, Allegheny County, Pennsylvania",97000,577,84,6.1,3.03,1.77,0,0,3.5,4.2,3.1,11.3,21.7,7.6,48.7,0,5.4,31.4,44.7,18.5,0,80.1,19.9,58608,60035
"8238",42003428200,"42","003","428200",2091,40.488093,-79.994376,"Census Tract 4282, Allegheny County, Pennsylvania",113200,911,47,5.9,2.45,1.6,0,0,6.1,0.9,23.6,13.7,31.8,12,11.9,0,3.2,33.9,55.8,7.1,0,85.6,14.4,50750,70056
"8239",42003429100,"42","003","429100",2510,40.507362,-80.010578,"Census Tract 4291, Allegheny County, Pennsylvania",117000,1121,118,5.7,2.65,1.83,1.2,0,5.9,3.7,6.8,29.5,14.5,10.3,28.1,0.8,11.8,38.6,41.8,6.2,0.8,71.3,28.7,56038,74101
"8240",42003429201,"42","003","429201",4310,40.545051,-80.001756,"Census Tract 4292.01, Allegheny County, Pennsylvania",183200,1935,181,6.8,2.59,1.79,4.6,4.9,14.3,14,23.4,19.6,7.8,7,4.5,0,12.8,19.6,33.6,26.8,7.2,77.1,22.9,84779,89672
"8241",42003429202,"42","003","429202",4365,40.523764,-79.994863,"Census Tract 4292.02, Allegheny County, Pennsylvania",150300,1986,143,6.4,2.42,1.8,0.4,0,6.2,1.8,25.5,19.6,25.8,16.5,4.1,0.4,1.6,16.5,58.8,20.7,2,89.9,10.1,75492,85884
"8242",42003429300,"42","003","429300",5644,40.538965,-80.047573,"Census Tract 4293, Allegheny County, Pennsylvania",143500,2566,16,6.3,2.29,1.18,0.4,0.4,3.7,5.9,26.3,19.9,30.9,6.9,5.6,0,13.2,19.4,46.6,17.5,3.3,81.5,18.5,54773,70510
"8243",42003429400,"42","003","429400",4265,40.532602,-80.028012,"Census Tract 4294, Allegheny County, Pennsylvania",150100,1997,155,6.1,2.3,2,0,0.9,0.3,4.1,9.4,19.3,30.1,17.3,18.6,2.6,8.5,25.5,52.9,10.5,0,85.7,14.3,63598,77209
"8244",42003429500,"42","003","429500",4212,40.541992,-80.020558,"Census Tract 4295, Allegheny County, Pennsylvania",131900,2497,140,4.9,2.15,1.32,3.3,3.8,0.6,14.5,17.5,25.5,22.5,3.2,9.2,2.1,32.5,21.9,34.4,7.6,1.6,54,46,41595,50915
"8245",42003429600,"42","003","429600",3428,40.508543,-80.045639,"Census Tract 4296, Allegheny County, Pennsylvania",114200,1674,168,5.6,2.24,1.95,1.4,2.3,14.5,14.5,5.7,7,12.5,7.3,34.6,0.6,9.1,42.9,33.8,11.5,2.1,68.6,31.4,56607,67738
"8246",42003429700,"42","003","429700",2371,40.49849,-80.034558,"Census Tract 4297, Allegheny County, Pennsylvania",128200,1132,83,6,2.44,2.01,4.5,0.9,0.7,3.3,6.1,35.2,28.2,9.6,11.5,0,13.3,22.8,56.5,7.4,0,84.1,15.9,54261,63811
"8247",42003430100,"42","003","430100",2104,40.514885,-80.024394,"Census Tract 4301, Allegheny County, Pennsylvania",102400,997,118,5.8,2.42,1.87,0,0,2.9,1.1,10.5,7.9,18.7,15.7,43.1,0,18.4,37.3,34.3,5.3,4.7,64.2,35.8,47649,52394
"8248",42003430200,"42","003","430200",4667,40.519901,-80.037779,"Census Tract 4302, Allegheny County, Pennsylvania",117300,2292,198,5.7,2.77,1.51,0.6,0,2,8.9,14.1,9.4,8.2,15.4,41.4,2.7,15.4,32.1,36,11.3,2.6,61.1,38.9,51870,64960
"8249",42003431100,"42","003","431100",3380,40.490877,-80.050826,"Census Tract 4311, Allegheny County, Pennsylvania",100100,1892,440,5.4,2.89,1.7,0,1.2,1.1,1.3,8.1,6.9,17.8,12.8,50.8,1.5,25.4,32.2,19.2,14.7,7.1,39.2,60.8,37813,46682
"8250",42003431400,"42","003","431400",1902,40.50242,-80.055133,"Census Tract 4314, Allegheny County, Pennsylvania",97500,967,94,5.4,2.35,1.69,0,0.3,2.3,2.6,2.8,12.5,11.5,7.4,60.6,0,18.9,34.5,33.3,10.3,2.9,53.5,46.5,41875,54440
"8251",42003431500,"42","003","431500",3088,40.495826,-80.05668,"Census Tract 4315, Allegheny County, Pennsylvania",106500,1869,193,4.4,2.72,1.61,0,0,0.6,1.3,9.4,14.4,17.3,8.5,48.4,3.2,34.3,26.5,19.7,10.3,6,34.6,65.4,34781,51143
"8252",42003432300,"42","003","432300",2121,40.503043,-80.066502,"Census Tract 4323, Allegheny County, Pennsylvania",90300,1234,131,5,2.38,1.32,0,0,0,6.3,10.9,16.9,14.2,23.3,28.4,6,28.3,33.7,21.7,5.8,4.5,49.9,50.1,31445,41592
"8253",42003432400,"42","003","432400",2584,40.498905,-80.067506,"Census Tract 4324, Allegheny County, Pennsylvania",75100,1477,152,5.1,2.2,1.76,0,0,0.3,7.9,9.9,16.9,14.5,7.2,43.3,6.1,24,28.9,26.3,8.1,6.6,55.3,44.7,36705,40683
"8254",42003434000,"42","003","434000",1781,40.50676,-80.080983,"Census Tract 4340, Allegheny County, Pennsylvania",186500,797,81,7.1,2.69,1.74,0,1.3,0.6,0.3,5.8,4.5,16.1,7.4,64.1,0,5.4,21.5,34,24.8,14.3,81,19,81719,112089
"8255",42003435000,"42","003","435000",2449,40.512309,-80.097052,"Census Tract 4350, Allegheny County, Pennsylvania",103400,1152,85,5.6,2.51,1.58,0.5,0,0.3,1.3,14.8,16.7,12.8,9.2,44.4,0.9,19.8,33.2,32,9.9,4.2,62.7,37.3,48938,57091
"8256",42003437000,"42","003","437000",4757,40.545773,-80.093014,"Census Tract 4370, Allegheny County, Pennsylvania",236000,1908,162,6.9,2.89,1.58,10.8,21.2,32.3,4.4,7.9,5,11.3,2.3,4.7,0,11.4,19.4,29.2,34,6,72.9,27.1,85526,129652
"8257",42003439000,"42","003","439000",1388,40.590176,-80.17516,"Census Tract 4390, Allegheny County, Pennsylvania",215300,560,16,7.1,2.68,1.92,5.5,3.8,4.6,8.6,11.6,11.8,23.2,12.5,18.4,0,3.9,22.1,35,24.3,14.6,88.6,11.4,76875,154942
"8258",42003445500,"42","003","445500",3827,40.539218,-80.18114,"Census Tract 4455, Allegheny County, Pennsylvania",234800,2035,166,5.9,2.32,1.59,0,0.8,1.2,7.4,5.3,8.5,7.5,10.8,58.5,0,19.2,29.8,21.2,19.6,10.3,60.2,39.8,52748,87436
"8259",42003446000,"42","003","446000",1680,40.551833,-80.192089,"Census Tract 4460, Allegheny County, Pennsylvania",491100,651,50,8.1,2.77,2.98,1.4,0.6,2.2,2.9,2.9,8.1,18.1,10.8,53,1.2,1.2,10.8,31.6,29.3,25.8,92.7,7.3,143750,222555
"8260",42003447000,"42","003","447000",1634,40.576678,-80.208727,"Census Tract 4470, Allegheny County, Pennsylvania",161400,593,4,7.2,2.74,2.54,0,6.6,2.2,7.9,17,17.5,9.4,10.8,28.5,0,2.9,17.5,33.9,40.1,5.6,90.5,9.5,70341,92793
"8261",42003448000,"42","003","448000",1218,40.566122,-80.209351,"Census Tract 4480, Allegheny County, Pennsylvania",79500,622,48,5.5,2.39,1.68,0,0.5,0.2,6.9,4,5.1,13.5,22.2,47.6,0,17.4,40.7,30.2,10.8,1,53.8,46.2,35781,49091
"8262",42003449000,"42","003","449000",2640,40.555812,-80.231406,"Census Tract 4490, Allegheny County, Pennsylvania",129800,1082,37,6.2,2.45,2.65,0.3,16.8,3.3,4,13.1,12.8,21.1,11.6,17,0.5,1.4,22,57.5,16.4,2.3,87.6,12.4,55329,71122
"8263",42003450700,"42","003","450700",3137,40.51257,-80.159715,"Census Tract 4507, Allegheny County, Pennsylvania",85900,1622,201,5.4,2.51,1.74,0,2,0.3,0.9,6.7,8.5,10.5,13.2,58,1.6,23,27.7,34.1,12.6,1,57.1,42.9,37256,54209
"8264",42003450800,"42","003","450800",2540,40.518466,-80.168179,"Census Tract 4508, Allegheny County, Pennsylvania",74100,1422,178,4.9,2.12,1.95,0,0,0.6,0.6,20.2,4.9,12.3,14.1,47.3,1.7,28,34.3,27.6,8.4,0,48.2,51.8,30144,37026
"8265",42003451101,"42","003","451101",3639,40.535682,-80.221207,"Census Tract 4511.01, Allegheny County, Pennsylvania",190600,1678,78,7,2.5,1.85,4.5,5.6,9.5,15,18.1,35.2,6.7,2.3,3,0,6.1,17.3,39.2,30.4,7,87.1,12.9,80882,101442
"8266",42003451102,"42","003","451102",5627,40.521726,-80.201307,"Census Tract 4511.02, Allegheny County, Pennsylvania",157400,2162,231,5.4,2.48,1.85,1.3,0,2.5,11.2,25.7,27.7,13.9,14.7,2.9,0,14,28.5,44.7,9.8,3,62,38,53719,67524
"8267",42003451104,"42","003","451104",3590,40.534051,-80.253174,"Census Tract 4511.04, Allegheny County, Pennsylvania",187800,1274,16,7.5,2.96,1.62,1.2,21.7,21.5,7.1,33.8,0,7.4,1.3,6.2,0,0,8.6,47.9,43.6,0,94.4,5.6,78889,88389
"8268",42003451105,"42","003","451105",4196,40.513515,-80.227864,"Census Tract 4511.05, Allegheny County, Pennsylvania",127200,2452,365,4.2,2.34,1.73,2.5,6.2,25.5,9.1,15,15.5,15.2,2.2,8.8,3.3,31.1,34.4,24.5,4.9,1.7,38.5,61.5,55918,68672
"8269",42003451300,"42","003","451300",7133,40.494506,-80.17425,"Census Tract 4513, Allegheny County, Pennsylvania",193400,2857,195,7,2.59,2.54,5.7,6,14,10.3,16.3,15.6,20.2,3,8.9,0,4,12.9,45.6,31.6,5.9,90.6,9.4,83714,107403
"8270",42003452000,"42","003","452000",5060,40.4668,-80.25262,"Census Tract 4520, Allegheny County, Pennsylvania",142300,2431,390,6.5,2.66,1.54,3.4,6.2,22.3,10.5,15.1,4.2,14.3,4.2,19.9,0.7,4.8,25.4,45.2,23.2,0.8,82.4,17.6,67823,84226
"8271",42003453003,"42","003","453003",1893,40.428946,-80.198061,"Census Tract 4530.03, Allegheny County, Pennsylvania",137700,799,0,6.5,2.53,2.42,0,14.3,12.3,4,9.3,19.9,21.4,8.9,10,0,5.6,21.8,43.6,18.4,10.6,82.9,17.1,72386,112263
"8272",42003453004,"42","003","453004",6955,40.446416,-80.213054,"Census Tract 4530.04, Allegheny County, Pennsylvania",144900,3214,193,5.7,2.35,2.02,3.1,10,32.5,28.1,11.4,8.2,3.5,1.2,2.1,1.4,6,33.2,46.1,12.8,0.5,73.6,26.4,74906,88269
"8273",42003455000,"42","003","455000",1459,40.400541,-80.186319,"Census Tract 4550, Allegheny County, Pennsylvania",112500,632,74,6.2,2.48,1.5,0.8,0,3.5,5.9,15.2,25.3,5.4,3.8,40.2,0.5,7.3,20.7,59.3,10.1,2.1,87.5,12.5,52000,66490
"8274",42003456001,"42","003","456001",3523,40.369856,-80.152771,"Census Tract 4560.01, Allegheny County, Pennsylvania",202500,1330,36,6.9,2.98,1.08,2.6,10.7,25.8,12,5.7,1.6,12.9,4.1,24.8,0,9.6,17.1,32.7,36.4,4.1,90.9,9.1,70755,83332
"8275",42003456003,"42","003","456003",6101,40.352803,-80.155943,"Census Tract 4560.03, Allegheny County, Pennsylvania",185000,2312,121,6.6,2.82,1.56,12.6,22.2,13.6,9.2,7.2,9.7,6.7,4.6,14.2,0,4,22.3,39.7,28.8,5.2,92.1,7.9,92171,109703
"8276",42003456004,"42","003","456004",4792,40.32729,-80.127562,"Census Tract 4560.04, Allegheny County, Pennsylvania",144700,2234,258,5.7,2.4,1.59,2.6,5.4,22.5,25.7,37.1,3.3,1,0.5,2,3.8,13.4,32.5,40.2,8.7,1.4,61.8,38.2,57000,70808
"8277",42003457100,"42","003","457100",1428,40.360909,-80.114171,"Census Tract 4571, Allegheny County, Pennsylvania",104200,782,47,5,2.13,1.71,0,0,0,6.6,25.6,11.3,13.2,13.4,29.9,0,23.1,32.1,34.9,5.5,4.3,44.1,55.9,29036,42722
"8278",42003457200,"42","003","457200",3720,40.355904,-80.103017,"Census Tract 4572, Allegheny County, Pennsylvania",104100,1872,85,5.4,2.17,1.79,0,0,3.8,2,14.1,17,27.4,15.5,20.1,0,17.7,32.1,42.9,7.3,0,69.3,30.7,42049,55862
"8279",42003458000,"42","003","458000",7080,40.396957,-80.12615,"Census Tract 4580, Allegheny County, Pennsylvania",152200,3220,247,6,2.38,2.03,10.3,18.7,17,10.6,6.2,2.9,15,5.8,13.5,0,9,29.5,40.1,15.5,5.9,76.3,23.7,65612,97532
"8280",42003459101,"42","003","459101",1708,40.495843,-80.136708,"Census Tract 4591.01, Allegheny County, Pennsylvania",154400,638,13,6.6,2.41,2.09,0,8,5.6,6.3,18.8,20.1,25.4,3.4,12.4,2,0,17.4,48.1,28.8,3.6,93.1,6.9,59625,74920
"8281",42003459102,"42","003","459102",5658,40.472072,-80.136386,"Census Tract 4591.02, Allegheny County, Pennsylvania",185900,2337,139,6.5,2.7,1.84,7.1,19.7,17.1,15.4,12.8,8.8,10.3,4.7,4.2,1.6,9.7,16.5,40.4,29.3,2.5,76.8,23.2,79357,89334
"8282",42003459201,"42","003","459201",5988,40.441841,-80.131071,"Census Tract 4592.01, Allegheny County, Pennsylvania",151200,2935,211,5.6,2.29,1.99,2.8,6.3,23.5,25.6,9,8.5,13,2.3,9,2,18.5,26.4,34.7,16.3,2,67.7,32.3,58134,81185
"8283",42003459202,"42","003","459202",661,40.428523,-80.101508,"Census Tract 4592.02, Allegheny County, Pennsylvania",97300,481,10,4.4,1.37,1.72,0,0,0,4.2,61.7,25.4,5,0.4,3.3,0,8.5,80.2,9.1,0,2.1,88.5,11.5,53819,56366
"8284",42003460001,"42","003","460001",4250,40.485253,-80.104132,"Census Tract 4600.01, Allegheny County, Pennsylvania",145300,1937,85,6.1,2.23,2.05,3.6,8.2,11.5,4.7,7.4,21.9,24.4,14.1,4.1,0,7.1,24.8,53.7,13.8,0.5,87.6,12.4,54216,65597
"8285",42003460002,"42","003","460002",3422,40.471814,-80.10594,"Census Tract 4600.02, Allegheny County, Pennsylvania",166700,1335,87,6.5,2.82,1.98,5.2,11.3,12.8,11.5,22,11.9,13,5.6,6.7,1.6,7.3,11.8,52,21.9,5.3,86.1,13.9,82000,104964
"8286",42003461000,"42","003","461000",1084,40.51378,-80.136704,"Census Tract 4610, Allegheny County, Pennsylvania",83900,648,74,4.4,2.07,1.8,0.5,0.9,0.3,1.1,2.8,14,17,34.7,28.7,0,12.5,55.4,25.8,6,0.3,44.6,55.4,40227,44549
"8287",42003462100,"42","003","462100",2627,40.482704,-80.075264,"Census Tract 4621, Allegheny County, Pennsylvania",77000,1409,116,5.4,2.25,2.1,5.6,0.9,1,2.6,9.3,16,11.2,13.1,40.3,7,8.9,40.5,33.7,7.2,2.7,64.3,35.7,37411,45724
"8288",42003462600,"42","003","462600",3735,40.473415,-80.074731,"Census Tract 4626, Allegheny County, Pennsylvania",73300,2022,440,5.3,2.29,2.08,0.9,1.1,0,3.4,2.6,7.5,11,20.3,53.1,0.5,15.6,41,39.5,2,1.4,55.3,44.7,30481,42016
"8289",42003463900,"42","003","463900",2662,40.467125,-80.072165,"Census Tract 4639, Allegheny County, Pennsylvania",64300,1487,238,5.6,2.35,1.93,0.5,0,0,3.8,1.7,8.5,18.7,15.5,51.3,0,16.3,41.8,34.3,2.6,5,52.8,47.2,35037,44884
"8290",42003464300,"42","003","464300",3330,40.444892,-80.068929,"Census Tract 4643, Allegheny County, Pennsylvania",91200,1611,155,5.9,2.51,1.87,0,0.5,0,0.6,5.9,7.4,23.8,15.6,46.2,0,15.5,24.8,45.3,9.3,5.1,65.5,34.5,51058,55861
"8291",42003464400,"42","003","464400",3442,40.470332,-80.060371,"Census Tract 4644, Allegheny County, Pennsylvania",43400,1979,265,4.1,2.26,1.84,2.7,7.4,7,10.2,1.4,5.7,13.3,10.2,42.1,4.7,22,46.2,22.2,4.2,0.7,29.5,70.5,17390,25979
"8292",42003465600,"42","003","465600",2373,40.438473,-80.0676,"Census Tract 4656, Allegheny County, Pennsylvania",105100,1426,215,5.3,2.63,1.4,0,0,0,4.3,17.3,9.3,16.6,4.6,47.8,4.1,24.2,29.5,28.3,7.9,6.1,41.5,58.5,41518,67028
"8293",42003465800,"42","003","465800",3578,40.431543,-80.068533,"Census Tract 4658, Allegheny County, Pennsylvania",115500,1737,147,6,2.54,1.91,0,0,1.7,1.4,9.4,11.9,10.5,8.1,57.1,2.2,14.2,30.1,34.4,12.8,6.2,62.5,37.5,48878,65774
"8294",42003468700,"42","003","468700",1759,40.413305,-80.08995,"Census Tract 4687, Allegheny County, Pennsylvania",121100,849,74,5.6,2.45,2.2,0,0,6.9,11.8,12.2,1.3,7.4,14.3,46.1,0,18.6,29,39.8,10.6,2,60.5,39.5,47417,77086
"8295",42003468800,"42","003","468800",2572,40.405754,-80.094286,"Census Tract 4688, Allegheny County, Pennsylvania",99500,1397,167,5.2,2.33,1.74,3.1,8.3,0.7,0.6,14.9,2.6,8.7,13.3,47.7,3.4,21.2,25.8,40.4,6.7,2.6,53,47,41463,55288
"8296",42003468900,"42","003","468900",3641,40.404022,-80.080858,"Census Tract 4689, Allegheny County, Pennsylvania",121900,2039,219,5,2.18,1.75,0,1.9,0.3,4.9,17.6,13.6,20.4,15.5,25.8,0,29.1,24.6,31.5,10.1,4.7,49.9,50.1,32806,52453
"8297",42003469000,"42","003","469000",4432,40.414607,-80.052959,"Census Tract 4690, Allegheny County, Pennsylvania",144600,2085,77,6.4,2.3,1.42,0.6,0,3.7,2.3,10.5,21.5,36,12,13.3,3.2,6.7,12.4,58.3,17.2,2.2,90.1,9.9,72663,92917
"8298",42003470300,"42","003","470300",3933,40.380979,-80.080144,"Census Tract 4703, Allegheny County, Pennsylvania",148500,1652,24,6.4,2.34,1.78,4,0,9.8,2.3,13.6,14.1,48.1,4.2,4,0,10.3,22.2,51,16,0.5,73.6,26.4,66768,73627
"8299",42003470400,"42","003","470400",3063,40.367323,-80.085313,"Census Tract 4704, Allegheny County, Pennsylvania",130900,1438,53,6.1,2.26,2.73,0,0,5.1,0.8,1.4,14.4,59,11.2,8,2.3,8.2,15.5,62.7,8,3.3,90,10,62822,70599
"8300",42003470501,"42","003","470501",3954,40.398477,-80.058644,"Census Tract 4705.01, Allegheny County, Pennsylvania",94700,2209,231,4.1,1.83,2.24,0,0.6,5.5,17.8,23,23.4,19.7,5.9,4,0.8,23.3,55.7,18.4,1.8,0,39.2,60.8,65517,79502
"8301",42003470502,"42","003","470502",2971,40.400723,-80.068428,"Census Tract 4705.02, Allegheny County, Pennsylvania",147800,1339,119,6.2,2.2,1.4,0,0,6.9,11.1,13.7,24.1,27.9,3.9,12.5,0,9.9,23.7,48.2,16.1,2.1,89.8,10.2,57292,69112
"8302",42003470600,"42","003","470600",3103,40.396002,-80.087278,"Census Tract 4706, Allegheny County, Pennsylvania",83100,1641,202,4.5,2.2,1.88,0,0,0.4,1.6,5.6,4.7,18,25.3,44.3,1.6,17.1,48.7,27.3,4.2,1.1,59.7,40.3,35512,44629
"8303",42003471000,"42","003","471000",1244,40.391699,-80.091595,"Census Tract 4710, Allegheny County, Pennsylvania",88600,642,59,5.3,2.24,1.72,0.8,0,0.6,6.5,5.9,6.2,22.9,12.1,44.9,0.3,14.3,41.4,38.3,5.6,0,70.3,29.7,38250,51497
"8304",42003472100,"42","003","472100",2524,40.399131,-80.036167,"Census Tract 4721, Allegheny County, Pennsylvania",99000,1304,108,5.8,2.85,1.48,0,0,5.4,0.9,9.4,6.5,9.4,11.2,57.1,1.5,31.7,17,36.6,9.5,3.8,48.1,51.9,41858,51636
"8305",42003472200,"42","003","472200",2227,40.393828,-80.040519,"Census Tract 4722, Allegheny County, Pennsylvania",113800,1133,97,6,2.5,1.92,0,0,0,2.3,4.2,4.9,6.2,20.7,61.6,2.1,18.4,18.1,41.1,15.3,4.9,51.7,48.3,56500,67287
"8306",42003472300,"42","003","472300",2014,40.392583,-80.032683,"Census Tract 4723, Allegheny County, Pennsylvania",88500,1048,174,5.7,2.39,1.7,0,0,0.9,1.2,5.7,10.3,9.7,7.5,64.6,0,14.5,38.2,37.7,7.4,2.2,49.8,50.2,42794,47898
"8307",42003472400,"42","003","472400",1828,40.387973,-80.038,"Census Tract 4724, Allegheny County, Pennsylvania",113400,867,13,6.5,2.54,1.49,1.4,0,1,1.3,4.5,5,6.7,3.8,76.4,1.5,8.8,15.6,45.4,21.3,7.4,77.2,22.8,58049,70267
"8308",42003473100,"42","003","473100",4734,40.391654,-80.049569,"Census Tract 4731, Allegheny County, Pennsylvania",210700,2224,204,6.4,2.72,1.47,0,0.8,0.7,1.4,2.4,8.2,16.5,9.7,60.3,2.7,14.8,14.5,38.6,26.2,3.2,66.1,33.9,68194,96597
"8309",42003473200,"42","003","473200",3192,40.381876,-80.047685,"Census Tract 4732, Allegheny County, Pennsylvania",144600,1627,87,5.4,2.52,1.41,0,0,0.4,8.5,6.1,16.2,6,12.2,50.5,0,25.9,27,36.6,9,1.4,53.8,46.2,51269,73540
"8310",42003473300,"42","003","473300",5502,40.379234,-80.031273,"Census Tract 4733, Allegheny County, Pennsylvania",171200,2350,0,6.7,2.33,2.22,2.2,6.3,0,2.6,4.5,12,20.1,25.6,26.8,1.1,10,13.7,53,21.1,1.1,78.9,21.1,71393,85086
"8311",42003473401,"42","003","473401",3713,40.372604,-80.042859,"Census Tract 4734.01, Allegheny County, Pennsylvania",269200,1650,122,6.1,2.84,1.71,0,0,2.7,2.5,4.3,7.6,19.3,11.5,52.1,4.3,16.1,19.8,30.8,19.5,9.5,62,38,66848,122426
"8312",42003473402,"42","003","473402",3667,40.359176,-80.041954,"Census Tract 4734.02, Allegheny County, Pennsylvania",223500,1520,39,6.9,2.51,1.73,0,0,7.4,20.7,7.5,6.1,24.3,18.8,15.1,3.2,2.8,11.5,52,27.6,3,85.6,14.4,109514,120186
"8313",42003473500,"42","003","473500",3680,40.365237,-80.05499,"Census Tract 4735, Allegheny County, Pennsylvania",272700,1330,9,7.8,2.84,1.67,1.2,2.6,1.7,1.5,2,11,16.2,18.9,44.7,2.8,2.3,5.9,41.4,32.6,15.1,92.4,7.6,111250,158267
"8314",42003473601,"42","003","473601",4049,40.38359,-80.060256,"Census Tract 4736.01, Allegheny County, Pennsylvania",237800,1598,50,7.1,2.62,1.59,0,0.8,7.9,4.8,2.8,12,28.2,19.8,23.8,4.4,4.1,14.8,43.1,22,11.6,78.6,21.4,104244,138681
"8315",42003473602,"42","003","473602",4600,40.370965,-80.069997,"Census Tract 4736.02, Allegheny County, Pennsylvania",166400,2148,39,6.5,2.32,1.69,0,5.6,0.7,8.1,13.5,20.1,36.1,7.5,8.4,1.9,7.1,27,39.1,21.9,3.1,81.7,18.3,64148,83558
"8316",42003474101,"42","003","474101",3601,40.354861,-80.071166,"Census Tract 4741.01, Allegheny County, Pennsylvania",216800,1317,0,7.6,2.7,2.79,3.2,0,12.3,10.2,9.2,22.6,26.2,9,7.4,0,0,7.3,39.3,46,7.4,91.7,8.3,96544,139297
"8317",42003474102,"42","003","474102",3685,40.33994,-80.067206,"Census Tract 4741.02, Allegheny County, Pennsylvania",285700,1383,26,8.1,2.92,1.94,0,7.6,2.7,10.4,22.6,19.1,21,8.6,8,0.9,2.7,6.5,21.8,57.3,10.9,93.9,6.1,116932,161570
"8318",42003474201,"42","003","474201",2600,40.344467,-80.094721,"Census Tract 4742.01, Allegheny County, Pennsylvania",244800,910,0,8.4,2.94,NA,0,4.6,7.5,6.7,33,36.9,9.1,1.5,0.7,0,0.7,4.8,21.4,55.9,17.1,97,3,131071,146721
"8319",42003474202,"42","003","474202",4809,40.325611,-80.093305,"Census Tract 4742.02, Allegheny County, Pennsylvania",246700,1875,74,8,2.67,1.69,1.2,0,1.2,24.4,35.8,23.9,10.2,1.9,1.4,0.5,7.7,10.8,19.4,49,12.6,85.5,14.5,99698,131993
"8320",42003474203,"42","003","474203",4534,40.314031,-80.078876,"Census Tract 4742.03, Allegheny County, Pennsylvania",223000,1613,57,7.9,2.84,2.81,0.4,1.4,4.7,8.8,29.1,16.6,32.8,4.8,1.4,0,0,5.1,39.3,50.5,5.1,96.5,3.5,115929,153075
"8321",42003475101,"42","003","475101",4702,40.347606,-80.040505,"Census Tract 4751.01, Allegheny County, Pennsylvania",120200,2365,282,5.2,2.43,1.43,0,1.9,15.2,7.6,14.3,15.6,22.4,9.1,13.9,2.4,24,30.7,33.1,9.2,0.6,62.3,37.7,48223,62117
"8322",42003475102,"42","003","475102",1665,40.337331,-80.035026,"Census Tract 4751.02, Allegheny County, Pennsylvania",144600,667,40,6.9,2.63,2.06,0,0,5.2,4.6,8.4,18.1,39.3,9.7,14.5,0,3.3,9,55.6,28.2,3.9,95.1,4.9,76161,84702
"8323",42003475200,"42","003","475200",4919,40.323963,-80.054933,"Census Tract 4752, Allegheny County, Pennsylvania",153100,1913,63,6.9,2.69,2.83,0,0.6,1.1,2,7.1,24.1,37.9,23.1,4.1,0,1.6,13.8,55.2,24.4,5.1,93.5,6.5,74794,85365
"8324",42003475301,"42","003","475301",4425,40.324013,-80.032774,"Census Tract 4753.01, Allegheny County, Pennsylvania",133700,2047,14,5.6,2.3,2.12,0.3,2.3,0,6.2,15.8,22,32,4.3,17.1,0.6,20.1,24.5,43.9,10.1,0.8,60.8,39.2,45442,57052
"8325",42003475303,"42","003","475303",4064,40.308472,-80.046418,"Census Tract 4753.03, Allegheny County, Pennsylvania",156100,1551,45,7,2.71,2.95,2.3,3.7,5.4,6.8,20.8,36.8,15.3,6.1,2.8,0,0,8.8,57,28.1,6.1,97.2,2.8,75341,95542
"8326",42003475304,"42","003","475304",5688,40.300212,-80.049462,"Census Tract 4753.04, Allegheny County, Pennsylvania",169700,2238,64,6.4,2.56,2.35,3.9,4.6,8.6,33.6,33.9,8.6,3.4,0.9,2.5,0,10.6,22.7,29.8,34,2.9,78.6,21.4,69674,87706
"8327",42003475401,"42","003","475401",3790,40.342388,-80.014875,"Census Tract 4754.01, Allegheny County, Pennsylvania",161900,1544,45,6.9,2.73,1.78,3.7,3.7,2.7,2.1,15.6,22,32.9,11.2,6.2,0,7.4,13.9,48.9,25.6,4.1,85.5,14.5,71380,85794
"8328",42003475402,"42","003","475402",3060,40.309921,-80.025189,"Census Tract 4754.02, Allegheny County, Pennsylvania",176100,1198,53,7.1,2.8,2.42,2,5,10.4,12.7,9.3,15.2,33.3,7.7,4.4,0.9,7.8,15.1,34.1,37.7,4.3,85.5,14.5,83353,96264
"8329",42003476100,"42","003","476100",5034,40.366735,-80.025264,"Census Tract 4761, Allegheny County, Pennsylvania",103000,2715,251,5.2,2.19,1.82,2,4,1.4,1,11,18.3,44.6,8.3,9.3,3.9,20.7,24.7,45.8,3,1.9,43.5,56.5,45714,54344
"8330",42003476200,"42","003","476200",3282,40.364827,-80.014349,"Census Tract 4762, Allegheny County, Pennsylvania",102600,1533,140,6,2.49,1.86,0,0,5,7.9,1.2,8.8,49.5,14.5,13.1,0,4.4,28.6,55.8,9.1,2.2,88.4,11.6,58083,63079
"8331",42003477100,"42","003","477100",3651,40.357836,-80.005076,"Census Tract 4771, Allegheny County, Pennsylvania",135200,1605,0,6.3,2.23,2.15,1.7,4.9,6.2,5.2,1.1,9.7,41.2,23.6,6.5,1.6,2,19.6,64.2,12.6,0,94.9,5.1,66593,73599
"8332",42003477200,"42","003","477200",4140,40.365252,-79.993528,"Census Tract 4772, Allegheny County, Pennsylvania",134500,1960,107,5.8,2.52,1.36,0,0,1.8,10,15.5,15.3,32.4,11.5,13.5,0,11.4,28.7,48.8,11.1,0,72.6,27.4,46750,64691
"8333",42003477300,"42","003","477300",6153,40.35998,-79.972977,"Census Tract 4773, Allegheny County, Pennsylvania",132900,2816,174,5.7,2.42,1.97,0,0.4,4.6,3.6,11.6,15.8,38.6,15.4,10,2,20.1,18.3,44.9,12,2.9,62.2,37.8,42612,54756
"8334",42003478100,"42","003","478100",4015,40.374371,-79.980396,"Census Tract 4781, Allegheny County, Pennsylvania",96400,2201,165,5.4,2.62,1.53,0,0,0.5,0.5,3.8,13.7,21,23.9,36.6,4.5,19.2,34.6,33.8,6.5,1.5,53.9,46.1,39315,48213
"8335",42003478200,"42","003","478200",5628,40.375353,-79.973139,"Census Tract 4782, Allegheny County, Pennsylvania",96200,2627,337,5.7,2.47,2,0,0,1.1,0.5,5.1,8,25.2,24,36.1,2,12.4,34.6,45.1,5.1,0.8,69.3,30.7,51733,59057
"8336",42003479000,"42","003","479000",1992,40.38022,-80.016448,"Census Tract 4790, Allegheny County, Pennsylvania",104600,854,20,5.8,2.41,1.76,0,0.7,0,0,1.1,8,45.7,39.2,5.4,0,0,35.1,55.9,8.3,0.7,93.9,6.1,63500,76517
"8337",42003480101,"42","003","480101",4837,40.341019,-79.982569,"Census Tract 4801.01, Allegheny County, Pennsylvania",114400,2446,430,5.2,2.35,2.61,0,1.9,1.8,8.2,9,11.7,44.7,11.5,11.3,4.8,17.9,23.9,43.2,4.5,5.8,51.4,48.6,34868,49794
"8338",42003480102,"42","003","480102",3107,40.344964,-79.999979,"Census Tract 4801.02, Allegheny County, Pennsylvania",113300,1370,85,6,2.54,1.96,0,0,0,2.4,4.5,10.5,61.6,12.8,8.2,0,3.8,26.4,58.1,11.8,0,89.1,10.9,52083,60341
"8339",42003480200,"42","003","480200",3428,40.355012,-79.963742,"Census Tract 4802, Allegheny County, Pennsylvania",114000,1479,104,6.2,2.44,1.75,1.1,0,5.2,4.9,12.2,18.3,35.6,12.7,10,0,5.2,21.4,58.7,13.2,1.6,88,12,64071,66850
"8340",42003480300,"42","003","480300",3415,40.393937,-79.969084,"Census Tract 4803, Allegheny County, Pennsylvania",107700,1446,119,6.2,2.32,3.17,6.6,0,1.4,1.3,7.5,15.1,36.6,14.3,17.2,0.5,0.8,29.7,57,11.7,0.4,89.8,10.2,61636,74032
"8341",42003480400,"42","003","480400",4980,40.381277,-79.954505,"Census Tract 4804, Allegheny County, Pennsylvania",100000,2228,80,5.9,2.21,2.65,0,0.4,5.2,2.2,12.1,32.7,26.6,8.2,12.7,0.7,4.4,28.4,54.6,11.6,0.3,85.4,14.6,46563,55460
"8342",42003481000,"42","003","481000",3403,40.411626,-79.986067,"Census Tract 4810, Allegheny County, Pennsylvania",50800,1833,238,5.3,2.12,2.2,0,3.1,0,1.7,4,6.4,8.1,15.9,60.8,2,20.8,36.1,31.3,7.6,2.2,44.5,55.5,30625,35880
"8343",42003482500,"42","003","482500",1929,40.395418,-79.913359,"Census Tract 4825, Allegheny County, Pennsylvania",98800,1020,239,5.8,2.6,2.1,0.8,0,0,2.1,6.2,11.1,38.5,4.8,36.6,3.9,8.6,30.6,42.1,13.5,1.3,80.4,19.6,50481,57798
"8344",42003483800,"42","003","483800",3165,40.403739,-79.907366,"Census Tract 4838, Allegheny County, Pennsylvania",40000,1906,572,4.7,2.46,2.31,1.9,14.4,2.8,3.8,3,8.2,7.5,11.7,46.7,2.4,29.2,37,24.1,4,3.3,33.9,66.1,34464,43278
"8345",42003484300,"42","003","484300",3404,40.404987,-79.897906,"Census Tract 4843, Allegheny County, Pennsylvania",56000,1924,311,5.1,2.16,1.64,2.2,11.6,8.5,0,2.4,7.8,10.1,10.8,46.5,0.8,23.1,44.6,18.3,9.7,3.4,55.2,44.8,28906,47051
"8346",42003484500,"42","003","484500",5745,40.382841,-79.904876,"Census Tract 4845, Allegheny County, Pennsylvania",88500,2847,195,5.7,2.34,2.01,0,0.5,2.4,3.5,3.6,10.8,31.5,23.6,24.1,3.9,7.6,28.9,51.1,5.8,2.6,75.2,24.8,46273,55728
"8347",42003484600,"42","003","484600",2257,40.393033,-79.901199,"Census Tract 4846, Allegheny County, Pennsylvania",77200,1091,75,5.7,2.48,1.73,0,0,1,6.7,8.2,9.3,18.2,14.8,41.8,0,18.2,26.5,48.2,7.1,0,63.1,36.9,42083,54512
"8348",42003485000,"42","003","485000",1271,40.399147,-79.888657,"Census Tract 4850, Allegheny County, Pennsylvania",58600,609,34,5.5,2.47,1.89,0,0.3,0,2.1,1.5,11.8,12,18.1,54.2,1.6,9.9,37.8,41.4,6.2,3.1,78.6,21.4,36895,44191
"8349",42003486700,"42","003","486700",2360,40.377695,-79.856317,"Census Tract 4867, Allegheny County, Pennsylvania",47300,1410,205,4.7,2.8,1.86,0,0,2.7,6.7,12.8,12.1,27.7,15.2,22.8,11.4,18.9,34.4,24.9,8.9,1.4,32.4,67.6,17212,27582
"8350",42003486800,"42","003","486800",1827,40.369512,-79.851728,"Census Tract 4868, Allegheny County, Pennsylvania",40500,947,272,5.9,2.43,2.24,0,2.7,0.1,9.1,7.1,0.5,11.2,12.7,56.6,0,5.6,35.5,20.8,25.7,12.5,62.7,37.3,30417,39012
"8351",42003486900,"42","003","486900",1378,40.364331,-79.850089,"Census Tract 4869, Allegheny County, Pennsylvania",33300,919,330,5.6,2.23,2.76,0,0,0,1.7,2.5,6.6,29.8,21.8,37.5,1.7,5.3,33.7,46.5,10.4,2.3,56.9,43.1,24856,33609
"8352",42003487000,"42","003","487000",1792,40.351559,-79.890837,"Census Tract 4870, Allegheny County, Pennsylvania",70700,988,96,5.3,2.39,1.83,0,0,0.4,1.2,0.4,9.8,18.4,40.4,29.4,0,12.6,43.4,34.3,5.3,4.5,62.8,37.2,46324,49236
"8353",42003488100,"42","003","488100",2311,40.386565,-79.886706,"Census Tract 4881, Allegheny County, Pennsylvania",84200,1006,107,5.7,2.36,2.94,0,0,1.5,0,3.8,21.7,32.8,19.4,20.9,0,3.6,28,62,6.4,0,76.8,23.2,39575,43842
"8354",42003488200,"42","003","488200",3591,40.392776,-79.877885,"Census Tract 4882, Allegheny County, Pennsylvania",83400,1694,276,5.6,2.58,2.49,0,2.8,2,0,3.4,6.1,34,33.3,18.4,0,3,45.5,40.6,8.3,2.6,67.9,32.1,40408,49553
"8355",42003488300,"42","003","488300",2173,40.37137,-79.893078,"Census Tract 4883, Allegheny County, Pennsylvania",96600,965,53,6,2.42,1.85,0,2.5,3.9,1.8,19.1,25.7,19.5,14.6,13,0,6.3,23.3,58.7,10.5,1.2,84.1,15.9,46605,54065
"8356",42003488400,"42","003","488400",4453,40.363814,-79.866206,"Census Tract 4884, Allegheny County, Pennsylvania",74000,2152,185,5.6,2.63,1.72,0,0,2.5,5.9,4.7,9.8,29,28.2,19.9,0,6,34.3,48,9.4,2.3,69.8,30.2,43053,49970
"8357",42003488500,"42","003","488500",2843,40.358012,-79.926881,"Census Tract 4885, Allegheny County, Pennsylvania",88800,1352,57,5.8,2.4,1.68,2.4,3,2.7,3,18.4,14,36,15.2,5.3,0,17.8,18.5,49.6,11.8,2.4,76.8,23.2,51178,57944
"8358",42003488600,"42","003","488600",4942,40.341832,-79.922276,"Census Tract 4886, Allegheny County, Pennsylvania",94200,2258,218,5.7,2.46,1.93,0.5,1.3,1.9,4.5,16.6,17.3,36.9,14,7,0,8.8,24.4,53.4,11.4,1.9,80.5,19.5,51940,59030
"8359",42003489001,"42","003","489001",4542,40.331213,-79.95311,"Census Tract 4890.01, Allegheny County, Pennsylvania",142000,2097,113,6,2.58,1.47,0.7,2.5,8,5.2,19.3,9.4,27.3,23.4,4.3,2.5,16.1,26.5,36.7,17.7,0.6,70,30,52404,65930
"8360",42003489002,"42","003","489002",3726,40.330431,-79.965633,"Census Tract 4890.02, Allegheny County, Pennsylvania",141200,1499,35,6.7,2.69,1.78,0,0.6,2,1,1.3,28,46.1,14.9,6.2,0,6.9,13.8,61.8,15.6,1.9,82.5,17.5,75155,85827
"8361",42003490002,"42","003","490002",4802,40.294856,-80.015571,"Census Tract 4900.02, Allegheny County, Pennsylvania",121900,2374,230,5.9,2.53,1.81,0,0.8,8.3,5.5,26.2,18.9,20.2,5.2,14.9,0,5.8,31.7,43,19.4,0,71.5,28.5,49914,62098
"8362",42003490003,"42","003","490003",3519,40.319769,-79.989609,"Census Tract 4900.03, Allegheny County, Pennsylvania",144400,1469,79,6.2,2.6,2.27,2.2,3.3,4.1,9.3,27.9,11.9,25.6,4.4,11.3,0,5.3,22.6,56.6,14.3,1.2,76,24,74451,81777
"8363",42003490004,"42","003","490004",5095,40.28821,-79.982995,"Census Tract 4900.04, Allegheny County, Pennsylvania",145400,1870,58,6.5,2.68,2.52,3.3,8.6,14.5,20.5,38.4,3.2,4.3,0.5,6.7,0,0.4,20.7,55.1,21.8,2,92.4,7.6,80862,83973
"8364",42003491101,"42","003","491101",5892,40.301856,-79.954543,"Census Tract 4911.01, Allegheny County, Pennsylvania",211900,2314,38,7,2.64,1.91,9.2,12.4,16.1,23.4,11,8.3,8.3,3,8.3,0,3.1,25.7,34.1,31.1,6,86.4,13.6,83265,109262
"8365",42003491200,"42","003","491200",2042,40.31267,-79.919426,"Census Tract 4912, Allegheny County, Pennsylvania",113900,992,49,5.5,2.35,1.62,0,0.9,6.9,21.2,12.6,8.5,27.2,12.1,10.7,1.1,14.2,37.8,40.2,5.6,1,73.2,26.8,51277,66715
"8366",42003492700,"42","003","492700",1882,40.307097,-79.892174,"Census Tract 4927, Allegheny County, Pennsylvania",49200,1265,289,5.1,1.89,2.65,0,0,0,2.6,0.5,1.8,15.7,19.9,59.4,0,11.1,39.6,43.4,4.7,1.1,66.1,33.9,30805,42120
"8367",42003492800,"42","003","492800",2769,40.291435,-79.883567,"Census Tract 4928, Allegheny County, Pennsylvania",44100,1606,358,5.5,1.9,2.09,0,6.3,0.6,0,3.1,6.6,29.3,18.6,35.6,0.5,9.3,41.8,40.2,7.1,1.2,55,45,25130,35102
"8368",42003492900,"42","003","492900",2145,40.288527,-79.893281,"Census Tract 4929, Allegheny County, Pennsylvania",51800,1339,230,5.2,1.93,2.25,1.1,0,0,0.7,1.7,1.4,22.9,44.1,28.1,0,3.4,49.1,43.8,3.7,0,66.2,33.8,33098,45776
"8369",42003494000,"42","003","494000",1493,40.270031,-79.887716,"Census Tract 4940, Allegheny County, Pennsylvania",75200,720,73,5.6,2.63,1.61,0,0,0.8,1.8,4.6,3.2,15.1,18.3,56.1,1.5,17.6,31.7,37.6,10.4,1.1,58.4,41.6,39596,44945
"8370",42003495000,"42","003","495000",3376,40.228948,-79.893832,"Census Tract 4950, Allegheny County, Pennsylvania",89700,1522,179,5.8,2.46,2.73,2.4,2.7,4.8,7.2,17.5,5.3,25.2,10.6,24.4,0,4.3,36.3,46.8,8.9,3.7,76.3,23.7,45823,57808
"8371",42003496101,"42","003","496101",2957,40.272581,-79.82032,"Census Tract 4961.01, Allegheny County, Pennsylvania",110300,1310,136,6.2,2.54,2.71,0.5,3.6,5,3.6,19.6,13,22.4,7.6,24.8,0,1.5,25.8,58.1,13.7,0.8,96.2,3.8,59489,69196
"8372",42003496102,"42","003","496102",4502,40.258054,-79.849375,"Census Tract 4961.02, Allegheny County, Pennsylvania",104300,2037,162,6.1,2.44,2.14,2.4,4.2,3,5.3,13.6,19.1,24.9,9.4,18,0,3,27.9,56.3,11,1.7,85.5,14.5,57612,62580
"8373",42003496200,"42","003","496200",5812,40.302536,-79.812684,"Census Tract 4962, Allegheny County, Pennsylvania",99000,2708,164,6,2.23,2.31,0,1.3,4,4.3,17.3,13.3,34.5,14.3,11.1,0.5,6.5,28.5,46.9,15.4,2.2,73.5,26.5,49083,57850
"8374",42003497000,"42","003","497000",1072,40.298187,-79.854561,"Census Tract 4970, Allegheny County, Pennsylvania",85600,478,49,5.7,2.46,1.81,0,2.5,3.1,2.5,13.8,9.6,28.9,9.4,30.1,0,6.5,31.2,53.6,7.3,1.5,87.6,12.4,45917,53311
"8375",42003498000,"42","003","498000",2551,40.324395,-79.855857,"Census Tract 4980, Allegheny County, Pennsylvania",76600,1092,97,5.5,2.53,2.64,0,0,2.6,0,6.4,7,54.4,19,10.6,0,6.1,39.2,45.3,7.1,2.3,91.1,8.9,51719,59681
"8376",42003499300,"42","003","499300",1574,40.331805,-79.886918,"Census Tract 4993, Allegheny County, Pennsylvania",68900,820,153,5.8,2.31,1.93,0,0.9,0,0,3,10.5,32.3,20.9,32.4,0.9,1.1,48.3,37.3,8.3,4.1,87.1,12.9,48807,55191
"8377",42003499400,"42","003","499400",2909,40.323697,-79.889279,"Census Tract 4994, Allegheny County, Pennsylvania",52000,1579,241,5.1,2.2,2.28,0,0.4,0.6,0.7,2.9,3.2,21.9,14.9,55.3,1.9,15.5,38.1,34.8,8.4,1.3,57.8,42.2,26107,34785
"8378",42003500300,"42","003","500300",3798,40.338431,-79.873105,"Census Tract 5003, Allegheny County, Pennsylvania",64200,2127,376,5.5,2.27,1.81,0,0,1.5,2.4,2.2,5.9,42.4,22.1,23.5,1.7,8.6,35.4,42.3,9.6,2.3,78.9,21.1,37471,49521
"8379",42003501000,"42","003","501000",1515,40.318333,-79.830854,"Census Tract 5010, Allegheny County, Pennsylvania",56100,897,106,4.9,2.23,1.91,0,0.3,0,2.9,18.2,17.8,12,10.7,38,1.2,14.2,49.7,30.8,3.1,1,47.5,52.5,35099,44845
"8380",42003503002,"42","003","503002",5989,40.34757,-79.816706,"Census Tract 5030.02, Allegheny County, Pennsylvania",96500,3016,226,6,2.24,1.56,0.5,2.8,1.1,4.5,10.8,13.1,36.2,10.7,20.3,0,8.7,31.9,49.3,9.2,0.9,77.4,22.6,50510,61795
"8381",42003504100,"42","003","504100",5243,40.381527,-79.825045,"Census Tract 5041, Allegheny County, Pennsylvania",72600,2809,385,5.1,2.39,1.97,0.4,0.3,1.3,2.4,10.9,17.6,27.8,25.1,14.3,1.3,11.2,42.5,37,7.3,0.7,53.2,46.8,31844,43298
"8382",42003507000,"42","003","507000",2126,40.383851,-79.808231,"Census Tract 5070, Allegheny County, Pennsylvania",70900,1149,133,5.6,2.45,1.71,0,2.6,0.9,4.4,5.8,11.4,25.2,13.8,36,2.9,13.6,33.9,37,10.5,2.1,66.9,33.1,42154,46956
"8383",42003508000,"42","003","508000",2190,40.394044,-79.808904,"Census Tract 5080, Allegheny County, Pennsylvania",48900,1200,190,4.5,1.87,2.04,0,0,7.3,8.5,10,7.2,4.9,10.3,51.8,4.5,20.1,45.8,17.8,8.6,3.3,34.9,65.1,20805,30201
"8384",42003509400,"42","003","509400",5349,40.409532,-79.819925,"Census Tract 5094, Allegheny County, Pennsylvania",56100,3419,869,5.2,2.63,1.63,0.8,0,0.4,1.9,4.3,4.1,10.8,36.5,41.2,5.7,20.1,30.4,33.2,7.2,3.4,44.7,55.3,33444,44251
"8385",42003510000,"42","003","510000",1822,40.397298,-79.840321,"Census Tract 5100, Allegheny County, Pennsylvania",47700,1071,298,4.8,2.88,2.29,0,0,9,0.9,5.3,11,8.8,9.7,55.3,4.9,31.4,19,26.2,10.7,7.7,37.5,62.5,24929,37032
"8386",42003512000,"42","003","512000",2317,40.404751,-79.844853,"Census Tract 5120, Allegheny County, Pennsylvania",45200,1255,142,5.1,2.39,2.13,0,0.6,0,0.9,1.5,11.6,9.9,20.7,54.9,0,10.8,48.7,34.7,4.1,1.8,58.7,41.3,30179,41039
"8387",42003512800,"42","003","512800",1380,40.403335,-79.859764,"Census Tract 5128, Allegheny County, Pennsylvania",40900,1006,386,5.1,2.08,2.06,3.4,0,0,0,0,1.8,19.7,10.7,64.4,0,24.5,32.8,33.2,8.6,0.9,47.6,52.4,18472,32707
"8388",42003512900,"42","003","512900",1160,40.409855,-79.865197,"Census Tract 5129, Allegheny County, Pennsylvania",38300,762,333,5.9,3.09,2.4,0,0,4.9,0,2,5.4,3.1,4.1,80.6,0,12.6,19.4,45,17.6,5.4,37.1,62.9,24375,35957
"8389",42003513800,"42","003","513800",2159,40.404909,-79.868498,"Census Tract 5138, Allegheny County, Pennsylvania",41100,1332,532,5.1,2.85,2.65,0.5,2,10.4,5,1.7,2.9,2.6,15.3,59.7,0,14.3,34.2,34.8,12.9,3.8,40.5,59.5,22283,30679
"8390",42003514000,"42","003","514000",2122,40.412168,-79.878663,"Census Tract 5140, Allegheny County, Pennsylvania",43500,1093,156,4.6,2.53,2.24,0,0,3.5,0.8,10.2,10.8,2.6,19.4,52.7,0.5,12.1,48.1,34.1,4.4,0.7,32.2,67.8,20199,32398
"8391",42003515100,"42","003","515100",2722,40.418939,-79.879798,"Census Tract 5151, Allegheny County, Pennsylvania",60700,1604,373,5.3,2.15,1.71,0.6,0,2.7,7,6.9,9.2,11.5,11.7,50.4,0,22.7,31,31.5,8.6,6.1,54.3,45.7,36181,49971
"8392",42003515200,"42","003","515200",2124,40.424763,-79.879976,"Census Tract 5152, Allegheny County, Pennsylvania",72800,1372,174,4.9,1.98,1.65,0,0,3.4,12.4,1.4,9.9,14,10.9,48,3.6,14.4,46.9,27.3,3.9,3.9,48.2,51.8,44506,50068
"8393",42003515300,"42","003","515300",1871,40.420037,-79.891012,"Census Tract 5153, Allegheny County, Pennsylvania",62400,1185,210,5,2.07,1.98,0,0.9,2,5.9,4.4,8.7,12.2,15.6,50.3,2.1,24.1,36.4,20.1,13.9,3.5,48.8,51.2,25313,41522
"8394",42003515401,"42","003","515401",2266,40.42575,-79.894165,"Census Tract 5154.01, Allegheny County, Pennsylvania",120700,1313,126,5.7,2.3,1.57,0,0,0,0,2.4,9.7,14.6,8.5,64.7,1.1,13.3,29.8,39.4,10,6.5,69,31,56215,65872
"8395",42003516100,"42","003","516100",1392,40.43264,-79.889134,"Census Tract 5161, Allegheny County, Pennsylvania",157700,717,33,6.4,2.23,1.59,0,0,1.7,1.3,1.7,1.8,8.6,10.3,74.6,2.8,10.9,12.8,48,16.7,8.8,80.7,19.3,63382,89151
"8396",42003516200,"42","003","516200",1726,40.431538,-79.880917,"Census Tract 5162, Allegheny County, Pennsylvania",160100,922,112,6.3,2.42,1.32,0,0,0.8,2.5,6.8,8.4,13,8.5,60.1,0.9,14,28,25.8,20.1,11.3,66.3,33.7,53750,76501
"8397",42003517000,"42","003","517000",1880,40.417038,-79.86208,"Census Tract 5170, Allegheny County, Pennsylvania",79100,1060,73,4.7,2.1,1.47,0,2.4,2.5,1,20.2,14.6,31.4,13.1,14.8,3.3,33.9,23.4,34.6,4.2,0.6,51.8,48.2,31445,44470
"8398",42003518001,"42","003","518001",3391,40.4285,-79.859936,"Census Tract 5180.01, Allegheny County, Pennsylvania",138500,1700,128,6.4,2.29,1.77,0,4.6,3.5,6.8,6.8,10.5,22.5,14.1,31.1,7.3,4.5,14.6,50.8,18.9,3.8,83.2,16.8,64853,77100
"8399",42003519000,"42","003","519000",3011,40.438386,-79.844746,"Census Tract 5190, Allegheny County, Pennsylvania",156700,1327,22,7,2.32,2.51,0,0,0,4.4,11.6,25.2,35.3,18.4,5,0,0.6,12.4,57.1,26.8,3,92.6,7.4,80990,90094
"8400",42003520001,"42","003","520001",3229,40.431507,-79.815433,"Census Tract 5200.01, Allegheny County, Pennsylvania",104500,1663,80,5.9,2.34,1.55,0.7,0.7,0,4,21.3,21.4,33,2.4,16.6,0,12.5,26.5,41.3,19.7,0,65.8,34.2,54536,71927
"8401",42003520002,"42","003","520002",3128,40.420542,-79.835312,"Census Tract 5200.02, Allegheny County, Pennsylvania",85900,1751,207,5.8,2.26,1.53,1.3,0,3.8,3.4,12.3,9,28.2,13.2,28.8,1.8,16,27.3,43.9,5.4,5.6,66.4,33.6,36653,46847
"8402",42003521100,"42","003","521100",4603,40.45131,-79.77752,"Census Tract 5211, Allegheny County, Pennsylvania",109900,1829,107,6.5,2.53,3.23,3.1,3,5,5,4.5,13.4,55.4,6.4,4.2,0,0.6,7.7,69.6,20.7,1.4,94.2,5.8,69563,76711
"8403",42003521200,"42","003","521200",4090,40.428569,-79.793207,"Census Tract 5212, Allegheny County, Pennsylvania",113800,2285,90,5.2,2.23,1.89,0,0.5,16.4,18.1,15.8,12.4,23.2,6.7,7,1.7,15.8,40.5,37.2,4.3,0.6,53.3,46.7,52017,57257
"8404",42003521301,"42","003","521301",4226,40.421961,-79.760285,"Census Tract 5213.01, Allegheny County, Pennsylvania",166600,2092,146,5.1,2.3,1.83,1.8,5.4,3.9,11.4,22.2,16.8,26.6,5.5,6.3,0.5,22.5,35.5,24.3,13.3,3.9,49.7,50.3,41184,63223
"8405",42003521302,"42","003","521302",4378,40.424135,-79.781238,"Census Tract 5213.02, Allegheny County, Pennsylvania",97700,2237,314,4.9,2.44,1.56,0.4,2.2,5.5,10.1,18.1,14.2,24,10.4,15,2.7,16,39.9,32.8,6.9,1.7,51.6,48.4,48750,66704
"8406",42003521401,"42","003","521401",2858,40.425546,-79.730595,"Census Tract 5214.01, Allegheny County, Pennsylvania",110300,1274,119,6,2.4,2.02,0,6.2,1.8,6.1,22.7,16.5,41.5,1.4,3.8,0,11.1,16.1,62.2,9.3,1.4,72.1,27.9,60521,68742
"8407",42003521402,"42","003","521402",3897,40.405794,-79.747909,"Census Tract 5214.02, Allegheny County, Pennsylvania",175200,1541,45,7.8,2.58,3.57,2.2,2.4,4.5,2.5,27.6,34.1,20.4,1.6,4.6,0,0,2.4,43.7,47.4,6.5,92.6,7.4,84615,93897
"8408",42003521500,"42","003","521500",4341,40.443646,-79.736901,"Census Tract 5215, Allegheny County, Pennsylvania",131600,1920,66,6.5,2.45,1.35,0.5,1,10.3,10.6,20.8,13.8,38.3,3.8,0.9,0.5,5.1,19.1,50.6,21.5,3.2,85.1,14.9,62425,74748
"8409",42003522000,"42","003","522000",3294,40.40507,-79.777201,"Census Tract 5220, Allegheny County, Pennsylvania",61800,1895,425,5.2,2.53,1.87,0,0,0.7,3.4,3.6,8.1,9.4,13,61.8,5.4,17.3,35.1,34.5,5.3,2.4,59,41,38982,44551
"8410",42003523100,"42","003","523100",4194,40.469288,-79.871646,"Census Tract 5231, Allegheny County, Pennsylvania",75500,2020,316,6,2.28,2.79,0,0,0,5.5,4.9,23.8,42.6,5.7,17.5,0,0.7,27.9,59.1,10.9,1.3,79.6,20.4,40806,60716
"8411",42003523200,"42","003","523200",3922,40.460983,-79.854531,"Census Tract 5232, Allegheny County, Pennsylvania",77200,1902,292,6.1,2.59,2.16,0,0,0,2.7,5.6,10.3,36.5,17.1,27.8,0,4.3,33.6,40.7,20.1,1.3,75.5,24.5,49815,65213
"8412",42003523300,"42","003","523300",4194,40.471987,-79.834409,"Census Tract 5233, Allegheny County, Pennsylvania",91300,1859,111,6.3,2.52,1.73,0,0,3.8,0.4,4.8,18.7,39.3,14.5,18.5,6.3,3.7,12.7,58.1,15.2,3.9,83.6,16.4,55117,59841
"8413",42003523400,"42","003","523400",4967,40.456203,-79.835119,"Census Tract 5234, Allegheny County, Pennsylvania",82500,2454,165,5.9,2.47,1.88,0.7,3.5,1.2,6.8,4.5,8.3,51.2,19.6,4.2,3.3,8.8,32.5,47.4,6.7,1.3,75.4,24.6,42658,57785
"8414",42003523501,"42","003","523501",4658,40.470321,-79.810277,"Census Tract 5235.01, Allegheny County, Pennsylvania",87500,2074,94,6.1,2.32,2.1,0,0,1,2.3,16.2,26.6,37.8,9.5,6.8,0.6,7.2,12.2,57.4,21.1,1.5,79.1,20.9,50909,54976
"8415",42003523502,"42","003","523502",1539,40.470001,-79.789925,"Census Tract 5235.02, Allegheny County, Pennsylvania",72400,684,135,5.8,2.34,1.51,0,0,2.9,0,1.2,14.3,51.5,12.3,17.8,3.1,3.4,26,49.6,13.6,4.4,90.3,9.7,46445,50610
"8416",42003523600,"42","003","523600",4845,40.453746,-79.812401,"Census Tract 5236, Allegheny County, Pennsylvania",102200,2262,17,6.4,2.33,2,0,0,1.5,2.9,9.9,41.6,30.9,7.4,5.7,0,9,16.2,47.1,24,3.7,84.1,15.9,51528,58980
"8417",42003523701,"42","003","523701",4179,40.502958,-79.819669,"Census Tract 5237.01, Allegheny County, Pennsylvania",93500,1915,134,6.3,2.37,2.01,0,0.5,3.2,10.2,21.1,19,23.9,13,9,1.3,4.3,21.3,56,14.8,2.3,81.6,18.4,49528,57911
"8418",42003523702,"42","003","523702",5180,40.488827,-79.796315,"Census Tract 5237.02, Allegheny County, Pennsylvania",94300,2708,370,5.8,2.48,1.44,1.3,2.4,2.2,3.1,23.9,17.2,21.9,6.9,21.1,2.4,20.1,17.2,46.8,10.2,3.3,68,32,52018,53211
"8419",42003523800,"42","003","523800",4651,40.488418,-79.836334,"Census Tract 5238, Allegheny County, Pennsylvania",90600,2333,65,6.2,2.2,1.8,1.2,0,4.5,1.1,1.5,17.8,38.8,14.4,20.8,3.9,4.4,22,55.9,12.8,1,78,22,44954,56516
"8420",42003524000,"42","003","524000",2474,40.50543,-79.839928,"Census Tract 5240, Allegheny County, Pennsylvania",82500,1316,171,4.9,2.36,1.95,0.7,0,11.7,5.4,7.5,8.5,9.1,15.4,41.6,0.7,15.5,43.2,33.4,4.9,2.2,38.3,61.7,33854,40037
"8421",42003525100,"42","003","525100",2054,40.517492,-79.830839,"Census Tract 5251, Allegheny County, Pennsylvania",164500,1070,66,5.8,2.01,2.34,0,1.1,16.1,18.9,1,6.6,31.8,5.3,19.2,1.1,3.1,33.7,44.2,15.4,2.4,82.8,17.2,71250,97794
"8422",42003525200,"42","003","525200",2007,40.517733,-79.842534,"Census Tract 5252, Allegheny County, Pennsylvania",123800,1159,75,4.3,2.22,1.51,0,0,2.8,14.2,19.3,15.2,4.3,5.3,38.9,0,29.4,51.8,14.4,1.9,2.5,31.9,68.1,34537,46399
"8423",42003525300,"42","003","525300",2242,40.524216,-79.835046,"Census Tract 5253, Allegheny County, Pennsylvania",183000,1036,135,6.4,2.53,1.85,1.7,0,2.9,7.1,4,15.2,15.1,7.7,46.3,0,2.9,31.1,38.4,13.1,14.5,74.9,25.1,66853,104801
"8424",42003526101,"42","003","526101",6902,40.521787,-79.770577,"Census Tract 5261.01, Allegheny County, Pennsylvania",151000,2771,17,6.4,2.53,1.63,6,7,23.7,22.8,8.3,5,7,3.9,16.4,0,13.4,21,38.9,23.6,3.1,84.9,15.1,71200,81604
"8425",42003526102,"42","003","526102",2120,40.498337,-79.725222,"Census Tract 5261.02, Allegheny County, Pennsylvania",100000,890,68,6,2.34,2.97,2.2,1.3,6.6,3.4,21.8,9,7.2,16.3,32.1,0,3.6,32,43.7,20.7,0,87.3,12.7,46058,55622
"8426",42003526201,"42","003","526201",3690,40.488098,-79.758751,"Census Tract 5262.01, Allegheny County, Pennsylvania",148900,1443,0,6.7,2.73,1.53,1.2,8,12.9,14,14.1,14.6,22,7.6,5.6,0,5.1,13.9,59,20.2,1.9,90.7,9.3,73701,82528
"8427",42003526202,"42","003","526202",5060,40.47337,-79.764679,"Census Tract 5262.02, Allegheny County, Pennsylvania",136700,2067,188,6.2,2.94,1.97,2.6,3.7,14.9,7.5,20,29.4,10.5,4.8,6.6,0,13.9,21,40.6,23.4,1,71,29,58953,71801
"8428",42003526301,"42","003","526301",4105,40.478428,-79.714854,"Census Tract 5263.01, Allegheny County, Pennsylvania",127500,1673,125,6.7,2.7,2.95,0,3.4,9.8,13.1,22.8,43,6.6,0,1.2,0,0,6.3,75.7,16.5,1.5,97.5,2.5,73289,82208
"8429",42003526302,"42","003","526302",5249,40.462533,-79.710834,"Census Tract 5263.02, Allegheny County, Pennsylvania",133700,2226,144,6.2,2.7,2.31,1.2,1,3.8,9.2,23.6,47.9,9.1,2.2,2,1.2,1.3,28.2,51.3,16.7,1.3,64.3,35.7,67306,74061
"8430",42003550900,"42","003","550900",2015,40.34828,-79.853319,"Census Tract 5509, Allegheny County, Pennsylvania",36700,1144,422,5.6,2.29,2.38,0,1.3,0.7,5.3,0,12.1,8,15.9,56.6,1.7,15.4,36.9,32.6,8.8,4.5,52.4,47.6,31648,40854
"8431",42003551200,"42","003","551200",3370,40.350411,-79.836249,"Census Tract 5512, Allegheny County, Pennsylvania",53000,1894,271,5,2.33,2.05,1.4,0,0,2,1.7,3.4,32.5,24.8,34.3,1.6,20.8,35.7,35.2,6.7,0,44.4,55.6,23512,33498
"8432",42003551300,"42","003","551300",2385,40.334141,-79.82995,"Census Tract 5513, Allegheny County, Pennsylvania",70700,1208,59,5.8,2.06,2.55,0,0.7,4.6,2,6.6,24.3,19.7,18.3,23.9,0,3.5,36.2,51.3,8.4,0.7,83.8,16.2,43224,50794
"8433",42003551900,"42","003","551900",1464,40.353369,-79.850121,"Census Tract 5519, Allegheny County, Pennsylvania",39400,969,235,3.4,1.92,1.78,0,2.4,0,6.2,22.8,18.1,20.1,2.7,27.8,13.5,47.3,19,11,6.4,2.8,13.2,86.8,14136,20586
"8434",42003552000,"42","003","552000",2746,40.341843,-79.841012,"Census Tract 5520, Allegheny County, Pennsylvania",37900,1280,219,5.7,2.53,3.1,0,0.6,0,3.1,6.4,9.5,10.5,18,51.8,1.6,1.4,47.7,44.1,5.2,0,65.5,34.5,29698,37675
"8435",42003552100,"42","003","552100",1450,40.345386,-79.864539,"Census Tract 5521, Allegheny County, Pennsylvania",32200,520,155,4.6,1.93,1.66,1,1.2,0,9.8,1,13.1,26.5,12.9,34.6,5.4,24.4,39.4,28.7,2.1,0,26.8,73.2,13588,17962
"8436",42003552200,"42","003","552200",1100,40.348574,-79.876992,"Census Tract 5522, Allegheny County, Pennsylvania",39400,621,72,5.4,2.09,2.61,0,0,1,0,0,2.1,11.8,12.4,72.8,0,7.4,45.2,36.9,7.6,2.9,46.4,53.6,21568,32723
"8437",42003552300,"42","003","552300",2184,40.341874,-79.850241,"Census Tract 5523, Allegheny County, Pennsylvania",33200,1358,389,5.7,2.07,2.5,0,1.5,1,0,0,1.8,10.8,16.1,68.8,0,8.1,41,33.8,2.9,14.1,50.3,49.7,29848,35753
"8438",42003552400,"42","003","552400",3017,40.334389,-79.840451,"Census Tract 5524, Allegheny County, Pennsylvania",47900,1575,184,5.7,2.34,2.18,0,1.5,2.2,0,3.7,6.7,17.3,11.9,56.7,0,14.1,34.9,41.7,8.8,0.5,70.7,29.3,28901,41184
"8439",42003560400,"42","003","560400",1559,40.442762,-79.890634,"Census Tract 5604, Allegheny County, Pennsylvania",69100,1052,182,4.4,1.46,1.68,0,0,1.1,6.5,8.5,10.9,7.8,25.4,39.8,4.1,38.5,29.6,17.6,6.7,3.6,13.7,86.3,25771,29964
"8440",42003560500,"42","003","560500",2176,40.437888,-79.891341,"Census Tract 5605, Allegheny County, Pennsylvania",155400,1354,85,5.4,2.06,1.8,0,0.4,2.1,2.4,2.7,7.2,12.9,9.7,62.5,2.9,29.4,25,29.9,8.3,4.6,36.4,63.6,50017,56747
"8441",42003560600,"42","003","560600",1074,40.439863,-79.883332,"Census Tract 5606, Allegheny County, Pennsylvania",39900,895,394,4.7,1.35,1.63,0,0,0,12.4,8.9,5.6,9.4,15.8,47.9,4.1,32.2,38.2,14,6.1,5.4,25.3,74.7,12218,19302
"8442",42003561000,"42","003","561000",1559,40.437493,-79.877848,"Census Tract 5610, Allegheny County, Pennsylvania",54600,981,282,5.7,2.65,1.79,0,0,1,1.9,0.5,11.3,12.9,14.9,57.4,0,20.8,27.4,32.2,4.6,15,41.9,58.1,24601,38216
"8443",42003561100,"42","003","561100",850,40.446317,-79.876302,"Census Tract 5611, Allegheny County, Pennsylvania",56900,548,167,5.7,1.95,2.62,0,0,0,2.7,1.6,5.5,4,15.5,70.6,0,11.5,42.5,23,23,0,34.9,65.1,20313,24878
"8444",42003561200,"42","003","561200",1333,40.446492,-79.882223,"Census Tract 5612, Allegheny County, Pennsylvania",51500,973,398,5.1,2.92,2.09,0,0,0,1.6,1.7,17.7,10.6,13.2,55.2,1.6,16.3,36.1,24.9,12.9,8.1,27,73,25078,34511
"8445",42003561400,"42","003","561400",4239,40.449231,-79.862692,"Census Tract 5614, Allegheny County, Pennsylvania",67400,2663,409,5.1,1.97,1.72,0.6,0,1.4,3.5,17.4,12.4,17.7,26.4,20.7,2.3,26.9,34.8,32.9,3.2,0,44.1,55.9,28148,41574
"8446",42003561500,"42","003","561500",3140,40.440452,-79.869139,"Census Tract 5615, Allegheny County, Pennsylvania",65200,1865,250,5,2.12,2.08,0,3.2,1.4,18.8,15.6,9.9,6.3,22,22.8,0,14.5,48.6,27.2,5.5,4.2,47.7,52.3,37404,50324
"8447",42003561600,"42","003","561600",2113,40.415691,-79.971045,"Census Tract 5616, Allegheny County, Pennsylvania",46200,1024,213,5.2,2.12,2.45,0,0,2.7,1.7,0,11.5,16.7,9,58.4,0,20.9,32.5,40.4,6.2,0,51.3,48.7,20938,32918
"8448",42003561700,"42","003","561700",718,40.411551,-79.977882,"Census Tract 5617, Allegheny County, Pennsylvania",47600,565,126,6.1,2.34,3.63,0,0,0,0,0,2.8,42.8,8.7,45.7,0,2.7,26.7,38.8,31.9,0,50.8,49.2,28843,34260
"8449",42003561900,"42","003","561900",2232,40.469602,-79.893673,"Census Tract 5619, Allegheny County, Pennsylvania",44600,1274,216,5.4,2.66,2.28,0,0.9,0,2.5,10,8.2,30.8,7.1,40.6,0,10.6,40.5,41.6,6,1.3,57.7,42.3,28750,40632
"8450",42003562000,"42","003","562000",3247,40.451336,-79.952328,"Census Tract 5620, Allegheny County, Pennsylvania",234900,2077,235,3.6,2.13,1.68,2,0.5,0,8.9,18.9,13.3,11,7.5,37.8,9.1,49.8,25.1,9,1,6,13.1,86.9,23421,58099
"8451",42003562300,"42","003","562300",3469,40.407727,-79.937713,"Census Tract 5623, Allegheny County, Pennsylvania",57200,1818,353,5.2,2.49,2.13,0,3.5,0.5,16.3,11.3,6.6,6.1,4.9,50.9,4,16.1,37.7,27.6,12,2.5,40.5,59.5,25927,38547
"8452",42003562400,"42","003","562400",2733,40.414794,-80.001877,"Census Tract 5624, Allegheny County, Pennsylvania",53500,1566,373,5.6,2.26,2.39,0.6,1.3,1.2,3.3,0.7,9.3,16.5,9.8,57.3,0,6,42.3,40,8.3,3.4,66.1,33.9,34050,47806
"8453",42003562500,"42","003","562500",3032,40.456885,-80.052869,"Census Tract 5625, Allegheny County, Pennsylvania",53300,1524,476,5.7,3.01,2.31,0,0,0.3,5.4,4,2.8,4.9,8.9,73.8,1.5,9,24.8,38.1,16.4,10.2,52.8,47.2,26144,34474
"8454",42003562600,"42","003","562600",2635,40.44334,-80.039056,"Census Tract 5626, Allegheny County, Pennsylvania",53500,1482,464,5.5,2.65,2.38,0,3.1,5,1,6.4,3.9,10.5,8.4,61.7,2.2,13.8,28.1,44.4,9,2.4,56.1,43.9,30917,38627
"8455",42003562700,"42","003","562700",1395,40.45188,-80.008947,"Census Tract 5627, Allegheny County, Pennsylvania",110700,1240,535,2.9,1.96,1.63,0.9,4.7,1,2.4,11.9,50.4,7.4,4.4,16.9,25.9,39,17.3,14.7,2.7,0.3,16.5,83.5,21052,44437
"8456",42003562800,"42","003","562800",1597,40.42357,-80.067855,"Census Tract 5628, Allegheny County, Pennsylvania",92800,840,100,5.3,2.43,1.64,0,0,1.7,7.1,10.5,2.9,22.9,13.7,41.3,0,25,36.8,33.5,3.3,1.4,56.2,43.8,40489,48748
"8457",42003562900,"42","003","562900",1926,40.407161,-79.942269,"Census Tract 5629, Allegheny County, Pennsylvania",70500,1086,254,5.6,2.41,1.78,0,0,0.6,0,9.8,4.6,16.3,5.5,63.2,4.7,7.6,40.1,37,9.1,1.5,63,37,30469,47150
"8458",42003563000,"42","003","563000",2848,40.453652,-80.075379,"Census Tract 5630, Allegheny County, Pennsylvania",73600,1354,244,5.6,2.19,2.43,1.4,0.9,9.3,6.2,10,12.9,20.5,8.6,30.3,0.9,8.2,34.4,45.8,8.9,1.8,73.4,26.6,37000,46399
"8459",42003563100,"42","003","563100",3549,40.43241,-80.049468,"Census Tract 5631, Allegheny County, Pennsylvania",94400,1785,149,5.8,2.18,1.94,0,3.1,2.5,2.9,6.4,11.4,39,9.7,25,0,11.8,34.1,41.5,11.7,1.1,73.5,26.5,48223,56543
"8460",42003563200,"42","003","563200",2439,40.45439,-79.998674,"Census Tract 5632, Allegheny County, Pennsylvania",75800,2011,556,4.2,2.21,1.56,0.4,0.7,6.4,3.8,3.2,4.8,9.2,15.2,56.3,4.1,43.4,28.6,13.9,5.6,4.3,32,68,22446,40524
"8461",42003563300,"42","003","563300",1449,40.560364,-80.142888,"Census Tract 5633, Allegheny County, Pennsylvania",451900,604,80,8.2,2.83,2.31,1.8,2.6,13.7,21.2,12.4,7.5,12.7,2.8,25.2,0,2.8,16.2,19.7,43.2,18,96.9,3.1,134643,219655
"8462",42003563800,"42","003","563800",3806,40.526865,-80.13159,"Census Tract 5638, Allegheny County, Pennsylvania",179500,1728,90,6.1,2.28,1.53,1.2,19,7.8,6.8,13.4,9,10.8,8.6,23.4,2.2,12.2,29.5,37,15.4,3.7,75.8,24.2,64750,93683
"8463",42003563900,"42","003","563900",3927,40.417982,-79.844629,"Census Tract 5639, Allegheny County, Pennsylvania",92700,2083,230,5.8,2.29,1.81,0.6,0,1.2,1.2,3.1,11.8,27.8,21.6,32.6,2.6,5.7,30.4,47.4,11.7,2.2,70.9,29.1,50027,61635
"8464",42003564000,"42","003","564000",5469,40.411213,-80.231923,"Census Tract 5640, Allegheny County, Pennsylvania",141700,2342,245,6.2,2.55,2.11,16.7,13.1,10.2,5.3,15,5.1,6.1,5.2,23.3,1,7.1,22.1,43.3,25.3,1.2,88.1,11.9,57439,77816
"8465",42003564100,"42","003","564100",882,40.428256,-80.088424,"Census Tract 5641, Allegheny County, Pennsylvania",272800,365,8,8.1,2.67,3.23,0,0.8,4.4,4.4,6.8,10.7,21.6,7.7,43.6,0,0.8,8.2,40.3,36.7,14,91.6,8.4,110417,151771
"8466",42003564200,"42","003","564200",2224,40.329484,-79.794842,"Census Tract 5642, Allegheny County, Pennsylvania",98600,1078,29,5.9,2.37,1.58,0,2.6,5,12.5,16.7,16.8,33.9,5.6,7,0,7.1,33,46.4,9.2,4.3,84.7,15.3,44154,56953
"8467",42003564400,"42","003","564400",5620,40.374426,-79.797951,"Census Tract 5644, Allegheny County, Pennsylvania",82400,2981,399,5.7,2.25,1.55,0.4,2.8,2.3,7.3,19.8,11.2,29.9,9.3,17.1,0,7.8,28.1,55.1,8.2,0.8,84.4,15.6,54429,58991
"8468",42003564500,"42","003","564500",3203,40.274628,-79.91334,"Census Tract 5645, Allegheny County, Pennsylvania",108100,1322,78,6.1,2.64,2.99,0,8.2,3,10.1,8,10.1,22.3,7.8,30.5,0.2,1.4,25.6,52.2,17.2,3.5,89.3,10.7,60723,71697
"8469",42003980000,"42","003","980000",540,40.486855,-79.895745,"Census Tract 9800, Allegheny County, Pennsylvania",255600,62,27,3.3,NA,2.53,75.8,0,0,0,0,0,0,24.2,0,0,43.5,17.7,25.8,12.9,0,45.7,54.3,113194,132040
"8470",42003980100,"42","003","980100",18,40.478773,-79.912785,"Census Tract 9801, Allegheny County, Pennsylvania",NA,11,0,NA,NA,NA,0,0,0,0,0,0,0,0,100,0,0,0,100,0,0,0,100,NA,NA
"8471",42003980300,"42","003","980300",1,40.432567,-79.905693,"Census Tract 9803, Allegheny County, Pennsylvania",NA,10,0,NA,NA,NA,0,0,0,0,0,0,100,0,0,0,100,0,0,0,0,100,0,NA,NA
"8472",42003980400,"42","003","980400",21,40.479101,-80.021588,"Census Tract 9804, Allegheny County, Pennsylvania",NA,9,0,NA,NA,NA,0,0,0,0,0,0,100,0,0,0,0,0,0,0,100,100,0,NA,NA
"8473",42003980500,"42","003","980500",27,40.431029,-79.94717,"Census Tract 9805, Allegheny County, Pennsylvania",55000,30,0,5,1.77,NA,0,0,0,0,0,0,0,0,100,0,0,100,0,0,0,100,0,41250,50200
"8474",42003980600,"42","003","980600",11,40.451323,-80.026486,"Census Tract 9806, Allegheny County, Pennsylvania",NA,0,0,NA,NA,NA,NA,NA,NA,NA,NA,NA,NA,NA,NA,NA,NA,NA,NA,NA,NA,NA,NA,NA,NA
"8475",42003980700,"42","003","980700",19,40.430952,-80.002896,"Census Tract 9807, Allegheny County, Pennsylvania",NA,9,0,NA,NA,3,0,0,0,0,0,100,0,0,0,0,0,0,0,100,0,0,100,NA,NA
"8476",42003980800,"42","003","980800",0,40.434137,-79.968395,"Census Tract 9808, Allegheny County, Pennsylvania",NA,0,0,NA,NA,NA,NA,NA,NA,NA,NA,NA,NA,NA,NA,NA,NA,NA,NA,NA,NA,NA,NA,NA,NA
"8477",42003980900,"42","003","980900",1797,40.469135,-80.040265,"Census Tract 9809, Allegheny County, Pennsylvania",NA,0,0,NA,NA,NA,NA,NA,NA,NA,NA,NA,NA,NA,NA,NA,NA,NA,NA,NA,NA,NA,NA,NA,NA
"8478",42003981000,"42","003","981000",4,40.474332,-79.946517,"Census Tract 9810, Allegheny County, Pennsylvania",NA,10,0,NA,1.9,NA,100,0,0,0,0,0,0,0,0,0,0,0,0,100,0,100,0,NA,NA
"8479",42003981100,"42","003","981100",7,40.443837,-79.90977,"Census Tract 9811, Allegheny County, Pennsylvania",NA,0,0,NA,NA,NA,NA,NA,NA,NA,NA,NA,NA,NA,NA,NA,NA,NA,NA,NA,NA,NA,NA,NA,NA
"8480",42003981200,"42","003","981200",0,40.446495,-80.011984,"Census Tract 9812, Allegheny County, Pennsylvania",NA,0,0,NA,NA,NA,NA,NA,NA,NA,NA,NA,NA,NA,NA,NA,NA,NA,NA,NA,NA,NA,NA,NA,NA
"8481",42003981800,"42","003","981800",461,40.477734,-79.894985,"Census Tract 9818, Allegheny County, Pennsylvania",NA,3,0,NA,NA,NA,0,0,100,0,0,0,0,0,0,0,100,0,0,0,0,0,100,NA,NA
"8482",42003982200,"42","003","982200",4816,40.444051,-79.95593,"Census Tract 9822, Allegheny County, Pennsylvania",NA,199,127,2.9,NA,2.14,0,0,4.5,15.6,21.1,2,16.1,0,40.7,0,40.7,57.3,0,2,0,0,100,16484,20386
"8483",42005950100,"42","005","950100",4723,40.94319,-79.297494,"Census Tract 9501, Armstrong County, Pennsylvania",80400,2119,267,5.9,2.37,2.47,3.4,2.6,10.4,9.1,14.7,5.3,8.1,6.2,40.2,0.1,4.9,26.5,56.4,10.1,2,80.4,19.6,43542,51024
"8484",42005950200,"42","005","950200",2155,40.936346,-79.487287,"Census Tract 9502, Armstrong County, Pennsylvania",68700,1433,489,5.5,2.62,2.31,1,3.1,7.6,9.9,14.1,10.5,12.4,5.7,35.7,0.9,6.6,34.1,48.9,8.2,1.3,82.3,17.7,41571,49894
"8485",42005950300,"42","005","950300",3601,40.993075,-79.653424,"Census Tract 9503, Armstrong County, Pennsylvania",89900,1791,438,5.7,2.47,2.3,1.3,2.1,11.3,10.3,15.1,10.2,11.6,9.8,28.4,0.9,7.5,32.3,44.4,12.5,2.3,76.5,23.5,41078,53194
"8486",42005950400,"42","005","950400",2492,40.841507,-79.640069,"Census Tract 9504, Armstrong County, Pennsylvania",99000,1139,107,5.5,2.48,2.4,1.1,1.7,9.9,12.2,20.5,9.9,9,7.5,28.3,0.4,5.4,29.8,53.6,10.4,0.4,82.9,17.1,48354,53678
"8487",42005950500,"42","005","950500",5567,40.831635,-79.550646,"Census Tract 9505, Armstrong County, Pennsylvania",118500,2716,169,6,2.35,1.6,0.6,4.9,8.4,12.6,15.3,6.5,14,8.6,29.2,0.3,6.5,29,48.8,14.5,0.8,79.7,20.3,50636,61080
"8488",42005950600,"42","005","950600",3499,40.842888,-79.457315,"Census Tract 9506, Armstrong County, Pennsylvania",84700,1504,194,5.7,2.56,2.25,0.6,3.9,9.2,10.3,19.1,4,10.7,8.2,33.9,0.6,4.3,32.2,47.9,11,4.1,82.5,17.5,44750,52265
"8489",42005950700,"42","005","950700",3882,40.795691,-79.301436,"Census Tract 9507, Armstrong County, Pennsylvania",85800,1791,166,6.1,2.49,2.16,1.6,1.8,4.2,9.3,12.7,9.8,6,4.1,50.5,0.6,3.7,30,48.2,15.7,1.8,80.4,19.6,43719,56397
"8490",42005950800,"42","005","950800",4137,40.72939,-79.475972,"Census Tract 9508, Armstrong County, Pennsylvania",108300,1891,239,5.9,2.53,2.39,1.4,2.7,14,11,17.7,9.1,14.4,7.7,21.9,0.6,5.1,30.9,50.9,10.7,1.9,86.9,13.1,47628,56688
"8491",42005950900,"42","005","950900",5008,40.770348,-79.517537,"Census Tract 9509, Armstrong County, Pennsylvania",92400,2351,243,5.6,2.32,2.61,1.4,5.3,8.1,4.8,12.4,8.7,17.6,12.8,28.9,0,6,34.5,51.4,6.4,1.7,78,22,45335,56513
"8492",42005951000,"42","005","951000",2991,40.770535,-79.529665,"Census Tract 9510, Armstrong County, Pennsylvania",60800,1548,165,5.4,2.25,2.08,0,0,3.4,3.8,0.8,4.8,11.3,14.1,61.8,1.4,12.5,45,27.8,9.7,3.7,57.8,42.2,35281,42805
"8493",42005951100,"42","005","951100",4044,40.821941,-79.522636,"Census Tract 9511, Armstrong County, Pennsylvania",60900,1917,201,5.3,2.7,1.78,0,0,1,4.2,6.5,8.1,8.8,6.5,64.9,4.7,16.1,36.2,25.9,12.9,4.2,49,51,35616,44650
"8494",42005951200,"42","005","951200",5991,40.757859,-79.610998,"Census Tract 9512, Armstrong County, Pennsylvania",122200,2643,225,6,2.54,1.9,1.1,7.7,9.3,11.6,15.4,10.7,14.8,8.9,20.4,1.2,3.4,25.4,52.7,14.5,2.7,90.7,9.3,56940,69232
"8495",42005951300,"42","005","951300",2496,40.66391,-79.603392,"Census Tract 9513, Armstrong County, Pennsylvania",108000,1094,78,5.8,2.28,1.96,0,0.4,8.6,4.6,12,11.2,28.1,12.2,22.9,2.2,2.2,35.1,47.5,11.1,1.9,89.5,10.5,54138,60057
"8496",42005951400,"42","005","951400",2744,40.625628,-79.55477,"Census Tract 9514, Armstrong County, Pennsylvania",101000,1226,77,5.7,2.35,2.47,2.7,0.7,11.1,13.1,13.7,2,12,9.2,35.5,0,5,38,37.4,16.8,2.8,82.7,17.3,43355,52454
"8497",42005951500,"42","005","951500",2944,40.588196,-79.561132,"Census Tract 9515, Armstrong County, Pennsylvania",81700,1392,137,5.9,2.6,2.1,0.9,0,3.2,4,11.7,5.1,12.6,11.1,51.5,1.7,8.2,28.1,43.7,15.8,2.6,65.3,34.7,39848,50508
"8498",42005951600,"42","005","951600",4800,40.587545,-79.509644,"Census Tract 9516, Armstrong County, Pennsylvania",95900,2344,228,5.7,2.35,1.8,1.5,2.6,9.9,14.3,21.1,5.3,11.1,13.7,20.5,0,0.7,32.3,55.6,9.7,1.7,85.6,14.4,44258,56625
"8499",42005951700,"42","005","951700",3898,40.692371,-79.365005,"Census Tract 9517, Armstrong County, Pennsylvania",89900,1684,145,5.9,2.45,2.19,1.6,2.1,10.7,13.2,31.8,9.4,4.5,5.6,21.1,0.8,2.2,29.8,52.6,14.4,0.3,74.2,25.8,41495,53699
"8500",42005951800,"42","005","951800",2156,40.629988,-79.602535,"Census Tract 9518, Armstrong County, Pennsylvania",67500,1115,98,5.8,2.39,1.9,0,0.9,1.4,1.2,6.2,7.8,14,7.9,60.6,4,9.7,32.6,41.4,8.7,3.6,60,40,39792,49799
"8501",42005951900,"42","005","951900",1813,40.675663,-79.686121,"Census Tract 9519, Armstrong County, Pennsylvania",87100,869,94,5.8,2.6,1.88,0,2.4,0.6,3.8,11.5,9.7,3.8,15.7,52.6,0.7,15.4,27.3,49.6,5.9,1.2,63.9,36.1,51758,49665
"8502",42007600601,"42","007","600601",2216,40.8215,-80.450485,"Census Tract 6006.01, Beaver County, Pennsylvania",91400,985,138,5.5,2.5,2.52,0.9,8.1,4.7,8.2,19.6,3.7,10.8,5.3,38.8,1.8,5.2,25.9,54.7,11.7,0.7,85,15,37599,46357
"8503",42007600602,"42","007","600602",2717,40.764047,-80.441234,"Census Tract 6006.02, Beaver County, Pennsylvania",148900,1124,48,6.1,2.34,2.79,4.2,7.7,14.2,5.2,21.1,7.5,20.6,7.4,12.2,0,2.8,21.2,58.4,12.8,4.9,88.8,11.2,57300,67291
"8504",42007600700,"42","007","600700",7620,40.769903,-80.374692,"Census Tract 6007, Beaver County, Pennsylvania",159600,3471,347,6.1,2.5,1.83,3,10,7.5,4.2,19.6,13.2,26.3,9.7,6.5,1.8,5.2,21.4,50.3,19,2.2,82.4,17.6,55400,75308
"8505",42007601000,"42","007","601000",3665,40.746017,-80.333292,"Census Tract 6010, Beaver County, Pennsylvania",117800,1659,131,6,2.5,2.05,0.2,0.4,6.9,1.9,11.6,15.6,20.1,5.7,37.6,7.2,6.9,22.8,48.8,13.5,0.8,79.5,20.5,57326,69904
"8506",42007601100,"42","007","601100",3272,40.775731,-80.325786,"Census Tract 6011, Beaver County, Pennsylvania",81500,1155,124,5.7,2.43,2.12,0,0,3.5,1,4.5,7.4,18.6,23.5,41.3,2.3,12,36.4,35.8,7.5,6,58.7,41.3,33631,41263
"8507",42007601200,"42","007","601200",2984,40.754969,-80.323375,"Census Tract 6012, Beaver County, Pennsylvania",64500,1619,301,5.2,2.5,1.93,0,0,0,7.4,9.8,11.3,11.1,15.3,45.2,1.7,16.9,30.8,41.3,6.6,2.8,43.2,56.8,26081,32899
"8508",42007601300,"42","007","601300",2731,40.755678,-80.315617,"Census Tract 6013, Beaver County, Pennsylvania",48400,1254,245,5.5,2.34,2.75,0.7,0,0,1.9,6.2,12.7,4.5,12.2,61.7,2.4,14.3,31.8,44.5,7,0,53.2,46.8,31274,39744
"8509",42007601400,"42","007","601400",3362,40.741034,-80.31041,"Census Tract 6014, Beaver County, Pennsylvania",72700,1608,244,5.6,2.54,1.87,0,0,1.1,1.7,3.7,5.2,12.4,11.3,64.6,0.7,14.7,29.2,43,9.1,3.4,62.5,37.5,39609,49339
"8510",42007601600,"42","007","601600",1500,40.731158,-80.296665,"Census Tract 6016, Beaver County, Pennsylvania",72300,742,90,5.1,2.19,2.24,0.5,0.3,4.2,6.3,12.9,6.2,16.8,17.1,35.6,0.3,12.7,46.4,38.3,0.9,1.5,62.1,37.9,33750,41901
"8511",42007601700,"42","007","601700",3412,40.748236,-80.283393,"Census Tract 6017, Beaver County, Pennsylvania",127200,1497,171,6,2.53,2.12,2.2,2.9,1.8,7.3,15.9,16.8,25,7.4,20.6,0,2.7,28.5,54.8,10.9,3.1,83.8,16.2,51339,56712
"8512",42007601800,"42","007","601800",7360,40.712673,-80.199769,"Census Tract 6018, Beaver County, Pennsylvania",123200,3372,265,5.7,2.39,2.17,7.7,12.2,21.8,10.9,13.5,11.7,7.3,3.8,10.9,0,3.2,28.7,55.6,11.7,0.8,84.2,15.8,57156,64225
"8513",42007602100,"42","007","602100",3658,40.704872,-80.282339,"Census Tract 6021, Beaver County, Pennsylvania",75400,1868,294,5.6,2.44,2.07,0.5,0.2,0.4,2,3.4,8.2,16.5,8.4,60.3,1.6,17.6,33,36.3,10.8,0.7,48.7,51.3,35211,44598
"8514",42007602300,"42","007","602300",2555,40.697473,-80.303188,"Census Tract 6023, Beaver County, Pennsylvania",168100,1180,101,5.8,2.75,1.76,0,2.6,3.1,2.8,16.4,4.7,6.9,8.6,54.8,1,19.7,25.6,31.7,14.3,7.7,51.9,48.1,55625,69847
"8515",42007602400,"42","007","602400",1976,40.692655,-80.312486,"Census Tract 6024, Beaver County, Pennsylvania",141500,815,72,6.4,2.35,2.09,5.3,1.2,0,0,8.6,9.9,19.9,15.8,39.3,0,9.1,21.7,48,16,5.3,72.9,27.1,51446,67787
"8516",42007602500,"42","007","602500",1321,40.685747,-80.327878,"Census Tract 6025, Beaver County, Pennsylvania",98300,808,59,4.6,2.08,1.83,0,0.5,2.1,0.2,2.4,4.8,16.2,54.8,18.9,0.4,10.4,49.5,37.9,1.6,0.2,31.6,68.4,33795,40825
"8517",42007602601,"42","007","602601",4683,40.69979,-80.383219,"Census Tract 6026.01, Beaver County, Pennsylvania",162100,1880,111,6.9,2.6,2,5.6,3.4,20.3,6.9,12.2,9.4,30.9,7.1,4.3,0.8,1.7,9,59.1,26.9,2.5,94.9,5.1,69375,87746
"8518",42007602602,"42","007","602602",3544,40.704156,-80.332034,"Census Tract 6026.02, Beaver County, Pennsylvania",171700,1348,79,6.8,2.61,1.84,0,1.4,8.4,7.9,6.5,17.1,37.2,12.2,9.3,2.4,4.7,10.8,52.4,24.5,5.2,83.2,16.8,58295,88340
"8519",42007602701,"42","007","602701",1835,40.657322,-80.405073,"Census Tract 6027.01, Beaver County, Pennsylvania",107500,824,75,6.1,2.5,2.67,0.7,0.7,3.4,4.1,17.6,9.5,31.8,19.9,12.3,1,2.9,21.7,56.9,16.7,0.7,91.1,8.9,52083,60143
"8520",42007602702,"42","007","602702",3593,40.684272,-80.473638,"Census Tract 6027.02, Beaver County, Pennsylvania",113400,1497,145,6,2.49,3.22,1,3.1,7.6,6.2,17.4,17.3,20.1,14.8,12.5,0.7,1.4,20.8,62.3,12.4,2.5,80.8,19.2,51000,58655
"8521",42007602800,"42","007","602800",2635,40.64106,-80.455888,"Census Tract 6028, Beaver County, Pennsylvania",56000,1503,282,5.3,2.23,2.13,0,1,0.8,1.2,11.9,2.4,16.8,30.3,35.7,3.1,9.9,38.8,35.1,10.5,2.5,55.2,44.8,28544,41029
"8522",42007602900,"42","007","602900",2891,40.589694,-80.463985,"Census Tract 6029, Beaver County, Pennsylvania",144500,1204,75,5.9,2.76,2.13,0.3,6.2,15.7,15.2,18.2,12,10.8,3.3,18.2,1,3.5,23.1,52.9,16.8,2.7,88.7,11.3,61455,69626
"8523",42007603000,"42","007","603000",3064,40.607325,-80.373369,"Census Tract 6030, Beaver County, Pennsylvania",130400,1253,36,6.3,2.59,1.95,0.6,6.9,17.4,27.7,15.4,10.9,10,4.6,6.6,0,1,10.9,62.4,24.7,1,88.5,11.5,56989,72931
"8524",42007603202,"42","007","603202",7089,40.642692,-80.295432,"Census Tract 6032.02, Beaver County, Pennsylvania",196200,2616,64,7.1,2.76,2.67,7.3,12.8,13.7,9.5,21.7,11.4,17.6,2.7,3.4,0,3.2,13.3,45.3,31.7,6.5,87.9,12.1,81800,92732
"8525",42007603300,"42","007","603300",3845,40.680163,-80.275689,"Census Tract 6033, Beaver County, Pennsylvania",96300,1848,114,5.3,2.47,1.88,0.6,1,1.7,7.5,13.5,9.5,25.5,17.8,22.8,0,13,32.3,47.9,5.4,1.4,68,32,38710,45307
"8526",42007603400,"42","007","603400",1892,40.691205,-80.277425,"Census Tract 6034, Beaver County, Pennsylvania",84700,1042,169,5.4,2.42,1.53,0,0.7,1,0.6,13.8,1.8,16.3,10.3,55.6,6.1,16,31.1,37.6,7.7,1.4,58.6,41.4,45179,55370
"8527",42007603500,"42","007","603500",1569,40.684896,-80.251913,"Census Tract 6035, Beaver County, Pennsylvania",60300,741,73,5.4,2.39,2.3,0,0,1.9,1.9,3,10.1,18.6,8.8,55.7,2.8,12.4,33.7,37.2,11.2,2.6,63.2,36.8,30469,38399
"8528",42007603600,"42","007","603600",2176,40.665097,-80.235007,"Census Tract 6036, Beaver County, Pennsylvania",114000,1037,105,5.7,2.39,1.86,0.4,0.6,1.8,8.6,12.2,28.3,21.7,3,23.4,0,16.1,19.5,55.2,6.2,3.1,76.8,23.2,44634,52366
"8529",42007603700,"42","007","603700",4135,40.639588,-80.223453,"Census Tract 6037, Beaver County, Pennsylvania",92900,1939,106,5.2,2.35,1.86,0.9,0.5,1.8,5.7,9.4,10.7,33.6,21,16.3,0.5,15.1,36,41,5.5,1.9,64.6,35.4,39915,50518
"8530",42007603801,"42","007","603801",2822,40.667355,-80.205159,"Census Tract 6038.01, Beaver County, Pennsylvania",151800,1062,30,6.6,2.65,7.23,1.7,4.1,2.7,6.4,47.6,8.9,10.2,4.1,14.2,0,0,14.8,61.4,14.4,9.4,96.2,3.8,74423,78867
"8531",42007603802,"42","007","603802",3015,40.658698,-80.165838,"Census Tract 6038.02, Beaver County, Pennsylvania",196100,1139,81,7.2,2.62,NA,2.5,12.3,18.7,9.3,34.6,13,6.2,1.8,1.5,0,2.3,6.1,58.5,27.3,5.8,100,0,91875,104376
"8532",42007603803,"42","007","603803",3133,40.620204,-80.183882,"Census Tract 6038.03, Beaver County, Pennsylvania",123100,1431,134,5.9,2.53,2.51,2.8,0.3,11.5,2.6,13.6,20.4,27.5,14.3,7.1,0,1.2,35.1,46.1,15.6,2,94.4,5.6,60755,68301
"8533",42007603900,"42","007","603900",3197,40.604185,-80.217848,"Census Tract 6039, Beaver County, Pennsylvania",98100,1508,153,5.8,2.25,2.95,1,0,0.9,3,4.4,10.7,37.3,28.6,14.1,0,4.9,30.9,54,8.8,1.4,82.9,17.1,55417,63083
"8534",42007604000,"42","007","604000",2562,40.596979,-80.223385,"Census Tract 6040, Beaver County, Pennsylvania",70500,1318,149,5.4,2.31,1.81,0.8,0,0,2.4,8.3,5.2,9.9,33.4,40.1,3,17.1,35,31.6,10.8,2.6,50.5,49.5,29094,35476
"8535",42007604100,"42","007","604100",2864,40.584995,-80.224651,"Census Tract 6041, Beaver County, Pennsylvania",61700,1683,323,4.9,2.01,2.26,0,0,0,0.4,13,7.2,14.7,12.4,52.3,2.1,22.6,35.8,30.1,6,3.3,35.6,64.4,30170,38036
"8536",42007604200,"42","007","604200",1624,40.594823,-80.230737,"Census Tract 6042, Beaver County, Pennsylvania",69800,932,101,5.7,2.14,1.89,0,0,3.3,0,2.1,1.9,14.4,15.6,62.7,5.5,17.8,26.7,39.3,4.1,6.7,52.1,47.9,29978,35894
"8537",42007604500,"42","007","604500",2286,40.619516,-80.253712,"Census Tract 6045, Beaver County, Pennsylvania",41800,1605,510,4.9,2.33,2.17,0,0,6.4,1,15,9.3,13.3,9.5,45.6,0.6,11,41.3,29.8,5.7,11.5,50.9,49.1,22409,30090
"8538",42007604600,"42","007","604600",3025,40.612993,-80.274784,"Census Tract 6046, Beaver County, Pennsylvania",89900,1659,156,5,2.16,1.89,0,0,2.7,0,7.7,9.3,31.7,34.1,14.5,0,8,44.1,41.2,4.7,2,58.7,41.3,36523,43030
"8539",42007604700,"42","007","604700",1493,40.606179,-80.274482,"Census Tract 6047, Beaver County, Pennsylvania",73900,806,88,5.4,2.07,2.14,0,0,0,0,7.8,5.7,20.2,29,37.2,3,16.7,35.2,34.9,10.2,0,68.2,31.8,38617,71446
"8540",42007604800,"42","007","604800",4414,40.586228,-80.253201,"Census Tract 6048, Beaver County, Pennsylvania",106400,2055,175,5.8,2.46,2.12,2.6,1.5,0.9,5.1,9.9,18.2,28.9,16.1,16.8,0,6.1,28.3,48.5,15.4,1.8,78.2,21.8,46250,57786
"8541",42007604901,"42","007","604901",4171,40.605032,-80.282739,"Census Tract 6049.01, Beaver County, Pennsylvania",116000,1752,262,5.8,2.63,1.74,3,0.6,13.2,0.6,15,13.9,21.4,15.8,16.6,0,3.7,35.7,43.9,14.1,2.6,80.7,19.3,59000,71611
"8542",42007604902,"42","007","604902",4483,40.574102,-80.269198,"Census Tract 6049.02, Beaver County, Pennsylvania",120100,2100,72,6.3,2.34,2.15,0,0.9,7,12.2,15.4,13.9,31.8,12.4,6.4,0,0,29.2,57.9,12.2,0.8,89.8,10.2,67106,70001
"8543",42007605001,"42","007","605001",2503,40.543358,-80.335941,"Census Tract 6050.01, Beaver County, Pennsylvania",145400,1061,99,6,2.63,2.49,3.4,11.2,14.5,12.9,25.2,12.1,6.4,7.6,6.7,0.7,1.7,25.8,55.9,15.1,0.8,92.2,7.8,54919,72755
"8544",42007605002,"42","007","605002",3820,40.524093,-80.440611,"Census Tract 6050.02, Beaver County, Pennsylvania",153800,1641,166,6.4,2.61,2.45,2.2,7.7,22,10.5,23.2,11.3,10.1,3.4,9.7,0.7,1.2,19,62.5,12.2,4.4,92.1,7.9,64875,70951
"8545",42007605100,"42","007","605100",4965,40.828937,-80.228947,"Census Tract 6051, Beaver County, Pennsylvania",131800,2085,82,5.9,2.63,1.42,0.5,9.1,21,7.1,13.8,10.6,14,9.5,14.5,2.8,6.1,28.5,43,16.3,3.3,84.7,15.3,51349,65066
"8546",42007605200,"42","007","605200",2633,40.772935,-80.337318,"Census Tract 6052, Beaver County, Pennsylvania",89000,1232,146,5.3,2.4,2.18,0.5,3,5.1,3.1,20.9,16.1,20.2,12.7,18.5,0.2,5.2,45.7,41.8,5.6,1.5,64.8,35.2,37625,46115
"8547",42007605300,"42","007","605300",3220,40.823393,-80.356512,"Census Tract 6053, Beaver County, Pennsylvania",92100,1537,182,5.6,2.32,2.11,2,1.4,6.6,4.7,10.4,11.9,25.1,6.8,31.1,0,2.7,31.8,53.8,11,0.7,87.7,12.3,46563,54192
"8548",42007605400,"42","007","605400",3633,40.724201,-80.305108,"Census Tract 6054, Beaver County, Pennsylvania",82800,1800,253,5.1,2.73,2.17,2.5,1.4,5.3,2.1,13.7,7.8,7.2,6.4,53.7,2.7,15.7,38.9,30.8,11.3,0.6,44.6,55.4,28564,41732
"8549",42007605500,"42","007","605500",5254,40.661398,-80.312239,"Census Tract 6055, Beaver County, Pennsylvania",129200,2324,160,5.4,2.38,2.18,0.9,3.1,6.8,10.7,22.5,24.7,15.7,10.5,5,1.4,5.3,31.7,46.6,11.2,3.8,74.4,25.6,52391,59905
"8550",42007605600,"42","007","605600",3368,40.712226,-80.274911,"Census Tract 6056, Beaver County, Pennsylvania",103500,1553,95,5.9,2.43,1.88,1.7,2.1,1.5,5.6,7.5,16.7,19.3,25.8,19.6,0.7,7.3,26.1,51.1,14.3,0.4,82.3,17.7,49231,59414
"8551",42007605700,"42","007","605700",2634,40.614967,-80.254017,"Census Tract 6057, Beaver County, Pennsylvania",64400,1508,520,5.8,2.54,2.23,0,1.1,1.7,1.4,4.1,4.6,17,15.5,54.6,1.6,16.2,23.3,45.7,11.9,1.3,57.8,42.2,32845,42847
"8552",42007605800,"42","007","605800",6120,40.811511,-80.283394,"Census Tract 6058, Beaver County, Pennsylvania",118000,2614,95,6,2.41,2.78,2,3.7,7.9,9.4,13,12.2,26.9,6.9,17.9,0,3.3,22.2,62.5,9.7,2.3,88.8,11.2,47852,56039
"8553",42009960100,"42","009","960100",3651,40.222015,-78.297817,"Census Tract 9601, Bedford County, Pennsylvania",96600,1674,233,6.1,2.65,2.76,1.1,4.6,16.7,8.5,14.3,5.6,7.2,6.8,35.2,0.2,5.6,24.7,48.3,17.3,4,75.3,24.7,40951,55290
"8554",42009960200,"42","009","960200",3574,40.230643,-78.527953,"Census Tract 9602, Bedford County, Pennsylvania",105500,1793,351,5.8,2.61,2.37,1.2,6.4,13.4,15.3,16.1,12.4,5.9,3.7,25.4,4.2,6,26.7,46.6,13.4,3.2,86.6,13.4,43816,51756
"8555",42009960300,"42","009","960300",5054,40.148754,-78.584945,"Census Tract 9603, Bedford County, Pennsylvania",106800,2337,265,5.7,2.59,2.25,2.8,7.5,18.2,13.9,16.6,10.2,9.3,4.2,17.3,0,5.9,29.1,53,8,4.1,83.2,16.8,40806,50817
"8556",42009960400,"42","009","960400",5411,40.16249,-78.376404,"Census Tract 9604, Bedford County, Pennsylvania",119600,2240,309,6.2,2.82,2.1,5,6.9,17.9,10.9,15.2,8.6,7.4,1.9,26.2,1.1,3.3,22.5,53.8,15.4,4,86.9,13.1,46541,54155
"8557",42009960500,"42","009","960500",3702,40.073998,-78.238539,"Census Tract 9605, Bedford County, Pennsylvania",87400,1855,415,5.6,2.38,2.9,3.1,4.7,9.4,12,16.2,9.5,6.2,6,32.7,0.3,5,30.4,50.9,11.5,1.9,81.3,18.8,35116,44451
"8558",42009960600,"42","009","960600",5044,40.007379,-78.364386,"Census Tract 9606, Bedford County, Pennsylvania",113600,2520,410,5.7,2.5,1.94,1.9,8.2,6.2,9.3,12.1,14.8,17.9,5.8,23.8,2.3,7.7,31.9,46.8,9.1,2.2,74.5,25.5,43379,50434
"8559",42009960700,"42","009","960700",2841,40.015558,-78.503649,"Census Tract 9607, Bedford County, Pennsylvania",137900,1643,150,5.5,2.41,1.4,0.9,1.9,4.1,3.3,14.3,4.9,17.1,12.2,41.3,2.3,23.4,22.5,38.2,11.1,2.6,51.2,48.8,29626,39016
"8560",42009960800,"42","009","960800",5395,40.034145,-78.511236,"Census Tract 9608, Bedford County, Pennsylvania",121600,2235,205,5.7,2.52,2.29,3.8,4.3,12.1,11.9,16.6,11.2,17.8,4.6,17.7,0.4,4.1,30.6,54.2,9.3,1.3,82,18,40187,48906
"8561",42009960900,"42","009","960900",4948,40.03458,-78.647925,"Census Tract 9609, Bedford County, Pennsylvania",121800,2707,698,5.8,2.53,2.12,1.8,5.2,10.2,9.1,18.4,11.2,9.2,3.7,31.3,2.7,7.9,26.7,46.2,14,2.5,79.2,20.8,41218,53258
"8562",42009961000,"42","009","961000",5779,39.912307,-78.452902,"Census Tract 9610, Bedford County, Pennsylvania",142300,2901,599,5.7,2.45,2.58,3.3,7,15,16,16.5,9.8,7.5,3.6,21.3,3.2,6.4,25,50,12.3,3.1,85.9,14.1,43036,55945
"8563",42009961100,"42","009","961100",4363,39.813449,-78.700109,"Census Tract 9611, Bedford County, Pennsylvania",107500,2061,330,5.7,2.49,1.96,1.6,3.5,10.8,12.1,13.9,10.9,8.4,6.9,31.8,0.2,7.4,25.1,54.4,10.6,2.3,82.6,17.4,41054,47299
"8564",42011000100,"42","011","000100",5346,40.335176,-75.923957,"Census Tract 1, Berks County, Pennsylvania",34800,3204,598,3.4,2.59,1.8,0,7.7,10.2,7.2,16.4,2.1,5.6,4.8,45.9,19,40.6,25.4,7.6,3.5,4,10.1,89.9,17244,20150
"8565",42011000200,"42","011","000200",3970,40.35568,-75.949953,"Census Tract 2, Berks County, Pennsylvania",118500,1834,18,4.3,2.71,2.25,0,7.3,7.6,2.7,20.4,14.4,22.3,7.7,17.5,2.2,28.5,40.5,19.5,7.9,1.4,25.9,74.1,22862,31970
"8566",42011000300,"42","011","000300",2172,40.354878,-75.936972,"Census Tract 3, Berks County, Pennsylvania",75200,803,68,6.5,3.56,1.73,0,4.5,0.5,8.6,7.7,1.4,14.3,12.6,50.4,2.5,15.7,5.7,35,17.7,23.4,65.2,34.8,38917,49693
"8567",42011000400,"42","011","000400",3936,40.353069,-75.927713,"Census Tract 4, Berks County, Pennsylvania",76500,1524,185,6.4,3.22,2.42,0.5,0,0.7,0.9,4.1,2.8,1.8,7.7,81.4,0.4,22.4,6.4,22.3,17.3,31.2,61.4,38.6,35163,43578
"8568",42011000500,"42","011","000500",3554,40.360098,-75.918187,"Census Tract 5, Berks County, Pennsylvania",74100,1412,26,6,3.29,2.59,0.9,0,1.1,0,12.1,1.1,3,20.5,61.2,2.6,5.3,15.8,46.1,24.1,6.1,71.6,28.4,41406,47162
"8569",42011000600,"42","011","000600",3261,40.36099,-75.908031,"Census Tract 6, Berks County, Pennsylvania",139600,1036,24,6.3,2.33,2.42,0,0.6,1.9,2.6,9.1,6.9,20.2,12.1,46.6,0,4.4,21.4,52.3,18.7,3.1,75.5,24.5,51042,61732
"8570",42011000700,"42","011","000700",4196,40.352556,-75.913225,"Census Tract 7, Berks County, Pennsylvania",71600,1541,214,6.1,2.82,3.03,0,0,0.5,2.1,12.8,1.9,16,8.3,58.2,0.5,7.1,13.5,47.3,19.7,12,60.4,39.6,37928,47042
"8571",42011000800,"42","011","000800",4405,40.352239,-75.917672,"Census Tract 8, Berks County, Pennsylvania",60100,1557,94,6.1,2.99,3.27,0,1.2,3.3,4.1,7.3,0.5,3.9,8.7,70.8,3.3,13.2,20,28.5,24.9,10.1,39.8,60.2,32326,38122
"8572",42011000900,"42","011","000900",2696,40.347003,-75.928921,"Census Tract 9, Berks County, Pennsylvania",98000,1250,227,4.3,2.85,2.18,0,0,0,2.6,0.8,0,2.4,7.4,86.8,7.6,33,20.6,8.6,16.8,13.4,31.4,68.6,32266,35188
"8573",42011001000,"42","011","001000",3248,40.346056,-75.935718,"Census Tract 10, Berks County, Pennsylvania",65200,1268,318,7.4,3.57,3.19,0.2,0,1.1,4.5,1.7,2.4,12.5,2.6,75.2,0,9.5,11.5,21.6,19.6,37.8,54.8,45.2,32237,34249
"8574",42011001100,"42","011","001100",4184,40.346052,-75.940621,"Census Tract 11, Berks County, Pennsylvania",46100,1491,167,6,3.4,3.21,0,0.5,0,3.3,0.8,0.8,8.5,16.6,69.6,0.7,11.1,19.9,26.8,19.8,21.8,46.2,53.8,22284,29152
"8575",42011001200,"42","011","001200",1741,40.340811,-75.93555,"Census Tract 12, Berks County, Pennsylvania",36900,613,119,6.1,2.7,3.53,0,0,5.2,4.2,1.8,2.6,0.8,14.4,71,1,2.6,4.7,37.4,35.4,18.9,72.3,27.7,25000,35890
"8576",42011001300,"42","011","001300",2970,40.340841,-75.928833,"Census Tract 13, Berks County, Pennsylvania",60300,1304,422,5,2.79,2.71,0.4,4.8,4.5,3.9,0,1.6,12.6,6.7,65.4,4.1,25.5,28.2,19.2,8.3,14.7,31.7,68.3,22000,31265
"8577",42011001400,"42","011","001400",4494,40.345707,-75.918559,"Census Tract 14, Berks County, Pennsylvania",52400,1598,255,4.9,3.53,2.6,1.7,4.9,1.4,0,8.4,2.9,7.7,8.4,64.5,5.4,31,16,28.3,16.6,2.7,36.5,63.5,21513,30321
"8578",42011001500,"42","011","001500",3730,40.345505,-75.913853,"Census Tract 15, Berks County, Pennsylvania",60400,1197,193,6.9,3.2,4.41,0.8,0,1.8,3.3,0,9.9,10,13.4,60.7,0,0.8,15.6,35.8,27.2,20.5,44.2,55.8,33689,39358
"8579",42011001600,"42","011","001600",2670,40.340828,-75.91321,"Census Tract 16, Berks County, Pennsylvania",52500,983,165,6.1,2.9,3.52,0,0,1.7,0,1.9,2.3,8.7,23.8,61.4,3.2,8.7,9.6,39.1,18.8,20.7,41.1,58.9,32411,36353
"8580",42011001700,"42","011","001700",3224,40.340378,-75.918724,"Census Tract 17, Berks County, Pennsylvania",63200,1293,283,5.1,3.37,2.89,0.6,0,1.8,0.6,5.4,1,5.3,7.6,77.7,4.9,21.7,22.3,24.1,20.3,6.8,42.5,57.5,21216,29206
"8581",42011001800,"42","011","001800",2874,40.332149,-75.906126,"Census Tract 18, Berks County, Pennsylvania",90400,1374,188,5.1,2.91,2.86,4.1,0.9,5.8,4.8,7.2,2,11.9,1.7,61.6,3.8,25.4,24,17,11.1,18.8,44.9,55.1,29974,51871
"8582",42011001900,"42","011","001900",2539,40.33432,-75.916344,"Census Tract 19, Berks County, Pennsylvania",71800,1392,191,3.6,3.01,1.87,0,0,2.5,13.5,10.4,8.5,3.1,6.9,55,18.6,35.3,9.9,12.6,19,4.5,17,83,16080,22229
"8583",42011002000,"42","011","002000",4181,40.328102,-75.906914,"Census Tract 20, Berks County, Pennsylvania",55900,1845,260,6.1,2.28,2.8,0,0,5.5,1.6,5,1.6,7.2,15.3,63.7,0.5,13.8,19.5,35.2,19.9,11.1,56.1,43.9,31438,36816
"8584",42011002100,"42","011","002100",2783,40.329524,-75.91559,"Census Tract 21, Berks County, Pennsylvania",39600,1184,222,5.8,2.61,3.42,0,0,1.4,0,2.9,7.4,9.9,5.7,72.7,1.9,14.7,22,43.3,11.3,6.8,44.8,55.2,23512,32057
"8585",42011002200,"42","011","002200",2026,40.329959,-75.920721,"Census Tract 22, Berks County, Pennsylvania",37100,823,213,5.4,3.12,3.32,6,0,1.5,3.3,7.8,2.8,5.2,13.7,59.8,1.5,16.5,25.5,29.5,21.7,5.2,49.3,50.7,23774,27404
"8586",42011002300,"42","011","002300",2186,40.328835,-75.926108,"Census Tract 23, Berks County, Pennsylvania",46400,997,136,5.3,2.63,1.98,0.9,1.5,1.8,4,5.2,1.9,4.9,11.4,68.3,10.6,14.2,22.7,24.1,17.6,10.8,37.4,62.6,20170,28348
"8587",42011002500,"42","011","002500",3201,40.334421,-75.933436,"Census Tract 25, Berks County, Pennsylvania",63900,1528,235,5.3,2.63,2.81,0,0.9,2.5,15,8.2,16.2,2.7,8.4,46.1,11.9,22.1,18.7,27.2,8.4,11.8,35.8,64.2,17188,28572
"8588",42011002600,"42","011","002600",3330,40.321165,-75.94553,"Census Tract 26, Berks County, Pennsylvania",107200,1181,84,4.6,2.14,2.99,3.6,1.6,0.8,8.2,21.9,13.5,24.1,7.2,19,0.8,25.1,24.2,36.7,9.7,3.4,24.9,75.1,17969,26456
"8589",42011002700,"42","011","002700",2071,40.318212,-75.950184,"Census Tract 27, Berks County, Pennsylvania",142800,985,9,5.5,2.29,1.69,0,0,1.3,8.7,9.7,22.5,28.5,17,12.2,2.2,17.5,26.2,36.1,15.3,2.6,74,26,51094,56584
"8590",42011002900,"42","011","002900",3094,40.316173,-75.932373,"Census Tract 29, Berks County, Pennsylvania",101000,1082,81,6,2.09,2.03,0,1.8,7.7,3.4,14.8,2.3,6.5,14.6,49,0.8,5.9,21.2,55,16,1.1,88,12,37616,44415
"8591",42011010100,"42","011","010100",6029,40.482548,-76.262709,"Census Tract 101, Berks County, Pennsylvania",188800,2403,187,5.7,2.88,2.14,3.3,8.8,10.5,13.5,15.9,6.6,11.2,7.7,22.5,0.4,8.3,21.8,50.2,16.5,2.7,81.1,18.9,59896,68409
"8592",42011010201,"42","011","010201",4423,40.469303,-76.010114,"Census Tract 102.01, Berks County, Pennsylvania",179000,1665,60,6.4,2.85,2.8,2.8,12.6,25.1,16.4,13.2,2.2,5.1,1.1,21.6,0.1,1.6,14.8,54.8,27.9,0.7,88,12,69844,76453
"8593",42011010202,"42","011","010202",5331,40.531254,-76.041237,"Census Tract 102.02, Berks County, Pennsylvania",145100,1828,96,6.1,2.82,2.55,5.1,13.5,16,15.3,11.4,7.1,8.9,1.4,21.2,0.4,2.9,16.8,52.5,20.1,7.2,85.6,14.4,57813,64702
"8594",42011010302,"42","011","010302",2904,40.435068,-76.081326,"Census Tract 103.02, Berks County, Pennsylvania",200500,1133,38,6.4,2.65,2.38,1.5,5.8,16.6,14.7,11,8.6,14.8,2.8,24.1,0.6,2.5,21,51.5,20.2,4.2,86.1,13.9,66680,74987
"8595",42011010303,"42","011","010303",1987,40.442755,-75.970383,"Census Tract 103.03, Berks County, Pennsylvania",147500,794,52,6.3,2.77,2.38,6.8,7.1,7.8,22.5,9.6,9.1,4.9,8.3,23.9,0,5,12.5,54.7,23.4,4.4,88.3,11.7,58782,68923
"8596",42011010304,"42","011","010304",6728,40.3938,-75.994369,"Census Tract 103.04, Berks County, Pennsylvania",217500,1842,166,6.9,2.64,2.81,4,7.2,13.9,9.7,13,11.5,18.3,5.2,17.2,0,1.9,15.3,52.4,25.1,5.3,86.6,13.4,72404,84778
"8597",42011010400,"42","011","010400",8153,40.421455,-76.206492,"Census Tract 104, Berks County, Pennsylvania",211100,3052,151,6.7,2.78,2.74,4.4,9.9,15.9,12.8,17.2,6,3.8,2,28,0.2,3,19.2,48.9,23.1,5.7,85.6,14.4,60614,69672
"8598",42011010500,"42","011","010500",6595,40.357961,-76.161405,"Census Tract 105, Berks County, Pennsylvania",151800,2676,91,6.1,2.64,1.95,1.2,5,14.8,17.2,14,6.1,7.5,5.7,28.6,1.4,11,24.9,46.9,13,2.8,74.7,25.3,54963,63299
"8599",42011010600,"42","011","010600",8007,40.338497,-76.062784,"Census Tract 106, Berks County, Pennsylvania",231000,2940,86,7,2.77,2.21,8.3,13.3,23,9,8.3,6.7,9.7,3.2,18.4,0.6,6.4,13.5,38.5,35.3,5.7,80.6,19.4,70313,91624
"8600",42011010700,"42","011","010700",7271,40.313737,-76.082129,"Census Tract 107, Berks County, Pennsylvania",209500,2651,102,6.6,2.67,2.71,7.4,25.5,18.6,14.2,11.7,4,1.9,3.1,13.6,1.6,6.1,17.9,41,30.1,3.3,88,12,67425,76658
"8601",42011010801,"42","011","010801",1928,40.279793,-76.053676,"Census Tract 108.01, Berks County, Pennsylvania",209300,702,0,7.6,2.66,2.74,12.8,1.6,13.8,8,12.3,8.8,4.8,16.1,21.8,3,0,18.2,40.7,38,0,89.7,10.3,79940,95174
"8602",42011010802,"42","011","010802",9084,40.308861,-76.013043,"Census Tract 108.02, Berks County, Pennsylvania",223300,3386,114,6.6,2.82,2.13,2.6,16.8,32.3,18.1,6.9,11.8,4.6,3.2,3.7,0.4,6,22.2,38.1,32,1.2,72,28,77261,86719
"8603",42011010902,"42","011","010902",4008,40.323849,-76.022039,"Census Tract 109.02, Berks County, Pennsylvania",186700,1718,49,5.8,2.55,1.9,3.7,24.6,9.1,2.7,5.3,16.9,11.8,5.7,20.1,0,12.8,20.2,49.7,17.1,0.3,64.8,35.2,56394,70642
"8604",42011010903,"42","011","010903",6205,40.341026,-75.999042,"Census Tract 109.03, Berks County, Pennsylvania",199700,2388,0,6.4,2.29,1.77,0.7,6.7,29.6,8.3,12,24.7,12.1,2.9,3.1,0.8,7,30.6,30.1,29.5,2.1,77.9,22.1,62667,83770
"8605",42011010904,"42","011","010904",3610,40.341001,-75.992139,"Census Tract 109.04, Berks County, Pennsylvania",216000,1492,0,7.6,2.69,2.22,3.6,0,6.2,14.7,45.4,22.7,6,1.4,0,0,6.4,10.8,32,48.3,2.4,79.6,20.4,71875,82302
"8606",42011010905,"42","011","010905",4594,40.319802,-75.991995,"Census Tract 109.05, Berks County, Pennsylvania",146600,2072,36,6,2.45,2.27,0.4,3.9,5.3,5.1,9,11.1,32.4,13.4,19.4,0.5,4.1,25.6,58.7,8.9,2.1,79.8,20.2,54216,60499
"8607",42011011000,"42","011","011000",4588,40.332711,-75.986624,"Census Tract 110, Berks County, Pennsylvania",169100,1908,119,6.9,2.46,2.1,0.8,1,5.2,9.6,11.2,13.3,21.5,10.5,26.9,0.4,6.9,17.1,44.4,25.6,5.6,87.4,12.6,61824,82346
"8608",42011011101,"42","011","011101",2129,40.345644,-75.96191,"Census Tract 111.01, Berks County, Pennsylvania",145900,1055,54,4,2.21,1.65,1.1,1.5,11,18.1,10,24.5,10.6,8.4,14.6,5.1,25.3,49,18.2,0,2.4,33.6,66.4,55097,54210
"8609",42011011102,"42","011","011102",5459,40.32383,-75.969416,"Census Tract 111.02, Berks County, Pennsylvania",268700,2396,0,7.5,2.53,1.56,2.6,1.4,5.4,17.8,11.7,14.4,11.8,5.7,29.3,0.6,5.8,21,29.9,26.9,15.9,79.5,20.5,89286,148506
"8610",42011011200,"42","011","011200",4212,40.333712,-75.946965,"Census Tract 112, Berks County, Pennsylvania",121000,1992,330,5.8,2.36,2,1.7,0,3.7,8.6,2.5,4,11,7.1,61.3,2,16.7,22.6,45.2,8.8,4.7,63.2,36.8,44486,54182
"8611",42011011300,"42","011","011300",2877,40.308337,-75.94407,"Census Tract 113, Berks County, Pennsylvania",139400,1203,72,5.8,2.49,2.7,0.9,1.2,0,1.5,4.3,21.7,25.4,14.5,30.4,0,10.6,24.4,51,13.1,1,79.6,20.4,52140,56945
"8612",42011011400,"42","011","011400",5273,40.304145,-75.967687,"Census Tract 114, Berks County, Pennsylvania",143000,2247,56,6.5,2.54,1.72,1.1,0,4.1,1,5.7,12,15.8,12.2,48.1,0.6,4,19.4,60,12.6,3.5,82.6,17.4,57610,69665
"8613",42011011500,"42","011","011500",3043,40.286976,-75.987135,"Census Tract 115, Berks County, Pennsylvania",152500,1313,24,5.9,2.63,1.73,0.8,5.1,13.9,16.5,11.8,3.5,6.9,6.6,35,0.7,19.5,22.5,30.3,22.9,4.1,69.9,30.1,57543,80756
"8614",42011011601,"42","011","011601",5265,40.299893,-75.958051,"Census Tract 116.01, Berks County, Pennsylvania",156400,2321,18,5.5,2.49,2.12,1.2,2.4,8.1,12.1,24.9,12.9,17.1,8.9,12.4,0,16.1,32.5,26,22.1,3.4,58.4,41.6,51148,66620
"8615",42011011602,"42","011","011602",4232,40.287932,-75.991616,"Census Tract 116.02, Berks County, Pennsylvania",170800,1767,41,6.1,2.44,1.61,2.8,7.2,13.8,18.3,8.4,6.5,18.8,6.9,17.3,0,7,22.6,48.8,19.8,1.8,91.7,8.3,58611,68753
"8616",42011011603,"42","011","011603",5650,40.280295,-75.927758,"Census Tract 116.03, Berks County, Pennsylvania",193300,2705,13,6,2.22,1.6,6.8,8,7.5,17.3,42.9,3.7,4.3,0.4,9,1.7,7.7,35.7,37,14,3.8,66.6,33.4,64213,88101
"8617",42011011701,"42","011","011701",7216,40.237506,-75.877721,"Census Tract 117.01, Berks County, Pennsylvania",236200,2598,51,6.4,2.87,2.47,5.5,14.5,10.6,17.7,18.4,8.8,4.3,2.4,17.9,0.2,2.6,20.6,49.2,24.2,3.2,88.1,11.9,77585,93363
"8618",42011011702,"42","011","011702",4585,40.235242,-75.979106,"Census Tract 117.02, Berks County, Pennsylvania",271500,1730,100,6.8,2.94,1.82,1.3,9.8,24.7,20.2,14.6,6.4,7.5,5.1,10.3,0,5.9,17.8,40.6,28.4,7.2,89.7,10.3,87667,98778
"8619",42011011703,"42","011","011703",4077,40.158695,-75.877029,"Census Tract 117.03, Berks County, Pennsylvania",241200,1513,110,6.4,2.98,1.71,6.9,22.5,14.6,10.7,7.5,13.9,9.1,2.8,12,2.1,4.5,19.5,42.7,28.6,2.6,81.6,18.4,72870,85158
"8620",42011011800,"42","011","011800",5163,40.26118,-75.809233,"Census Tract 118, Berks County, Pennsylvania",171800,1897,19,6.6,2.8,2.55,0,4.1,14.9,13.1,14.6,5.3,10.6,5.8,31.7,0,7.4,13.1,50.8,26.3,2.5,82.4,17.6,62933,71848
"8621",42011011902,"42","011","011902",3503,40.241313,-75.77846,"Census Tract 119.02, Berks County, Pennsylvania",213100,1399,24,6.4,2.61,2.07,0.6,1.3,16.2,17,13.3,8.4,14.4,3.2,25.6,0,5.6,16.7,50,23.4,4.2,88.9,11.1,68250,78277
"8622",42011011903,"42","011","011903",5030,40.300682,-75.7328,"Census Tract 119.03, Berks County, Pennsylvania",283600,1579,106,7.9,3.32,2.08,16.7,23.1,24.4,8.1,6.5,6,4.6,0.5,10.2,0,1.8,4.4,37.1,53.4,3.4,91.3,8.7,89957,101524
"8623",42011011904,"42","011","011904",7553,40.271427,-75.741271,"Census Tract 119.04, Berks County, Pennsylvania",244300,2680,111,7.3,3.01,2.45,8.5,17.5,24.9,2.7,20.8,13.4,4.4,0,7.7,1.9,5,14.3,32.1,38.7,8.1,83.8,16.2,77824,88433
"8624",42011012001,"42","011","012001",2472,40.285854,-75.828876,"Census Tract 120.01, Berks County, Pennsylvania",115200,1143,79,5.7,2.29,2.35,4.7,12.8,18.7,8.7,16.8,9.4,13,8.1,7.7,0,4,32.4,57,4,2.5,80.4,19.6,51429,64432
"8625",42011012002,"42","011","012002",8760,40.302308,-75.868542,"Census Tract 120.02, Berks County, Pennsylvania",179900,3781,238,6.7,2.6,2.1,8.4,14.5,10.9,24.3,14.3,9.4,8.7,3.5,6.1,0,5.6,25.2,44.9,21.8,2.5,79.1,20.9,70376,74980
"8626",42011012101,"42","011","012101",1809,40.324813,-75.86407,"Census Tract 121.01, Berks County, Pennsylvania",158700,769,26,5.9,2.49,2.06,0.4,0.8,18.2,11.8,14.7,8.8,15.2,6.5,23.5,0,14.7,17.8,51.5,13.4,2.6,68.6,31.4,58345,62778
"8627",42011012103,"42","011","012103",2322,40.322308,-75.815442,"Census Tract 121.03, Berks County, Pennsylvania",256700,979,74,7.2,2.66,2.02,8,6.3,11.6,5.1,23.8,8,19.7,4.9,12.6,0,2,13.8,42.8,28.5,12.9,89.7,10.3,84750,125439
"8628",42011012104,"42","011","012104",3160,40.339854,-75.859719,"Census Tract 121.04, Berks County, Pennsylvania",161400,1336,59,5.9,2.49,2.63,1.5,3.7,5.2,10.8,30.6,16.7,19.9,4.6,7,0,1.7,23.3,54.9,18.6,1.5,88.4,11.6,64309,94547
"8629",42011012105,"42","011","012105",8836,40.31455,-75.844194,"Census Tract 121.05, Berks County, Pennsylvania",233600,2875,26,7.7,2.89,1.23,5.3,24,21.7,17,14.4,4.1,8.1,3.4,2,0,1.8,4.5,45,43.9,4.9,97.3,2.7,97409,105724
"8630",42011012200,"42","011","012200",3138,40.328605,-75.889625,"Census Tract 122, Berks County, Pennsylvania",137400,1324,88,6.2,2.58,2.36,2.2,2.6,2.6,0.8,6,13.3,15.4,11.6,45.3,0.8,15.6,22.1,41.3,13.7,6.5,71.9,28.1,53125,58392
"8631",42011012300,"42","011","012300",4443,40.341888,-75.87663,"Census Tract 123, Berks County, Pennsylvania",144900,1977,71,6.2,2.46,1.85,0.9,1.3,4.6,2.2,8.9,11.7,34.2,8.6,27.6,0,6.6,29.9,45.7,15.6,2.1,80.3,19.7,53112,62312
"8632",42011012400,"42","011","012400",6370,40.395382,-75.911767,"Census Tract 124, Berks County, Pennsylvania",147900,2567,78,5.6,2.57,1.87,5,10.4,7.2,7.1,12.8,8.6,18.3,5.6,25,1.1,9.6,30.6,46,10.4,2.2,68,32,55398,61248
"8633",42011012500,"42","011","012500",2008,40.404977,-75.925041,"Census Tract 125, Berks County, Pennsylvania",138700,813,5,6,2.18,2.49,0,0,0.7,0,4.8,5.5,51.3,15.4,22.3,0.5,5.2,20.2,36.4,36,1.7,81.9,18.1,54327,63477
"8634",42011012600,"42","011","012600",2291,40.375037,-75.922758,"Census Tract 126, Berks County, Pennsylvania",115500,882,52,6.2,2.95,2.65,0,0,1.7,2.8,2.4,13.5,25.6,16.7,37.3,2.3,7.5,16.6,53.7,9.9,10.1,85.3,14.7,45000,53323
"8635",42011012700,"42","011","012700",8959,40.394811,-75.952395,"Census Tract 127, Berks County, Pennsylvania",181900,3640,102,6.5,2.6,1.9,7.2,7.7,30.4,9.8,10.1,17.5,10.4,1.4,5.7,0,3.5,16.6,56,22.2,1.8,90.4,9.6,60300,74449
"8636",42011012800,"42","011","012800",3911,40.389469,-75.915236,"Census Tract 128, Berks County, Pennsylvania",127400,1857,118,5.8,2.11,2.75,0.5,1.5,1.9,6.8,8.5,13.5,21.9,14.9,30.5,2.5,3.2,24.5,56.5,11.6,1.7,78.8,21.2,51797,56902
"8637",42011012900,"42","011","012900",7371,40.383207,-75.820387,"Census Tract 129, Berks County, Pennsylvania",185600,2977,47,6.2,2.58,2.22,0.4,3.6,12.9,12.2,11.5,10.2,15.3,6.5,27.4,0,8.5,23,50.9,16.1,1.5,84.2,15.8,60302,67564
"8638",42011013000,"42","011","013000",6501,40.318079,-75.692649,"Census Tract 130, Berks County, Pennsylvania",217500,2632,119,6.1,2.65,1.86,6.1,9.5,12.8,10.7,10.7,6.7,12.1,7,24.5,1.7,2.1,25.5,48.9,19,2.7,86.2,13.8,64458,83494
"8639",42011013100,"42","011","013100",5078,40.341094,-75.644804,"Census Tract 131, Berks County, Pennsylvania",184600,2091,87,6.3,2.44,3.64,0.6,2.3,10.8,15.1,24,8.3,12.1,8.6,18.2,0,3.3,16.4,59.1,16.6,4.6,89.8,10.2,64018,76853
"8640",42011013200,"42","011","013200",4055,40.332097,-75.636135,"Census Tract 132, Berks County, Pennsylvania",157000,1975,57,5.1,2.44,1.79,1.3,4.8,14.3,3.6,6.8,5.2,11.7,6.8,45.5,13.3,17.2,20.9,32.7,11.4,4.6,48.6,51.4,39792,47934
"8641",42011013301,"42","011","013301",2997,40.448505,-75.578128,"Census Tract 133.01, Berks County, Pennsylvania",216500,1337,164,6,2.64,1.79,1.8,8.3,13.7,19.8,16.5,5.5,4.9,1.9,27.7,0,7.1,15.1,59.5,14.1,4.1,92.7,7.3,71157,93150
"8642",42011013302,"42","011","013302",5842,40.386999,-75.608172,"Census Tract 133.02, Berks County, Pennsylvania",232300,2257,182,6.4,2.72,2.88,7.1,8.5,16.1,7.3,11.5,9,12.3,6.5,21.8,0,3.3,23,43.6,25,5.1,89.6,10.4,64069,81876
"8643",42011013401,"42","011","013401",7890,40.435032,-75.788816,"Census Tract 134.01, Berks County, Pennsylvania",235600,3009,60,7,2.69,2.01,6.7,8.7,23.2,20.1,12.5,4.4,2.6,3.4,18.5,0.3,2.3,10.4,51.2,30.9,4.8,95.9,4.1,83018,93545
"8644",42011013402,"42","011","013402",3060,40.413993,-75.677324,"Census Tract 134.02, Berks County, Pennsylvania",254400,1232,49,6.4,2.82,2.71,2.4,5.9,17.8,17,16.1,8.3,6.5,1.3,24.7,0.5,3.7,16.1,53.5,17.9,8.3,89.1,10.9,70494,78731
"8645",42011013500,"42","011","013500",10772,40.447325,-75.888702,"Census Tract 135, Berks County, Pennsylvania",196300,3903,190,6.4,2.89,2.26,10.3,19.4,29.1,9.2,4,4.2,6.5,2.8,14.4,1,1.7,16,50.7,28.3,2.4,87.2,12.8,63854,73645
"8646",42011013600,"42","011","013600",4085,40.455918,-75.819295,"Census Tract 136, Berks County, Pennsylvania",166100,1814,49,6.1,2.44,1.99,0,0.9,19.6,9.5,15,11.1,11.7,2.4,29.9,0,11.9,17,49.5,19.9,1.7,75,25,64974,66285
"8647",42011013701,"42","011","013701",3397,40.485795,-75.836487,"Census Tract 137.01, Berks County, Pennsylvania",176400,1455,26,5.9,2.4,2.3,4.9,9.6,9.5,14,13.7,7.1,10.6,4.9,25.7,2.8,9,17.7,48.7,21,0.9,72.3,27.7,41563,52809
"8648",42011013702,"42","011","013702",3795,40.50587,-75.953859,"Census Tract 137.02, Berks County, Pennsylvania",149600,1671,63,5.7,2.36,2.24,1.3,1.8,8.2,7.8,17.4,10.2,15.5,6.2,31.7,0.7,7.9,24.1,47.6,17.7,2,71.8,28.2,50170,63388
"8649",42011013800,"42","011","013800",4289,40.556319,-75.982031,"Census Tract 138, Berks County, Pennsylvania",126200,1934,136,5.4,2.68,1.91,1.1,4.5,5.9,2.9,14.2,11.8,10,5.6,44,0,18.5,30.7,36.8,9.8,4.1,60.2,39.8,41989,55437
"8650",42011013900,"42","011","013900",7893,40.578028,-75.860462,"Census Tract 139, Berks County, Pennsylvania",207300,3385,313,6.4,2.72,2.17,3.6,14.4,12.1,11.7,13.8,7.3,5.1,2.8,29.3,0.2,4.2,22.2,51.1,18.8,3.5,84.5,15.5,67632,82435
"8651",42011014000,"42","011","014000",5012,40.518943,-75.776514,"Census Tract 140, Berks County, Pennsylvania",182100,2001,204,5.9,2.53,2.49,3.3,7,4.5,11.4,15.8,5.4,11,4.6,36.9,2.7,16.2,17.9,38.6,18.5,5.9,50.3,49.7,38627,56596
"8652",42011014100,"42","011","014100",8384,40.511518,-75.766577,"Census Tract 141, Berks County, Pennsylvania",199100,2232,100,6.1,2.69,2.21,6.4,6.2,13.4,11.1,14.5,7.5,6.3,3.9,30.7,0.2,4.1,21.7,46.4,21.9,5.6,77.9,22.1,57946,73425
"8653",42011014200,"42","011","014200",7748,40.495846,-75.67123,"Census Tract 142, Berks County, Pennsylvania",172400,3034,113,5.9,2.62,2.37,1.6,2.8,10.4,14.9,15.6,9,10.6,5.6,29.4,1.4,5.4,25.6,50,14.3,3.3,77.9,22.1,61180,72104
"8654",42013010101,"42","013","010101",4229,40.674006,-78.236938,"Census Tract 101.01, Blair County, Pennsylvania",103400,1819,240,6.1,2.54,2.51,0.6,6,13.6,7.3,12,10.9,10.9,8.7,30,1.5,0.9,28.8,50.1,16.3,2.4,85.7,14.3,46792,56273
"8655",42013010102,"42","013","010102",2966,40.670808,-78.242659,"Census Tract 101.02, Blair County, Pennsylvania",87700,1271,128,5.8,2.71,1.86,0,0.8,4,1.4,15.3,8.8,6,7.8,55.9,3,24.9,19.1,32.6,13.5,6.9,49.4,50.6,31366,37700
"8656",42013010103,"42","013","010103",2511,40.680084,-78.243009,"Census Tract 101.03, Blair County, Pennsylvania",102300,1076,82,6.4,2.91,2.42,1.6,4,11.7,4.2,2.7,3.9,11.1,8.1,52.8,0,7.3,19,46.5,24.7,2.5,76.4,23.6,45500,56210
"8657",42013010401,"42","013","010401",1828,40.601123,-78.333877,"Census Tract 104.01, Blair County, Pennsylvania",92400,823,27,6.7,2.62,1.67,3.2,1,3,1.1,5.7,3.2,11.7,11.4,59.8,0,6.7,27.2,39.2,19.3,7.5,79.9,20.1,48036,49357
"8658",42013010402,"42","013","010402",6499,40.602922,-78.337936,"Census Tract 104.02, Blair County, Pennsylvania",140000,2986,315,6.2,2.51,1.93,4.2,8.1,10.1,11.1,20.1,9.5,10.1,4.2,22.6,0,2.5,30.5,48.2,18.7,0,83.6,16.4,53771,58932
"8659",42013010500,"42","013","010500",3430,40.5174,-78.436147,"Census Tract 105, Blair County, Pennsylvania",150200,1461,93,6.5,2.55,2.16,3.4,6,7.9,15.7,14.4,15.1,8.4,12,17,0,0.7,21.4,49.4,25.1,3.5,91.7,8.3,59342,70681
"8660",42013010600,"42","013","010600",2196,40.470886,-78.389303,"Census Tract 106, Blair County, Pennsylvania",107000,1048,22,6.5,2.58,1.43,4.3,10.5,10.4,3.1,12.9,11.7,8.9,8.6,29.6,0,3.3,17.6,58.1,13.8,7.2,89.2,10.8,49688,67635
"8661",42013010700,"42","013","010700",7402,40.539231,-78.36629,"Census Tract 107, Blair County, Pennsylvania",108800,2758,169,5.7,2.59,3.05,4.5,11.4,14.9,11.6,23,9.6,4.8,8.1,12,0.1,2.7,31.7,44.6,15.3,5.7,76.3,23.7,43980,60689
"8662",42013010800,"42","013","010800",3671,40.460972,-78.20759,"Census Tract 108, Blair County, Pennsylvania",98500,1629,161,5.9,2.7,2.08,3.2,3.4,7.9,9.4,10.1,7.8,8,9.4,40.8,0.4,8.1,27.9,44.1,15.3,4.3,74.3,25.7,41447,49234
"8663",42013010900,"42","013","010900",7381,40.447052,-78.351025,"Census Tract 109, Blair County, Pennsylvania",182500,3139,101,6.7,2.48,1.99,2.1,7.2,17.5,17.6,18.1,8.5,14.1,4,11,1.3,7.7,15.6,44.2,26.2,5,80.6,19.4,68477,91201
"8664",42013011001,"42","013","011001",3742,40.423726,-78.482767,"Census Tract 110.01, Blair County, Pennsylvania",106900,1598,50,5.7,2.57,2.27,0.8,6.7,12.1,10.3,29.1,10.2,14.3,3.4,13.1,0.4,3.7,26,55.6,12.7,1.6,87.9,12.1,49216,64253
"8665",42013011002,"42","013","011002",4226,40.446865,-78.424997,"Census Tract 110.02, Blair County, Pennsylvania",111500,1744,151,5.8,2.22,2.25,2.4,1.5,9.1,22.2,15.4,15.5,13,2.9,17.9,0,12,30.3,46.9,7,3.8,74.8,25.2,38472,78541
"8666",42013011100,"42","013","011100",5997,40.41208,-78.414959,"Census Tract 111, Blair County, Pennsylvania",143200,2704,71,6,2.4,1.86,2,6.7,14.7,12.1,17.2,8.2,12.1,6,20.9,0.4,6.5,22.9,55.2,13.5,1.5,78.8,21.2,49479,74725
"8667",42013011200,"42","013","011200",5791,40.430556,-78.394554,"Census Tract 112, Blair County, Pennsylvania",118000,2938,343,5.7,2.17,1.87,6,5.4,5.1,8.2,7.4,2.6,10.9,12.4,42.2,0.4,11.1,36.7,34.9,13.4,3.5,53.4,46.6,44420,51673
"8668",42013011300,"42","013","011300",5938,40.317126,-78.310322,"Census Tract 113, Blair County, Pennsylvania",124800,2530,90,5.8,2.42,1.95,3.4,5.2,16.4,11.1,17.9,10.5,8.9,2.2,24.4,1.5,7.5,28.3,47.7,11.7,3.4,73.1,26.9,43761,52645
"8669",42013011400,"42","013","011400",2585,40.334421,-78.398611,"Census Tract 114, Blair County, Pennsylvania",93200,1122,76,5.9,2.42,2.49,0,0.4,4.4,5.3,8.8,7.8,19.6,8.2,45.5,0,8.4,33.6,39.5,15.8,2.8,74.5,25.5,44340,51993
"8670",42013011500,"42","013","011500",5923,40.346586,-78.422871,"Census Tract 115, Blair County, Pennsylvania",128600,2524,167,5.7,2.55,2,2.1,15.3,17,5.6,18.9,9.2,10.6,7.5,13.8,0,11.6,25.2,50.8,9.7,2.7,69.8,30.2,48380,55650
"8671",42013011600,"42","013","011600",4173,40.30153,-78.474591,"Census Tract 116, Blair County, Pennsylvania",101300,1814,236,6,2.75,2.13,0,2,8.7,19.2,18.5,9.2,10,9.2,23.4,0.7,6.4,31,45,14.9,1.9,77.2,22.8,45208,63338
"8672",42013100200,"42","013","100200",2231,40.486959,-78.423339,"Census Tract 1002, Blair County, Pennsylvania",100000,1092,78,6.2,2.1,1.56,0,3.3,3.6,0.9,10.1,17.7,12.1,11.8,40.6,0,3.6,26.3,54.9,13.4,1.8,81.5,18.5,50726,52725
"8673",42013100300,"42","013","100300",3184,40.503058,-78.413858,"Census Tract 1003, Blair County, Pennsylvania",68300,1435,95,6.3,2.21,2.32,0.6,1.6,4.4,2.7,0,4.1,9.6,13.2,63.8,0.6,11,26.2,39.2,19.7,3.3,51,49,28750,35043
"8674",42013100400,"42","013","100400",1768,40.512408,-78.414824,"Census Tract 1004, Blair County, Pennsylvania",75500,772,50,6.3,3.29,2.86,0,1.6,8.8,1.2,6.7,2.5,8,21.6,49.6,0,5.3,19.8,51.3,21.1,2.5,80.6,19.4,39857,59068
"8675",42013100500,"42","013","100500",3631,40.519328,-78.410331,"Census Tract 1005, Blair County, Pennsylvania",74900,1588,101,6.3,2.53,2.3,0,0,0,0.4,6.2,7.9,9.9,9.7,65.8,0,9.4,20.6,47.7,18.4,3.8,62.6,37.4,32216,46595
"8676",42013100600,"42","013","100600",2553,40.527236,-78.40521,"Census Tract 1006, Blair County, Pennsylvania",86200,1173,108,6.4,2.36,2.01,0,0,1.5,2,4.3,10.7,16.2,16.6,48.7,1,3.8,20.9,53.7,19.1,1.5,83,17,48750,56526
"8677",42013100700,"42","013","100700",2326,40.527066,-78.396765,"Census Tract 1007, Blair County, Pennsylvania",62500,990,180,6,2.57,2.77,0.7,0,9.9,12.4,6.3,2.7,14.5,10.8,42.6,0,6.2,27.2,45.6,20.1,1,47.8,52.2,20625,35628
"8678",42013100800,"42","013","100800",1917,40.536866,-78.406031,"Census Tract 1008, Blair County, Pennsylvania",101800,696,49,5.5,2.15,2.26,1.6,1.3,5.7,6.6,7.3,17.4,20.4,20.4,19.3,3.7,0,30,48.7,15.7,1.9,84.7,15.3,48299,56745
"8679",42013100900,"42","013","100900",4389,40.540136,-78.385671,"Census Tract 1009, Blair County, Pennsylvania",79500,1935,59,6.2,2.56,1.99,2.5,1.8,7.2,2.3,4.9,5.7,7.3,11.5,56.8,2,10,21.1,48.5,17.5,1,65.2,34.8,35000,42385
"8680",42013101100,"42","013","101100",1567,40.472843,-78.419389,"Census Tract 1011, Blair County, Pennsylvania",96400,845,6,5.7,2.19,2,0,0,2,0.7,25.1,11.2,14,12.4,34.6,0,1.5,42.5,47,8.5,0.5,71.2,28.8,48329,50133
"8681",42013101200,"42","013","101200",4001,40.482221,-78.405881,"Census Tract 1012, Blair County, Pennsylvania",117200,1866,149,6.3,2.43,1.8,1.8,1.1,8.5,2,15,8.3,12.3,9.9,41.2,0,10.8,23,44.2,16.9,5.1,71.5,28.5,48346,65132
"8682",42013101400,"42","013","101400",3862,40.501759,-78.403682,"Census Tract 1014, Blair County, Pennsylvania",69800,1719,237,6.3,2.79,2.28,2.5,0,2.2,1.6,1.3,4.8,12.3,19.1,56.3,0,10.6,18.5,52.6,12.4,5.9,67.7,32.3,40988,55529
"8683",42013101500,"42","013","101500",3479,40.501909,-78.39026,"Census Tract 1015, Blair County, Pennsylvania",98500,1578,161,5.9,2.29,2.05,1.5,5.4,2.6,4.2,12.9,18,14.3,10.6,30.4,0,9.8,23,50.8,13.6,2.9,75,25,42813,48992
"8684",42013101600,"42","013","101600",3280,40.511632,-78.393567,"Census Tract 1016, Blair County, Pennsylvania",55300,1597,270,5.8,3.01,1.92,0,0,2.7,7.9,11.6,7.1,3.4,12.6,54.7,3.5,18.5,23.1,38.4,15.6,0.9,53.6,46.4,26702,32913
"8685",42013101700,"42","013","101700",3846,40.518216,-78.386013,"Census Tract 1017, Blair County, Pennsylvania",55200,1562,216,6.5,2.7,2.37,0,0,0,3,6.4,0,10.8,15.2,64.6,0,5.9,23.1,42,23.8,5.2,71.8,28.2,34116,39927
"8686",42013101800,"42","013","101800",2964,40.520684,-78.376091,"Census Tract 1018, Blair County, Pennsylvania",84400,1271,33,6,2.25,2.61,0,0,5.5,4.1,11.5,11.4,11.3,9,47.1,0,5,37,43.6,13.1,1.4,81.5,18.5,43125,47299
"8687",42013101900,"42","013","101900",1603,40.517472,-78.401048,"Census Tract 1019, Blair County, Pennsylvania",55100,1160,178,3.1,2.54,1.25,0,2.6,8.6,9.3,23.3,3.7,7.7,6.6,38.2,15.6,57.2,12,6.8,1.8,6.6,12.5,87.5,11825,15720
"8688",42015950100,"42","015","950100",4270,41.855803,-76.219405,"Census Tract 9501, Bradford County, Pennsylvania",135000,2211,523,6.3,2.63,3.28,2.4,4,12.9,16.7,14.6,5.3,2.8,3.1,38.2,1.7,2.1,21.4,49.8,20,4.9,86.4,13.6,45750,59223
"8689",42015950200,"42","015","950200",5233,41.902382,-76.399743,"Census Tract 9502, Bradford County, Pennsylvania",126100,2348,369,6.3,2.58,2.26,2.9,6.5,15.5,14.7,18.8,7.6,3.7,3.7,26.6,1.3,3.2,24.4,49.7,16.5,4.9,83.9,16.1,43883,55314
"8690",42015950300,"42","015","950300",5587,41.983765,-76.521823,"Census Tract 9503, Bradford County, Pennsylvania",92500,2923,477,6.3,2.53,1.88,0.9,3,2.5,4.3,10.8,6.2,10.8,8.9,52.6,3.9,14.5,24.6,40.2,13.8,3,60.2,39.8,35192,48247
"8691",42015950400,"42","015","950400",3367,41.962349,-76.521383,"Census Tract 9504, Bradford County, Pennsylvania",88500,1414,95,6,2.74,1.77,0,0.4,1.1,4.5,22.8,3.5,11.9,2.8,53,0,27.8,20.9,32.3,14.4,4.7,62.2,37.8,33635,47042
"8692",42015950500,"42","015","950500",6278,41.970019,-76.540605,"Census Tract 9505, Bradford County, Pennsylvania",101900,2719,179,6,2.46,2.6,3.1,3.6,15.9,8.5,21.6,13.8,8.3,5.2,20,0,3.2,28.9,50.9,14.1,2.9,87.2,12.8,49125,61676
"8693",42015950600,"42","015","950600",3920,41.95588,-76.763548,"Census Tract 9506, Bradford County, Pennsylvania",102900,2154,574,5.5,2.5,2.21,2.3,5.2,17,12.3,21.4,11.2,6.9,5.2,18.6,1.9,7.4,35.7,39.7,13.3,2.1,79.1,20.9,41299,51540
"8694",42015950700,"42","015","950700",4594,41.795654,-76.807474,"Census Tract 9507, Bradford County, Pennsylvania",103400,2201,299,6,2.64,2.07,2.7,3.4,8.5,15.8,15,7.5,7.2,3.7,36.2,0.8,11.7,23.6,40.5,16.4,7.1,68.8,31.2,41062,50461
"8695",42015950800,"42","015","950800",3959,41.858535,-76.619449,"Census Tract 9508, Bradford County, Pennsylvania",121400,1873,416,6.3,2.7,2.39,1,2.8,10,15.6,18.9,9.3,3.4,3.3,35.7,1,4.9,28.7,40.9,17.2,7.4,82.1,17.9,48024,61644
"8696",42015950900,"42","015","950900",5702,41.766104,-76.41343,"Census Tract 9509, Bradford County, Pennsylvania",125700,2604,384,6.2,2.57,1.89,3.8,5.8,14.4,13.7,16.8,12.1,4.1,2.6,26.7,6,5.6,21.2,45,16.2,6,77.7,22.3,44706,56042
"8697",42015951000,"42","015","951000",2919,41.769689,-76.446139,"Census Tract 9510, Bradford County, Pennsylvania",96900,1207,90,6.8,2.46,2.73,0.4,0,3.8,1,1.9,3.5,6.6,6.5,76.2,19.5,3.6,15.2,33.5,23,5.3,56.8,43.2,34766,48943
"8698",42015951100,"42","015","951100",2969,41.694118,-76.220997,"Census Tract 9511, Bradford County, Pennsylvania",145100,1348,234,6.5,2.54,2.29,2.7,2.3,14.5,8.1,14,5.9,1.9,3.9,46.7,8.8,2.2,13.1,47.8,19.9,8.2,72.7,27.3,46786,62091
"8699",42015951200,"42","015","951200",5267,41.645242,-76.386745,"Census Tract 9512, Bradford County, Pennsylvania",108900,2890,882,6.2,2.56,2.71,1.6,4.6,15.1,11.5,14.6,4.5,3.1,2.9,42.1,1.1,2.6,23.9,48.6,18.4,5.4,80.5,19.5,47417,55307
"8700",42015951300,"42","015","951300",4281,41.717696,-76.642015,"Census Tract 9513, Bradford County, Pennsylvania",113800,2155,602,6.2,2.67,2.85,2.6,5.7,16.9,16.4,14.3,4.3,2.9,1.9,34.9,1.2,7.5,18.5,45.1,18.8,9,82.4,17.6,44243,53293
"8701",42015951400,"42","015","951400",4276,41.6567,-76.842416,"Census Tract 9514, Bradford County, Pennsylvania",95200,1911,204,6.5,2.64,2.24,1.6,1.6,10.8,10,14,4.7,5.7,3.8,47.8,3.8,7.2,24.6,39,17.9,7.4,63.3,36.7,37025,43833
"8702",42017100102,"42","017","100102",2720,40.06399,-74.962495,"Census Tract 1001.02, Bucks County, Pennsylvania",258300,1600,327,5,2.68,1.76,0,0.8,0,4.1,29.9,36.4,16.4,3.4,9.1,4.5,32.8,33,16.4,11.3,2.1,34.3,65.7,48417,56748
"8703",42017100103,"42","017","100103",2402,40.068064,-74.971529,"Census Tract 1001.03, Bucks County, Pennsylvania",227700,1127,91,5.3,2.49,1.7,1.1,1.4,2.2,2.7,21.1,28.7,23.8,9.1,9.9,0,23.2,34.7,35.3,3.6,3.2,58.4,41.6,48873,56954
"8704",42017100104,"42","017","100104",4498,40.093694,-74.957308,"Census Tract 1001.04, Bucks County, Pennsylvania",350900,2039,327,4.9,3.54,2.22,3,0.5,6.5,18.6,41,14.5,10.8,3.7,1.4,3.5,19.6,43.8,20.5,10.5,2.1,40.4,59.6,61061,68073
"8705",42017100105,"42","017","100105",3297,40.083093,-74.947265,"Census Tract 1001.05, Bucks County, Pennsylvania",264500,1302,97,6.7,2.88,2.16,1,0,1,4.1,15.4,10.6,35.1,11.8,21,3.2,4,19.7,37.6,30.3,5.1,82.2,17.8,66369,64957
"8706",42017100201,"42","017","100201",4422,40.141798,-74.974796,"Census Tract 1002.01, Bucks County, Pennsylvania",236300,1766,135,6.1,2.66,2.5,3.7,6,1.6,8.6,14.3,23.7,23.1,8.3,10.7,0,1.7,19.6,53.7,22.5,2.5,86.3,13.7,59776,62431
"8707",42017100206,"42","017","100206",4838,40.136239,-74.938102,"Census Tract 1002.06, Bucks County, Pennsylvania",325600,2125,239,5.8,2.83,2.28,6.4,2.8,7.2,24.4,44.1,9.4,5,0.8,0,2.4,8,34.1,29.7,23.8,2.1,63.4,36.6,76486,95413
"8708",42017100207,"42","017","100207",4246,40.122177,-74.944194,"Census Tract 1002.07, Bucks County, Pennsylvania",281400,1922,172,5.2,3.27,2.01,3.7,5.5,2.2,10.6,49.2,17.7,5.8,2.1,3.2,5,16.3,40.3,26.9,10.6,0.8,47.3,52.7,43063,56025
"8709",42017100208,"42","017","100208",6429,40.112311,-74.958336,"Census Tract 1002.08, Bucks County, Pennsylvania",235700,2959,502,5.1,2.53,1.99,0,3.2,3.4,7.2,30.9,25.7,25,4,0.5,11.3,22.2,23.8,36.1,4.6,2,51.6,48.4,46174,53689
"8710",42017100209,"42","017","100209",9452,40.096794,-74.931316,"Census Tract 1002.09, Bucks County, Pennsylvania",320200,4074,389,5.2,3.28,2.02,3.9,0.8,3,18.9,43.3,23,5.4,1.8,0,6.6,23.3,29.3,21.8,16.9,2.2,42.7,57.3,61860,76868
"8711",42017100210,"42","017","100210",7408,40.114887,-74.91331,"Census Tract 1002.10, Bucks County, Pennsylvania",243500,2955,265,6.5,2.92,4.62,2.8,6.7,9.9,20.9,42.2,4.7,7.8,3.4,1.5,0,0.5,21.1,52.8,22.9,2.7,97.7,2.3,71786,85731
"8712",42017100211,"42","017","100211",6710,40.145882,-74.93195,"Census Tract 1002.11, Bucks County, Pennsylvania",270200,3056,557,6,2.91,1.66,0.4,0,3.5,22.7,57.7,11.3,2.9,0.4,1,5.5,16.8,20.5,45.2,11.1,0.9,65.2,34.8,80313,82976
"8713",42017100212,"42","017","100212",4005,40.135144,-74.915911,"Census Tract 1002.12, Bucks County, Pennsylvania",273200,1546,88,6.8,2.91,2.58,0.6,0,5.4,25.2,44.8,13.8,5.4,2.8,1.9,0.7,5.3,8.9,57.4,25,2.7,90.9,9.1,80850,88230
"8714",42017100302,"42","017","100302",5084,40.08874,-74.899464,"Census Tract 1003.02, Bucks County, Pennsylvania",203600,1932,90,6,3.03,2.66,0,2.4,2.3,3.6,13.4,11.7,34.5,14,18.2,1.2,12,21.3,41,22.8,1.7,75.6,24.4,57958,68747
"8715",42017100303,"42","017","100303",5176,40.115412,-74.863678,"Census Tract 1003.03, Bucks County, Pennsylvania",212800,1987,328,5.8,2.73,3.38,0,1.4,1.4,10,19.9,28.8,25.1,10,3.5,2.8,7.6,21.4,55.9,9.4,2.9,67.4,32.6,49713,57283
"8716",42017100304,"42","017","100304",2319,40.123649,-74.891751,"Census Tract 1003.04, Bucks County, Pennsylvania",235900,1160,227,4.8,3.07,2.12,2.6,0,3.4,2.2,32.2,28.3,16.2,7.4,7.8,3.6,32.8,26.7,21.9,11.6,3.4,50.8,49.2,46927,57891
"8717",42017100306,"42","017","100306",3450,40.106749,-74.883839,"Census Tract 1003.06, Bucks County, Pennsylvania",218100,1435,64,5.9,2.46,2.51,6.1,3.4,3.3,2.1,20.1,15.7,41,2.7,5.5,4.7,10.3,22.1,47.4,13.7,1.7,66.4,33.6,47437,56751
"8718",42017100307,"42","017","100307",5027,40.09954,-74.898664,"Census Tract 1003.07, Bucks County, Pennsylvania",217800,2194,219,5.5,2.91,1.76,0,1.4,5.4,4.5,28.2,22.7,26.4,6.4,5,7.7,17.7,22.1,39.1,12.4,0.9,65.7,34.3,51645,56803
"8719",42017100401,"42","017","100401",6677,40.137081,-74.870657,"Census Tract 1004.01, Bucks County, Pennsylvania",231300,2463,153,6.1,3,2.08,0,0.6,6.3,5.4,13.2,20.3,53.3,1,0,1.5,6.9,14,38,33.5,6.1,83.3,16.7,54500,64617
"8720",42017100402,"42","017","100402",6471,40.139734,-74.856834,"Census Tract 1004.02, Bucks County, Pennsylvania",219200,2424,129,6.2,2.85,2.95,3.3,0,0.8,4.2,7.9,20.4,56.3,2,5,0,4.6,15,55.7,20.3,4.4,78.1,21.9,57423,66420
"8721",42017100403,"42","017","100403",2102,40.12662,-74.842985,"Census Tract 1004.03, Bucks County, Pennsylvania",214900,875,43,5.8,2.74,2.91,0,0,2.9,4.3,8.8,22.5,29.1,6.1,26.3,2.1,7.7,22.2,48.2,18.6,1.3,69.5,30.5,51579,63129
"8722",42017100404,"42","017","100404",6363,40.14142,-74.83245,"Census Tract 1004.04, Bucks County, Pennsylvania",220500,2747,377,6,2.56,1.96,0.5,0,1.9,1.9,13.3,12.4,66.2,3.2,0.5,8.5,4.4,9.7,48.6,26.2,2.6,86.5,13.5,57868,68391
"8723",42017100406,"42","017","100406",3839,40.166759,-74.851829,"Census Tract 1004.06, Bucks County, Pennsylvania",295300,1584,131,6.6,3.17,1.37,0,3.5,10.6,21.6,36,25.3,3,0,0,2.4,19.4,11.4,34.8,29.4,2.7,71.2,28.8,61991,78087
"8724",42017100407,"42","017","100407",1299,40.16607,-74.833626,"Census Tract 1004.07, Bucks County, Pennsylvania",221400,504,0,5.8,2.67,1.97,0,0.6,4,6.7,7.1,12.1,67.3,2.2,0,0,4,8.3,74.4,12.5,0.8,92.9,7.1,58712,68660
"8725",42017100408,"42","017","100408",6775,40.155736,-74.841978,"Census Tract 1004.08, Bucks County, Pennsylvania",220000,2389,127,6.6,3,4.78,0,0,0,5.1,11.3,5.7,75.7,1.3,0.8,0,0,8,47.7,39.1,5.1,96.6,3.4,65941,68990
"8726",42017100500,"42","017","100500",2680,40.107833,-74.843748,"Census Tract 1005, Bucks County, Pennsylvania",220800,1197,80,5.8,2.66,2.35,0,6.5,2.3,2,12.8,11.5,8,20,36.8,0.9,9,27.1,52.9,9.4,0.7,75,25,55096,65000
"8727",42017100600,"42","017","100600",3737,40.099639,-74.851504,"Census Tract 1006, Bucks County, Pennsylvania",183800,1779,258,5.2,3.09,1.79,0.3,0.2,0,2.2,7,30.1,12.4,3.7,44.1,1.5,24.9,28.8,29.5,10.1,5.1,48.9,51.1,47741,56080
"8728",42017100700,"42","017","100700",3309,40.102439,-74.858718,"Census Tract 1007, Bucks County, Pennsylvania",173600,1378,90,5.6,2.88,1.92,0.7,0.7,0,0.7,14.9,21.1,30.8,6.6,24.5,6,17.1,21.6,47,7.1,1.2,56.8,43.2,39265,50691
"8729",42017100803,"42","017","100803",4706,40.168258,-74.885431,"Census Tract 1008.03, Bucks County, Pennsylvania",260600,1934,96,6.3,2.85,2.09,1.6,2.8,5.3,0.5,9.6,15.5,60.1,3.5,1.1,0,9.3,11.1,43.3,33.4,2.9,75.2,24.8,66250,75838
"8730",42017100804,"42","017","100804",3900,40.155675,-74.882786,"Census Tract 1008.04, Bucks County, Pennsylvania",321600,1215,65,7.5,3.36,2.06,0,0,5,0,11.1,11,68.1,2.5,2.3,0.7,0,3.3,30.4,30.5,35.2,95.7,4.3,80463,94143
"8731",42017100805,"42","017","100805",6246,40.151363,-74.871257,"Census Tract 1008.05, Bucks County, Pennsylvania",260900,2161,161,6.6,2.91,2.75,0.8,0,0.2,2.8,18.5,9.1,64.5,2.1,2,0,3.2,9.4,35.5,49.7,2,82.3,17.8,80560,80923
"8732",42017100807,"42","017","100807",4208,40.182912,-74.9052,"Census Tract 1008.07, Bucks County, Pennsylvania",339800,1918,53,5.9,2.32,1.4,4.1,39.7,8.9,14.4,19.8,4.7,5.2,0.5,2.7,0.5,10.9,40.6,34.5,12.4,1.1,77.8,22.2,65863,83607
"8733",42017100808,"42","017","100808",5254,40.203972,-74.926948,"Census Tract 1008.08, Bucks County, Pennsylvania",367200,1981,153,6.9,2.96,1.52,1.1,2.8,10,48.6,24.1,6.3,3.8,0,3.4,0.5,16.7,15.3,32.3,31.7,3.6,76.8,23.2,92250,108297
"8734",42017100809,"42","017","100809",5774,40.207339,-74.890707,"Census Tract 1008.09, Bucks County, Pennsylvania",443400,2121,35,8,2.92,1.77,7.1,16.4,15,54.9,3.4,0.8,0.4,1.4,0.6,0,7.2,9.5,20.8,57.2,5.3,85.7,14.3,116552,135689
"8735",42017100811,"42","017","100811",4547,40.144716,-74.891866,"Census Tract 1008.11, Bucks County, Pennsylvania",243800,2116,160,4.8,3.37,1.98,1.2,0.9,4.6,15.5,50.5,16.4,7.4,1.3,2.2,1.5,22.7,50.2,14.6,9,2,29.1,70.9,48115,68068
"8736",42017100900,"42","017","100900",7563,40.164046,-74.936123,"Census Tract 1009, Bucks County, Pennsylvania",323200,2762,177,7.3,3.13,1.96,0.5,1.7,15.2,18.9,18.3,14.2,15.8,5.9,9.5,0,4,15.5,43.4,34.1,3,88.5,11.5,88578,107278
"8737",42017101100,"42","017","101100",2328,40.155799,-74.913294,"Census Tract 1011, Bucks County, Pennsylvania",267900,939,75,5.2,2.77,1.94,0,0,7.8,2.1,12.5,22.3,33.7,6.4,15.3,2,22.8,27.6,34.3,11.7,1.6,49.8,50.2,46771,62914
"8738",42017101401,"42","017","101401",4305,40.143139,-75.005928,"Census Tract 1014.01, Bucks County, Pennsylvania",328400,1647,73,6.8,2.8,3.62,4.5,1.4,0.7,13.1,11.2,15.1,43.5,6.9,3.6,0,0.7,8.7,69.4,18.4,2.7,91.7,8.3,76250,88113
"8739",42017101403,"42","017","101403",5560,40.162607,-74.96493,"Census Tract 1014.03, Bucks County, Pennsylvania",302000,2290,66,7,2.72,1.45,1.2,2.1,6.9,25.5,32.6,11.6,8.7,2.1,9.3,0,4.1,16.4,46,29,4.5,97.2,2.8,87120,94223
"8740",42017101404,"42","017","101404",2420,40.159845,-75.000912,"Census Tract 1014.04, Bucks County, Pennsylvania",301300,893,33,6.7,2.8,2.39,3.7,9.1,7.3,14.1,15.8,15.1,27.7,5.8,1.5,0,0,14.4,52.2,31.9,1.5,86.5,13.5,76961,83642
"8741",42017101405,"42","017","101405",6624,40.150929,-74.987388,"Census Tract 1014.05, Bucks County, Pennsylvania",279000,2698,236,5.8,2.97,1.74,0.4,1.1,2.3,4,24.9,29.7,29.3,3.6,4.6,3.1,18.7,19.9,42.4,13,2.9,61,39,57417,68103
"8742",42017101503,"42","017","101503",3786,40.160628,-75.033399,"Census Tract 1015.03, Bucks County, Pennsylvania",328300,1584,50,6.8,2.62,2.15,0,0,10.4,27.7,9,27.3,20.6,2.5,2.6,0,4.1,23.7,41.7,25.3,5.2,85,15,63625,86713
"8743",42017101504,"42","017","101504",2819,40.172898,-75.05691,"Census Tract 1015.04, Bucks County, Pennsylvania",330100,1216,0,6.6,2.5,1.21,0,0,11.8,19.8,35.7,9,20.9,1.6,1.2,0.9,18.1,24.1,25.5,28.6,2.8,77,23,61026,77365
"8744",42017101505,"42","017","101505",3330,40.172165,-75.021346,"Census Tract 1015.05, Bucks County, Pennsylvania",377100,1165,9,7.9,3.01,2.63,0,1.6,7.2,13,22.1,22.4,21.3,9.1,3.3,0,0,6.2,33.3,49.4,11.2,98.6,1.4,100703,107421
"8745",42017101506,"42","017","101506",5217,40.18573,-75.043957,"Census Tract 1015.06, Bucks County, Pennsylvania",324600,2135,113,6.9,2.57,2.1,0,0.7,2.3,5.8,8.2,44.9,25.3,6,6.7,0,3.5,21.1,43.5,28.3,3.7,83.1,16.9,62500,81899
"8746",42017101603,"42","017","101603",3193,40.196559,-75.09751,"Census Tract 1016.03, Bucks County, Pennsylvania",252500,1163,22,6,2.59,3.14,0.7,0.7,2,7.8,10.5,30.2,30,13.9,4.2,0,6.4,24.4,47.9,20.5,0.8,71,29,56705,62249
"8747",42017101605,"42","017","101605",4130,40.189512,-75.084061,"Census Tract 1016.05, Bucks County, Pennsylvania",276000,1587,92,4.6,2.89,2.81,0,1.6,0,8.5,14.7,14.7,18.5,35.7,6.3,4,15.2,35.3,37.4,5.5,2.7,19.4,80.6,29209,41835
"8748",42017101607,"42","017","101607",3152,40.183043,-75.073447,"Census Tract 1016.07, Bucks County, Pennsylvania",303000,1350,96,6.5,2.38,1.71,0,5.6,20.7,6.5,10.1,19.9,27.2,5,5,0,16.4,25.9,26.3,26.4,5,77.7,22.3,53958,66172
"8749",42017101609,"42","017","101609",4415,40.215731,-75.090203,"Census Tract 1016.09, Bucks County, Pennsylvania",318400,1682,57,7.3,2.86,2.04,0,0,1.9,19.4,30.7,38,6.5,3.4,0,0,4.2,21,41.9,28.5,4.4,88.2,11.8,73475,81209
"8750",42017101610,"42","017","101610",4785,40.225619,-75.110908,"Census Tract 1016.10, Bucks County, Pennsylvania",310400,1644,8,7.5,3.07,3.35,0.9,0,1.2,6.3,20.3,50.9,15.9,1.3,3.1,1.7,5.4,5.7,43.8,36,7.4,93.7,6.3,81781,83966
"8751",42017101611,"42","017","101611",6900,40.207723,-75.118193,"Census Tract 1016.11, Bucks County, Pennsylvania",314300,2414,0,7.6,2.76,1.82,9.6,0.8,4.2,1.6,16.2,25.9,39.1,1.5,1.2,0,0.6,14.1,50.2,30.9,4.1,94.5,5.5,71399,78699
"8752",42017101802,"42","017","101802",6554,40.261594,-75.181477,"Census Tract 1018.02, Bucks County, Pennsylvania",462400,2148,16,8.3,3.33,2.31,4.6,37.8,38.2,1.7,3.7,4.7,6.5,2.8,0,0,1.4,6.8,27,56.6,8.1,93.1,6.9,127458,134941
"8753",42017101803,"42","017","101803",8247,40.242002,-75.150175,"Census Tract 1018.03, Bucks County, Pennsylvania",359600,2958,127,7.2,2.68,2.91,14.6,28.4,14.2,10.9,5.3,7,9.9,3.5,6.1,0.4,2.3,21.8,37.3,33.2,5,93,7,84296,107926
"8754",42017101805,"42","017","101805",2302,40.25704,-75.120763,"Census Tract 1018.05, Bucks County, Pennsylvania",413100,744,0,8.1,3.03,NA,0,0,65.5,12.5,0,4.6,11.7,1.1,4.7,0,0,23,20,54.4,2.6,97.3,2.7,113021,114658
"8755",42017101807,"42","017","101807",4058,40.24069,-75.127901,"Census Tract 1018.07, Bucks County, Pennsylvania",357200,1461,38,7,2.89,2.48,1.2,0.9,5.3,34.4,23.2,26.1,5.5,2.6,0.8,0.7,2,23.7,27.7,38.5,7.5,68.8,31.2,74417,86635
"8756",42017101808,"42","017","101808",2257,40.224681,-75.130767,"Census Tract 1018.08, Bucks County, Pennsylvania",305200,1057,216,4.9,2.62,2.32,6.9,3.3,7.5,20.9,38.3,10.4,10.8,0.9,1,0,21.6,54.9,10.2,10.9,2.5,51.8,48.2,65469,76123
"8757",42017101900,"42","017","101900",4009,40.290774,-75.211003,"Census Tract 1019, Bucks County, Pennsylvania",345100,1470,59,7.3,2.86,2.1,0.7,8.4,21.6,13.8,12.2,13.3,13.9,4,11.9,0,2.9,14.4,48.1,30.2,4.5,91.8,8.2,94962,109981
"8758",42017102002,"42","017","102002",2726,40.31539,-75.196292,"Census Tract 1020.02, Bucks County, Pennsylvania",387900,923,39,7.6,3.17,2.4,0,0.5,18.4,20.9,20.4,13.8,11.5,3.1,11.4,2,0,5.5,50.3,35.8,6.5,94.1,5.9,99583,108784
"8759",42017102003,"42","017","102003",3937,40.287805,-75.232583,"Census Tract 1020.03, Bucks County, Pennsylvania",368600,1397,118,7.7,3.07,3.01,4.2,9,13.8,11.5,23.1,11.3,18.8,3.4,4.8,0,0.7,9.9,42.3,37.2,9.9,88.9,11.1,93750,109961
"8760",42017102004,"42","017","102004",4407,40.273108,-75.210099,"Census Tract 1020.04, Bucks County, Pennsylvania",287300,1722,31,6.7,2.57,2.38,7.4,1.3,18.3,25.2,20.7,15.1,7.6,1.7,2.6,3.2,3.4,14.3,48.9,28.3,1.9,86.4,13.6,93281,97218
"8761",42017102102,"42","017","102102",3129,40.36323,-75.231211,"Census Tract 1021.02, Bucks County, Pennsylvania",344300,1183,21,7,2.71,1.94,1.4,2.8,11.9,12.1,15.5,12.8,12.8,5.2,25.6,0,3.6,9.7,45.6,31.9,9.2,86.2,13.8,89063,91692
"8762",42017102104,"42","017","102104",5702,40.321456,-75.291449,"Census Tract 1021.04, Bucks County, Pennsylvania",329700,2115,67,6.3,2.73,2.2,12.5,6.2,10.4,15.3,18.6,6.9,12.2,3.6,14.4,1.7,3.4,24.6,36.9,24.6,8.8,81.3,18.7,67926,85621
"8763",42017102300,"42","017","102300",5706,40.396489,-75.284702,"Census Tract 1023, Bucks County, Pennsylvania",330000,2077,71,6.7,3.06,1.71,1.3,10.2,30.7,12.2,4.9,8.2,13.7,0.7,18,0,4.6,14.7,47.1,27.6,5.9,81.3,18.7,77957,85724
"8764",42017102401,"42","017","102401",3893,40.37692,-75.294912,"Census Tract 1024.01, Bucks County, Pennsylvania",262000,1596,65,5.9,2.89,1.3,3.2,1.1,5.5,15.5,9.6,9.7,15.1,10.5,29.7,1.1,21.6,12.2,42.7,16.9,5.7,70.1,29.9,56067,70364
"8765",42017102402,"42","017","102402",4618,40.368094,-75.288903,"Census Tract 1024.02, Bucks County, Pennsylvania",272500,1737,48,7.1,3.29,1.64,0,1.5,31.7,11.9,16.5,6.1,7.5,2.5,22.3,0,9.6,14.3,41.7,24.7,9.8,74.8,25.2,76047,88330
"8766",42017102500,"42","017","102500",4307,40.359683,-75.308452,"Census Tract 1025, Bucks County, Pennsylvania",206700,1753,94,5.9,2.68,2.46,1.2,0.3,4.8,23.8,15.2,2.1,14,4.8,33.8,0.9,9.5,29.3,46.6,12.5,1.1,75,25,59361,66695
"8767",42017102600,"42","017","102600",2207,40.327776,-75.323819,"Census Tract 1026, Bucks County, Pennsylvania",230300,1051,34,4.5,2.28,1.39,1.1,0,30.6,20.7,20.6,9.6,7,3,7.2,0.8,27.4,36.3,29.2,6.3,0,57,43,45846,90868
"8768",42017102700,"42","017","102700",5198,40.362373,-75.337789,"Census Tract 1027, Bucks County, Pennsylvania",312800,2134,81,6.2,2.67,1.7,8,14.3,17.5,15.5,10.8,8.4,7.7,3.2,14.5,0.6,15.8,20.9,39.6,19.2,3.9,70.9,29.1,57284,77502
"8769",42017102801,"42","017","102801",3529,40.426195,-75.439634,"Census Tract 1028.01, Bucks County, Pennsylvania",301500,1261,66,7,2.78,2.85,3.9,14.2,16.8,11.7,17.9,7.9,3.3,3.1,21.2,0,1.7,10.7,46.1,38.4,3.2,89.4,10.6,91438,99863
"8770",42017103101,"42","017","103101",2377,40.443007,-75.330365,"Census Tract 1031.01, Bucks County, Pennsylvania",207300,967,46,5.7,2.93,2.26,0.5,0,0.5,4.9,6.1,2.4,14.3,13.3,58,0,18.4,23.6,45.1,9.6,3.3,57,43,55038,59467
"8771",42017103102,"42","017","103102",1976,40.439314,-75.340064,"Census Tract 1031.02, Bucks County, Pennsylvania",170700,829,39,5.3,2.69,2.3,0,1,0,1.1,3.1,11,22.1,12.8,49,1.1,17,30.5,35.8,9.2,6.4,62.3,37.7,42440,55920
"8772",42017103103,"42","017","103103",4626,40.437644,-75.354498,"Census Tract 1031.03, Bucks County, Pennsylvania",204800,1868,64,5.3,2.86,1.81,0,0.5,6.2,5.8,36.7,17.8,11.9,5.3,15.8,2.1,21.8,20.9,42.2,11.6,1.5,53.9,46.1,51512,60586
"8773",42017103300,"42","017","103300",2225,40.476722,-75.261782,"Census Tract 1033, Bucks County, Pennsylvania",369300,932,71,6.3,2.69,2.61,3.8,9.1,16.4,16.1,17.2,6.2,3.6,3.4,24.1,2.3,8.2,15.8,48.7,21.1,4,86.6,13.4,83028,92272
"8774",42017103400,"42","017","103400",5035,40.524647,-75.308874,"Census Tract 1034, Bucks County, Pennsylvania",299600,2127,191,6.9,2.59,2.68,4.5,3.3,10.3,11.1,14.2,15.7,5.6,4.4,30.9,0,3,22.1,38.9,24.7,11.2,91.2,8.8,67714,91128
"8775",42017103700,"42","017","103700",3441,40.524677,-75.172782,"Census Tract 1037, Bucks County, Pennsylvania",363600,1531,191,6.6,2.71,1.71,1.1,5.6,7.8,20.1,16.5,6.8,9.9,5.4,26.8,2.1,4.3,19.5,53.2,13.8,7.2,86.9,13.1,65978,93704
"8776",42017103800,"42","017","103800",1277,40.556345,-75.114306,"Census Tract 1038, Bucks County, Pennsylvania",334900,613,63,6.2,2.5,2.61,0.7,3.3,10.6,11.9,14.7,11.6,9.3,5.2,32.8,0,4.7,28.9,50.1,15,1.3,84.9,15.1,61458,79393
"8777",42017103900,"42","017","103900",3995,40.480674,-75.111651,"Census Tract 1039, Bucks County, Pennsylvania",450700,1957,262,6.3,2.46,1.81,1,4.1,9.2,15.4,17.6,12.4,10.1,6.3,24,2.1,7.6,19,44.5,24.4,2.4,86.4,13.6,73646,105700
"8778",42017104000,"42","017","104000",6574,40.403937,-75.194403,"Census Tract 1040, Bucks County, Pennsylvania",391300,2632,345,7.2,2.87,2.44,15.4,8.4,6.9,20.6,11.7,7.2,5.4,2.7,21.7,0,3.8,15.2,41.4,30.3,9.3,82.1,17.9,88586,96138
"8779",42017104100,"42","017","104100",2158,40.372252,-75.204597,"Census Tract 1041, Bucks County, Pennsylvania",305500,922,57,4.4,2.89,2.3,0,4.6,6.5,19.1,36.2,12.1,10.6,1.5,9.3,0,11,52.4,22.1,12.3,2.3,43,57,47969,64908
"8780",42017104201,"42","017","104201",2793,40.399258,-75.094849,"Census Tract 1042.01, Bucks County, Pennsylvania",537500,978,0,7.3,2.73,3.47,2.8,1.3,23,22.9,8.7,6.3,9,5.1,20.9,1.4,1.2,7.5,47.6,33.4,8.8,86.4,13.6,89167,102658
"8781",42017104203,"42","017","104203",5336,40.369106,-75.127452,"Census Tract 1042.03, Bucks County, Pennsylvania",426000,1766,41,7.6,3.11,3.17,11.5,14.5,29,21.4,6.1,3.7,3.9,0,9.9,0,0,12.1,33.2,46.7,8,89.5,10.5,102663,132231
"8782",42017104204,"42","017","104204",4313,40.36432,-75.152645,"Census Tract 1042.04, Bucks County, Pennsylvania",284300,1471,62,6.6,2.95,3.07,0.6,6.5,67.6,5.9,1.6,11.5,3.7,0,2.5,0,0,33.2,29.6,34.7,2.6,91.7,8.3,88778,103121
"8783",42017104301,"42","017","104301",2908,40.378922,-75.03816,"Census Tract 1043.01, Bucks County, Pennsylvania",636900,1235,222,8,2.73,1.84,0,12.6,15.4,14.9,20.8,5,4,0,27.3,0,4.5,20.1,24.6,40.7,10.1,94.3,5.7,118559,166996
"8784",42017104303,"42","017","104303",4533,40.364036,-74.990463,"Census Tract 1043.03, Bucks County, Pennsylvania",437100,2060,160,7.1,2.46,2.06,1,17.8,26.4,17.7,12.1,3.6,7.2,4.4,9.9,0,8.7,27.2,27.1,30.8,6.1,92.6,7.4,95474,131776
"8785",42017104304,"42","017","104304",1251,40.338616,-74.97485,"Census Tract 1043.04, Bucks County, Pennsylvania",871800,616,145,7.7,2.67,NA,0,8.6,22.1,7.3,25.3,4.7,10.1,5,16.9,0,5,8.9,27.3,45.1,13.6,100,0,166972,323198
"8786",42017104400,"42","017","104400",2528,40.36004,-74.957209,"Census Tract 1044, Bucks County, Pennsylvania",577500,1290,102,5.5,2.35,1.73,2.2,17.2,18.4,6.5,18,6,5.6,4,22.1,0,19.1,27.3,23.6,24,6,62,38,77105,110722
"8787",42017104502,"42","017","104502",7202,40.297785,-75.056137,"Census Tract 1045.02, Bucks County, Pennsylvania",422300,2690,102,7,2.61,1.43,19.5,13.1,27.2,5.4,6.2,3.9,5.4,5.2,14,0,6.3,26.4,31,22.8,13.4,87,13,78910,121269
"8788",42017104503,"42","017","104503",4382,40.324015,-75.09567,"Census Tract 1045.03, Bucks County, Pennsylvania",557600,1555,73,NA,3.11,1.67,0.6,12.4,22.6,13.4,18.1,10.5,10.3,1.3,10.7,0,2.5,1.5,30.9,61.1,4.1,94.9,5.1,116500,142389
"8789",42017104505,"42","017","104505",5943,40.348704,-75.091784,"Census Tract 1045.05, Bucks County, Pennsylvania",532900,1930,48,NA,3.43,2.53,1.4,8.3,71.7,4.7,12.1,0.7,0,0,1.1,0,1.4,0.6,22.4,68,7.5,97.4,2.6,138571,149787
"8790",42017104506,"42","017","104506",2548,40.35398,-75.066246,"Census Tract 1045.06, Bucks County, Pennsylvania",697100,901,69,NA,2.96,NA,5.5,3.7,24,11.7,28.4,2.7,0,0,24.1,1.9,6.3,1.6,19,58.3,13,92.8,7.2,120417,172662
"8791",42017104601,"42","017","104601",4766,40.28855,-75.111375,"Census Tract 1046.01, Bucks County, Pennsylvania",471900,1695,57,8.3,2.9,3.97,1.9,1.1,5.2,25.5,23.1,23.4,13.3,2.6,3.9,0,0.8,5.7,26,55.3,12.3,95.7,4.3,105556,136427
"8792",42017104603,"42","017","104603",6969,40.284465,-75.144957,"Census Tract 1046.03, Bucks County, Pennsylvania",458200,1930,136,7.7,2.95,1.36,3.4,10.8,41.7,7.3,19.9,2.8,6,0.7,7.4,1.1,11.9,11.5,25,45,5.5,85.2,14.8,102727,129514
"8793",42017104604,"42","017","104604",5824,40.317933,-75.154206,"Census Tract 1046.04, Bucks County, Pennsylvania",393400,2499,104,6.6,2.44,2.02,3.7,0,30.6,11.2,37.1,8.4,2.6,2.9,3.4,0.5,9.4,16,37.7,33.3,3,73,27,93125,111478
"8794",42017104701,"42","017","104701",3395,40.318904,-75.134354,"Census Tract 1047.01, Bucks County, Pennsylvania",332500,1974,117,4.4,2.5,1.42,1,3.4,2.6,20.3,35.6,17.9,9.8,1.5,8,12.8,26.2,28.5,22.6,8.7,1.2,31.6,68.4,48627,63390
"8795",42017104702,"42","017","104702",2649,40.310425,-75.130158,"Census Tract 1047.02, Bucks County, Pennsylvania",464900,1244,75,5.7,2.43,1.84,1,0.8,6.3,3.1,2.4,1.3,6.4,3.5,75.2,3.2,23.6,18.6,26.3,20.6,7.6,53,47,76645,104359
"8796",42017104703,"42","017","104703",2342,40.313579,-75.120163,"Census Tract 1047.03, Bucks County, Pennsylvania",406000,1013,52,7,2.44,2.06,0.5,1.2,2.2,3.6,12.1,36.1,18.3,5.1,20.9,0.5,4.7,20.9,34.6,36.1,3.1,85,15,96181,127780
"8797",42017104800,"42","017","104800",3152,40.29796,-75.17573,"Census Tract 1048, Bucks County, Pennsylvania",278400,1030,26,6.5,2.61,2.28,0,2.9,13.2,15.3,16.1,18,12.7,4.9,16.9,0,2.8,19.3,53.1,20.4,4.4,89.1,10.9,80397,86138
"8798",42017104901,"42","017","104901",7677,40.253663,-75.102516,"Census Tract 1049.01, Bucks County, Pennsylvania",442900,2371,38,8.1,3.21,3,6.4,10.6,44.7,23.7,2.9,0,8.9,0.7,2.1,0,1.3,6.8,32.5,55.9,3.5,93.9,6.1,136920,160772
"8799",42017104902,"42","017","104902",6760,40.243776,-75.080686,"Census Tract 1049.02, Bucks County, Pennsylvania",338500,2621,43,6.3,2.65,2.11,2,23.2,41.1,15.6,8.4,5,1.2,0.6,2.7,0,2.2,24.3,48.1,23.1,2.3,93.6,6.4,95595,108107
"8800",42017105003,"42","017","105003",4968,40.222711,-74.995971,"Census Tract 1050.03, Bucks County, Pennsylvania",443800,1607,52,8.3,3.23,1.85,0,6.5,19.7,10,34.1,18.2,8,1.2,2.4,1.8,0.6,2.1,28.3,56.3,10.9,96.7,3.3,114125,131336
"8801",42017105004,"42","017","105004",5595,40.194784,-74.998532,"Census Tract 1050.04, Bucks County, Pennsylvania",420800,1864,52,8,3.14,2.67,0.5,6.7,13.1,4,30.3,27.6,8.7,1.9,7.2,0,0.5,7.2,23.1,60.4,8.7,97.1,2.9,108750,132725
"8802",42017105006,"42","017","105006",5901,40.18434,-74.970526,"Census Tract 1050.06, Bucks County, Pennsylvania",399000,1931,65,8,3.15,3,0,0.6,15.7,25.4,20.7,23.5,11.9,0.4,1.9,0,0,1.9,36.7,53.2,8.1,97.7,2.3,127724,151149
"8803",42017105008,"42","017","105008",3610,40.226487,-75.043888,"Census Tract 1050.08, Bucks County, Pennsylvania",561100,1212,46,8.5,2.98,3.27,6.2,15.1,21.4,15.2,19.6,7.3,6.4,0.8,8,0,1.2,12.5,20.3,50.6,15.3,95.3,4.7,108802,156809
"8804",42017105009,"42","017","105009",3507,40.203565,-74.968978,"Census Tract 1050.09, Bucks County, Pennsylvania",298400,1690,85,4.9,2.4,1.22,0,0.6,5.4,52,36.6,2.8,1.1,0,1.5,3.8,24,25.5,21.2,23.2,2.3,72.1,27.9,66273,83530
"8805",42017105010,"42","017","105010",4009,40.213334,-74.963746,"Census Tract 1050.10, Bucks County, Pennsylvania",350500,1531,26,7,2.72,3.35,6.1,4.4,7.4,60.5,17,0.5,0.8,1.1,2.1,0,1.2,18.7,34.6,44.1,1.4,92.6,7.4,105563,117033
"8806",42017105011,"42","017","105011",3559,40.200421,-74.948157,"Census Tract 1050.11, Bucks County, Pennsylvania",384700,1300,38,7.1,2.79,1.58,0,0.7,36,34.4,26.5,1.8,0,0,0.7,0,10.5,13.3,27.6,39.2,9.3,93.6,6.4,95259,125953
"8807",42017105012,"42","017","105012",2673,40.193922,-75.019837,"Census Tract 1050.12, Bucks County, Pennsylvania",384000,919,30,7.7,3.19,3.18,0,0,2.7,9.1,9.6,47.8,20.1,1,9.7,0,2.2,3.2,44.3,41.2,9.1,95.6,4.4,112132,113139
"8808",42017105013,"42","017","105013",5904,40.211995,-75.025181,"Census Tract 1050.13, Bucks County, Pennsylvania",433300,1853,23,8.4,3.25,NA,0,8.9,11.9,16.6,45.5,8.2,7.9,0,1,0,0.8,1.6,21.8,66.8,9,98.2,1.8,124545,139216
"8809",42017105100,"42","017","105100",2995,40.275536,-74.994745,"Census Tract 1051, Bucks County, Pennsylvania",610800,1106,37,8.1,2.9,1.58,3.2,5.7,19.4,11.9,7.5,15.3,15.4,1.5,20.1,0,1.3,8.2,29.7,44.4,16.5,91.6,8.4,102292,163200
"8810",42017105202,"42","017","105202",5278,40.220544,-74.943707,"Census Tract 1052.02, Bucks County, Pennsylvania",309400,2240,0,6.2,2.41,2.05,0,0.8,20.3,51.9,20.5,0.8,2.6,0.2,2.9,4.4,2.9,29.9,41.8,21.1,0,79.3,20.7,95673,113312
"8811",42017105203,"42","017","105203",2044,40.244922,-74.960319,"Census Tract 1052.03, Bucks County, Pennsylvania",450700,738,40,7.6,2.62,4.12,1.2,5.8,6,56.8,16.3,0.7,3.8,1.2,8.3,0,0,17.8,27.6,46.6,8,93.8,6.2,145603,153214
"8812",42017105206,"42","017","105206",4835,40.239917,-74.916524,"Census Tract 1052.06, Bucks County, Pennsylvania",374200,1808,126,6.8,2.66,2.5,1.8,12.8,17.2,44.6,17.7,2.5,2.3,1,0,0,1.7,20.1,46.1,29.1,2.9,93.3,6.7,108646,130143
"8813",42017105207,"42","017","105207",4778,40.260644,-74.95654,"Census Tract 1052.07, Bucks County, Pennsylvania",368400,1945,61,6.9,2.72,2.04,4.4,8.2,39.6,41.8,3.7,0.6,0,0,1.7,0,0,27,42.6,27.7,2.7,91,9,116202,128968
"8814",42017105208,"42","017","105208",2364,40.253645,-74.938524,"Census Tract 1052.08, Bucks County, Pennsylvania",623100,743,0,NA,3.39,4.2,6.9,19.4,52.4,3.2,3.8,6.9,3.5,0,4,0,0,6.3,14.3,54,25.4,93.9,6.1,172117,192070
"8815",42017105300,"42","017","105300",2248,40.228896,-74.932303,"Census Tract 1053, Bucks County, Pennsylvania",487700,979,67,7,2.66,1.47,2.9,2.3,4.3,7.7,13.5,3.8,13.9,3.5,48.2,1.6,12.4,11.4,33.4,28.6,12.6,74.1,25.9,80000,129446
"8816",42017105400,"42","017","105400",8190,40.294589,-74.908396,"Census Tract 1054, Bucks County, Pennsylvania",673300,3025,132,NA,2.81,2.63,4.6,7.7,20.2,17.4,15.1,11.9,9.6,2.7,10.8,0.3,0.9,7.1,28.2,47.4,16.2,94.1,5.9,159203,238300
"8817",42017105505,"42","017","105505",3981,40.225638,-74.807556,"Census Tract 1055.05, Bucks County, Pennsylvania",444300,1487,77,7.7,2.86,2.31,2,0,6,2.1,12.4,16,35.4,14.3,11.8,0,2.7,14.9,38.6,32,11.8,86.4,13.6,113672,142739
"8818",42017105506,"42","017","105506",4172,40.225199,-74.854059,"Census Tract 1055.06, Bucks County, Pennsylvania",540800,1314,0,NA,3.24,NA,1.7,3.1,22.2,24.4,33.9,2.3,6.8,1.3,4.2,0,0,3.9,11.1,73.3,11.7,100,0,158300,175864
"8819",42017105507,"42","017","105507",7224,40.216364,-74.82506,"Census Tract 1055.07, Bucks County, Pennsylvania",455100,2504,109,8.3,2.99,3.03,0,1.1,9,11.3,20,25.2,25.9,4.5,3,0,0,5.1,22.9,60.5,11.5,96.3,3.7,132807,146620
"8820",42017105508,"42","017","105508",3708,40.254322,-74.885102,"Census Tract 1055.08, Bucks County, Pennsylvania",642100,1085,0,NA,3.55,2.37,2.9,4.1,55.8,22.1,2.8,6.7,1.6,2.2,1.8,5.2,0,1.8,14.7,56.8,21.5,90.9,9.1,166354,242584
"8821",42017105509,"42","017","105509",4534,40.243212,-74.864218,"Census Tract 1055.09, Bucks County, Pennsylvania",531900,1484,0,NA,3.09,2.41,0,6.7,14.1,20.1,18.6,20.2,17.2,2.2,0.9,0,0,2.3,24.3,65,8.4,97.4,2.6,132924,191507
"8822",42017105510,"42","017","105510",4748,40.212841,-74.875594,"Census Tract 1055.10, Bucks County, Pennsylvania",273500,2576,146,4.8,1.84,1.95,0,4.7,54.8,33.5,5.3,0,0.9,0,0.7,0,7.9,61.3,28.8,2,0,56,44,80625,88003
"8823",42017105511,"42","017","105511",4192,40.206513,-74.857232,"Census Tract 1055.11, Bucks County, Pennsylvania",362200,1437,0,7.4,2.97,3.59,0,4.7,11.6,62.6,14.1,3.8,3.3,0,0,0,0,5.1,56.6,36.7,1.5,97.8,2.2,131146,144626
"8824",42017105600,"42","017","105600",2434,40.240915,-74.836872,"Census Tract 1056, Bucks County, Pennsylvania",338800,1226,83,5.5,2.18,1.84,0,4.2,5.9,0.9,14,16.4,14.8,8,35.8,1,20.8,32.3,25.8,15.3,4.8,62,38,73194,85042
"8825",42017105702,"42","017","105702",3143,40.20619,-74.775257,"Census Tract 1057.02, Bucks County, Pennsylvania",207200,1446,179,5.8,2.52,1.89,1.3,0.8,1.4,2.1,8.5,11.4,7.6,10.6,56.3,0,22.1,18.9,37.3,17.8,3.9,66.5,33.5,56250,65743
"8826",42017105704,"42","017","105704",6210,40.208391,-74.78895,"Census Tract 1057.04, Bucks County, Pennsylvania",237600,2915,178,5.3,2.62,2.23,0.3,0,5.1,7.4,13,22.8,21.7,9.9,19.7,3.8,24.2,25.4,29.5,12.6,4.4,52.6,47.4,53464,68559
"8827",42017105801,"42","017","105801",6346,40.20047,-74.817804,"Census Tract 1058.01, Bucks County, Pennsylvania",338500,2572,229,5.9,3.06,2.4,1.1,1.8,9.1,17.3,18.6,25.5,23.1,3,0.6,0.5,14.8,26,28.6,26.7,3.3,62.3,37.7,75924,86144
"8828",42017105805,"42","017","105805",5650,40.17141,-74.80371,"Census Tract 1058.05, Bucks County, Pennsylvania",47400,2676,260,5.2,2.23,2.11,3.6,3.8,4.8,19.4,42.2,11.3,10.6,0.3,4.1,0,10.8,44.5,32.9,9.1,2.7,69.5,30.5,54724,61666
"8829",42017105807,"42","017","105807",3445,40.172062,-74.862814,"Census Tract 1058.07, Bucks County, Pennsylvania",251700,1648,99,5.3,2.92,1.55,0,1.3,7,18.5,28,12.3,30.9,0.7,1.4,0,31.5,13,43.9,10.3,1.4,53.1,46.9,42730,56878
"8830",42017105808,"42","017","105808",3507,40.182414,-74.850736,"Census Tract 1058.08, Bucks County, Pennsylvania",229500,1455,106,6,2.56,3.25,0,1.2,6.1,3.6,13.9,13.4,55.7,5.6,0.5,0,1.4,28.5,54.4,13.2,2.6,88,12,63559,64457
"8831",42017105809,"42","017","105809",4399,40.180314,-74.834881,"Census Tract 1058.09, Bucks County, Pennsylvania",254300,1594,18,6.6,3.06,2.95,0,0,1.8,2.2,15.1,21.4,58.7,0.6,0.3,1.8,1.8,8.2,51.8,31.2,5.1,88.9,11.1,66212,73378
"8832",42017105810,"42","017","105810",2320,40.175185,-74.823653,"Census Tract 1058.10, Bucks County, Pennsylvania",234100,894,36,6.1,3,2.23,0,0.8,0,1.1,9.3,16.7,70.6,1.6,0,3.6,8.6,4.1,58.3,21.4,4,79.5,20.5,61618,68744
"8833",42017105811,"42","017","105811",6276,40.164916,-74.821744,"Census Tract 1058.11, Bucks County, Pennsylvania",232700,2302,179,6.1,2.91,1.79,0,0,2.2,3,15.7,15.4,58.3,5,0.4,3.3,9.2,9.3,41.6,34.8,1.8,79.7,20.3,57633,66217
"8834",42017105812,"42","017","105812",1732,40.154178,-74.821875,"Census Tract 1058.12, Bucks County, Pennsylvania",233900,634,17,6.3,2.86,3.36,0,0,10.1,0,2.7,11,66.6,9,0.6,0,1.7,15.6,57.6,25.1,0,98.2,1.8,76645,80061
"8835",42017105900,"42","017","105900",1872,40.146174,-74.818522,"Census Tract 1059, Bucks County, Pennsylvania",221700,725,18,5.5,3.14,2.03,0,0,6.9,1.5,10.6,18.5,56.6,1.7,4.3,2.6,17.7,16.1,38.8,21.5,3.3,60.8,39.2,48750,56592
"8836",42017106000,"42","017","106000",4241,40.149643,-74.90471,"Census Tract 1060, Bucks County, Pennsylvania",295300,1771,178,6.2,2.88,1.87,0,1.2,7.3,11.9,28.1,24.4,16.3,3.9,6.9,0.6,20.3,15.6,36,26.1,1.5,66.4,33.6,65694,79299
"8837",42017106100,"42","017","106100",3064,40.171627,-74.917392,"Census Tract 1061, Bucks County, Pennsylvania",348300,970,105,6.8,2.76,1.91,0.6,2.5,5.2,6.4,6.3,10.2,16.2,7.4,45.3,3.8,15.1,9.1,38.9,21.5,11.6,75,25,75114,94809
"8838",42017106200,"42","017","106200",7148,40.196976,-75.063747,"Census Tract 1062, Bucks County, Pennsylvania",327100,3115,244,4.7,2.74,2.14,16.8,27.4,6.4,9.5,11.7,18.2,5.7,0.6,3.6,0.5,28.6,27.5,25,13.2,5.1,51.7,48.3,60750,86708
"8839",42017106300,"42","017","106300",7069,40.345997,-75.26796,"Census Tract 1063, Bucks County, Pennsylvania",335200,2488,105,7.1,3.15,2.6,2.6,30.7,25.4,12,4.1,5.7,6.1,0.5,12.8,0,4.5,14.9,46.4,27.5,6.7,79.5,20.5,98175,109401
"8840",42017106401,"42","017","106401",7411,40.422825,-75.34362,"Census Tract 1064.01, Bucks County, Pennsylvania",287900,2523,66,7,2.96,2.74,12,30.1,13.2,9.9,13.6,2.9,4.9,3.1,10.3,0.4,4.3,12.4,48.7,31,3.2,93,7,86224,91457
"8841",42017106402,"42","017","106402",7347,40.430348,-75.390631,"Census Tract 1064.02, Bucks County, Pennsylvania",276700,2822,111,6.9,2.85,1.88,5.4,4.9,18.2,9,18.6,8,10.3,2.1,23.5,1.7,5.7,11.7,44.7,30.3,6,86.7,13.3,78203,91778
"8842",42017106500,"42","017","106500",6968,40.463408,-75.342886,"Census Tract 1065, Bucks County, Pennsylvania",206800,2962,186,6,2.51,2.1,2.3,13.3,16.3,18,16.1,6,5.7,0.9,21.4,1.6,5.2,21.7,54.6,14.7,2.2,86.7,13.3,60704,69026
"8843",42017106600,"42","017","106600",2012,40.580973,-75.208461,"Census Tract 1066, Bucks County, Pennsylvania",367800,932,125,7,2.61,1.65,1.5,2.3,7,15.8,4.4,6.5,8.4,6.5,47.6,0,6.3,16.4,43.7,24.6,9,87.6,12.4,71953,97635
"8844",42017980000,"42","017","980000",0,40.162152,-74.766012,"Census Tract 9800, Bucks County, Pennsylvania",NA,0,0,NA,NA,NA,NA,NA,NA,NA,NA,NA,NA,NA,NA,NA,NA,NA,NA,NA,NA,NA,NA,NA,NA
"8845",42019902100,"42","019","902100",2290,40.867193,-79.88922,"Census Tract 9021, Butler County, Pennsylvania",98200,1240,164,6.2,2.51,1.88,0,0,0,0.4,6.8,4.6,16.1,24,48.1,0,21.6,13.8,41,16.5,7.1,53.2,46.8,39521,53259
"8846",42019902200,"42","019","902200",1980,40.865987,-79.901304,"Census Tract 9022, Butler County, Pennsylvania",102500,1040,199,6.5,2.29,2.2,0,0.4,2.4,0.4,0.9,14.5,11.3,13.9,56.3,0,9.3,31,36.3,15.8,7.7,59.3,40.7,44792,56180
"8847",42019902300,"42","019","902300",3573,40.861417,-79.904391,"Census Tract 9023, Butler County, Pennsylvania",67500,1626,268,5.5,2.59,2.32,0,0,0.6,1,0,1.7,13.3,16.5,66.9,0.4,14.7,35.7,35.5,12.1,1.7,41.6,58.4,26461,37866
"8848",42019902400,"42","019","902400",2354,40.862103,-79.88937,"Census Tract 9024, Butler County, Pennsylvania",83700,1359,237,4.2,2.14,1.55,0,0.7,1.3,3.4,10.6,7.7,4.8,7.4,64,9.9,34.7,20.2,26.6,8.8,0,24.8,75.2,22092,29103
"8849",42019902500,"42","019","902500",3560,40.852478,-79.888688,"Census Tract 9025, Butler County, Pennsylvania",89300,1749,90,5.7,2.39,2.3,1.1,0,1.7,3.1,19,6.4,12.2,9.9,46.5,0,16.4,31.2,40.8,10.3,1.4,50.3,49.7,32380,39017
"8850",42019902600,"42","019","902600",2999,40.847649,-79.893268,"Census Tract 9026, Butler County, Pennsylvania",117700,1242,60,6.7,2.41,1.76,0.9,3.6,6,3,13.2,14.8,24.6,18,16,0,4.5,16.4,57.1,18.8,3.2,92.8,7.2,51667,60924
"8851",42019902700,"42","019","902700",2103,40.853009,-79.924112,"Census Tract 9027, Butler County, Pennsylvania",114800,1003,141,6,2.48,2.7,0,3.7,1.3,4.4,2.8,11.7,25.2,16.7,34.2,0,9.5,20.9,54.9,13.1,1.6,78.5,21.5,48269,57971
"8852",42019902800,"42","019","902800",2822,40.86855,-79.932507,"Census Tract 9028, Butler County, Pennsylvania",131400,1473,90,5.3,2.29,1.28,0,5.4,7.5,12.4,17,15.1,27,9.1,6.6,0,14.5,31.1,40,12.8,1.6,66.5,33.5,36820,50508
"8853",42019902900,"42","019","902900",1960,40.881717,-79.918558,"Census Tract 9029, Butler County, Pennsylvania",148300,845,54,6.5,2.42,2.81,0.4,5.9,2,2.8,16.1,23.2,30.8,7.7,11.1,0,5.2,20.5,52.9,19.1,2.4,85.8,14.2,64896,82249
"8854",42019903000,"42","019","903000",4769,40.853535,-79.956242,"Census Tract 9030, Butler County, Pennsylvania",156000,2047,77,6.3,2.41,2.11,1.9,7.9,15.1,6.4,8.6,15.8,11.8,14.9,17.5,2.1,3.9,16.3,57.5,16.6,3.5,90.1,9.9,58382,78879
"8855",42019903100,"42","019","903100",2595,40.824816,-79.911457,"Census Tract 9031, Butler County, Pennsylvania",165200,1166,66,5.9,2.8,1.91,0,7.1,10.3,23.9,16.5,13.6,14.8,5.5,8.2,0.3,8.9,33.1,48,9.6,0,58.5,41.5,61466,73589
"8856",42019910100,"42","019","910100",4496,41.0317,-79.73377,"Census Tract 9101, Butler County, Pennsylvania",94900,1937,298,5.8,2.58,2.33,1.8,5.3,12.3,8.7,17.2,6.2,12.1,9.8,26.5,1,3.3,29.3,51.8,13,1.7,86,14,51815,60222
"8857",42019910200,"42","019","910200",4895,41.097062,-79.873887,"Census Tract 9102, Butler County, Pennsylvania",110700,2162,180,5.8,2.62,2.34,4.3,6.9,14.9,13.1,13.2,6.8,8.6,7,25.2,0.7,5.1,30.2,49.3,11.7,2.9,82.1,17.9,46831,54326
"8858",42019910301,"42","019","910301",4503,41.08946,-80.017086,"Census Tract 9103.01, Butler County, Pennsylvania",138800,2324,228,5.3,2.61,2.53,7.8,9.6,15.3,11,16.8,9.6,9.4,6.9,13.5,1.4,7,37.6,28.9,21,4.2,61.1,38.9,41484,53731
"8859",42019910302,"42","019","910302",4279,41.020643,-80.06071,"Census Tract 9103.02, Butler County, Pennsylvania",153600,2111,172,5.6,2.41,1.9,3.3,14.4,23.7,12.9,11,9.8,7.7,6,11.3,5.9,8.6,24.4,41.6,17.5,1.8,74.5,25.5,45660,62262
"8860",42019910400,"42","019","910400",3625,41.062791,-80.054884,"Census Tract 9104, Butler County, Pennsylvania",154500,1400,253,5.3,2.43,2.16,10.8,6.3,9.1,12.1,16.6,13.1,9.9,5.2,16.8,2.2,15.6,25.5,41.1,13.6,2,32.6,67.4,34018,49565
"8861",42019910500,"42","019","910500",1898,41.063251,-80.041597,"Census Tract 9105, Butler County, Pennsylvania",NA,11,0,NA,NA,NA,0,0,0,0,0,0,0,0,100,0,0,0,100,0,0,100,0,NA,NA
"8862",42019910600,"42","019","910600",4400,40.990503,-79.897455,"Census Tract 9106, Butler County, Pennsylvania",118300,1868,116,5.8,2.65,2.45,3.3,8.1,17,13.8,19,6.7,3.4,3.4,25.2,0,3.5,26.1,54.2,13,3.2,83.7,16.3,47119,54829
"8863",42019910700,"42","019","910700",2987,40.913001,-79.82659,"Census Tract 9107, Butler County, Pennsylvania",130900,1203,41,5.7,2.67,1.74,5.2,4.5,20.5,18,11.2,6.2,16.1,8.6,9.6,0,2.9,19.5,60.9,13.1,3.7,89.5,10.5,55417,66092
"8864",42019910800,"42","019","910800",2847,40.925571,-79.933896,"Census Tract 9108, Butler County, Pennsylvania",118600,1323,92,5.4,2.3,2,0.9,5.7,15.3,15.9,19.5,9.3,15.9,10,7.5,0.5,7.7,27.8,55.6,8.4,0,82,18,47750,58468
"8865",42019910900,"42","019","910900",5051,40.909019,-79.914078,"Census Tract 9109, Butler County, Pennsylvania",178700,2244,112,6.3,2.64,1.45,1.1,10.7,32.3,8.2,12.6,12.3,16.1,1.6,5.2,1.4,8,21.7,42.5,21.3,5.1,80.5,19.5,63967,72867
"8866",42019911000,"42","019","911000",6278,40.916002,-80.062332,"Census Tract 9110, Butler County, Pennsylvania",138100,2829,109,5.9,2.41,1.64,4.6,7.5,19.7,14.6,18.4,8.4,6.9,6.5,13.5,0.2,1.8,27.3,55.1,13,2.6,88.9,11.1,48765,62026
"8867",42019911100,"42","019","911100",4698,40.846312,-80.008597,"Census Tract 9111, Butler County, Pennsylvania",176900,2041,43,5.8,2.32,2.34,9.1,14.4,22.4,3.5,14,15.9,5.9,5.5,9.3,1.3,3.6,27.9,55.6,10,1.6,81.5,18.5,50171,64580
"8868",42019911200,"42","019","911200",5616,40.85034,-79.83287,"Census Tract 9112, Butler County, Pennsylvania",120200,2245,52,5.9,2.51,2.03,2.8,4.1,11.3,7.4,17.1,14.2,17.7,7.4,17.8,1.6,9.4,20.7,49.1,18.4,0.7,75.2,24.8,50747,61673
"8869",42019911300,"42","019","911300",5552,40.894335,-79.741609,"Census Tract 9113, Butler County, Pennsylvania",133300,2195,125,5.9,2.6,2.16,4.7,10.5,14.8,12.3,17.2,6.2,7.6,5,21.6,0.8,5.6,19.3,57.9,13.3,3.1,85.6,14.4,51648,61933
"8870",42019911400,"42","019","911400",3535,40.771158,-79.747797,"Census Tract 9114, Butler County, Pennsylvania",152700,1478,67,5.7,2.7,1.72,4.1,12,22.6,9.3,14.2,9,10.1,1.6,17,0,8,27.4,50.1,10.8,3.8,75.5,24.5,48304,61012
"8871",42019911501,"42","019","911501",5504,40.780586,-79.825579,"Census Tract 9115.01, Butler County, Pennsylvania",161400,2191,63,6,2.53,2.37,6.4,7.1,19.3,15.8,13.5,5.8,9.7,7.7,14.8,0,10.5,25.8,43.4,16.8,3.5,79.4,20.6,53072,63030
"8872",42019911502,"42","019","911502",4389,40.724678,-79.827435,"Census Tract 9115.02, Butler County, Pennsylvania",157400,1922,131,5.9,2.47,1.98,5.3,5.7,16.8,12.6,18.3,7.8,12.4,7.2,13.8,0.5,9.4,32.1,43.7,12.7,1.6,76.5,23.5,46982,59259
"8873",42019911600,"42","019","911600",5071,40.777995,-79.923989,"Census Tract 9116, Butler County, Pennsylvania",185800,2143,227,6.7,2.56,3.22,1.9,4.8,13.3,11.7,17.5,15.3,16.4,5.8,13.3,0.3,3.3,13.3,48.1,26.4,8.6,94.1,5.9,68663,93083
"8874",42019911700,"42","019","911700",4364,40.774426,-80.034005,"Census Tract 9117, Butler County, Pennsylvania",150300,1904,66,6,2.68,1.88,2.6,3.8,11,10.5,13.2,10.6,15.9,7.7,24.6,3.7,6.7,20.5,45.7,19.5,3.8,77.5,22.5,57955,66213
"8875",42019911800,"42","019","911800",6189,40.807858,-80.114256,"Census Tract 9118, Butler County, Pennsylvania",180700,2516,166,6.2,2.69,2.18,1.3,8.6,23.8,8.3,20.5,11.4,13.6,3.3,9.1,0,4.7,25.7,42.1,23.7,3.9,82.5,17.5,71062,80583
"8876",42019911900,"42","019","911900",4702,40.792539,-80.137872,"Census Tract 9119, Butler County, Pennsylvania",169600,2557,171,5.6,2.33,1.51,0,2.3,14.5,13.8,14.6,15.1,8.8,5.2,25.7,5.6,15.4,31.7,33.4,12.1,1.8,55.5,44.5,48384,62865
"8877",42019912001,"42","019","912001",4938,40.728072,-80.123994,"Census Tract 9120.01, Butler County, Pennsylvania",250500,1650,15,7.8,3.01,2.9,6.6,23.2,46.5,13.5,2.8,1.4,5.9,0,0,0,0,8.3,34.7,54.4,2.6,96.5,3.5,116369,114336
"8878",42019912002,"42","019","912002",4268,40.706386,-80.133324,"Census Tract 9120.02, Butler County, Pennsylvania",265000,2009,280,5.6,2.78,1.63,3.3,13.8,33.5,28.6,14.5,1.3,3,0,2,1,17,31.7,10.9,37.8,1.5,63,37,84583,97347
"8879",42019912101,"42","019","912101",3962,40.688336,-80.13471,"Census Tract 9121.01, Butler County, Pennsylvania",192200,1555,58,7,2.59,2.28,1.7,6.2,31.5,32.1,21.2,3.5,0,0,3.8,0,0.5,17.4,48.7,31.4,2.1,89.2,10.8,83016,95998
"8880",42019912102,"42","019","912102",2659,40.689686,-80.119391,"Census Tract 9121.02, Butler County, Pennsylvania",156700,1106,86,6.7,2.57,1.98,4.4,2.4,13.2,15.6,26.9,7.1,27.8,1.8,0.7,0.5,0,14.6,59.4,24,1.5,95.3,4.7,62647,72903
"8881",42019912200,"42","019","912200",3299,40.677701,-80.128923,"Census Tract 9122, Butler County, Pennsylvania",199300,1388,109,6.4,2.51,2.38,1.3,17.8,23.2,16,28,10.8,0.8,0.6,1.5,0,6.3,19.8,46.5,26.7,0.6,73.6,26.4,77964,90046
"8882",42019912301,"42","019","912301",5515,40.728023,-80.082358,"Census Tract 9123.01, Butler County, Pennsylvania",380100,1766,0,8.4,3.08,2.85,13.2,28.3,23.7,18.5,4.9,2.2,3.4,3.7,2.1,0,2.5,14.6,16.8,55.8,10.4,79.3,20.7,121935,142593
"8883",42019912303,"42","019","912303",2888,40.686714,-80.063331,"Census Tract 9123.03, Butler County, Pennsylvania",271600,1164,36,6.5,2.56,2.19,6.7,27.6,42.7,18.6,4,0,0,0,0.4,0.5,2.7,35.9,25,33.3,2.6,75.1,24.9,88000,108417
"8884",42019912304,"42","019","912304",3456,40.695552,-80.08166,"Census Tract 9123.04, Butler County, Pennsylvania",241100,1173,0,8,2.99,4.27,4.1,12.9,24.6,24,28.9,2.1,2.5,0,0.9,0,2.5,1.1,44.6,49.6,2.2,93,7,104526,108421
"8885",42019912401,"42","019","912401",7813,40.692194,-80.037587,"Census Tract 9124.01, Butler County, Pennsylvania",330600,2972,202,7.7,2.8,1.84,17.4,32.6,30.3,1.6,0.7,2,7.6,4.5,3.3,3.1,7.4,7.3,35.5,36,10.8,88.6,11.4,110363,153066
"8886",42019912402,"42","019","912402",6483,40.70058,-79.998826,"Census Tract 9124.02, Butler County, Pennsylvania",209800,2657,190,6.2,2.59,1.67,16.6,8.9,11.7,9.2,9.9,8.7,12.2,2.8,19.9,1.2,7.6,24.8,36.9,22.3,7.2,75.2,24.8,61525,85386
"8887",42019912700,"42","019","912700",7307,40.705549,-79.739388,"Census Tract 9127, Butler County, Pennsylvania",167100,2890,64,6.5,2.58,2.38,4,6.5,13.7,10,20.7,12.8,16.1,8,8.2,0,0.4,18.5,53.9,22.3,4.9,91.2,8.8,67031,79354
"8888",42019912800,"42","019","912800",5390,40.702999,-79.920333,"Census Tract 9128, Butler County, Pennsylvania",172900,2126,194,6.3,2.82,2.61,4.4,7,12.4,12.5,15.7,15.7,16,6.2,10.1,0,4.1,16.3,59.6,15.9,4,92.8,7.2,70441,78905
"8889",42021000100,"42","021","000100",1234,40.324491,-78.919272,"Census Tract 1, Cambria County, Pennsylvania",183600,1004,99,3,1.12,1.13,2,0,2,11.2,56.2,8.6,6.4,2.7,11.1,5.9,81.8,10.9,1.1,0.4,0,6.6,93.4,12459,18373
"8890",42021000200,"42","021","000200",837,40.317467,-78.91756,"Census Tract 2, Cambria County, Pennsylvania",26300,615,164,5.9,2.07,1.92,0,0,1.6,0,1.8,6.2,7.6,6.2,76.6,0,11.9,25.5,45.4,7.6,9.6,49.2,50.8,24094,33072
"8891",42021000300,"42","021","000300",2009,40.310713,-78.909238,"Census Tract 3, Cambria County, Pennsylvania",42100,1136,295,5.9,2.68,2.32,1.7,2.9,1.4,0,6.3,8.7,2.9,13,63.1,0,10,27,46.7,12.9,3.4,39.1,60.9,23115,28606
"8892",42021000500,"42","021","000500",1819,40.298469,-78.90656,"Census Tract 5, Cambria County, Pennsylvania",46100,1025,106,5.5,2.34,1.94,0,0,0,1.6,0,3.4,10.1,19.5,65.4,1.9,17.8,25.8,47.5,5.3,1.9,35,65,32516,42280
"8893",42021000600,"42","021","000600",1995,40.293685,-78.911371,"Census Tract 6, Cambria County, Pennsylvania",46400,1153,310,5.4,2.65,1.93,0,0,0,5.3,2.9,1.5,20.9,15.7,53.8,1.1,11.4,38.5,36.9,9.5,2.6,53.7,46.3,34006,37609
"8894",42021000700,"42","021","000700",2556,40.300542,-78.922264,"Census Tract 7, Cambria County, Pennsylvania",73000,1506,197,5.6,2.14,1.74,0,0,0,10.9,5.4,12.2,23.2,8.8,39.6,2.2,18.5,28,33.8,8.5,9,58.6,41.4,36755,43649
"8895",42021001200,"42","021","001200",3218,40.346271,-78.946577,"Census Tract 12, Cambria County, Pennsylvania",46300,1774,322,5.8,2.11,2.42,0,0,0.6,3.9,7.4,2.3,15.2,16.3,54.4,0,7.9,34.2,48.6,6.7,2.6,65.2,34.8,27455,33844
"8896",42021010100,"42","021","010100",4248,40.369553,-78.889087,"Census Tract 101, Cambria County, Pennsylvania",82200,1822,172,6.2,2.6,1.59,1,1,2.9,5.9,15.4,10.8,19,14.2,29.8,0,2.9,23.8,52.8,16.8,3.7,91,9,44952,53981
"8897",42021010200,"42","021","010200",1543,40.347597,-78.88515,"Census Tract 102, Cambria County, Pennsylvania",36600,878,162,6.2,2.4,2.27,0,0,0.3,1.1,1.4,4,8.3,9.5,75.4,0.9,3.6,30,46.5,14.6,4.4,67.3,32.7,30833,38909
"8898",42021010300,"42","021","010300",2338,40.331677,-78.87137,"Census Tract 103, Cambria County, Pennsylvania",94300,1049,94,6.3,2.46,1.84,2.2,2.9,4.8,6.5,16.4,14.1,20.5,11.2,21.4,0,1.4,18.6,61.8,16.6,1.6,89.8,10.2,46488,57241
"8899",42021010500,"42","021","010500",3575,40.296478,-78.89472,"Census Tract 105, Cambria County, Pennsylvania",82600,1858,205,5.9,2.31,1.69,0.6,0.6,1.7,1.2,7.3,9.3,46.5,12.6,20.3,1.5,3.1,34.9,47,10.8,2.9,75.8,24.2,43523,49311
"8900",42021010600,"42","021","010600",2467,40.293074,-78.871701,"Census Tract 106, Cambria County, Pennsylvania",103700,1196,111,6.1,2.29,1.93,0.7,0,1.6,10.3,7.9,11.4,32.4,22.4,13.5,2.5,4.2,31.4,41,16.1,4.9,74.7,25.3,43711,56765
"8901",42021010700,"42","021","010700",3144,40.300259,-78.84728,"Census Tract 107, Cambria County, Pennsylvania",125800,1304,36,6.2,2.47,1.46,1.8,3.8,10.4,13.3,20,11.3,28.9,4.6,5.9,0,8.9,15,57.6,15.4,3.1,88.3,11.7,54706,73857
"8902",42021010801,"42","021","010801",5700,40.275625,-78.874608,"Census Tract 108.01, Cambria County, Pennsylvania",134100,2512,0,6,2.4,2.02,0.5,3.2,9.2,2.7,29.2,16.3,21.9,6.8,10.2,1,4.3,25.8,48.5,17.4,3.1,69.8,30.2,49392,68903
"8903",42021011000,"42","021","011000",1636,40.288487,-78.918309,"Census Tract 110, Cambria County, Pennsylvania",72300,834,74,6.2,2.26,2.01,1,0,0,0.5,2.9,12.6,13.7,22.8,46.6,0,4.6,28.5,55.5,8.5,2.9,67.6,32.4,40333,44013
"8904",42021011100,"42","021","011100",5449,40.300799,-78.956553,"Census Tract 111, Cambria County, Pennsylvania",115400,2391,153,6.2,2.42,1.72,0,4.3,4.2,2.7,10.2,9.8,34.2,16.1,18.5,0,4.9,29.7,52,11.8,1.6,78.6,21.4,55590,64314
"8905",42021011200,"42","021","011200",2284,40.309556,-78.938587,"Census Tract 112, Cambria County, Pennsylvania",104700,1072,54,6.2,2.42,2.14,1.1,0,4.7,1.2,8.9,7.5,20,18.4,38.3,3.1,10.8,18.6,51.1,12,4.4,73.8,26.2,50424,61741
"8906",42021011300,"42","021","011300",5181,40.319035,-78.949306,"Census Tract 113, Cambria County, Pennsylvania",155700,2313,101,7.3,2.31,2.55,1.7,0.5,0.5,6.7,7.3,8.4,32.5,14.1,28.2,1.1,4.5,7.4,47,25.5,14.5,84.1,15.9,60764,75486
"8907",42021011400,"42","021","011400",3443,40.335955,-78.952674,"Census Tract 114, Cambria County, Pennsylvania",65700,1861,192,5.9,2.19,1.71,0.2,0.6,0.4,3.4,6.6,3.9,34.2,15.9,34.9,2,2.8,29,55.5,9.2,1.6,85.1,14.9,38339,47688
"8908",42021011500,"42","021","011500",4392,40.427896,-78.849824,"Census Tract 115, Cambria County, Pennsylvania",130100,2046,210,6.2,2.47,1.72,4.1,5.1,12,14.5,15.4,9.7,12.7,14.2,12.3,0,1.3,23.8,54.1,18.4,2.4,91.8,8.2,52075,64351
"8909",42021011600,"42","021","011600",2734,40.472732,-78.835867,"Census Tract 116, Cambria County, Pennsylvania",71400,1244,113,6.2,2.44,2.33,0,0.5,2.5,4.9,10.7,6,7.1,15.2,53.1,0,4.3,19.3,53.3,14.9,8.3,80.9,19.1,42443,47319
"8910",42021011700,"42","021","011700",2427,40.506613,-78.864816,"Census Tract 117, Cambria County, Pennsylvania",78600,1125,110,6.1,2.41,2.75,2,0.9,8.4,9.3,13,7.5,8.9,13.8,36.3,0,4.8,26.1,50.5,12.8,5.8,87.2,12.8,38340,46413
"8911",42021011800,"42","021","011800",4063,40.646481,-78.788361,"Census Tract 118, Cambria County, Pennsylvania",80800,1678,218,6.3,2.71,2.15,2.4,5.1,8.6,10.9,18.9,5.6,7.6,8.6,32.3,0,3.6,16.3,57.9,15.9,6.4,88.4,11.6,50750,57776
"8912",42021011900,"42","021","011900",3835,40.657579,-78.779008,"Census Tract 119, Cambria County, Pennsylvania",68200,1892,335,6.2,2.55,2.04,0,1.7,2.2,3.1,9.2,8.2,9.5,11.7,54.4,0,3.4,23,47,23.2,3.4,80.7,19.3,40594,48330
"8913",42021012000,"42","021","012000",6038,40.641981,-78.651474,"Census Tract 120, Cambria County, Pennsylvania",85000,2699,264,6,2.57,1.9,1.9,3.5,6.5,8.5,14.3,4.6,8.4,8.4,43.9,1.4,6,22.6,51,15.3,3.7,80.1,19.9,41906,49964
"8914",42021012100,"42","021","012100",2455,40.692355,-78.488177,"Census Tract 121, Cambria County, Pennsylvania",70700,1245,289,5.5,2.59,2.23,2.2,5.5,13.1,14.9,21.1,6.1,5.3,6.2,25.7,0,4.9,32.6,47.5,13,2,82.2,17.8,37768,45125
"8915",42021012200,"42","021","012200",3855,40.512783,-78.543829,"Census Tract 122, Cambria County, Pennsylvania",76500,1774,200,6,2.54,2.04,1.5,3.1,8.7,10.6,10.7,6.6,7,9.6,42.1,0.5,7,25.4,50.1,13.1,3.9,83.1,16.9,42797,49773
"8916",42021012300,"42","021","012300",4302,40.515492,-78.625979,"Census Tract 123, Cambria County, Pennsylvania",134900,832,88,6.1,2.85,1.95,4.2,6.3,10.3,16.3,21.2,8.3,3.7,7.7,22,1.3,5,16.5,50.5,18.9,7.8,82.7,17.3,56719,61717
"8917",42021012400,"42","021","012400",3803,40.600891,-78.709677,"Census Tract 124, Cambria County, Pennsylvania",84400,1605,157,6.2,2.49,2.98,1.7,1.6,8.8,9.9,16,5,5.1,8.5,43.4,0.5,3.7,19.3,53,17.9,5.5,87,13,43988,54290
"8918",42021012500,"42","021","012500",6099,40.49481,-78.743353,"Census Tract 125, Cambria County, Pennsylvania",114000,2128,40,6,2.55,2.49,1.7,1.6,9.6,6.8,20.3,4.7,9.5,17.2,28.8,1.8,2.4,25.6,55.3,13.8,1.1,78.8,21.2,46837,62576
"8919",42021012600,"42","021","012600",3351,40.486072,-78.726112,"Census Tract 126, Cambria County, Pennsylvania",112200,1544,67,5.4,2.82,1.41,4.1,1.7,0.6,12.2,6.3,7.6,13,13.7,40.7,0.7,22,25.7,32.6,12.9,6,56.7,43.3,51326,58184
"8920",42021012700,"42","021","012700",2680,40.434343,-78.629405,"Census Tract 127, Cambria County, Pennsylvania",85900,1100,64,6.3,2.46,2.41,3.6,3.1,6,6.5,14.9,7.3,7.5,11.3,39.9,0,2.7,20.7,58.5,14.9,3.2,87.6,12.4,48387,55678
"8921",42021012800,"42","021","012800",6722,40.45862,-78.58275,"Census Tract 128, Cambria County, Pennsylvania",100800,2386,164,6,2.47,2.07,3.9,3.4,12.2,11.7,15.7,5.7,8.7,8.6,30,0.6,9.5,25.7,45.9,14.6,3.7,68,32,40519,50758
"8922",42021012900,"42","021","012900",3640,40.381288,-78.662815,"Census Tract 129, Cambria County, Pennsylvania",79200,1634,116,6.1,2.49,1.86,1.3,2.9,6.3,6.2,19.2,6.3,17.6,12.1,28.2,0,2,22.4,58.8,15.9,0.9,83,17,43958,50039
"8923",42021013000,"42","021","013000",2638,40.386934,-78.674079,"Census Tract 130, Cambria County, Pennsylvania",69000,1268,138,5.9,2.47,1.99,0,0.6,1.5,5.4,6.3,11,15.5,12.8,46.9,0.3,12.4,29.1,44.6,9.1,4.6,67.3,32.7,34167,41691
"8924",42021013100,"42","021","013100",2692,40.355064,-78.703837,"Census Tract 131, Cambria County, Pennsylvania",86100,1148,154,6.5,2.79,2.69,3.5,3.9,5.3,9.4,17.5,5.1,7,7.8,40.5,0,0.4,26,49,14.9,9.7,87.7,12.3,46154,56481
"8925",42021013200,"42","021","013200",3985,40.36997,-78.768466,"Census Tract 132, Cambria County, Pennsylvania",80800,1725,170,6.3,2.57,2.22,2.1,3.7,4.1,4.2,12.4,5.3,11.2,8.8,48.2,1.1,2.5,19.7,51.5,20.9,4.3,87.2,12.8,47599,51897
"8926",42021013300,"42","021","013300",5972,40.304459,-78.769263,"Census Tract 133, Cambria County, Pennsylvania",110400,2882,386,6,2.43,2.17,3.1,3.5,8.8,9.5,21.9,7.3,10.4,7.8,27.6,0,5,25.2,53.4,12.4,4,84.1,15.9,48202,62212
"8927",42021013400,"42","021","013400",2633,40.333155,-78.912071,"Census Tract 134, Cambria County, Pennsylvania",33600,1735,521,5.6,2.09,2.17,1.2,0.6,1.4,3.8,2.2,6.9,9.2,8.1,66.7,0.5,9.5,42.9,28,15.7,3.5,54.2,45.8,21152,28196
"8928",42021013500,"42","021","013500",2598,40.310326,-78.898423,"Census Tract 135, Cambria County, Pennsylvania",45300,1414,259,5.4,2.68,2.14,0,0,6,2.8,15.6,10.5,13.9,10.4,40.8,2.1,13.6,25.7,48.9,8,1.8,38.8,61.2,20792,27613
"8929",42021013600,"42","021","013600",3323,40.355964,-78.943035,"Census Tract 136, Cambria County, Pennsylvania",41800,1778,226,5.4,2.36,1.9,0,0,0,5.8,9.2,8.2,16.3,25.1,35.4,0,8.3,34.8,48.3,7.3,1.3,51.9,48.1,23489,30922
"8930",42021013700,"42","021","013700",4766,40.26672,-78.839639,"Census Tract 137, Cambria County, Pennsylvania",135300,1500,121,5.8,2.63,1.62,5.7,8.9,8.6,10.7,16.1,8.8,10.1,9.1,22.1,2.5,14.9,27.7,35.5,15.8,3.7,57.1,42.9,34276,59476
"8931",42023960100,"42","023","960100",2073,41.511481,-78.236825,"Census Tract 9601, Cameron County, Pennsylvania",64600,1140,186,5.6,2.46,2.06,0.5,0,4.3,3.1,13.5,3.8,19.5,19.2,36.1,1.8,24.5,19,34.4,17.3,3.1,53.6,46.4,32831,41958
"8932",42023960200,"42","023","960200",3012,41.495784,-78.236953,"Census Tract 9602, Cameron County, Pennsylvania",81100,3336,2157,6.1,2.43,2.54,0,5.8,15.8,9.1,13.2,7,23.1,6.4,19.7,0,6.3,26.9,51,9.5,6.4,87.4,12.6,45060,54965
"8933",42025020102,"42","025","020102",4781,40.871768,-75.739755,"Census Tract 201.02, Carbon County, Pennsylvania",132700,2230,267,6.2,2.46,2.34,1.7,3.2,3.4,7.5,10.8,2.3,3.5,7,60.7,0.6,6.4,17.1,50.9,20.1,4.8,78.4,21.6,50893,75348
"8934",42025020103,"42","025","020103",3631,40.944111,-75.668099,"Census Tract 201.03, Carbon County, Pennsylvania",199200,2304,727,5.9,2.99,2.91,15.5,6.9,23.1,32.2,15.8,0.4,0.8,1.3,3.8,0,2.2,22.9,58.2,12.1,4.6,95.7,4.3,62729,72923
"8935",42025020105,"42","025","020105",5950,40.989006,-75.556179,"Census Tract 201.05, Carbon County, Pennsylvania",177400,4400,2650,5.1,2.58,2.21,6,8.7,20.6,41,13.2,9.2,0.6,0,0.7,0,0.2,24.3,59.3,16,0.3,90.3,9.7,56983,62789
"8936",42025020106,"42","025","020106",2252,41.053175,-75.654432,"Census Tract 201.06, Carbon County, Pennsylvania",168900,2877,1973,5.2,2.28,3.34,0.7,6.2,8.6,46,10.8,12.9,5.3,4.1,5.4,0,8.4,32.8,48.8,7.6,2.3,84.5,15.5,46300,65514
"8937",42025020200,"42","025","020200",6370,40.93402,-75.868036,"Census Tract 202, Carbon County, Pennsylvania",115200,2793,334,6,2.49,2.23,0.6,1.7,6.9,6.2,15.7,5.3,9.2,8,46.4,1.8,4.7,25.3,49.4,13.8,4.9,79.5,20.5,45851,54612
"8938",42025020300,"42","025","020300",6383,40.845525,-75.844318,"Census Tract 203, Carbon County, Pennsylvania",80500,2984,393,6.1,2.36,2.52,2.2,0.7,6.3,4.5,5.8,5.2,8.1,9.4,57.8,0,9.8,27.1,51.6,9.2,2.3,75.1,24.9,41953,52746
"8939",42025020400,"42","025","020400",3941,40.83158,-75.881942,"Census Tract 204, Carbon County, Pennsylvania",55400,2092,309,6.3,2.06,2.52,0,0,1.2,7.6,1.9,3.9,1.5,7,76.9,1,8.4,30.3,39.5,18.6,2.3,65.3,34.7,34369,39221
"8940",42025020500,"42","025","020500",7186,40.803206,-75.742171,"Census Tract 205, Carbon County, Pennsylvania",176900,3193,374,6.1,2.46,2.59,6.3,10.5,11.7,10.9,24.8,8.3,6.9,3.5,17.1,0,3.7,23,54.5,14.8,4,84.7,15.3,52714,60919
"8941",42025020600,"42","025","020600",5500,40.832561,-75.714455,"Census Tract 206, Carbon County, Pennsylvania",124600,2457,195,6.1,2.6,2.16,1.2,0,2.6,3.6,7.3,13.3,8.8,3.4,59.8,0.5,14.7,22.4,42.9,13.5,6.1,60.6,39.4,43671,51138
"8942",42025020700,"42","025","020700",5199,40.84821,-75.673915,"Census Tract 207, Carbon County, Pennsylvania",164800,2341,211,6.3,2.6,1.91,3.8,6.7,10.6,17.7,16.3,4.8,7,3.8,29.3,0.5,5.1,23.5,48.8,18.8,3.2,85.9,14.1,58235,70186
"8943",42025020800,"42","025","020800",8642,40.844134,-75.581514,"Census Tract 208, Carbon County, Pennsylvania",180800,3830,399,5.9,2.51,2.27,8,7.5,21.4,14.6,16,4.8,6.2,5.6,15.8,0,6,22,54.7,15.1,2.1,90.9,9.1,60564,66702
"8944",42025020900,"42","025","020900",5414,40.803393,-75.611733,"Census Tract 209, Carbon County, Pennsylvania",115400,2605,138,5.5,2.42,1.63,1.1,1.8,0.5,6.4,3.1,3.3,11.3,11.8,60.5,0,14.2,26.1,46,12.6,1.1,72.6,27.4,44183,48142
"8945",42027010100,"42","027","010100",4420,41.044682,-77.657155,"Census Tract 101, Centre County, Pennsylvania",116000,1917,353,5.7,2.65,3.02,4,4.9,18.2,11.2,16.2,8.5,4.5,5,27.7,1.6,3.4,24.5,51.8,15.5,3.2,85.3,14.7,45000,55498
"8946",42027010200,"42","027","010200",2950,41.045448,-77.975406,"Census Tract 102, Centre County, Pennsylvania",114800,1632,457,5.7,2.69,2.1,2.2,4.7,11.6,10,19.6,12.5,13.4,8.1,17.9,1.4,9.4,26,48.1,11.3,3.7,84.3,15.7,51580,56073
"8947",42027010300,"42","027","010300",3180,40.896182,-78.218027,"Census Tract 103, Centre County, Pennsylvania",86400,1907,293,6,2.39,1.64,0.5,4,2.1,9.5,11.7,7,9.6,8.3,47.2,1.8,15.7,24.3,38.2,12,8,65.1,34.9,33281,50018
"8948",42027010400,"42","027","010400",3598,40.871591,-78.211123,"Census Tract 104, Centre County, Pennsylvania",97500,1804,387,5.6,2.3,2.1,1.9,8.2,11.4,12.6,14,6.3,6.5,4.4,34.6,0,7.2,29.8,52,9.4,1.7,82.5,17.5,49572,57613
"8949",42027010500,"42","027","010500",5317,40.853982,-77.998166,"Census Tract 105, Centre County, Pennsylvania",142900,2462,248,5.9,2.59,1.79,3.7,6.2,17.9,14.1,17.5,8.1,4.9,4.6,23,0.7,7.8,23.3,50,14.3,4,85.4,14.6,54485,60199
"8950",42027010600,"42","027","010600",4108,40.960453,-77.796437,"Census Tract 106, Centre County, Pennsylvania",125700,1779,92,5.8,2.57,2.1,2.3,7.5,15.9,15.5,12.6,10.7,10.2,3.7,21.6,1.1,6.1,27.7,47.6,15.1,2.5,83.1,16.9,46024,55249
"8951",42027010700,"42","027","010700",5657,40.952308,-77.643184,"Census Tract 107, Centre County, Pennsylvania",187200,2227,119,6.4,2.78,2.34,10.1,16.4,20.1,9.2,19.4,6.8,5.4,3.1,9.6,0,3,15,55.7,22,4.3,93.1,6.9,60938,69184
"8952",42027010800,"42","027","010800",5632,40.908275,-77.451326,"Census Tract 108, Centre County, Pennsylvania",150100,2514,759,5.9,2.86,3.01,2.9,5.2,14.8,8.8,13,8.6,8.4,4.2,34,1.6,8.2,25.3,42.6,15.2,7,80.4,19.6,44382,53082
"8953",42027010900,"42","027","010900",7187,40.835256,-77.63931,"Census Tract 109, Centre County, Pennsylvania",169200,3122,367,6.1,2.6,2.32,2.5,8.4,14.5,10.2,18.9,8.1,7.5,3.8,26.1,0.4,7.6,22,55,11.1,3.9,81.6,18.4,53911,64550
"8954",42027011000,"42","027","011000",7470,40.891997,-77.751309,"Census Tract 110, Centre County, Pennsylvania",162700,3306,177,5.8,2.49,1.97,6,11.8,18.6,16,9.7,6,13.3,2.5,16.2,1.9,8.8,24.3,45.8,18.1,1.1,71.7,28.3,54397,59926
"8955",42027011100,"42","027","011100",6187,40.914021,-77.770984,"Census Tract 111, Centre County, Pennsylvania",168800,3120,392,5.4,2.49,1.82,0.6,1.6,2.4,6.1,14.3,11.6,15.1,3.7,44.7,0.9,17.1,23.7,42.2,13.4,2.8,53,47,51033,60088
"8956",42027011201,"42","027","011201",4189,40.880168,-77.826606,"Census Tract 112.01, Centre County, Pennsylvania",158900,1663,32,6,2.53,1.71,9.5,3.8,18,26.2,16.5,8.7,8.3,1.3,7.6,0,2.4,25.9,49.5,18.8,3.3,94.8,5.2,53772,72052
"8957",42027011300,"42","027","011300",8430,40.820072,-77.892841,"Census Tract 113, Centre County, Pennsylvania",171700,4262,614,4.7,2.22,2.21,5.2,14.5,25.4,22.8,18.1,4.6,2.6,1.9,4.8,0.7,16.7,31.5,34.2,14.4,2.4,28,72,45451,58073
"8958",42027011400,"42","027","011400",6881,40.807164,-77.926555,"Census Tract 114, Centre County, Pennsylvania",233100,2937,121,6.9,2.54,2.2,7,10.9,14.8,21.3,15.1,20.5,8,0,2.3,0,6.2,20.7,39.5,26.8,6.8,69.5,30.5,58409,98093
"8959",42027011501,"42","027","011501",3106,40.772821,-77.874656,"Census Tract 115.01, Centre County, Pennsylvania",239000,1363,78,6,2.32,1.89,6.7,10.3,43.7,13,4.9,4.9,5.7,3.2,7.6,0,8.6,24.6,46.6,19,1.2,75.6,24.4,72604,76029
"8960",42027011502,"42","027","011502",7867,40.799402,-77.892421,"Census Tract 115.02, Centre County, Pennsylvania",227000,3417,201,5.3,2.79,2.31,3.3,15.9,19.4,9.3,27.4,12.7,8.7,1.7,1.5,1.9,12.6,29.2,28.7,24,3.7,39.4,60.6,44780,58689
"8961",42027011600,"42","027","011600",4089,40.822263,-77.8315,"Census Tract 116, Centre County, Pennsylvania",181000,1467,83,6.6,2.57,1.86,8.1,5.4,15.5,32.9,7.3,10.7,10.8,2.7,6.7,0,1.6,11.4,62.8,16.8,7.3,83.4,16.6,69135,91963
"8962",42027011702,"42","027","011702",5432,40.801123,-77.822623,"Census Tract 117.02, Centre County, Pennsylvania",243600,2619,189,6.5,2.47,1.88,4.7,6.8,22.6,17.3,14.7,5.8,8.7,4.8,14.6,1.5,9.2,21.6,36.3,24.9,6.4,70.6,29.4,78490,86934
"8963",42027011800,"42","027","011800",4873,40.779691,-77.783647,"Census Tract 118, Centre County, Pennsylvania",234500,1884,128,6.8,2.59,3.22,4.8,5,14,17.4,12.4,16.8,17,1.2,11.5,0,3.5,15.1,37,34.9,9.4,71.9,28.1,77900,111029
"8964",42027011901,"42","027","011901",2667,40.777579,-78.023863,"Census Tract 119.01, Centre County, Pennsylvania",251800,913,25,7.7,3.03,2.18,4.7,11.9,27.7,28.7,14.2,1,1.8,0,10,0,2.4,10.8,42.7,38.4,5.6,93.7,6.3,104444,115080
"8965",42027011902,"42","027","011902",6717,40.750378,-77.916065,"Census Tract 119.02, Centre County, Pennsylvania",242600,2645,0,7,2.47,2.15,11.2,8.5,11.3,18.1,18.5,8.8,8.8,2,12.8,0,2.4,9.8,49.8,31.6,6.3,81.8,18.2,72525,104068
"8966",42027012000,"42","027","012000",6917,40.796805,-77.852288,"Census Tract 120, Centre County, Pennsylvania",258800,2718,283,3.2,2.33,2.28,0,13.1,17.5,15.2,19.9,18.6,6.8,2.1,6.7,5,45.4,30,14,4.5,1.1,11.6,88.4,14420,33712
"8967",42027012100,"42","027","012100",6908,40.800719,-77.856988,"Census Tract 121, Centre County, Pennsylvania",NA,71,0,5.9,NA,4.08,0,0,19.7,47.9,5.6,0,26.8,0,0,0,0,0,32.4,67.6,0,0,100,20804,27596
"8968",42027012200,"42","027","012200",6180,40.800985,-77.865132,"Census Tract 122, Centre County, Pennsylvania",NA,154,51,4.9,NA,2.86,0,3.9,49.4,0,46.8,0,0,0,0,0,15.6,57.8,9.1,17.5,0,0,100,24159,24023
"8969",42027012300,"42","027","012300",1839,40.798918,-77.875755,"Census Tract 123, Centre County, Pennsylvania",318400,869,120,7.6,2.2,2.4,0,3.8,0,2.1,13.7,11.2,20.5,21.5,27.3,0,11.4,6.9,44.6,29.5,7.6,74.2,25.8,91477,102296
"8970",42027012400,"42","027","012400",4779,40.787571,-77.864581,"Census Tract 124, Centre County, Pennsylvania",281100,2360,262,3.9,2.33,1.84,0,2.3,6.9,5.5,21.1,17.5,26.7,4.4,15.7,11.9,26.1,23,23.3,10.7,5,18.6,81.4,23760,44855
"8971",42027012500,"42","027","012500",4417,40.795923,-77.857389,"Census Tract 125, Centre County, Pennsylvania",NA,1985,229,3,NA,2.2,4.6,8,13.5,8.4,29,23,6.3,0.5,6.8,25.1,35.5,26.1,2.4,10.5,0.4,1.4,98.6,10592,18105
"8972",42027012600,"42","027","012600",3454,40.789534,-77.856305,"Census Tract 126, Centre County, Pennsylvania",168900,1664,138,3.9,2.12,2.57,0.6,2.2,9.3,17.5,11.6,15.7,6.6,14.4,22.2,3.6,33.2,29.4,28.4,4.4,1,5.4,94.6,17665,24275
"8973",42027012700,"42","027","012700",2654,40.786769,-77.843079,"Census Tract 127, Centre County, Pennsylvania",235800,1323,148,6.5,2.3,2.04,4.2,0,15.3,14.8,11.8,15.5,28.5,6.7,3.1,0.7,11.6,20.1,43.6,18.1,6,50.3,49.7,57639,78255
"8974",42027012800,"42","027","012800",4886,40.776126,-77.85954,"Census Tract 128, Centre County, Pennsylvania",230700,2578,202,4,2.08,1.98,1.6,0.4,8.4,17.2,31.5,26.5,9.9,2.9,1.6,5.5,22.8,47,16.7,6.7,1.4,16.7,83.3,30946,43270
"8975",42027981202,"42","027","981202",1999,40.851209,-77.783301,"Census Tract 9812.02, Centre County, Pennsylvania",NA,0,0,NA,NA,NA,NA,NA,NA,NA,NA,NA,NA,NA,NA,NA,NA,NA,NA,NA,NA,NA,NA,NA,NA
"8976",42029300101,"42","029","300101",2982,40.084494,-75.425854,"Census Tract 3001.01, Chester County, Pennsylvania",488700,1392,48,7.4,2.39,1.65,0,0.9,1.5,6.3,18.9,36.3,30.4,2.4,3.3,0,19.2,20.8,14.2,32.5,13.3,83.6,16.4,103750,152586
"8977",42029300103,"42","029","300103",2519,40.044468,-75.482401,"Census Tract 3001.03, Chester County, Pennsylvania",343600,1221,104,5.9,2.12,1.86,1.2,5.1,23.8,18.2,10.5,9.1,6.9,6.9,18.4,6.2,8.1,36.1,22.3,23.2,4.1,57.2,42.8,61528,96680
"8978",42029300104,"42","029","300104",5031,40.050808,-75.453499,"Census Tract 3001.04, Chester County, Pennsylvania",439000,2051,44,7.7,2.56,1.99,0,1.9,2.3,10.5,17.5,20.6,33.2,4.1,10,0,4.6,14.8,36.8,35.5,8.4,85.5,14.5,108958,150628
"8979",42029300106,"42","029","300106",4589,40.075198,-75.45836,"Census Tract 3001.06, Chester County, Pennsylvania",297500,2424,36,5.6,1.98,1.77,0,0,6.1,77.8,14,0.5,0,0,1.6,0,2.5,46.9,40.3,9.7,0.6,80.6,19.4,92724,106945
"8980",42029300107,"42","029","300107",4357,40.066142,-75.480464,"Census Tract 3001.07, Chester County, Pennsylvania",650000,1546,31,NA,2.87,2.33,0.5,0.7,26.3,26.8,11.8,16.9,9.7,1.9,5.2,0,0,7.3,16.7,62.3,13.7,94.8,5.2,153125,206393
"8981",42029300108,"42","029","300108",6235,40.055547,-75.416069,"Census Tract 3001.08, Chester County, Pennsylvania",471000,2828,55,5.3,2.45,2.07,0.4,0.8,3.9,6.4,29.8,18.9,23.4,3.1,13.3,1.6,27.9,22.9,15.7,17.9,13.9,61.8,38.2,80030,127555
"8982",42029300109,"42","029","300109",3619,40.061459,-75.3919,"Census Tract 3001.09, Chester County, Pennsylvania",635300,1309,25,NA,3.05,2.2,1.8,1.7,7.6,12.5,9.1,19.5,29.9,7,10.9,0,0,0.9,27.2,48.7,23.2,92,8,146957,204679
"8983",42029300201,"42","029","300201",5146,40.043626,-75.438451,"Census Tract 3002.01, Chester County, Pennsylvania",459600,1933,14,7.1,2.88,1.79,3.3,0,6.1,13.9,10.5,14.4,21.9,9.6,20.3,0,9.5,11.4,36.7,28.9,13.5,73.5,26.5,104522,156479
"8984",42029300202,"42","029","300202",5331,40.02428,-75.441419,"Census Tract 3002.02, Chester County, Pennsylvania",766800,1712,20,NA,3.16,2.88,1.4,4.8,16.2,13.1,14.9,24.9,12.5,5.1,7.1,0,0,3.3,15.9,54.9,25.8,96,4,168750,262078
"8985",42029300301,"42","029","300301",3916,39.974956,-75.491067,"Census Tract 3003.01, Chester County, Pennsylvania",398100,1836,21,7.3,2.2,2.73,0.5,15.9,19.6,34.8,4.2,7.4,5.8,1.8,10,0.4,2.3,12.1,54.2,23,8,89.1,10.9,100448,152479
"8986",42029300302,"42","029","300302",3462,40.022709,-75.511492,"Census Tract 3003.02, Chester County, Pennsylvania",544500,1343,84,NA,2.69,NA,2,5.3,3.2,13.8,14.1,30.2,20.5,2.8,8.1,0.9,1.7,5.4,19.5,51.6,20.9,95.9,4.1,129485,182511
"8987",42029300303,"42","029","300303",3115,40.03848,-75.496078,"Census Tract 3003.03, Chester County, Pennsylvania",320600,1310,52,6.5,2.56,1.57,0,2.3,4.7,10,3.1,11.3,48.2,8.9,11.5,0,6,14.8,56.6,18.5,4.1,85.9,14.1,88424,101870
"8988",42029300400,"42","029","300400",2998,40.034846,-75.517719,"Census Tract 3004, Chester County, Pennsylvania",332400,1456,90,6,2.32,2,1.9,1.6,11.3,14.8,17.4,9.2,10.5,3.9,29.3,1.4,12,31.9,38.9,15.2,0.5,58,42,59574,81713
"8989",42029300501,"42","029","300501",4824,40.106671,-75.486005,"Census Tract 3005.01, Chester County, Pennsylvania",474500,1522,112,NA,3.16,2.14,1.5,20.8,31.1,4.4,8.6,12.2,7.2,4.2,10.1,2.8,1.1,2.8,20.1,59.9,13.4,93,7,164766,180280
"8990",42029300502,"42","029","300502",3641,40.119054,-75.522072,"Census Tract 3005.02, Chester County, Pennsylvania",300800,1331,16,7.6,2.84,1.61,1.7,7.7,17.7,6.6,6.9,18.8,22.7,4.9,13.1,0,6.6,18.3,24.6,43.3,7.1,92,8,91058,108355
"8991",42029300600,"42","029","300600",4919,40.141892,-75.520232,"Census Tract 3006, Chester County, Pennsylvania",223900,2312,157,6.2,2.26,2.44,11.5,13.1,14.6,20.2,2.1,6.2,10.2,2.8,19.3,1.6,7.3,14.4,53.6,20.2,2.9,78.9,21.1,79271,87001
"8992",42029300700,"42","029","300700",4777,40.129971,-75.517606,"Census Tract 3007, Chester County, Pennsylvania",188100,2343,321,5.5,2.54,1.96,0,1,0,6.5,8.8,5.6,7.3,5.2,65.6,6,19.9,25.5,22.7,16.6,9.4,50.3,49.7,52857,73294
"8993",42029300800,"42","029","300800",4346,40.126737,-75.534254,"Census Tract 3008, Chester County, Pennsylvania",205600,2318,144,4.5,2.07,1.81,1.8,8.9,2.8,17.3,32.8,12.6,15.9,0.3,7.5,0.7,30.1,29.6,35.7,2.9,1.1,40.8,59.2,56535,65985
"8994",42029300900,"42","029","300900",2449,40.124038,-75.512936,"Census Tract 3009, Chester County, Pennsylvania",229100,1093,43,5.8,2.37,2.45,0,1,0,5.3,9.8,6.3,36.4,16.7,24.5,2,7.8,12.4,60.5,16.7,0.6,75.4,24.6,60655,70558
"8995",42029301000,"42","029","301000",7079,40.132511,-75.561465,"Census Tract 3010, Chester County, Pennsylvania",288300,2996,163,6.9,2.6,1.65,6.6,6.8,19.1,30.1,6.8,9.2,8.6,3.2,9.6,5.2,5.1,11.2,45.1,28.2,5.2,88.2,11.8,87139,110303
"8996",42029301100,"42","029","301100",3323,40.177488,-75.549079,"Census Tract 3011, Chester County, Pennsylvania",168500,1669,78,5,2.62,1.48,1.4,0.7,4.2,7,3.5,14.5,5.5,2.9,60.3,4.9,26.5,25.4,24.7,13.1,5.4,53.8,46.2,48750,58901
"8997",42029301300,"42","029","301300",6636,40.204124,-75.616754,"Census Tract 3013, Chester County, Pennsylvania",273800,2451,135,7.1,2.77,2.57,26.2,8.6,7.9,11,11,10.3,11,2.1,12,0,3.5,15.6,49.7,22.2,9.1,79.6,20.4,94167,105370
"8998",42029301401,"42","029","301401",2810,40.231152,-75.646889,"Census Tract 3014.01, Chester County, Pennsylvania",221700,1317,69,5.4,2.38,1.67,4,0,0.6,4.5,22.3,26.3,10.3,8,24,1.9,20.2,25.2,31.4,19.5,1.8,56,44,49375,61473
"8999",42029301402,"42","029","301402",5056,40.218986,-75.677877,"Census Tract 3014.02, Chester County, Pennsylvania",262000,2041,54,7.3,2.72,2.17,3.2,5.2,12.1,12.1,28.8,12.1,15.2,2.4,9,0,2.7,19.1,36.9,31.2,10.1,89.6,10.4,84063,93433
"9000",42029301500,"42","029","301500",2604,40.180498,-75.672315,"Census Tract 3015, Chester County, Pennsylvania",294900,978,61,7.2,2.87,2,2.1,20.7,13.4,6.5,12.8,13.3,14.3,2.4,14.5,0.6,2.9,12.3,47.8,31.5,5,86.9,13.1,94010,105670
"9001",42029301600,"42","029","301600",2507,40.175304,-75.746636,"Census Tract 3016, Chester County, Pennsylvania",326000,1041,86,7,2.8,2,2.2,6.1,7.3,13,21.4,9.2,8.8,2.8,29.2,3.6,1.7,16.1,41.7,29.8,7.1,80.2,19.8,75260,111912
"9002",42029301700,"42","029","301700",1803,40.132545,-75.730238,"Census Tract 3017, Chester County, Pennsylvania",439600,663,22,7.9,2.61,1.81,5.6,5.4,18.1,21.3,12.7,5.3,0.9,0.9,29.9,0.9,3,12.8,38.6,29.3,15.4,95,5,98472,137934
"9003",42029301800,"42","029","301800",4567,40.123546,-75.659164,"Census Tract 3018, Chester County, Pennsylvania",497500,1685,73,8.2,2.7,2.62,14.5,11,20.9,9.4,10,4.6,7.8,3,18.8,0.4,2.4,9,29,41.1,18.1,84.2,15.8,112778,157657
"9004",42029301900,"42","029","301900",4024,40.083488,-75.630219,"Census Tract 3019, Chester County, Pennsylvania",509100,1378,62,NA,3.08,2.2,1.7,12,25.9,23.6,10,5,7.9,2,11.8,0,1.5,2.6,26.3,50.4,19.2,95.5,4.5,146364,186269
"9005",42029302000,"42","029","302000",5671,40.086366,-75.561249,"Census Tract 3020, Chester County, Pennsylvania",457600,1841,43,7.8,2.83,2.74,12.5,14.3,29.7,4.8,11.9,7.9,10.1,0.5,8.3,0,2.7,6.2,39.4,38.3,13.3,96.8,3.2,142340,185651
"9006",42029302101,"42","029","302101",6293,40.04794,-75.563448,"Census Tract 3021.01, Chester County, Pennsylvania",391700,2295,134,7.6,2.82,3.06,0.7,16.9,11.8,20.7,15.5,17.2,13.2,0.5,3.5,0.7,5.8,11.2,41.1,34.4,6.8,76.9,23.1,90938,133047
"9007",42029302102,"42","029","302102",4357,40.031393,-75.550966,"Census Tract 3021.02, Chester County, Pennsylvania",351500,1605,78,6.1,2.53,1.92,3.2,4,18.9,14,19.8,11.6,22.9,0,5.5,3.1,17.2,19.6,31.4,26.5,2.1,59.8,40.2,88419,109628
"9008",42029302202,"42","029","302202",6899,40.032725,-75.636044,"Census Tract 3022.02, Chester County, Pennsylvania",370900,3119,113,5.8,2.73,1.52,3.3,12.6,33.7,16,13.1,6.5,7.2,1.9,5.8,0,19.3,24,28.6,22.6,5.5,57,43,88810,106124
"9009",42029302203,"42","029","302203",5427,40.007088,-75.63,"Census Tract 3022.03, Chester County, Pennsylvania",325600,2015,51,7,2.75,3.48,1.1,21.5,15.3,18.3,17.3,12.3,9.9,2,2.3,0,0,7.1,51.5,34.5,6.8,95.8,4.2,115486,132571
"9010",42029302204,"42","029","302204",5948,40.015178,-75.604228,"Census Tract 3022.04, Chester County, Pennsylvania",295200,2441,47,6.4,2.58,1.92,0.7,7,21.9,28.7,11.9,17.4,6.6,2.6,3.3,0,10.5,21.8,37,25.1,5.6,78.1,21.9,93410,109920
"9011",42029302300,"42","029","302300",2420,39.966235,-75.603947,"Census Tract 3023, Chester County, Pennsylvania",375800,1394,85,4.4,2.4,1.64,0,1,4.4,8.3,12.8,12.2,7.9,6,47.3,0,36.3,26.1,18.6,13,6,38.1,61.9,50284,78109
"9012",42029302400,"42","029","302400",4268,39.960898,-75.612989,"Census Tract 3024, Chester County, Pennsylvania",263600,1943,50,4.9,2.49,2.11,0,2,6.3,5.4,11.7,14.6,9.7,6.1,44.2,5.7,14.5,31,28.9,16.9,3,39.3,60.7,52068,62081
"9013",42029302500,"42","029","302500",3830,39.955001,-75.606532,"Census Tract 3025, Chester County, Pennsylvania",343500,2016,28,5.3,2.37,1.59,1.1,1.1,0.6,0.4,3.8,3.1,9.7,6.3,74,3,29,19,25.9,14.9,8.2,41.5,58.5,51806,80279
"9014",42029302600,"42","029","302600",4543,39.957611,-75.597701,"Census Tract 3026, Chester County, Pennsylvania",225300,1730,114,5,2.17,3.2,0.5,0.7,4.4,4.6,7.7,15.3,14.2,1.5,51.3,0.6,14.6,36.3,31.6,10.3,6.6,31.9,68.1,32436,39111
"9015",42029302702,"42","029","302702",4609,39.973357,-75.57698,"Census Tract 3027.02, Chester County, Pennsylvania",297700,2175,67,5.8,2.42,1.84,0.6,3.2,10.8,15.6,25.6,11.8,22.4,1.8,8.2,1.6,15,32.3,29.1,17.7,4.4,55.8,44.2,64429,79155
"9016",42029302703,"42","029","302703",3859,39.979827,-75.613654,"Census Tract 3027.03, Chester County, Pennsylvania",438700,1352,77,8.4,3,1.53,0,4,22.5,18.6,7.5,18.4,19.2,5,4.9,0,0,3.7,23,66.5,6.8,98.5,1.5,123125,149298
"9017",42029302704,"42","029","302704",5072,40.00116,-75.600838,"Census Tract 3027.04, Chester County, Pennsylvania",381200,1732,33,8,3.01,2.35,0.4,12.2,31.4,16.6,11.9,9.3,12.1,1.4,4.7,0.5,1.3,4.4,37.9,51.7,4.2,93.2,6.8,113942,140791
"9018",42029302705,"42","029","302705",3973,39.96367,-75.563799,"Census Tract 3027.05, Chester County, Pennsylvania",364300,1615,0,6.7,3.1,1.6,0,4.6,3.2,13.7,32,39.1,5.4,2,0,1.4,21.9,23,12.8,37.8,3.2,57.1,42.9,88324,83580
"9019",42029302706,"42","029","302706",4353,39.952719,-75.583703,"Census Tract 3027.06, Chester County, Pennsylvania",351400,1724,164,7.2,2.91,2.3,3.3,5.2,7,18.2,22.8,17.5,13.9,2.4,9.7,0.6,3.4,20.6,27.5,41.8,6.1,73.1,26.9,94731,106124
"9020",42029302802,"42","029","302802",5335,40.007304,-75.559314,"Census Tract 3028.02, Chester County, Pennsylvania",507300,1831,84,8.5,2.79,2.83,1.7,14.9,24.1,16.9,13.5,18.2,4.5,1,5.1,0,0.4,13.1,26.2,49.9,10.4,93.9,6.1,116838,156425
"9021",42029302803,"42","029","302803",1950,40.006834,-75.555382,"Census Tract 3028.03, Chester County, Pennsylvania",330900,1318,73,5.7,1.67,1.43,1.3,1.7,16.5,57.9,17.6,2.8,2.1,0,0,0,4.5,53.6,31.7,8.7,1.5,96.2,3.8,55273,86183
"9022",42029302804,"42","029","302804",3789,39.986318,-75.533285,"Census Tract 3028.04, Chester County, Pennsylvania",590000,1605,39,7.9,3.12,1.3,3.9,10.3,20.8,32.5,16.3,10.8,3.9,0.4,1,3.5,20.6,15.5,8.2,43.8,8.5,63.6,36.4,77500,138286
"9023",42029302805,"42","029","302805",6956,39.969955,-75.543896,"Census Tract 3028.05, Chester County, Pennsylvania",221300,3572,60,4.8,2.27,1.77,2.3,1.2,4.2,28.1,43.7,11.5,4.9,0.6,3.5,0,15.6,57.1,7.1,17.1,3.1,57.3,42.7,64715,75367
"9024",42029302901,"42","029","302901",5036,39.9568,-75.526174,"Census Tract 3029.01, Chester County, Pennsylvania",395300,1848,70,7.7,2.76,1.96,2.2,6.8,13.4,22.8,20.7,15.2,11.9,1.2,5.7,0,2.4,12,35.5,41.6,8.4,81.2,18.8,109881,131928
"9025",42029302902,"42","029","302902",5791,39.934414,-75.576355,"Census Tract 3029.02, Chester County, Pennsylvania",415500,2261,12,7.9,2.94,1.72,2.3,8.3,8.3,36,14.1,12.8,9.7,3.1,5.5,0,3.7,13.4,27.7,43.4,11.8,82.4,17.6,113906,135990
"9026",42029303000,"42","029","303000",3017,39.917599,-75.565499,"Census Tract 3030, Chester County, Pennsylvania",433800,1161,58,7.9,2.93,1.77,0.5,19,45.1,9.8,8.1,3.6,7.2,1.6,5,0,6.6,20,30.2,32.5,10.7,74.3,25.7,116420,144217
"9027",42029303100,"42","029","303100",4208,39.903301,-75.594802,"Census Tract 3031, Chester County, Pennsylvania",580800,1380,0,NA,3.04,3.36,1.5,1.3,42,28,15.9,4.4,1.1,0,5.9,0,0,3.3,21.9,54.1,20.7,92.2,7.8,161250,220563
"9028",42029303301,"42","029","303301",2856,39.832258,-75.709786,"Census Tract 3033.01, Chester County, Pennsylvania",455300,1096,67,7.4,2.68,2.54,22,11.6,14.8,12.7,6.9,10.2,15.3,2.8,3.6,0,4.6,13.7,41.2,33.9,6.6,78.6,21.4,106055,161930
"9029",42029303302,"42","029","303302",4709,39.850682,-75.662971,"Census Tract 3033.02, Chester County, Pennsylvania",463100,2221,140,7.5,2.4,1.45,5.9,9.3,19,15.4,23.8,8.5,4.5,0,13.6,3.2,13.6,14.3,22.6,39.3,7.1,82.1,17.9,103983,148615
"9030",42029303401,"42","029","303401",4135,39.840811,-75.711225,"Census Tract 3034.01, Chester County, Pennsylvania",212000,1242,47,6.2,3.4,3.01,4.8,6.6,3,11,13.7,5,10.5,12.2,33.2,2,10.1,22.8,38.4,14.3,12.3,60.9,39.1,63702,74062
"9031",42029303402,"42","029","303402",1937,39.848121,-75.711014,"Census Tract 3034.02, Chester County, Pennsylvania",249200,697,0,6.7,2.54,3.41,0,0.6,17.2,4,4.2,5.3,19.9,5.6,43.2,3.9,9.2,18.5,30.8,34.3,3.3,45.6,54.4,61809,74675
"9032",42029303501,"42","029","303501",4108,39.875186,-75.694762,"Census Tract 3035.01, Chester County, Pennsylvania",429800,1530,46,7.9,2.46,2.87,6,24.2,6.7,20.3,12.2,8,11.3,5,6.2,0,0,7.2,46.5,34.8,11.4,91.4,8.6,104695,140431
"9033",42029303502,"42","029","303502",2918,39.879941,-75.730618,"Census Tract 3035.02, Chester County, Pennsylvania",463700,1048,53,8.1,3.11,2.62,0,5.1,33.5,16.3,5.7,2.5,10.9,4.9,21.2,2.5,6.8,4.9,19.3,55.2,11.4,87.1,12.9,134179,159520
"9034",42029303801,"42","029","303801",4041,39.955882,-75.705264,"Census Tract 3038.01, Chester County, Pennsylvania",340900,1469,58,7.4,2.85,2.74,7.8,14.3,1.2,18.1,19.8,16.8,7.4,1.6,13.1,0,1.5,15,35.4,41.5,6.7,91.2,8.8,89464,106603
"9035",42029303802,"42","029","303802",8182,39.975853,-75.729814,"Census Tract 3038.02, Chester County, Pennsylvania",318800,2579,138,8.2,3.19,4.2,10.2,7,12.9,24.7,22.6,12.3,5.3,2.2,2.8,0,0.5,1,37.3,51.9,9.3,95.3,4.7,107841,135426
"9036",42029303901,"42","029","303901",4646,39.934262,-75.619696,"Census Tract 3039.01, Chester County, Pennsylvania",466000,1329,57,8.4,2.93,1.99,0,3.5,27.5,34.4,12.7,8.8,4.7,0,8.4,0,2,13.2,23.3,45.7,15.7,89.9,10.1,142717,159249
"9037",42029303902,"42","029","303902",5296,39.967769,-75.641382,"Census Tract 3039.02, Chester County, Pennsylvania",431800,2038,49,8,2.71,2.62,3.8,8.8,14.4,43.3,11.8,2.5,5.3,2.2,8.1,0,1.3,20,31.1,37.5,10.1,87.6,12.4,112317,148649
"9038",42029304000,"42","029","304000",4838,40.019218,-75.684616,"Census Tract 3040, Chester County, Pennsylvania",332800,2114,119,6.3,2.6,1.54,16.8,22.8,12.1,12.1,21.9,12.9,1.5,0,0,0.6,25.3,15.1,29.3,24.9,4.7,73.1,26.9,89198,103831
"9039",42029304101,"42","029","304101",4424,40.010918,-75.696888,"Census Tract 3041.01, Chester County, Pennsylvania",227300,2176,15,5.2,2.38,1.84,2.5,5.6,2.3,5,29.5,18.2,7.8,2.9,26.2,0,25,28,30.2,14.2,2.7,50.9,49.1,52818,65266
"9040",42029304102,"42","029","304102",3467,40.001995,-75.714504,"Census Tract 3041.02, Chester County, Pennsylvania",217500,1368,99,5.9,2.54,2.28,0,3,10.1,13.5,5.8,6,19.4,3.7,38.5,2.5,9.5,21.8,46.6,15.8,3.9,63,37,44732,60916
"9041",42029304201,"42","029","304201",6880,40.002747,-75.740101,"Census Tract 3042.01, Chester County, Pennsylvania",226900,3013,118,6.3,2.65,2.08,3.2,7.6,12.1,25.9,24.4,6.8,7.3,4.4,8.4,1.3,11.6,10.2,55.2,20.3,1.4,65.4,34.6,65903,81296
"9042",42029304300,"42","029","304300",6742,40.036041,-75.753825,"Census Tract 3043, Chester County, Pennsylvania",366300,2465,134,7.4,2.9,1.99,4.3,13.1,14,13,33.7,7.7,5.4,1.2,7.7,0,3.8,10.4,36.9,40.7,8.2,96.1,3.9,107944,118122
"9043",42029304403,"42","029","304403",3840,40.057483,-75.634132,"Census Tract 3044.03, Chester County, Pennsylvania",265900,1486,38,6.7,2.39,3.58,0,0,13.3,55.4,26.9,1.1,0.2,0,3.1,0,0.5,14,49.6,34.4,1.5,89.3,10.7,90861,99919
"9044",42029304404,"42","029","304404",4859,40.047415,-75.649861,"Census Tract 3044.04, Chester County, Pennsylvania",322800,2085,107,6.4,2.97,1.66,0,4,5.6,23.5,25,34.1,4.4,1.1,2.4,4.2,16.8,23.4,19.9,29.2,6.6,59.4,40.6,73922,90743
"9045",42029304405,"42","029","304405",6319,40.041497,-75.685513,"Census Tract 3044.05, Chester County, Pennsylvania",392800,1935,0,8.3,3.27,4.43,0.6,15,35.1,25.3,16.8,6.4,0,0,0.8,0,0,1.7,20.3,70.8,7.3,99.6,0.4,134602,146588
"9046",42029304406,"42","029","304406",3071,40.057034,-75.688895,"Census Tract 3044.06, Chester County, Pennsylvania",432200,1265,0,7.4,3.02,1.48,10.6,34.4,39.4,6.2,5.4,0,1.7,0,2.4,0,9.8,14.2,34,36.4,5.5,71.2,28.8,117875,150065
"9047",42029304501,"42","029","304501",8089,40.093478,-75.695264,"Census Tract 3045.01, Chester County, Pennsylvania",452700,2471,66,8.4,3.32,1.86,38.2,16.7,13.4,14,8.8,4.8,1,0.7,2.5,0,2.1,1.1,28.5,62.9,5.4,88.9,11.1,164408,166799
"9048",42029304502,"42","029","304502",3137,40.068106,-75.712149,"Census Tract 3045.02, Chester County, Pennsylvania",375400,1109,0,7.9,2.95,2.04,5.4,3.5,54.3,20,12,2.7,1.1,0,1,0,0,5.1,39,54,1.9,95.5,4.5,135950,179068
"9049",42029304600,"42","029","304600",3458,40.087005,-75.772502,"Census Tract 3046, Chester County, Pennsylvania",407200,1133,89,8.3,3.29,2.73,2,4.6,25.5,14.3,19.2,5.4,6.8,5.4,16.8,0,2.8,7.9,34.5,44,10.9,89.1,10.9,115313,124785
"9050",42029304900,"42","029","304900",7647,40.083136,-75.88099,"Census Tract 3049, Chester County, Pennsylvania",265400,2655,204,6.7,3.11,2.15,10.9,18.4,25,18.8,9.7,3,3.5,1.7,8.9,0.7,4.9,18.4,42.2,24.6,9.2,82.8,17.2,69744,83278
"9051",42029305000,"42","029","305000",1713,40.094094,-75.910349,"Census Tract 3050, Chester County, Pennsylvania",220700,633,65,6.1,3,2.1,8.2,7.7,20.9,5.7,8.2,6,6.5,7.6,29.2,0,7.6,20.9,56.4,14.7,0.5,72.9,27.1,75000,78257
"9052",42029305101,"42","029","305101",4293,40.01691,-75.86732,"Census Tract 3051.01, Chester County, Pennsylvania",239700,1738,6,6.9,2.42,2.77,13.1,10.8,13,4.4,27.1,11.5,5.3,5.6,9.2,0,1,10.2,48.3,35.9,4.5,86,14,60121,79085
"9053",42029305102,"42","029","305102",4721,40.032739,-75.904566,"Census Tract 3051.02, Chester County, Pennsylvania",233800,1696,82,6.6,2.84,2.91,10.7,15.2,29.8,12.7,17.9,5.3,4.3,0,4.1,0,1.2,9.4,54,34.4,1,86.4,13.6,79907,80884
"9054",42029305300,"42","029","305300",6796,39.984195,-75.847985,"Census Tract 3053, Chester County, Pennsylvania",222100,2746,190,6.1,2.63,2.37,8.5,19.4,22.8,9.3,3.1,8.4,6.8,3.9,17.8,0.4,1.3,24.1,61.9,11.5,0.8,87.7,12.3,68263,80662
"9055",42029305400,"42","029","305400",3867,39.981559,-75.833394,"Census Tract 3054, Chester County, Pennsylvania",177200,1499,170,5.5,2.75,3.14,8.3,27.8,2.3,0.5,14.7,1.6,4.8,7.5,32.4,0,12.3,30.6,38.1,16.5,2.5,36.8,63.2,46758,61842
"9056",42029305500,"42","029","305500",3899,39.986551,-75.814396,"Census Tract 3055, Chester County, Pennsylvania",133800,1530,156,5.2,2.94,2.33,2,7.6,6.5,6.5,7.8,5.8,8,5.8,50,4.2,22.1,17.2,43.1,10.2,3.3,31.6,68.4,30451,42671
"9057",42029305600,"42","029","305600",2942,39.981251,-75.816539,"Census Tract 3056, Chester County, Pennsylvania",111500,1112,219,5.8,3.61,3.59,6.9,1.8,2.6,1.4,2.1,8.6,6.9,1.4,68.2,3.8,11.1,22.4,36.7,20.1,5.9,26.9,73.1,30987,41965
"9058",42029305700,"42","029","305700",2390,39.983601,-75.806692,"Census Tract 3057, Chester County, Pennsylvania",152100,817,29,6.4,2.58,2.74,3.9,0,6.9,0,3.5,1.8,12.9,10.8,60.2,1.8,17.3,19.6,40,17.7,3.5,58.6,41.4,42083,56489
"9059",42029306000,"42","029","306000",7449,39.961171,-75.818239,"Census Tract 3060, Chester County, Pennsylvania",272600,2720,104,7.5,2.77,2.7,17.1,21.8,14.8,10.7,15.5,4.5,4.2,0.4,11.1,0,0.7,13.5,39.7,42.6,3.5,90.5,9.5,87528,94705
"9060",42029306300,"42","029","306300",2854,39.820152,-75.827824,"Census Tract 3063, Chester County, Pennsylvania",207400,1031,37,6,2.72,3.3,5.2,4.6,18.5,14.4,7.9,11.3,7.1,7.5,23.6,0,0.6,33.3,44,19.4,2.7,77.1,22.9,69643,78037
"9061",42029306501,"42","029","306501",4153,39.784351,-75.750953,"Census Tract 3065.01, Chester County, Pennsylvania",428300,1534,101,NA,2.87,2.55,15.1,5.4,49.5,10.4,1.2,3.9,2,2.2,10.3,0,3.7,10.8,21.7,48.8,15.1,90,10,150461,180609
"9062",42029306503,"42","029","306503",2769,39.842544,-75.749806,"Census Tract 3065.03, Chester County, Pennsylvania",321200,924,56,6,2.99,3.38,5.4,15.2,38.2,10,5.6,4,11.4,0,10.3,1.4,12.6,23.1,35.2,25.1,2.7,49.9,50.1,54233,78461
"9063",42029306504,"42","029","306504",5062,39.817475,-75.746329,"Census Tract 3065.04, Chester County, Pennsylvania",428600,1575,158,8.3,3.07,3.76,13.4,30.6,17.9,4.1,13.7,3.6,9,2.8,5.1,0,5.6,8.4,28.5,50.3,7.2,80.8,19.2,113429,158665
"9064",42029306600,"42","029","306600",3139,39.748988,-75.788187,"Census Tract 3066, Chester County, Pennsylvania",369200,1106,34,8.2,2.88,3.87,5.3,11.5,8.4,29,22,10.9,2.9,1.1,8.9,0.5,0.6,2.9,33.5,49.5,13,96.4,3.6,117500,144424
"9065",42029306700,"42","029","306700",4352,39.765193,-75.822909,"Census Tract 3067, Chester County, Pennsylvania",377100,1490,120,8.1,3.28,1.88,3.6,15.4,22.2,20.9,19.5,3.1,5,0.4,9.8,0.5,2.4,5.4,30.7,48.3,12.7,91.6,8.4,120667,139269
"9066",42029306800,"42","029","306800",1681,39.737979,-75.903027,"Census Tract 3068, Chester County, Pennsylvania",313900,596,20,7,3.02,2.69,4.9,19,21,16.4,14.4,4.2,3,1.7,15.4,0,1.8,11.2,43.3,37.8,5.9,84.5,15.5,86638,106238
"9067",42029306900,"42","029","306900",5631,39.774013,-75.882526,"Census Tract 3069, Chester County, Pennsylvania",368700,1792,23,8,3.18,2.6,8.8,15.3,37.3,24.7,5.5,1.1,0.7,0.6,6.1,0,1.3,2.4,34.2,56.1,6,91.9,8.1,115721,128153
"9068",42029307000,"42","029","307000",5364,39.816222,-75.878128,"Census Tract 3070, Chester County, Pennsylvania",319400,2230,84,6.1,2.64,1.46,20,27.9,23.4,10.9,9.5,3.3,3.2,0.4,1.5,0,13.5,29.8,30,21.1,5.6,77.7,22.3,70845,86970
"9069",42029307100,"42","029","307100",2149,39.864611,-75.887715,"Census Tract 3071, Chester County, Pennsylvania",319700,744,7,7.4,2.85,2.97,16.1,16.3,12.8,16,16.8,6.7,3,0.9,11.4,0,1.9,12.5,42.7,40.1,2.8,86.6,13.4,96719,98050
"9070",42029307200,"42","029","307200",1272,39.928787,-75.899513,"Census Tract 3072, Chester County, Pennsylvania",237700,486,16,6.2,2.6,2.84,1.9,9.3,11.9,9.9,16.5,9.3,11.1,5.3,24.9,0.8,4.7,22,46.9,19.8,5.8,77.2,22.8,52065,70899
"9071",42029307300,"42","029","307300",3570,39.976003,-75.897996,"Census Tract 3073, Chester County, Pennsylvania",226800,1309,104,6.8,2.88,2.96,5.3,24.9,10.7,5.6,13.2,4.4,11.5,3.5,20.9,1.2,2.1,16,51.9,26.6,2.3,88.2,11.8,72141,85205
"9072",42029307400,"42","029","307400",3593,39.95861,-75.919698,"Census Tract 3074, Chester County, Pennsylvania",195500,1434,130,6.2,2.85,2.45,0.9,8.2,9.1,16,5.6,7,9.2,5,39,2.2,14.6,20.5,47,14.8,0.8,74.7,25.3,66071,72294
"9073",42029307700,"42","029","307700",2566,39.895119,-75.946514,"Census Tract 3077, Chester County, Pennsylvania",244500,869,54,6.7,2.83,4.59,2,8.9,11.6,13.2,16.3,8.1,8.9,4,27,0,0.5,17.1,53.2,19.6,9.7,81.2,18.8,57985,68209
"9074",42029307800,"42","029","307800",2484,39.835603,-75.939717,"Census Tract 3078, Chester County, Pennsylvania",284700,794,26,7.2,3.13,3.48,1.3,9.4,24.2,15.5,12,7.7,7.4,4.9,17.6,0,3.3,11.5,41.4,38.7,5.2,83.3,16.7,76795,86103
"9075",42029307900,"42","029","307900",5200,39.80456,-75.955626,"Census Tract 3079, Chester County, Pennsylvania",261100,1073,34,6.7,3.04,3.42,4.2,18.7,19.9,13.5,8.3,8.3,10.4,3,13.7,0,1,19.4,47.6,19.9,12,80.6,19.4,77841,85151
"9076",42029308000,"42","029","308000",5077,39.784912,-75.97929,"Census Tract 3080, Chester County, Pennsylvania",219400,1721,61,5.2,2.83,3.04,0,14.9,2.7,11.5,14.3,8.7,14.4,8,25.7,1.5,15.7,33.8,33.4,11.6,4,41.8,58.2,48906,58532
"9077",42029308101,"42","029","308101",4556,39.777165,-75.938716,"Census Tract 3081.01, Chester County, Pennsylvania",312500,1385,32,7.7,3.32,3.1,5,27.7,24.5,13.2,12.5,4,3.8,0,9.2,1.4,0.9,4.3,40,43.4,10,85.9,14.1,100063,118872
"9078",42029308102,"42","029","308102",4094,39.762458,-75.992891,"Census Tract 3081.02, Chester County, Pennsylvania",252600,1428,65,6.3,2.76,3.21,0.4,26.3,22.2,12.7,9.7,5.3,7,0,16.5,0,4,19.7,47.1,26.5,2.7,72.9,27.1,63903,77469
"9079",42029308200,"42","029","308200",2722,39.743656,-76.044348,"Census Tract 3082, Chester County, Pennsylvania",179900,1061,47,6,2.55,3.35,3.8,10,32.4,19.5,11.7,4.6,6.2,0,11.8,0,1,19,59.5,13.6,6.9,82,18,54375,61854
"9080",42029310400,"42","029","310400",3400,39.951817,-75.601562,"Census Tract 3104, Chester County, Pennsylvania",NA,0,0,NA,NA,NA,NA,NA,NA,NA,NA,NA,NA,NA,NA,NA,NA,NA,NA,NA,NA,NA,NA,NA,NA
"9081",42029311000,"42","029","311000",6821,40.17049,-75.582584,"Census Tract 3110, Chester County, Pennsylvania",308700,2370,42,7.3,2.92,1.83,4.1,18.6,17.6,14.7,11.4,7.5,8.7,3.9,13.4,1.6,6.3,18.9,28,35.3,9.8,84.1,15.9,97083,105660
"9082",42029311100,"42","029","311100",3604,39.87091,-75.631891,"Census Tract 3111, Chester County, Pennsylvania",511900,1559,48,7.7,2.65,1.61,0,7.1,7.8,35.3,24.2,12.5,4.4,1.3,7.4,0,16.3,9.4,24.4,34.8,15.1,70.4,29.6,119740,156095
"9083",42029311200,"42","029","311200",2099,39.90921,-75.756624,"Census Tract 3112, Chester County, Pennsylvania",386000,900,79,7.4,2.7,2.24,3.4,7.3,6.2,13.3,16.6,11.9,8.6,2.7,30,1.1,3.9,17.9,36.8,29.1,11.2,77.6,22.4,90987,146800
"9084",42029311300,"42","029","311300",4582,39.904483,-75.658185,"Census Tract 3113, Chester County, Pennsylvania",522400,1321,95,NA,2.9,2.06,13.3,6.7,14.2,21.3,19.5,5.2,6.9,1.2,11.6,0.5,2.3,6.4,24.2,41.8,24.8,92.3,7.7,154143,183227
"9085",42029311401,"42","029","311401",6937,39.996505,-75.782084,"Census Tract 3114.01, Chester County, Pennsylvania",230200,2822,145,6.2,2.31,2.35,9.3,13.9,11.2,7.1,23.5,6.9,15.9,9,3.2,0,5,18.3,56.1,17.3,3.3,70.4,29.6,77005,83647
"9086",42029311403,"42","029","311403",3513,40.017527,-75.806885,"Census Tract 3114.03, Chester County, Pennsylvania",289400,1459,82,6.6,2.5,1.91,1.7,18.8,31.5,18.2,13.7,11.7,1.9,0.9,1.6,0.7,8,26.7,36.4,27.1,1.2,91.8,8.2,78365,95431
"9087",42029311404,"42","029","311404",3881,40.053521,-75.804275,"Census Tract 3114.04, Chester County, Pennsylvania",284400,1431,21,7.2,2.94,1.8,8.3,7.8,17.5,25,11.5,10,8.6,3.5,7.8,0,3.8,6.2,47.5,38.2,4.3,89.1,10.9,84375,105866
"9088",42029311500,"42","029","311500",3395,40.131095,-75.825281,"Census Tract 3115, Chester County, Pennsylvania",296600,1494,55,6.4,2.51,1.54,3.5,12.2,31.3,9.6,10.8,3.8,5.1,3.9,19.7,0,10,14.3,50.1,21.4,4.2,84.3,15.7,64155,81413
"9089",42029311600,"42","029","311600",1838,39.968294,-75.813007,"Census Tract 3116, Chester County, Pennsylvania",164500,796,69,5.4,2.31,2.44,6.3,5.4,6.5,2.4,4.6,12.1,10.1,12.2,40.5,1,8,35.3,45.2,9.5,0.9,62.2,37.8,49375,66876
"9090",42029311700,"42","029","311700",8740,39.820493,-75.808432,"Census Tract 3117, Chester County, Pennsylvania",314900,2675,110,7.4,3.15,4.47,8,18.5,17,14,12.7,5.7,6.6,1.9,15.6,0,2,12.3,40.3,40.2,5.2,81.6,18.4,82596,106986
"9091",42029311800,"42","029","311800",3850,39.963685,-75.96358,"Census Tract 3118, Chester County, Pennsylvania",237000,1250,94,6.7,3.33,2.28,4.6,4,18.2,15,16.5,4.5,9,5.5,22.7,0.2,3.7,18.4,45.7,23.8,8.2,82.9,17.1,73929,87394
"9092",42031160101,"42","031","160101",1934,41.375212,-79.290805,"Census Tract 1601.01, Clarion County, Pennsylvania",104300,1747,1021,5.4,2.23,2.52,0.6,5.6,10,9.4,19.2,7.9,13.5,4.1,29.8,2.3,13,26.2,45,9.2,4.2,86.9,13.1,50000,61257
"9093",42031160102,"42","031","160102",5062,41.2039,-79.3385,"Census Tract 1601.02, Clarion County, Pennsylvania",111000,3078,764,5.3,2.46,1.88,1.5,10.4,13.2,10.5,21.1,12.9,9.5,3.3,17.7,5.1,8.5,34,36.5,13.4,2.5,58.8,41.2,41676,51549
"9094",42031160200,"42","031","160200",3448,41.336668,-79.390451,"Census Tract 1602, Clarion County, Pennsylvania",118600,1922,593,6.1,2.73,2.12,1.6,5,10.3,11.6,22.4,10.6,8.4,2.1,28.1,2.9,4.3,25.1,45.7,17.7,4.4,82.2,17.8,45035,55318
"9095",42031160300,"42","031","160300",4783,41.261156,-79.479487,"Census Tract 1603, Clarion County, Pennsylvania",112200,2111,259,6,2.56,2.05,2.7,3.4,13.5,10.9,22.2,12.1,9.7,4.3,21.1,0,3.7,27.3,53.2,14.1,1.7,83,17,45526,60180
"9096",42031160400,"42","031","160400",3788,41.22124,-79.555379,"Census Tract 1604, Clarion County, Pennsylvania",101100,1688,165,6.1,2.66,1.93,1.4,3.4,8.1,15.6,15.2,4.7,8.3,5.5,37.9,1.4,6.9,25.5,48.1,15.5,2.5,75.8,24.2,45353,52918
"9097",42031160500,"42","031","160500",3948,41.12589,-79.579303,"Census Tract 1605, Clarion County, Pennsylvania",85100,1824,343,6.1,2.61,2.41,1.5,4.6,4.7,5.8,10.3,7.9,8.6,7.3,49.4,0.3,3.2,29.4,45.3,17.7,4.1,80.9,19.1,41231,48944
"9098",42031160600,"42","031","160600",5276,41.20994,-79.380588,"Census Tract 1606, Clarion County, Pennsylvania",121700,2163,408,5,2.12,2.07,0,4.5,9.1,9.7,14.2,13.7,21.1,7.3,20.5,6.9,17.6,33.3,31.9,6.9,3.3,38.9,61.1,25144,41708
"9099",42031160700,"42","031","160700",4146,41.025694,-79.535334,"Census Tract 1607, Clarion County, Pennsylvania",71500,2103,281,6,2.58,2.38,1.1,0.6,5.2,10.7,16.6,4.6,11.2,9.2,40.8,1.2,9.6,25.1,48.6,13,2.5,68.8,31.2,37813,44539
"9100",42031160800,"42","031","160800",3881,41.075581,-79.378042,"Census Tract 1608, Clarion County, Pennsylvania",110500,1737,188,6.1,2.58,1.86,3.2,4.3,11.1,9.6,13.2,8.9,7.8,7.5,34.5,2.6,9.4,21.7,50.9,12.3,3.1,74.8,25.2,44493,60215
"9101",42031160900,"42","031","160900",3722,41.087756,-79.289314,"Census Tract 1609, Clarion County, Pennsylvania",95300,1614,138,6,2.6,2.17,1.9,5.6,8.7,13.7,16.4,8.2,8.2,3.7,33.6,0.3,3.7,27.1,52,13.4,3.5,80.9,19.1,45585,55115
"9102",42033330100,"42","033","330100",4948,41.110648,-78.767628,"Census Tract 3301, Clearfield County, Pennsylvania",95700,1926,151,6,2.43,2.2,1.2,3.5,7.9,6.9,14.2,16.1,8,10.4,31.8,0,6.4,30.1,45.2,15.7,2.6,71.7,28.3,41281,62826
"9103",42033330200,"42","033","330200",3420,41.122388,-78.769932,"Census Tract 3302, Clearfield County, Pennsylvania",66300,1637,205,6,2.27,2.48,1.7,2.6,1.8,3.2,4.1,2.9,15.1,10.3,58.4,1.3,7.7,30.8,48.4,11.8,0,57.3,42.7,35769,40744
"9104",42033330300,"42","033","330300",4374,41.119834,-78.756851,"Census Tract 3303, Clearfield County, Pennsylvania",93800,2181,140,6,2.3,1.94,0,3,4.6,8.5,14.3,7.2,9.9,4.4,48,2.8,8.8,28.6,38.9,17,3.9,54.4,45.6,33558,46192
"9105",42033330400,"42","033","330400",5725,41.159487,-78.711281,"Census Tract 3304, Clearfield County, Pennsylvania",156400,2963,563,6.3,2.55,2.16,3,9.3,27.6,32.2,16.8,2.9,2.9,0,5.2,0,2.1,14.8,58.5,21.2,3.4,93,7,60568,73169
"9106",42033330500,"42","033","330500",4568,41.105,-78.676397,"Census Tract 3305, Clearfield County, Pennsylvania",85800,2393,620,5.7,2.59,2.44,1.3,2.8,12.2,14.6,17.3,11.4,9.4,7.3,23.8,1.4,6.4,29.1,45.8,11.3,6.1,83.6,16.4,42879,55267
"9107",42033330600,"42","033","330600",3254,41.030242,-78.424522,"Census Tract 3306, Clearfield County, Pennsylvania",72100,1373,127,5.5,2.05,1.95,2.9,4.2,16.1,4.1,20.8,6.3,15.3,15,15.4,1,8.9,34.5,48.6,6.5,0.6,74.7,25.3,36607,46194
"9108",42033330700,"42","033","330700",2306,41.115178,-78.225309,"Census Tract 3307, Clearfield County, Pennsylvania",90200,1562,803,5.9,2.62,2.24,1.7,3.5,17.9,12,19,5.7,8.8,6.6,25,1.2,6.9,19.1,50.6,17.1,5.1,86.4,13.6,43274,50074
"9109",42033330800,"42","033","330800",7025,40.974662,-78.187327,"Census Tract 3308, Clearfield County, Pennsylvania",84200,3387,451,5.9,2.51,2.1,1.7,5.1,11.9,14.9,13.4,7.6,8.3,4.1,33.1,0.9,4.8,18.6,56.5,18.6,0.6,87,13,43209,52289
"9110",42033330900,"42","033","330900",6572,40.885269,-78.260685,"Census Tract 3309, Clearfield County, Pennsylvania",77500,3161,255,5.6,2.31,1.82,1.3,5.4,8,15,20.6,7.5,7.6,6.1,28.6,0.4,12.2,29.9,43.2,11.2,3.2,81.1,18.9,37262,40942
"9111",42033331000,"42","033","331000",5098,40.984163,-78.321511,"Census Tract 3310, Clearfield County, Pennsylvania",88400,2152,283,5.9,2.59,3.03,3.2,4.7,13.2,16.8,9.2,5.1,9.2,7.3,31.2,0.7,3.2,30.3,56.3,7.6,1.9,85.9,14.1,40401,48781
"9112",42033331100,"42","033","331100",3319,41.02008,-78.433949,"Census Tract 3311, Clearfield County, Pennsylvania",75800,1766,152,5.3,2.31,1.8,0.3,0,4.6,3.2,10.8,5.8,9.7,6.1,59.5,1.5,19.5,28.8,35.7,13.4,1.2,44.3,55.7,26155,35094
"9113",42033331200,"42","033","331200",2896,41.024095,-78.44557,"Census Tract 3312, Clearfield County, Pennsylvania",87900,1515,192,5.7,2.46,1.79,2.3,0.6,2.1,2.6,4.7,8.6,29,6.9,43.1,0,11.2,24.3,41.5,17.7,5.3,64.5,35.5,44972,61912
"9114",42033331300,"42","033","331300",4427,41.002388,-78.465582,"Census Tract 3313, Clearfield County, Pennsylvania",96000,2060,59,6,2.26,2.72,0.9,3.7,8,13.9,22.6,8.4,15.5,5.7,21.4,2.6,3,26.4,54.7,11.9,1.4,74.8,25.2,36011,51809
"9115",42033331401,"42","033","331401",3453,40.963115,-78.58664,"Census Tract 3314.01, Clearfield County, Pennsylvania",81500,1499,205,6,2.55,2.95,3.6,3.2,12.1,11.8,16.7,8.7,6.1,4.3,33.4,0,4.3,22.3,56.4,15.4,1.5,88.3,11.7,41172,51906
"9116",42033331402,"42","033","331402",3570,40.983768,-78.52647,"Census Tract 3314.02, Clearfield County, Pennsylvania",71200,1838,234,5.5,2.17,2.34,0.4,2.1,12.4,10.9,11.9,10.6,19.2,2.5,30,1.5,10.9,28.4,46.7,10.9,1.6,74.7,25.3,34318,42442
"9117",42033331500,"42","033","331500",1944,40.890076,-78.692442,"Census Tract 3315, Clearfield County, Pennsylvania",73000,1094,379,6,2.66,2.69,0.7,4.7,12,13.3,18.4,4.8,7.7,5.1,33.4,1.1,5.9,21.1,51.6,13.6,6.6,87,13,34784,42497
"9118",42033331600,"42","033","331600",2539,40.841841,-78.47391,"Census Tract 3316, Clearfield County, Pennsylvania",67000,1262,268,5.9,2.44,2.72,0.1,2.3,9.1,8.8,11.1,7.1,7.2,3.6,50.7,1,3.1,25.1,52.1,14.5,4.1,90.9,9.1,33804,42985
"9119",42033331700,"42","033","331700",6886,40.812225,-78.368527,"Census Tract 3317, Clearfield County, Pennsylvania",77900,2397,409,6,2.35,2.14,2,2.6,11.5,9.8,15.1,3.9,9.1,7.4,38.6,0.6,4.9,22.4,55.2,15.3,1.6,83.5,16.5,41012,47448
"9120",42033331800,"42","033","331800",2952,40.759356,-78.524863,"Census Tract 3318, Clearfield County, Pennsylvania",66600,1379,217,5.9,2.39,2.53,0.7,6.5,11.8,5.3,13.5,3.7,7.5,5.9,45.3,0.7,5.2,27,46.5,16,4.6,80.5,19.5,32317,41699
"9121",42033331900,"42","033","331900",2366,40.77857,-78.712893,"Census Tract 3319, Clearfield County, Pennsylvania",66200,1174,291,5.9,2.58,2.87,0.7,2,11.3,10.3,17.1,7.9,7.3,6.9,36.5,0.7,4.4,20.7,54.2,14.4,5.6,84.3,15.7,36607,43665
"9122",42035030100,"42","035","030100",3092,41.335132,-77.750113,"Census Tract 301, Clinton County, Pennsylvania",48200,3072,1745,5.7,2.17,2.01,0.7,3.9,4.7,4.7,12,11.3,9.2,6.2,47.3,1.6,9,27.5,42,13.5,6.4,74.8,25.2,27225,37872
"9123",42035030200,"42","035","030200",5394,41.106232,-77.525549,"Census Tract 302, Clinton County, Pennsylvania",97100,2669,501,5.6,2.5,2.15,1.6,5.6,15.6,12.4,14.4,8.9,10.6,7.2,23.8,2.8,10.8,27.7,43.2,12.9,2.7,77.1,22.9,42927,52699
"9124",42035030300,"42","035","030300",4011,41.172176,-77.427804,"Census Tract 303, Clinton County, Pennsylvania",135000,2171,509,6.1,2.36,1.81,2.2,6.2,19,12.3,16.6,11.1,13.4,4.4,14.9,0.7,2.8,25.2,53.1,16.3,1.8,88.5,11.5,49871,60611
"9125",42035030400,"42","035","030400",4699,41.188579,-77.330551,"Census Tract 304, Clinton County, Pennsylvania",102600,2379,159,5.9,2.46,1.81,2.5,9.9,12.1,12.9,18.3,9.2,7.4,3.2,24.4,0,7.9,19.3,52.5,16.5,3.8,81,19,42677,51037
"9126",42035030500,"42","035","030500",4374,41.135626,-77.413993,"Census Tract 305, Clinton County, Pennsylvania",94800,1792,72,5.6,2.23,2,5.2,2.1,11,10.8,16.9,10,13.3,5.6,25.1,0.4,4.3,30.5,51.1,11.2,2.5,80.3,19.7,40694,48669
"9127",42035030600,"42","035","030600",1992,41.135323,-77.438588,"Census Tract 306, Clinton County, Pennsylvania",75900,1105,25,4.3,2.07,2.11,2.7,8.1,2.8,12.6,16.6,10,4.5,2.5,40.1,0,34.5,27.8,21.7,12.8,3.3,18.4,81.6,25600,27843
"9128",42035030700,"42","035","030700",7780,41.135378,-77.458083,"Census Tract 307, Clinton County, Pennsylvania",97600,2364,269,5.6,2.2,2.69,0.9,9.3,5.4,1.4,10,8.2,18.2,5.2,41.2,3.6,14,23.7,29.3,22.1,7.3,48.5,51.5,28036,59969
"9129",42035030800,"42","035","030800",3977,41.059248,-77.471637,"Census Tract 308, Clinton County, Pennsylvania",115000,1828,149,6.1,2.53,2.18,1.9,4.8,13.8,7.7,19.5,8.4,11.9,6.5,25.6,1.5,6.3,21.2,47.8,18.5,4.6,80.6,19.4,47067,54847
"9130",42035030900,"42","035","030900",3919,41.052308,-77.301339,"Census Tract 309, Clinton County, Pennsylvania",121300,1674,343,5.9,3.08,2.58,3.4,4.8,13,12,13.7,10.9,5.4,4,32.7,2,6.2,23.4,44.9,15,8.5,85.8,14.2,49698,57460
"9131",42037050100,"42","037","050100",5233,41.194008,-76.36926,"Census Tract 501, Columbia County, Pennsylvania",152800,2856,774,6.1,2.43,2.36,3.4,4.9,12.3,11.7,16.7,3.8,5.1,2.9,39.1,0.5,4.2,25.8,49.1,16.4,4,82.9,17.1,43694,55548
"9132",42037050200,"42","037","050200",5551,41.127352,-76.521249,"Census Tract 502, Columbia County, Pennsylvania",141600,2414,241,6,2.38,2.39,2,2.9,8.4,11.6,23.2,5.6,3.1,4.3,38.9,0.2,6.8,25.1,44.6,20.4,2.9,79.3,20.7,44403,60334
"9133",42037050300,"42","037","050300",5202,41.021457,-76.491808,"Census Tract 503, Columbia County, Pennsylvania",159400,2148,183,6.5,2.69,2.24,3,8.8,18.4,11.7,18.1,8.8,6.1,3.2,21.9,0,1.9,25.4,47.7,21.4,3.6,86.3,13.7,62721,73653
"9134",42037050400,"42","037","050400",4199,41.065779,-76.386601,"Census Tract 504, Columbia County, Pennsylvania",144800,1780,110,5.9,2.53,2.36,2.1,5.3,19.9,24,16.9,6.4,2.4,2.5,20.4,0,4.3,24.4,51.1,15.8,4.4,88.9,11.1,53300,69916
"9135",42037050500,"42","037","050500",3760,41.073741,-76.270066,"Census Tract 505, Columbia County, Pennsylvania",127400,1741,188,5.9,2.42,1.73,0.9,8.2,12.3,7.9,28.8,8.2,13.8,2.4,17.6,1.6,7.5,28.6,45,15,2.3,87.3,12.7,52672,57298
"9136",42037050600,"42","037","050600",5331,41.062457,-76.23725,"Census Tract 506, Columbia County, Pennsylvania",89900,2426,240,5.4,2.39,2.09,0.6,1,1.1,3.2,6.7,6.7,16.4,9.3,55,0.5,12.2,38.5,37.3,11.2,0.4,51.4,48.6,33435,40431
"9137",42037050700,"42","037","050700",5146,41.052063,-76.254635,"Census Tract 507, Columbia County, Pennsylvania",90700,2443,167,5.6,2.44,2.37,2,2.2,5.9,6.6,12.4,3.8,12,10.8,44.2,0,17.7,33.2,35.4,10.9,2.8,64.3,35.7,34065,41192
"9138",42037050800,"42","037","050800",3622,41.01388,-76.389114,"Census Tract 508, Columbia County, Pennsylvania",114300,1769,73,5.6,2.44,1.65,2.4,4.3,5.3,4.5,16.3,15.3,17.9,7.6,26.4,0,10.2,32.1,47.9,9.4,0.5,74.8,25.2,45403,53942
"9139",42037050900,"42","037","050900",3015,41.026534,-76.403913,"Census Tract 509, Columbia County, Pennsylvania",190900,1246,56,7.2,2.5,1.95,5.5,12.5,23.8,17,15.1,7,6.7,0.8,11.6,3,1.4,16.1,41.9,32.3,5.4,87.3,12.7,69796,112658
"9140",42037051000,"42","037","051000",2418,40.997435,-76.447841,"Census Tract 510, Columbia County, Pennsylvania",108300,1300,162,5.7,2.23,2.45,0,1.7,11.8,13.7,4,6.1,16.7,7.1,38.9,0,6.9,32.4,47.2,13.1,0.5,52.5,47.5,45812,57616
"9141",42037051100,"42","037","051100",8176,41.00902,-76.450487,"Census Tract 511, Columbia County, Pennsylvania",136700,1430,168,5.5,2.31,3.08,1.8,10.6,2.2,8.2,7.7,6.7,8.4,6.2,48.1,0.6,9.2,38.2,28.9,17.8,5.4,33.9,66.1,31830,45823
"9142",42037051200,"42","037","051200",4261,41.002101,-76.458918,"Census Tract 512, Columbia County, Pennsylvania",114900,2437,281,4.9,2.52,2.16,1.9,1.8,3,7.8,3.2,6.5,3.7,5.7,66.4,3.4,19.7,25.5,32.5,10.6,8.4,27.6,72.4,25852,35258
"9143",42037051300,"42","037","051300",2999,40.967905,-76.438018,"Census Tract 513, Columbia County, Pennsylvania",116400,1422,148,6.2,2.48,2.42,0.8,3.3,4.8,11.3,14.5,8.8,5.3,4.4,46.8,1.4,9,17.2,55.9,12.2,4.3,70.4,29.6,44000,61293
"9144",42037051400,"42","037","051400",2583,41.019113,-76.298491,"Census Tract 514, Columbia County, Pennsylvania",146200,1064,62,5.7,2.64,2.59,0.8,6.7,8.7,13.9,26.3,5.5,7,5.7,25.3,0.4,2.6,21.1,57.6,18,0.4,89.3,10.7,56250,65370
"9145",42037051500,"42","037","051500",5799,40.893542,-76.392691,"Census Tract 515, Columbia County, Pennsylvania",147300,2927,644,6.3,2.56,2.49,4.2,5.2,10,14.9,13.4,4.9,4.9,3.8,38.7,1.4,4.1,18.8,51.6,17.7,6.5,90.5,9.5,52716,59529
"9146",42039110100,"42","039","110100",6114,41.788108,-79.740673,"Census Tract 1101, Crawford County, Pennsylvania",97100,3069,929,5.8,3.05,2.56,2.9,6.2,14.1,10.5,15.9,9.6,9.2,4.1,27.5,0.5,8.1,28.4,40,14.1,8.9,84.6,15.4,37008,49088
"9147",42039110201,"42","039","110201",3878,41.802519,-80.140069,"Census Tract 1102.01, Crawford County, Pennsylvania",131800,1765,259,6.1,2.6,1.79,5.3,9.3,12.6,8.7,17.2,6.9,7.4,4,28.6,0.5,4.7,27.5,48.7,13.5,5.1,88.4,11.6,51744,61309
"9148",42039110202,"42","039","110202",4598,41.801324,-80.023305,"Census Tract 1102.02, Crawford County, Pennsylvania",94100,1537,201,5.8,2.93,1.83,1.6,4.4,9,5.6,11.5,9.8,5.3,7.4,45.5,3,8.7,32.6,32.8,16.7,6.3,68.2,31.8,42679,49799
"9149",42039110300,"42","039","110300",4920,41.775739,-80.364778,"Census Tract 1103, Crawford County, Pennsylvania",100900,2173,282,6.1,2.67,2.52,1.8,3.7,11,10.6,15.3,5.1,5.8,7.4,39.3,0.5,4.3,26.4,44.5,18.1,6.1,80.2,19.8,40813,51263
"9150",42039110400,"42","039","110400",2978,41.680001,-80.439854,"Census Tract 1104, Crawford County, Pennsylvania",93500,1740,564,5.7,2.48,2.36,2.8,7.4,9.5,11.6,16.2,8,8.7,6.7,29,0.2,9.2,27.4,46.3,11.3,5.6,78.2,21.8,36250,46985
"9151",42039110501,"42","039","110501",1865,41.629139,-80.344241,"Census Tract 1105.01, Crawford County, Pennsylvania",117500,946,189,6.2,2.45,2.06,0,5.1,11.4,9.1,24,10.5,11.1,9.2,19.7,0,2.1,29.2,45,20.4,3.3,90.5,9.5,44375,62347
"9152",42039110502,"42","039","110502",3748,41.625859,-80.298734,"Census Tract 1105.02, Crawford County, Pennsylvania",129700,2923,1290,6.1,2.33,1.95,0.5,4.8,10.5,11.5,25.4,6.5,19.6,6.7,14.4,2.7,2.5,28.5,45.4,17.2,3.8,78.6,21.4,39754,58315
"9153",42039110600,"42","039","110600",2940,41.712313,-80.199033,"Census Tract 1106, Crawford County, Pennsylvania",106100,1333,121,5.7,2.46,2.21,4.5,4.3,16.3,12.7,16.4,5.9,5.1,9.1,25.7,1.1,4.6,22.4,53.7,16.8,1.4,92.2,7.8,45781,53366
"9154",42039110700,"42","039","110700",4010,41.712501,-80.114215,"Census Tract 1107, Crawford County, Pennsylvania",104900,1689,213,5.7,2.58,1.89,1.3,4,18.7,9.3,18.1,11.9,9.4,9.7,17.6,0,9.5,23.6,52.6,11.4,2.8,84.6,15.4,47611,57398
"9155",42039110800,"42","039","110800",5053,41.656144,-79.994195,"Census Tract 1108, Crawford County, Pennsylvania",112300,2178,290,6.1,2.79,2.24,1.9,5,11.1,14.6,16.4,7.9,8.1,5.8,29.3,0.7,4,24.5,48.3,18.3,4.2,87.9,12.1,51548,61642
"9156",42039110900,"42","039","110900",3098,41.682344,-79.83759,"Census Tract 1109, Crawford County, Pennsylvania",84400,1500,236,6,2.56,2.25,1.9,6,13.7,9.5,13.3,8.6,9,7.1,30.9,0.7,8.3,29,44.9,13.7,3.5,83,17,41689,48337
"9157",42039111000,"42","039","111000",2403,41.65368,-79.695118,"Census Tract 1110, Crawford County, Pennsylvania",74200,1169,120,6,2.34,2.6,0.7,2.6,8,9.4,19.8,11.7,11.1,5.8,30.9,0.7,5.1,31.4,47.2,12.7,2.8,78.4,21.6,38147,47716
"9158",42039111100,"42","039","111100",3251,41.628426,-79.667311,"Census Tract 1111, Crawford County, Pennsylvania",66400,1567,130,5.3,2.7,1.67,0.4,3.5,3,11.3,13.8,2.7,15.3,10.1,39.8,6.9,17.2,29.5,40.1,4.3,2.1,42.9,57.1,22420,34660
"9159",42039111200,"42","039","111200",2350,41.632001,-79.681328,"Census Tract 1112, Crawford County, Pennsylvania",72700,1120,155,6.2,2.36,2.38,0,0,1.9,1.3,7.4,6.9,6.2,18.8,57.6,0.5,11.4,20.4,49.6,13.6,4.5,65.9,34.1,43472,50158
"9160",42039111300,"42","039","111300",5662,41.541107,-80.070515,"Census Tract 1113, Crawford County, Pennsylvania",110700,2711,590,5.7,2.59,2.64,2.2,4.8,14.9,8,18.1,8.6,8.4,10.2,24.8,1.4,4.4,31.1,44.3,14.3,4.5,82.3,17.7,50088,55381
"9161",42039111400,"42","039","111400",4780,41.627279,-80.124065,"Census Tract 1114, Crawford County, Pennsylvania",108400,2418,171,6.1,2.32,1.89,1.7,3.6,5.4,9.9,19.4,10.3,12.7,10.8,26.1,0,5.5,25.4,48.9,19.4,0.8,75.3,24.7,46654,60378
"9162",42039111500,"42","039","111500",5054,41.637145,-80.140537,"Census Tract 1115, Crawford County, Pennsylvania",78300,2730,264,5.8,2.46,1.89,0,1.4,2.8,2.4,11.3,11.2,8.9,16.9,45.1,3.8,18.5,26,33.3,13.8,4.7,43.9,56.1,27970,39351
"9163",42039111600,"42","039","111600",4095,41.641629,-80.153045,"Census Tract 1116, Crawford County, Pennsylvania",70500,2136,358,4.4,2.48,1.86,0,3.1,3.2,1,15.6,2.9,8.2,10.2,55.9,3.7,37.9,21.7,24.2,9.7,2.7,30.8,69.2,22986,29920
"9164",42039111700,"42","039","111700",4708,41.656832,-80.144517,"Census Tract 1117, Crawford County, Pennsylvania",124900,1538,129,6.1,2.51,1.64,0,1.9,2.6,7.9,18.9,21.2,20.7,5.7,21.1,0,13.1,24.9,39.1,18.9,4,61.2,38.8,49297,66680
"9165",42039111800,"42","039","111800",5630,41.625266,-80.206458,"Census Tract 1118, Crawford County, Pennsylvania",107300,2824,156,5.7,2.18,1.88,3.3,9.8,14.6,5.2,20,11.5,10.2,10.9,14.5,0.5,7.8,32.7,47.7,9.5,1.8,74.9,25.1,47532,61340
"9166",42039111900,"42","039","111900",3679,41.526489,-80.290854,"Census Tract 1119, Crawford County, Pennsylvania",98600,1481,175,6.1,2.74,2.42,2.2,6.8,13.9,16.7,18.2,5.1,10.3,6.5,20.3,0.7,5.1,28.8,41.2,16.2,8.1,87.1,12.9,41667,52826
"9167",42039112001,"42","039","112001",2541,41.532419,-80.465759,"Census Tract 1120.01, Crawford County, Pennsylvania",93900,2170,1126,5.6,2.41,2.7,1.8,2.9,14.7,14.1,15.5,9.9,17.1,9.5,14.6,0.8,5.6,36,42.7,11.5,3.5,83.4,16.6,33295,46717
"9168",42039112002,"42","039","112002",1410,41.599568,-80.479302,"Census Tract 1120.02, Crawford County, Pennsylvania",84600,1911,1312,5.3,2.25,2.19,4,5.4,16.3,8.9,15.9,14.4,15,5.7,14.4,0.5,8.6,37.5,47.7,4.2,1.4,89.5,10.5,32412,41563
"9169",42041010100,"42","041","010100",5411,40.294566,-76.933565,"Census Tract 101, Cumberland County, Pennsylvania",124300,2513,121,4.6,2.48,1.89,3.3,5.5,3.7,10.7,20.8,8.7,12.3,6.6,28.3,0.8,21.1,41.4,28.9,7.7,0,42,58,39714,47527
"9170",42041010201,"42","041","010201",5162,40.300391,-76.947707,"Census Tract 102.01, Cumberland County, Pennsylvania",187600,1986,0,6.5,2.53,1.98,9.1,10.5,20.3,12.9,16,11.2,9.9,4,5.9,0,2.8,19.6,51.7,23.3,2.6,93.6,6.4,75324,86659
"9171",42041010203,"42","041","010203",3437,40.265714,-76.92167,"Census Tract 102.03, Cumberland County, Pennsylvania",165500,1404,18,4.9,2.6,1.81,0.4,0,5.1,15.2,28.3,31,15.4,2.4,2.2,1.3,20.2,25.3,34.1,16.4,2.8,49.4,50.6,52941,70846
"9172",42041010204,"42","041","010204",4900,40.271383,-76.944923,"Census Tract 102.04, Cumberland County, Pennsylvania",205600,1922,19,6.9,2.57,2.2,1.9,15.2,31.4,13.8,7.8,6.5,16.3,2.1,4.9,0,0,18.5,48.2,30.3,2.9,88.1,11.9,76829,88202
"9173",42041010300,"42","041","010300",4388,40.26631,-76.913079,"Census Tract 103, Cumberland County, Pennsylvania",133600,2322,205,5.3,2.29,2.04,0.8,5,2.6,9.7,21.4,11,10.8,2.8,35.9,1.2,24.5,25.1,39.4,9.9,0,40.9,59.1,48585,65215
"9174",42041010400,"42","041","010400",3753,40.245463,-76.930657,"Census Tract 104, Cumberland County, Pennsylvania",210900,1596,70,7,2.44,2.07,0.6,0.5,0,4.4,3.6,10.7,36.3,12.2,31.7,0,3,13.8,55.8,22.8,4.6,88.4,11.6,78091,97359
"9175",42041010500,"42","041","010500",4135,40.238676,-76.923544,"Census Tract 105, Cumberland County, Pennsylvania",177600,1914,12,5.8,2.37,1.78,0.6,0.4,0.5,5.7,7.7,22,31.4,14.5,17.1,0,16.7,26,42.7,11.5,3.1,59.8,40.2,53871,66264
"9176",42041010600,"42","041","010600",4553,40.243833,-76.896869,"Census Tract 106, Cumberland County, Pennsylvania",132000,2431,173,5.6,2.21,1.81,3.5,12.9,5,4,6,9.3,15.7,12.5,31,1.4,26.8,19.7,41.3,7.4,3.3,47.7,52.3,49081,56510
"9177",42041010700,"42","041","010700",3760,40.232221,-76.882398,"Census Tract 107, Cumberland County, Pennsylvania",164400,1728,31,6.9,2.37,1.98,0,0,1.3,4.6,3.4,14.8,45.8,21.4,8.7,0,1.8,15.2,56.3,23.2,3.5,90.7,9.3,72242,82319
"9178",42041010800,"42","041","010800",3517,40.22702,-76.868732,"Census Tract 108, Cumberland County, Pennsylvania",132100,1759,156,5.2,2.19,1.9,0,0.6,1.6,3.1,4,6.9,22.9,12.7,48.1,1.5,24.7,27,37.1,8.1,1.5,59,41,45540,55319
"9179",42041010900,"42","041","010900",4671,40.226253,-76.892243,"Census Tract 109, Cumberland County, Pennsylvania",178700,2228,63,6.4,2.14,1.83,2.1,3.9,11,9,11.5,15.4,31.8,12.4,2.9,1.7,6,19.6,45.8,22.5,4.4,85.5,14.5,74663,74742
"9180",42041011002,"42","041","011002",2031,40.227715,-76.916489,"Census Tract 110.02, Cumberland County, Pennsylvania",134800,1060,84,4.8,2.05,2.09,0,0,2.9,20.9,21,7.2,34,12.5,1.4,6.7,22.1,30.6,33.9,4.2,2.6,47.4,52.6,49514,52994
"9181",42041011101,"42","041","011101",3263,40.197335,-76.937057,"Census Tract 111.01, Cumberland County, Pennsylvania",196400,1449,33,7,2.68,1.75,4.1,4.2,11,27,10.1,7.5,26.1,3.8,6.1,0,1.3,27.3,37.3,28.4,5.7,72.5,27.5,77981,109411
"9182",42041011102,"42","041","011102",4564,40.215414,-76.964296,"Census Tract 111.02, Cumberland County, Pennsylvania",144600,2447,109,5,1.87,1.71,0.2,7.4,8.4,13,23.2,15.7,23.1,5.6,3.4,0,13.3,48.5,28,9.1,1.1,57.1,42.9,46023,50677
"9183",42041011200,"42","041","011200",1569,40.222643,-76.95497,"Census Tract 112, Cumberland County, Pennsylvania",159100,760,25,5.7,2.27,1.82,1.3,0,3.3,10.5,18.9,19.9,18.7,4.7,22.6,2.1,14.5,33.9,39.7,7.1,2.6,61.9,38.1,55313,61551
"9184",42041011301,"42","041","011301",4474,40.286454,-76.986796,"Census Tract 113.01, Cumberland County, Pennsylvania",230300,1741,59,6,2.73,1.66,12.3,14.8,43.4,5.7,7.4,4.3,6.7,3.2,2.3,0,2.1,42.7,24.4,21,9.9,79.4,20.6,81786,138427
"9185",42041011302,"42","041","011302",7246,40.259476,-76.992546,"Census Tract 113.02, Cumberland County, Pennsylvania",252300,2773,27,7.5,2.68,2.38,14.2,16.3,18,20.4,21,4.9,1.3,0.5,3.3,0,0,9.3,45.4,38.2,7.2,92.8,7.2,110368,118855
"9186",42041011303,"42","041","011303",6926,40.261571,-76.962456,"Census Tract 113.03, Cumberland County, Pennsylvania",264800,2676,32,7.8,2.52,1.77,7.2,7.7,17.3,28.6,16.2,10.8,4.9,1.3,5.9,0,2.3,13.3,21.7,59,3.7,95.1,4.9,99615,125988
"9187",42041011304,"42","041","011304",5023,40.237661,-76.957508,"Census Tract 113.04, Cumberland County, Pennsylvania",183200,2538,101,5.5,2.16,1.78,3.2,1.9,6.9,14.1,29,23.8,18.4,2.2,0.5,5.8,14.2,25.8,35.3,16.4,2.4,60.6,39.4,57932,67939
"9188",42041011305,"42","041","011305",4375,40.24308,-76.982799,"Census Tract 113.05, Cumberland County, Pennsylvania",198600,2202,97,6,2.41,1.77,7.5,10.5,27.4,4,14.2,20.3,8,3.6,4.6,0.4,5.6,36.2,34.1,21.4,2.2,65.9,34.1,66356,74930
"9189",42041011400,"42","041","011400",4393,40.215385,-77.009568,"Census Tract 114, Cumberland County, Pennsylvania",142800,2221,0,5.1,2.22,1.92,1.8,0,2.4,10.8,8.1,6.8,6.4,9.5,54.3,0,21.8,37.8,24.9,14.9,0.6,39.3,60.7,43317,48665
"9190",42041011500,"42","041","011500",4588,40.209863,-77.001032,"Census Tract 115, Cumberland County, Pennsylvania",170900,2060,186,6.4,2.39,2.2,1.8,1.9,1.5,8.9,15.9,18.6,17.9,5.6,28,0,5.7,20.8,56.4,15.3,1.9,84.2,15.8,66611,73474
"9191",42041011601,"42","041","011601",7486,40.195998,-76.981468,"Census Tract 116.01, Cumberland County, Pennsylvania",171200,3581,0,5,2.08,1.98,12.4,7.6,7.8,29.3,19,15.5,6.5,0.5,1.3,4.5,13,38.7,28,12.5,3.3,59,41,52670,62384
"9192",42041011602,"42","041","011602",3932,40.169545,-77.005424,"Census Tract 116.02, Cumberland County, Pennsylvania",237400,1499,70,7.5,2.74,2.3,4.9,14.4,22.1,17.4,23.5,9.9,3.4,0,4.4,0,3.2,7.1,45,39.2,5.5,96.9,3.1,100046,118394
"9193",42041011605,"42","041","011605",4414,40.169845,-76.980425,"Census Tract 116.05, Cumberland County, Pennsylvania",182500,1885,93,6.3,2.38,1.94,2.5,9.2,15.3,25.6,16.3,19.5,4,1.8,5.8,0,2.1,21.1,63.1,12.8,0.9,84,16,64551,83700
"9194",42041011700,"42","041","011700",5823,40.166824,-77.061106,"Census Tract 117, Cumberland County, Pennsylvania",209900,2330,48,7.4,2.54,2.58,0.9,10.5,8.9,14.6,27.9,10.2,9.5,2.4,15.1,1.2,4.5,10,49.9,31.3,3.2,90.4,9.6,85275,99848
"9195",42041011801,"42","041","011801",7739,40.257284,-77.052232,"Census Tract 118.01, Cumberland County, Pennsylvania",202500,3188,124,6.3,2.44,2.43,6.7,15.4,16.4,19.1,14.1,10,9,3.8,5.6,2.5,5.4,22.9,40.2,22.7,6.4,77.9,22.1,76275,94169
"9196",42041011802,"42","041","011802",5918,40.22361,-77.031797,"Census Tract 118.02, Cumberland County, Pennsylvania",208300,2451,91,6.7,2.49,2.39,12.6,14.9,26.7,15.4,6.5,3.3,7,3.4,10.2,0,0.5,30.2,41.5,24,3.8,90.7,9.3,81850,90335
"9197",42041011803,"42","041","011803",7040,40.243473,-77.133514,"Census Tract 118.03, Cumberland County, Pennsylvania",162300,2796,0,6.1,2.47,1.93,7.8,5.3,15.1,21.4,15.3,7.1,9.8,5.2,12.9,0.6,5.8,22.9,52.5,16.3,1.9,80.8,19.2,61658,72706
"9198",42041011901,"42","041","011901",5017,40.242111,-77.207219,"Census Tract 119.01, Cumberland County, Pennsylvania",184100,1931,48,6.2,2.64,3.22,8.8,10,21.2,12.7,20.9,10,4.2,6.2,6,0,0.2,17.1,57.7,22.3,2.7,92.4,7.6,78697,83458
"9199",42041011902,"42","041","011902",6126,40.22696,-77.182555,"Census Tract 119.02, Cumberland County, Pennsylvania",152500,2522,96,6.1,2.55,2.16,6.5,1.2,1.8,13.7,23.2,16.2,9.5,15.9,11.9,0,8.4,27.2,46,17.4,1,65.3,34.7,55851,72115
"9200",42041012000,"42","041","012000",4995,40.211605,-77.196656,"Census Tract 120, Cumberland County, Pennsylvania",151200,2173,137,5.9,2.44,2.46,9.2,4.6,8.1,7.3,10.9,17,12.2,8.7,21.9,0,14.1,19.8,45,21.1,0,54.9,45.1,49371,62320
"9201",42041012100,"42","041","012100",2077,40.203959,-77.183655,"Census Tract 121, Cumberland County, Pennsylvania",114000,1144,140,5,1.97,1.9,5.5,1.7,2.3,2.9,10.6,6.7,5.2,0.3,64.8,4.3,17.4,41.6,31,4,1.7,40.3,59.7,37292,45636
"9202",42041012200,"42","041","012200",2049,40.201664,-77.189193,"Census Tract 122, Cumberland County, Pennsylvania",103200,1091,130,4.2,1.72,1.63,0,0,3.4,5.1,4.5,1.6,3.6,3.6,78.2,7.4,38.1,28.7,21.1,3.7,1,25.4,74.6,29809,39823
"9203",42041012300,"42","041","012300",2562,40.204659,-77.197762,"Census Tract 123, Cumberland County, Pennsylvania",123600,784,135,4.8,2.29,2.18,0,0.6,1.4,13.4,7.1,1.5,7,8.5,60.3,5.6,29.7,16.5,41.8,2.9,3.4,36.2,63.8,34596,44092
"9204",42041012400,"42","041","012400",6999,40.194635,-77.200046,"Census Tract 124, Cumberland County, Pennsylvania",225100,2945,257,6.3,2.17,1.99,1.5,1,5.7,16.4,21.2,12.4,7.1,5.9,28.8,3.4,10.1,24.1,34.5,23.6,4.4,67.9,32.1,72045,78241
"9205",42041012501,"42","041","012501",3742,40.175148,-77.195876,"Census Tract 125.01, Cumberland County, Pennsylvania",164600,1863,69,5.2,2.03,2.2,9.2,11.1,28,20.5,15.4,8.3,3.8,0.7,3,1.6,7.7,46.6,32.9,8.5,2.6,78.3,21.7,54333,65730
"9206",42041012502,"42","041","012502",6995,40.170582,-77.145067,"Census Tract 125.02, Cumberland County, Pennsylvania",190300,2625,72,6.6,2.7,2.25,4.7,11.7,17.5,23,14.1,11.4,5.6,1.3,10.7,0,2.6,17.6,53.9,22.9,2.9,82.7,17.3,76188,89387
"9207",42041012600,"42","041","012600",5956,40.111323,-77.179517,"Census Tract 126, Cumberland County, Pennsylvania",173500,2455,163,6,2.73,1.71,4.5,6.5,10.1,17.5,14.8,12.3,5,8,21.2,2.4,6.8,19.5,49.5,19.8,2,77.3,22.7,60434,65781
"9208",42041012701,"42","041","012701",5223,40.11075,-77.241631,"Census Tract 127.01, Cumberland County, Pennsylvania",231700,2168,175,6.8,2.59,2.55,5.7,5.1,28.6,10.3,20.3,7.3,2.8,4.3,15.5,0,2.6,12.7,49.3,28,7.4,92.1,7.9,75970,91754
"9209",42041012702,"42","041","012702",4486,40.098473,-77.358822,"Census Tract 127.02, Cumberland County, Pennsylvania",170300,1892,170,6.1,2.62,2.7,2.7,6.8,17.2,16.9,17.2,5.9,8.9,3,21.4,0,6.1,17.7,57.6,15.9,2.8,86.1,13.9,59034,66800
"9210",42041012800,"42","041","012800",8001,40.168778,-77.364487,"Census Tract 128, Cumberland County, Pennsylvania",177000,3119,45,6.4,2.54,2.35,4.8,8.9,17.5,18,18.2,5.1,4.7,1.1,21.6,0.3,2.2,20.8,53.1,18.6,5,83.9,16.1,60156,67945
"9211",42041012900,"42","041","012900",1316,40.170946,-77.400958,"Census Tract 129, Cumberland County, Pennsylvania",126300,640,54,5.6,2.45,2.29,0,0.5,4.4,4.4,3.3,9.5,2.8,10.2,65,0,10.8,36.6,34.7,14.2,3.8,50.2,49.8,42381,45194
"9212",42041013000,"42","041","013000",6824,40.224751,-77.390553,"Census Tract 130, Cumberland County, Pennsylvania",155800,2850,166,5.8,2.61,2.47,3.4,8.9,17.3,18.9,19.8,9.1,4.8,2.9,14.8,1.4,3.3,23.9,58,11.3,2,85.9,14.1,53715,60841
"9213",42041013101,"42","041","013101",9116,40.079307,-77.498711,"Census Tract 131.01, Cumberland County, Pennsylvania",167600,3700,342,6.2,2.72,2.42,12.8,12,18.6,11.1,16.1,7.1,6.1,1.8,14.5,0.1,3.2,24,50.1,18.6,4,85.7,14.3,58696,64146
"9214",42041013102,"42","041","013102",5304,40.060595,-77.517459,"Census Tract 131.02, Cumberland County, Pennsylvania",34000,1352,179,4.8,1.93,2.45,8.7,11.2,22.9,17.8,8.9,4.8,7,5.2,13.6,2.4,6.5,40.5,34.1,16.4,0,37.9,62.1,25368,30479
"9215",42041013200,"42","041","013200",4449,40.051829,-77.515418,"Census Tract 132, Cumberland County, Pennsylvania",142300,2331,218,5.2,2.48,1.9,4.7,1,5,13.2,9.2,6.4,9.4,10.4,40.7,8.3,19.8,22.4,39.9,7.7,1.8,36.6,63.4,32406,44831
"9216",42041981001,"42","041","981001",3451,40.216628,-76.925352,"Census Tract 9810.01, Cumberland County, Pennsylvania",NA,0,0,NA,NA,NA,NA,NA,NA,NA,NA,NA,NA,NA,NA,NA,NA,NA,NA,NA,NA,NA,NA,NA,NA
"9217",42041981606,"42","041","981606",2227,40.158238,-76.985568,"Census Tract 9816.06, Cumberland County, Pennsylvania",NA,10,0,NA,2,NA,0,0,0,100,0,0,0,0,0,0,0,0,0,100,0,100,0,250001,NA
"9218",42043020100,"42","043","020100",3292,40.260391,-76.881124,"Census Tract 201, Dauphin County, Pennsylvania",178800,2547,526,3,1.71,1.33,0,0,6.6,6.1,14.1,10.1,4.4,6.1,52.6,22.5,46.5,19.6,6.6,1.3,3.4,10.6,89.4,30121,37742
"9219",42043020300,"42","043","020300",1734,40.270003,-76.886329,"Census Tract 203, Dauphin County, Pennsylvania",124600,1482,495,2.8,1.76,1.43,0.7,0,6.1,5.7,5.8,42.4,8.8,0.7,29.9,40.7,19.6,29.6,7,2.4,0.7,29.3,70.7,36080,39371
"9220",42043020400,"42","043","020400",1620,40.26804,-76.890658,"Census Tract 204, Dauphin County, Pennsylvania",132500,1260,138,4.2,1.47,1.29,0.6,0,1,6.2,4.7,1.6,1,6.2,78.7,5.2,42.8,24,10.5,15.2,2.4,34.9,65.1,37434,48427
"9221",42043020500,"42","043","020500",3013,40.274781,-76.893981,"Census Tract 205, Dauphin County, Pennsylvania",143500,2023,303,4.2,1.84,1.74,0.9,5.2,3.3,0,3.8,1.5,1,3.7,80.6,4.2,27.8,35.2,17.7,11.3,3.7,38.5,61.5,45875,52351
"9222",42043020600,"42","043","020600",1157,40.27741,-76.889939,"Census Tract 206, Dauphin County, Pennsylvania",122800,628,179,5.7,2.63,2.59,10.8,9.9,0,7.8,2.1,5.6,0,1.4,62.4,2.9,8.9,18.9,48.2,10,11,37.2,62.8,29875,43869
"9223",42043020700,"42","043","020700",2745,40.28415,-76.89299,"Census Tract 207, Dauphin County, Pennsylvania",66700,1275,308,6.5,3.22,2.87,2,2.9,0,3.1,1,1.7,4.3,6.8,78,1.2,6.4,13.9,36.6,22.5,19.4,37,63,28378,32711
"9224",42043020800,"42","043","020800",2699,40.282161,-76.898428,"Census Tract 208, Dauphin County, Pennsylvania",96100,1565,343,5.1,2.36,2.21,0,0.6,1,0.6,8.1,5.2,16.2,13.6,54.7,10.7,24.1,17.7,21.3,9.4,16.7,28.7,71.3,42292,48756
"9225",42043020900,"42","043","020900",3728,40.29266,-76.897686,"Census Tract 209, Dauphin County, Pennsylvania",89700,1821,294,6.1,2.19,3.2,0,1.5,0.5,0,14.3,4.3,11.7,13.8,53.8,2.1,9.6,25,41.2,12.1,9.9,68,32,49905,59494
"9226",42043021100,"42","043","021100",3081,40.27523,-76.871663,"Census Tract 211, Dauphin County, Pennsylvania",75900,1647,369,5.4,2.55,2.4,0.5,0,0,3.9,9.1,3.3,16.9,17,49.2,1.6,19.9,22.2,30.9,11.5,14,51.1,48.9,32628,40341
"9227",42043021200,"42","043","021200",2409,40.268149,-76.868892,"Census Tract 212, Dauphin County, Pennsylvania",62900,1179,424,6.1,2.42,2.78,0,10.9,0,0,0.7,4.6,2.5,12.6,68.9,0,11.8,10.3,42.1,18.7,17.1,51.9,48.1,30979,37797
"9228",42043021300,"42","043","021300",6612,40.261862,-76.866791,"Census Tract 213, Dauphin County, Pennsylvania",49200,3018,713,6.1,2.18,2.79,0,0.3,4.1,1.6,0.8,4.5,2.8,3.9,82,5.4,12.3,17.1,30.6,14.8,19.7,34.5,65.5,21448,28580
"9229",42043021400,"42","043","021400",5233,40.249856,-76.858293,"Census Tract 214, Dauphin County, Pennsylvania",68400,2112,111,4.9,2.38,2.69,0,0,3.3,3.7,2,15.5,34.2,12.4,28.9,4.3,7.3,31.9,48.2,5.4,2.9,30.4,69.6,16514,27178
"9230",42043021500,"42","043","021500",3700,40.26446,-76.858342,"Census Tract 215, Dauphin County, Pennsylvania",67700,1635,313,5.7,2.53,2.55,0,0.9,3.7,0,2.1,1.3,10.3,17.5,64.2,2.8,13.8,17.2,44,16.5,5.7,59.5,40.5,35601,40739
"9231",42043021600,"42","043","021600",2700,40.272293,-76.861479,"Census Tract 216, Dauphin County, Pennsylvania",77300,1367,366,5.8,3.26,2.47,0.8,0,1.8,0,4,4.8,23.8,10.9,53.8,3.8,14.4,18.9,34,15.8,13.1,31.2,68.8,30518,35280
"9232",42043021700,"42","043","021700",5806,40.26436,-76.846686,"Census Tract 217, Dauphin County, Pennsylvania",83300,2984,119,5.9,2.19,2.48,0,1,2.3,0.4,0.8,9.1,23.8,29.2,33.3,0,11.5,24.4,56.9,5.2,1.9,54.2,45.8,43094,52484
"9233",42043021800,"42","043","021800",2296,40.311238,-76.897144,"Census Tract 218, Dauphin County, Pennsylvania",147900,991,18,6.6,2.65,2.82,0,0,0,0,2.9,12.8,39.8,24.7,19.8,4.2,1.9,25.7,40,19.9,8.3,85.9,14.1,62953,67112
"9234",42043021901,"42","043","021901",4407,40.336784,-76.868167,"Census Tract 219.01, Dauphin County, Pennsylvania",169500,2184,108,5.5,2.09,1.36,17.6,26.1,18.4,19.2,9.2,5.2,2.7,0,1.6,1.6,17.2,30.1,30.7,14.3,6,75.6,24.4,73689,98799
"9235",42043021903,"42","043","021903",3358,40.307116,-76.855079,"Census Tract 219.03, Dauphin County, Pennsylvania",159300,1498,41,5.8,2.34,2.42,1.2,2.8,45.6,13.2,21.6,5.9,3.4,1,5.3,0,1.9,40.5,46.2,10.4,0.9,73.5,26.5,61953,77363
"9236",42043021904,"42","043","021904",4770,40.318277,-76.867361,"Census Tract 219.04, Dauphin County, Pennsylvania",186700,2065,324,6.7,2.58,1.89,5.9,6.1,16.9,25.4,26.6,7.8,5.1,4.9,1.2,0,6.6,23.3,32.3,32.4,5.4,87.1,12.9,83689,105234
"9237",42043022000,"42","043","022000",5074,40.290337,-76.845729,"Census Tract 220, Dauphin County, Pennsylvania",146200,2296,137,5.4,2.37,2.39,0,1.4,1.5,6.4,10,16.8,44.3,10.1,9.5,0.6,8.4,34.2,43.2,12.4,1.2,66.1,33.9,56131,61756
"9238",42043022100,"42","043","022100",4130,40.27986,-76.834342,"Census Tract 221, Dauphin County, Pennsylvania",162500,1962,173,5.6,2.39,1.7,0,4.4,5.7,3.8,6.4,15.6,39.5,14.2,10.4,7.5,6.9,26.2,45.4,10.6,3.4,67,33,50028,62193
"9239",42043022200,"42","043","022200",3008,40.277877,-76.848201,"Census Tract 222, Dauphin County, Pennsylvania",111000,1350,111,6,2.71,2.11,3.9,0.4,2.7,4.7,9.8,3.1,24.7,11.2,39.6,0.5,21.3,21.9,38.7,14.8,2.7,53.7,46.3,37993,51477
"9240",42043022300,"42","043","022300",5473,40.290072,-76.816625,"Census Tract 223, Dauphin County, Pennsylvania",151400,2587,89,5,2.2,2.15,0,1.8,6.6,16.7,13.5,17.4,26.1,14.2,3.7,0,12.5,42.3,32.3,10.3,2.5,51.3,48.7,56622,63758
"9241",42043022401,"42","043","022401",3460,40.328998,-76.82559,"Census Tract 224.01, Dauphin County, Pennsylvania",243200,1472,59,7,2.52,2.01,3.5,5.3,13.5,18.5,30.7,10.4,15.7,1.6,0.7,0,7.9,10.9,38,36.8,6.4,85.4,14.6,91681,109073
"9242",42043022403,"42","043","022403",6419,40.309131,-76.818191,"Census Tract 224.03, Dauphin County, Pennsylvania",157000,3088,126,4.9,2.39,1.74,0,1.8,3.9,7.7,23.7,25.9,22.2,8.5,6.4,1,21.7,35.1,32.3,9.4,0.5,45.1,54.9,57260,63862
"9243",42043022501,"42","043","022501",5718,40.347233,-76.819771,"Census Tract 225.01, Dauphin County, Pennsylvania",246900,2238,61,7.6,2.55,2.82,3,9.1,28.1,36.8,16.5,1.7,2.7,0.5,1.6,0,1.5,17.6,39.2,35.2,6.5,90.4,9.6,97523,127782
"9244",42043022502,"42","043","022502",5659,40.33541,-76.787767,"Census Tract 225.02, Dauphin County, Pennsylvania",168300,2287,50,6.7,2.65,1.99,1.6,1.8,13,15.9,20.4,13.9,25.4,4.7,3.3,0,1.2,21.5,40.7,31.6,5,90.6,9.4,67319,77175
"9245",42043022601,"42","043","022601",7017,40.307833,-76.788064,"Census Tract 226.01, Dauphin County, Pennsylvania",156500,2850,107,6.1,2.63,1.66,1.7,2.1,12.1,7.4,26.9,14.7,23.9,6.9,4.3,0,3,30.8,45,20.7,0.5,76.9,23.1,63459,75234
"9246",42043022604,"42","043","022604",6067,40.298519,-76.766514,"Census Tract 226.04, Dauphin County, Pennsylvania",231800,2528,124,6.6,2.9,1.91,6.1,22.2,41.9,18.6,6.9,2.1,1.7,0,0.6,0,10.9,15.9,38.7,27.2,7.2,70.9,29.1,76573,96840
"9247",42043022605,"42","043","022605",4467,40.286234,-76.78995,"Census Tract 226.05, Dauphin County, Pennsylvania",166000,2092,233,5.5,2.28,2.81,3.6,5.4,16.7,26.9,13.9,12.1,14.4,3.5,3.3,0,16.1,30.8,38.7,14.4,0,65.2,34.8,56827,70225
"9248",42043022606,"42","043","022606",3080,40.277558,-76.809614,"Census Tract 226.06, Dauphin County, Pennsylvania",162200,1600,243,4.8,2.31,1.61,1.6,6.3,3.9,19.5,46.4,13.4,6.1,0,2.8,0,20.2,46.8,21.3,11.7,0,43,57,44357,57318
"9249",42043022701,"42","043","022701",3868,40.264059,-76.797642,"Census Tract 227.01, Dauphin County, Pennsylvania",158100,1727,180,6,2.55,1.6,0.6,1.2,18.9,18.1,9.5,14.3,17.8,13.1,6.5,4.1,10.4,29.5,38.8,17.2,0,76.7,23.3,64985,73462
"9250",42043022702,"42","043","022702",4338,40.269819,-76.769261,"Census Tract 227.02, Dauphin County, Pennsylvania",147600,1722,148,6.1,2.43,2.64,4,9.2,12.4,12.6,15.3,15.5,27.6,1.7,1.7,0,0,30.8,45.5,21.8,1.9,74.5,25.5,54730,63270
"9251",42043022800,"42","043","022800",4946,40.253564,-76.767693,"Census Tract 228, Dauphin County, Pennsylvania",180500,2273,130,6,2.54,2.64,6.2,3.7,11,13.2,32.2,13.5,12.6,1,6.6,2.1,11.1,14.3,48.7,19.6,4.2,61.8,38.2,66578,72820
"9252",42043022900,"42","043","022900",8386,40.24231,-76.827141,"Census Tract 229, Dauphin County, Pennsylvania",131000,2722,226,5.6,2.74,2.41,5.3,7.7,10.1,5.4,14.9,12.5,17.8,6.1,20.3,3.6,13.5,19.8,45.9,13.2,4,63.3,36.7,42615,49762
"9253",42043023000,"42","043","023000",1824,40.261903,-76.822218,"Census Tract 230, Dauphin County, Pennsylvania",149500,874,73,6.1,2.4,2.08,0,1.4,0.8,1.6,9.5,16.7,50.7,11.7,7.7,4.3,11.9,23.7,50.8,6.4,2.9,75.8,24.2,55847,66837
"9254",42043023100,"42","043","023100",1561,40.261036,-76.834241,"Census Tract 231, Dauphin County, Pennsylvania",139400,685,37,6.6,2.44,2.09,0,0,1.5,1.5,1.3,7.9,14.5,13,60.4,1.6,4.5,13.6,59,17.2,4.1,79.8,20.2,62778,69645
"9255",42043023300,"42","043","023300",4158,40.236607,-76.8388,"Census Tract 233, Dauphin County, Pennsylvania",84600,1646,128,6.2,2.56,3.13,0,0.9,2.6,2,5.6,2.8,15.6,12,58.4,4.9,13.1,14.6,39.2,19.4,8.7,51.6,48.4,36680,42917
"9256",42043023400,"42","043","023400",1832,40.223257,-76.820499,"Census Tract 234, Dauphin County, Pennsylvania",88300,725,108,5.4,2.34,3.22,0,1.2,2.5,4.4,23.2,12.3,13,8.6,34.9,9.2,8.3,29.5,45.2,5.8,1.9,64.2,35.8,45066,51809
"9257",42043023500,"42","043","023500",2399,40.208708,-76.785538,"Census Tract 235, Dauphin County, Pennsylvania",87600,1329,103,5,2.47,1.84,1.7,0,6.5,8.7,16.6,11.7,16.4,7.6,30.9,2.1,21.9,32,29.9,14.1,0,59.2,40.8,46852,57113
"9258",42043023601,"42","043","023601",2750,40.234602,-76.769333,"Census Tract 236.01, Dauphin County, Pennsylvania",178700,1038,85,6.7,2.61,1.3,2.8,11.4,24.1,20.9,15.2,14.7,4.1,0,6.7,0,0,24.2,47.3,27.1,1.4,91.7,8.3,73711,83240
"9259",42043023602,"42","043","023602",5566,40.212792,-76.763897,"Census Tract 236.02, Dauphin County, Pennsylvania",140400,2175,239,5.9,2.47,2.69,3.5,10.4,14.4,11.4,19.4,17,14.9,2.6,6.6,0,6.3,23.4,50.8,17.5,1.9,87.9,12.1,67976,68564
"9260",42043023700,"42","043","023700",1527,40.192291,-76.735953,"Census Tract 237, Dauphin County, Pennsylvania",117000,722,69,5,2.39,2.15,4,0,6.5,2.2,17.6,9.4,4.6,5.8,49.9,7.6,17.3,33.7,30.6,8.4,2.4,39.4,60.6,26122,47864
"9261",42043023800,"42","043","023800",3897,40.197039,-76.725507,"Census Tract 238, Dauphin County, Pennsylvania",119600,1877,150,5,2.65,2.22,1.2,0.4,2.3,2.6,17,12.5,22,11.1,31,2.2,25.4,37,29.9,3.2,2.2,30.5,69.5,45809,55035
"9262",42043023900,"42","043","023900",3429,40.205512,-76.727195,"Census Tract 239, Dauphin County, Pennsylvania",116900,1393,76,5.8,2.44,2.04,0,1.1,7.5,6,16.2,10.6,41.8,11.3,5.7,0.7,7.8,26,45.4,18.2,1.9,82.8,17.2,53516,61866
"9263",42043024001,"42","043","024001",6142,40.190489,-76.688283,"Census Tract 240.01, Dauphin County, Pennsylvania",136300,2445,135,6.1,2.71,2.99,4.6,3.2,17.8,10.1,11.8,12.8,18.1,6.4,15.1,0.9,6.6,20.2,49.2,17.2,5.9,85.8,14.2,52158,62430
"9264",42043024002,"42","043","024002",2997,40.222468,-76.627342,"Census Tract 240.02, Dauphin County, Pennsylvania",219600,1215,64,7,2.55,2.97,7.2,4.2,17.9,16.4,27.6,6.2,5.4,3.5,11.6,0,2.1,13.3,48.7,29.9,6,91.8,8.2,85875,112477
"9265",42043024101,"42","043","024101",1927,40.276634,-76.668856,"Census Tract 241.01, Dauphin County, Pennsylvania",177100,1010,211,4.3,2.53,1.79,1,0.6,1.1,13.8,28,27,17,0.9,10.6,1.1,29.1,53.9,13.7,0.6,1.7,9.4,90.6,38288,51613
"9266",42043024102,"42","043","024102",5001,40.266227,-76.637703,"Census Tract 241.02, Dauphin County, Pennsylvania",240900,1569,104,6.3,2.47,2.37,0,8.2,21.2,19.1,18.9,15.4,10.1,1.3,5.9,3.1,12,16.6,37.7,26.6,4,68.5,31.5,70108,97335
"9267",42043024104,"42","043","024104",5829,40.243061,-76.711407,"Census Tract 241.04, Dauphin County, Pennsylvania",272900,2351,126,6.2,2.73,1.96,8.5,21.3,26.6,16.6,14,7,3.3,0,2.7,0,14,23.2,27.4,26,9.4,74.2,25.8,82289,115471
"9268",42043024105,"42","043","024105",5671,40.256216,-76.671417,"Census Tract 241.05, Dauphin County, Pennsylvania",283200,2452,147,6.9,2.63,2.07,0.8,2.4,16.5,28.6,22.2,15.5,4.3,5.9,3.8,0,4.6,32,26.3,27.2,9.9,74.1,25.9,77583,118430
"9269",42043024200,"42","043","024200",2688,40.295232,-76.625955,"Census Tract 242, Dauphin County, Pennsylvania",169300,1381,145,5.6,2.44,2.53,0,8.3,4.2,18.8,8,6.4,24.3,11.8,18.2,0,11.1,36.9,37.9,10.9,3.3,51.1,48.9,51079,80296
"9270",42043024300,"42","043","024300",3563,40.280052,-76.653155,"Census Tract 243, Dauphin County, Pennsylvania",235500,1789,50,6.1,2.27,2.04,0,1.2,5.2,2.9,17.3,17.3,17,10.8,28.4,1.2,16.1,20.3,41,15.6,5.9,63.8,36.2,55159,74570
"9271",42043024400,"42","043","024400",4538,40.265519,-76.711884,"Census Tract 244, Dauphin County, Pennsylvania",168800,2192,178,5.5,2.57,1.63,2.2,2.5,9.4,14.3,9.4,4,20.1,9.9,28.3,1.7,16.4,27,37.7,14.5,2.7,65.1,34.9,58600,64938
"9272",42043024502,"42","043","024502",5718,40.362108,-76.670476,"Census Tract 245.02, Dauphin County, Pennsylvania",188900,2156,112,6.6,2.83,2.42,5.3,8.7,17,22.6,18.3,2.7,7.1,4.5,13.7,0.7,2.5,17.1,50.4,24.2,5.2,86.5,13.5,61979,72541
"9273",42043024503,"42","043","024503",6248,40.297222,-76.705681,"Census Tract 245.03, Dauphin County, Pennsylvania",243700,2543,345,6.8,2.95,2.03,13.3,17.5,8.8,12.6,19.4,6.7,6.4,3.5,11.8,0,4.6,16.3,44.9,26.8,7.4,79.2,20.8,83370,99556
"9274",42043024600,"42","043","024600",9343,40.34491,-76.737539,"Census Tract 246, Dauphin County, Pennsylvania",181100,3598,44,6.4,2.43,3.74,12.7,16.2,8.1,12.2,14.9,10.1,12.7,3.2,9.8,0,2.6,20.2,52.7,20,4.5,92,8,74190,84430
"9275",42043024700,"42","043","024700",5998,40.383296,-76.907148,"Census Tract 247, Dauphin County, Pennsylvania",179600,2808,199,6.2,2.37,2.01,2,7.7,6.7,13.1,18,13.8,9.5,7.2,22.1,0.4,3.5,20.9,57.7,14.8,2.7,86.1,13.9,65724,74039
"9276",42043024800,"42","043","024800",8207,40.477009,-76.887492,"Census Tract 248, Dauphin County, Pennsylvania",155100,3416,329,6,2.65,2.5,1.6,5.2,17.3,18.6,18,6,7.2,3.7,22.5,0,5.5,27.8,49.6,14.6,2.4,79.5,20.5,54149,65594
"9277",42043024900,"42","043","024900",2499,40.580934,-76.621734,"Census Tract 249, Dauphin County, Pennsylvania",82300,1136,176,6.3,2.64,2.49,0.2,0.6,7.9,6.6,6.2,2.4,8.6,6.2,61.4,0.3,6.1,31.7,49.4,10.7,1.9,73,27,48971,56298
"9278",42043025000,"42","043","025000",2989,40.569578,-76.699111,"Census Tract 250, Dauphin County, Pennsylvania",73100,1485,219,6.3,2.38,2.5,0.9,0.5,2.9,2.4,8.1,3.8,10.8,6.5,64.1,0.8,5.1,26.3,50.2,15.5,2.2,76.1,23.9,43457,53834
"9279",42043025100,"42","043","025100",3833,40.613639,-76.75985,"Census Tract 251, Dauphin County, Pennsylvania",113900,1317,153,6.1,2.91,2.72,2.1,4.5,9.6,15.9,9.7,6.7,12.5,4.6,34.5,0.6,9.9,18.9,44.6,17.3,8.6,75.4,24.6,47692,60526
"9280",42043025200,"42","043","025200",3778,40.555143,-76.809231,"Census Tract 252, Dauphin County, Pennsylvania",133700,1519,127,6.3,2.64,2.27,1.2,2.6,15.9,9,14.7,9.9,5.3,6.8,34.6,0.7,8.1,17.1,56.1,14,4,75.4,24.6,52308,60464
"9281",42043025300,"42","043","025300",4161,40.551896,-76.933359,"Census Tract 253, Dauphin County, Pennsylvania",135800,1708,107,6.2,2.47,2.47,1.9,9.8,11.7,18.4,20,13.9,8.1,3,13.1,0,4.3,18.3,63.3,11.2,2.8,78,22,56542,72834
"9282",42043025400,"42","043","025400",2557,40.541883,-76.955832,"Census Tract 254, Dauphin County, Pennsylvania",99400,1301,155,5.8,2.37,2.06,0.2,6,8.8,5.8,10.6,7,16.8,4.5,40.3,4.8,13.2,21.4,46.4,13.5,0.6,54.9,45.1,41579,49168
"9283",42045400301,"42","045","400301",6674,39.95092,-75.259193,"Census Tract 4003.01, Delaware County, Pennsylvania",80100,2623,301,5.6,2.61,3.07,0,0.4,0,3,3.5,8.6,16.4,25.7,42.3,2.5,13.3,33.3,47.7,2.9,0.3,38,62,33148,39869
"9284",42045400302,"42","045","400302",4103,39.946756,-75.259735,"Census Tract 4003.02, Delaware County, Pennsylvania",93800,1448,226,6,3.17,2.86,0,0.8,0,4.1,0.6,4.4,21.3,20.9,47.9,1.3,9.6,16.2,66,6.9,0,56.7,43.3,42862,48783
"9285",42045400401,"42","045","400401",5026,39.955845,-75.262577,"Census Tract 4004.01, Delaware County, Pennsylvania",114300,1943,277,5.7,3.02,2.73,0,0,0,0.6,0.4,5.5,16.3,38.5,38.8,4.7,20.4,13.4,55.8,3.5,2.2,50.7,49.3,30115,39259
"9286",42045400402,"42","045","400402",4608,39.956397,-75.26677,"Census Tract 4004.02, Delaware County, Pennsylvania",113300,1788,96,5.3,3.03,2.23,0,0,0.6,0.7,2.8,4.4,20.9,33.4,37.2,1.2,26.2,19.8,49.2,3.2,0.4,43.6,56.4,33449,43234
"9287",42045400500,"42","045","400500",4235,39.965899,-75.27184,"Census Tract 4005, Delaware County, Pennsylvania",125700,1639,49,5.8,2.77,1.99,0,0,0.6,2.1,3.9,6.2,19.1,29,39,0,20.3,12,63.9,3.9,0,66.2,33.8,40996,53499
"9288",42045400600,"42","045","400600",5316,39.965503,-75.284329,"Census Tract 4006, Delaware County, Pennsylvania",168100,2136,73,6.3,3.14,2.05,0,0,0,0.8,3.6,10.4,17.6,27.9,39.7,1,13,8.9,47.8,23.1,6.3,73.1,26.9,60394,69280
"9289",42045400700,"42","045","400700",5384,39.959968,-75.27186,"Census Tract 4007, Delaware County, Pennsylvania",173000,1798,49,6.9,3.08,3.55,0,0.3,1.6,2.2,0.6,3.5,20.7,28.2,42.8,0,9.3,7.5,47.9,24,11.2,80.5,19.5,71217,85751
"9290",42045400801,"42","045","400801",2010,39.952957,-75.27268,"Census Tract 4008.01, Delaware County, Pennsylvania",138400,1314,354,3.9,3.48,1.94,0,0,0.6,0.6,6.8,14.5,67.7,5.7,4,1,45.7,47.5,3.4,1.6,0.8,6.6,93.4,41842,45903
"9291",42045400802,"42","045","400802",3493,39.947168,-75.286138,"Census Tract 4008.02, Delaware County, Pennsylvania",211800,1379,74,6.3,2.98,2.18,0,0,1.7,0,3.5,9.1,21.5,21.2,42.9,0.6,13.9,13.3,42.9,16.7,12.5,75.7,24.3,62358,74843
"9292",42045400900,"42","045","400900",1584,39.950493,-75.290769,"Census Tract 4009, Delaware County, Pennsylvania",323300,590,0,8.2,2.77,5.48,0,0,6.4,0,1.2,1.9,6.6,19.3,64.6,0,0,4.4,16.3,59,20.3,96.1,3.9,118611,130160
"9293",42045401000,"42","045","401000",1934,39.951547,-75.302413,"Census Tract 4010, Delaware County, Pennsylvania",271300,785,105,6.2,3.28,1.37,0,0,0.6,1.5,0,9.9,9.8,17.5,60.6,3.4,22.5,11.8,24.2,20.6,17.3,75.4,24.6,87744,93699
"9294",42045401101,"42","045","401101",2924,39.959591,-75.292599,"Census Tract 4011.01, Delaware County, Pennsylvania",160200,1293,81,6.2,2.41,2.27,0,0,1.9,1.2,1.7,5.1,51,36.8,2.2,0,8.3,8.6,82.1,1,0,82.2,17.8,51735,59330
"9295",42045401103,"42","045","401103",3503,39.956115,-75.310963,"Census Tract 4011.03, Delaware County, Pennsylvania",292400,1276,115,7.1,3.18,1.69,0,0,0,0,2.5,3.4,21.6,35.4,37.1,0,13.9,12.2,21.2,39.3,13.4,80,20,86890,102737
"9296",42045401104,"42","045","401104",4134,39.961267,-75.30078,"Census Tract 4011.04, Delaware County, Pennsylvania",187400,1704,151,6.3,2.6,2.51,0,0,0.5,2.9,3.2,4.9,40.9,31.2,16.3,0,5.2,6.7,71.8,14.9,1.4,87.3,12.7,73185,80946
"9297",42045401200,"42","045","401200",3636,39.949963,-75.31838,"Census Tract 4012, Delaware County, Pennsylvania",228500,1656,161,6.1,2.76,1.53,0,0,1,0.7,1.3,12.3,30.8,30.6,23.2,2.2,26.2,13.2,37.4,18.5,2.5,68.7,31.3,65417,79621
"9298",42045401301,"42","045","401301",1621,39.945857,-75.313276,"Census Tract 4013.01, Delaware County, Pennsylvania",NA,1281,176,3.9,NA,1.97,0.5,0,0,2.5,5.2,18.5,27.2,40,6.1,3,19.4,67.2,9.3,0,1.1,0,100,48359,55476
"9299",42045401302,"42","045","401302",3032,39.944753,-75.303133,"Census Tract 4013.02, Delaware County, Pennsylvania",209900,1257,72,6.8,3.22,1.32,0.9,0,1.4,0,4.2,7,22.8,23.4,40.3,0.9,15.4,16.2,27.4,21.8,18.2,71.6,28.4,60063,74431
"9300",42045401401,"42","045","401401",2114,39.939883,-75.298992,"Census Tract 4014.01, Delaware County, Pennsylvania",162200,931,15,6.2,2.56,2.21,6.3,0,0,3.4,0,8.7,28.6,30,23,1.9,3.8,13.4,80.5,0.4,0,72.9,27.1,72143,78266
"9301",42045401402,"42","045","401402",3947,39.938189,-75.291944,"Census Tract 4014.02, Delaware County, Pennsylvania",155600,1801,216,5.8,2.6,1.72,0.3,0,2.7,0.9,9.7,8.6,39.9,17.3,20.6,4.3,18.9,18.8,51.5,6.4,0,61.4,38.6,65072,67410
"9302",42045401501,"42","045","401501",3469,39.932852,-75.307063,"Census Tract 4015.01, Delaware County, Pennsylvania",161000,1423,53,6.4,2.5,3.01,0,0,2.7,0.6,0.5,2.9,48.1,41.1,4.1,0,1.1,5.2,89.9,1.6,2.2,84.2,15.8,59849,65178
"9303",42045401502,"42","045","401502",4307,39.91876,-75.3053,"Census Tract 4015.02, Delaware County, Pennsylvania",214700,1963,41,4.4,2.76,2.01,1.4,2.5,7.9,3.4,23.8,21.7,26.9,5,7.4,3.5,16.9,45.7,25.7,5.9,2.4,42.2,57.8,53111,67505
"9304",42045401600,"42","045","401600",1824,39.92749,-75.276639,"Census Tract 4016, Delaware County, Pennsylvania",201500,823,107,5.6,2.94,1.8,0,0,0,5.8,19.7,16.8,32,15.3,10.4,2.4,27.5,17.6,34.5,18,0,63.8,36.2,71944,76975
"9305",42045401700,"42","045","401700",2668,39.94384,-75.260704,"Census Tract 4017, Delaware County, Pennsylvania",150700,985,46,6.2,3.13,1.82,0,0,1,0.7,4.4,4.4,10.2,28.2,51.2,2.7,16.8,18.1,37.9,17,7.6,75.2,24.8,56414,66164
"9306",42045401800,"42","045","401800",3684,39.945594,-75.27024,"Census Tract 4018, Delaware County, Pennsylvania",169400,1537,108,6,2.97,1.78,1.5,0,0,2.1,2.7,8.1,17.6,13.6,54.4,2.6,10.1,22.9,39.2,16.3,9,62.4,37.6,63994,70396
"9307",42045401900,"42","045","401900",4480,39.941614,-75.281349,"Census Tract 4019, Delaware County, Pennsylvania",173200,1914,76,6.5,2.67,1.36,0,2,0.5,0,1.9,8.5,19.1,16.5,51.6,0.9,5.4,12.7,63.9,13.2,3.9,82.9,17.1,68582,76343
"9308",42045402000,"42","045","402000",2456,39.935791,-75.273445,"Census Tract 4020, Delaware County, Pennsylvania",180000,1301,219,4.9,2.69,1.95,0.5,0.3,0.6,0.6,3.7,3.2,19.2,15.2,56.6,4.5,28.5,25.4,18.4,16.1,7.1,53,47,62143,72237
"9309",42045402100,"42","045","402100",5813,39.933644,-75.248901,"Census Tract 4021, Delaware County, Pennsylvania",145600,2479,188,6.3,2.63,2.24,0,0.9,0.6,1.3,1.9,6.7,21,31,36.6,0.4,6.5,11.8,66.8,12.5,2.1,86.1,13.9,51311,67140
"9310",42045402200,"42","045","402200",2309,39.932843,-75.265047,"Census Tract 4022, Delaware County, Pennsylvania",155200,985,167,6.3,2.42,1.59,1.2,1.3,0.9,2.9,8.9,9.8,22.9,17.9,34,1,15.6,17,46.2,19.2,1,67.5,32.5,50859,63358
"9311",42045402300,"42","045","402300",3321,39.923571,-75.250242,"Census Tract 4023, Delaware County, Pennsylvania",152500,1769,155,4.1,2.34,2.07,0,0.7,1.4,1,4.8,12.9,47.3,19.8,12.1,2.5,40,26.1,24,6.7,0.7,36.9,63.1,39576,52554
"9312",42045402400,"42","045","402400",3459,39.916354,-75.254108,"Census Tract 4024, Delaware County, Pennsylvania",81200,1328,346,5.7,3.65,3.39,0,0,1.8,0.1,4.5,3.3,14,13.6,62.7,5,18.1,12.2,52.9,5.8,6,40.3,59.7,34750,41804
"9313",42045402500,"42","045","402500",3582,39.920058,-75.25822,"Census Tract 4025, Delaware County, Pennsylvania",83100,1482,263,5.9,2.61,3.27,0.5,0,0,0,1.4,2.7,14.6,14.6,66.1,1.5,16.5,11.9,61.6,5.3,3.2,42.6,57.4,28396,37784
"9314",42045402600,"42","045","402600",3646,39.923938,-75.265271,"Census Tract 4026, Delaware County, Pennsylvania",86900,1168,60,6.2,2.53,3.32,0,0,0,0,0.6,4.8,43.5,28.9,22.2,0,3.9,4.4,83.6,6.5,1.6,66.6,33.4,40711,45106
"9315",42045402700,"42","045","402700",2546,39.912299,-75.253215,"Census Tract 4027, Delaware County, Pennsylvania",97400,940,128,6,3.34,2.71,0,0,0,0,2.2,6.8,26.6,8.5,55.9,0,14.8,15.3,47.9,8.2,13.8,64.8,35.2,48125,83521
"9316",42045402800,"42","045","402800",5697,39.90818,-75.269925,"Census Tract 4028, Delaware County, Pennsylvania",124300,2363,182,6,2.84,2.07,0.8,0.9,3.1,1.9,5.8,16.7,16.7,19,35.1,1.6,15.8,15.1,56.2,8,3.3,68.1,31.9,50771,57122
"9317",42045402900,"42","045","402900",3471,39.897258,-75.268517,"Census Tract 4029, Delaware County, Pennsylvania",119100,1368,101,5.9,2.83,2.89,0.4,8.4,6.6,0,12.3,17.9,33.7,7.9,12.8,3.9,5.3,15.6,70.3,3.9,1,57.5,42.5,39073,56234
"9318",42045403001,"42","045","403001",3006,39.908902,-75.300882,"Census Tract 4030.01, Delaware County, Pennsylvania",152400,1259,85,6.4,2.52,2.21,0,0,0,0,1.5,5.7,82.7,8.9,1.2,0,0,1.4,93.1,4.9,0.6,93,7,61447,68678
"9319",42045403002,"42","045","403002",2787,39.912838,-75.294478,"Census Tract 4030.02, Delaware County, Pennsylvania",150600,1236,57,6,2.12,3.05,0,1.4,3.1,4.8,4.8,4.7,63.8,10.3,7.2,0,3.6,20.9,71.4,4.2,0,77.9,22.1,54625,60831
"9320",42045403101,"42","045","403101",3433,39.913004,-75.283163,"Census Tract 4031.01, Delaware County, Pennsylvania",129500,1469,142,6.1,2.72,2.33,0,0,1.9,1.3,3.3,7.8,12.9,36.1,36.8,0,5.7,18.4,62.1,8.6,5.2,70.6,29.4,48194,59456
"9321",42045403103,"42","045","403103",2855,39.917953,-75.275923,"Census Tract 4031.03, Delaware County, Pennsylvania",128400,1177,89,6,2.78,2.31,0,0,0,6.3,13.4,5.2,31.7,19.9,23.5,0,7.1,25.6,51.3,13.8,2.1,78.7,21.3,51458,59919
"9322",42045403104,"42","045","403104",2498,39.914001,-75.271238,"Census Tract 4031.04, Delaware County, Pennsylvania",103700,1044,135,5.5,3.05,2.22,1.8,0,0,0.7,3.9,5.5,20.5,30,37.6,0,16.9,25.1,54.4,3.6,0,48.6,51.4,36921,44386
"9323",42045403200,"42","045","403200",4152,39.922356,-75.287693,"Census Tract 4032, Delaware County, Pennsylvania",190100,1759,46,6.1,2.47,2.26,0,0.3,0.9,1.4,11.1,6.7,29.1,24.5,26,0.7,5.9,25.3,47.4,17.3,3.4,82.7,17.3,64826,75404
"9324",42045403300,"42","045","403300",6652,39.929182,-75.296996,"Census Tract 4033, Delaware County, Pennsylvania",141500,2957,183,5.8,2.63,2.07,0.5,0,3,5,4.3,13.8,25.6,20.2,27.6,0,24.6,13.2,57.6,4.7,0,58,42,40667,49893
"9325",42045403401,"42","045","403401",3028,39.897804,-75.281186,"Census Tract 4034.01, Delaware County, Pennsylvania",124200,1291,77,5.8,2.63,2.08,0.3,6.8,0,1.5,7.3,9.5,34.5,14.7,25.3,2.8,11.1,13.1,68.5,4.2,0.4,71.8,28.2,50448,56228
"9326",42045403402,"42","045","403402",3578,39.886697,-75.283709,"Census Tract 4034.02, Delaware County, Pennsylvania",131300,1338,45,6.2,2.57,3.72,0,0,0,0.9,5.6,23.2,55.1,9.9,5.3,0,0.9,3.9,92.6,2.6,0,80.4,19.6,61673,67162
"9327",42045403501,"42","045","403501",4273,39.89815,-75.288084,"Census Tract 4035.01, Delaware County, Pennsylvania",172200,1977,155,5.6,2.65,1.82,0,0,2.4,1.3,16,13.6,26.3,6.1,34.3,1.8,22.4,26.8,37.8,8.2,3,62.3,37.7,50392,61195
"9328",42045403502,"42","045","403502",2880,39.902045,-75.296559,"Census Tract 4035.02, Delaware County, Pennsylvania",163000,1281,76,5.6,2.55,2.1,2.8,0,4.5,2.8,1.4,17.8,19,24.6,27.1,0,15.1,25.3,45.5,12.3,1.8,69.7,30.3,48987,55955
"9329",42045403601,"42","045","403601",3964,39.890347,-75.2985,"Census Tract 4036.01, Delaware County, Pennsylvania",191700,1668,83,5.9,3,1.64,0,1.3,5.5,6.8,11.8,6.8,13,10.9,43.9,0.8,21.1,18.4,39,15.6,5.1,65.4,34.6,55494,66610
"9330",42045403602,"42","045","403602",1926,39.883121,-75.294476,"Census Tract 4036.02, Delaware County, Pennsylvania",181600,724,36,6.3,2.73,3.24,1,0,2.8,0.7,0,4.7,45.6,38.8,6.5,0,1.8,17.5,48.5,26.4,5.8,96.9,3.1,62969,71179
"9331",42045403701,"42","045","403701",1763,39.870338,-75.285473,"Census Tract 4037.01, Delaware County, Pennsylvania",177300,739,77,5.8,2.61,2.79,0,0,6.6,7.8,1.8,16,16,17.1,34.8,0,4.6,23,63.7,5.1,3.5,76.7,23.3,50750,69575
"9332",42045403702,"42","045","403702",2328,39.864489,-75.298823,"Census Tract 4037.02, Delaware County, Pennsylvania",156200,1012,29,5.4,2.41,2.36,2,0.9,9.4,12.6,2,11.5,17.4,15.5,28.8,2.1,9.3,38.3,41.6,8.7,0,77.2,22.8,56250,68492
"9333",42045403800,"42","045","403800",6454,39.886134,-75.307816,"Census Tract 4038, Delaware County, Pennsylvania",183900,2791,246,5.6,2.86,1.9,0.4,0.9,1.7,9.7,6.5,9.3,17.3,9.6,44.6,2.5,21.2,21.6,42.7,9.1,2.8,60.2,39.8,70996,71241
"9334",42045403901,"42","045","403901",3391,39.87755,-75.321013,"Census Tract 4039.01, Delaware County, Pennsylvania",201100,1557,89,5.2,2.49,1.92,0,0,3,4.2,7.9,24,16.8,12,32,2.9,17.4,34.7,38.2,5.1,1.7,56.8,43.2,51656,65265
"9335",42045403902,"42","045","403902",3611,39.880856,-75.326957,"Census Tract 4039.02, Delaware County, Pennsylvania",227200,1465,56,6.3,2.91,1.33,0,0,4.6,3.6,7.9,9.4,32.8,6.8,34.9,0.8,11.7,14.1,52.8,16,4.6,79.5,20.5,70671,79401
"9336",42045404003,"42","045","404003",2147,39.910351,-75.308536,"Census Tract 4040.03, Delaware County, Pennsylvania",201900,1119,48,3.9,2.38,1.84,0,0,8.3,15.9,19.4,24.8,14.8,9.8,7,0,40.9,36.8,12.5,8.6,1.2,39,61,42386,58363
"9337",42045404004,"42","045","404004",6514,39.903521,-75.312829,"Census Tract 4040.04, Delaware County, Pennsylvania",216200,2509,157,6.6,2.83,2.65,0.5,0,4.9,2.2,5,8.8,41.8,26,10.7,0,2.2,15.3,59.2,17,6.3,87,13,69257,78733
"9338",42045404101,"42","045","404101",6484,39.884856,-75.344372,"Census Tract 4041.01, Delaware County, Pennsylvania",227300,2680,94,6.1,2.62,1.69,0,2.9,0.6,6.2,5.2,17.6,48.6,13.6,5.4,2.2,12.7,15.4,56.7,11.4,1.5,69.3,30.7,52125,63662
"9339",42045404102,"42","045","404102",4833,39.874187,-75.341328,"Census Tract 4041.02, Delaware County, Pennsylvania",164900,2189,226,6,2.45,2.49,0.5,0,2.6,3.9,4.2,14.1,35.3,19.1,20.4,2.6,16.4,17,51.3,11.1,1.6,69,31,55244,66603
"9340",42045404103,"42","045","404103",3322,39.875257,-75.313853,"Census Tract 4041.03, Delaware County, Pennsylvania",166400,1425,77,6.1,2.84,1.8,0,0,1.5,0.6,13.8,6.9,49.5,22.7,4.8,2.9,13.1,9.4,67.9,4.8,2,74.3,25.7,61354,72836
"9341",42045404300,"42","045","404300",2410,39.860303,-75.343876,"Census Tract 4043, Delaware County, Pennsylvania",116900,1020,85,5.6,2.9,2.29,0,0,0.6,2.8,2.7,5.7,27.8,24.2,36.1,2.3,20.3,17.8,51.5,7.1,1.1,57.9,42.1,44607,48749
"9342",42045404400,"42","045","404400",1615,39.868172,-75.358505,"Census Tract 4044, Delaware County, Pennsylvania",109900,746,28,5.4,2.14,1.48,0,0,1.5,0.3,16.9,23.6,25.1,3.9,28.8,4.7,18.8,17.4,49.6,8.2,1.3,46.5,53.5,26364,38614
"9343",42045404500,"42","045","404500",4991,39.867229,-75.36718,"Census Tract 4045, Delaware County, Pennsylvania",96000,2190,289,5.3,3.08,2.64,0.5,0,3.9,6.9,16.2,5.2,18.9,24.6,23.8,1,27.1,21.1,34.9,11.4,4.5,33.1,66.9,33297,41911
"9344",42045404600,"42","045","404600",2493,39.861838,-75.370621,"Census Tract 4046, Delaware County, Pennsylvania",114200,1039,160,6.1,2.11,3.02,0,0,0,1.5,17.7,5.9,29.5,24.3,21.1,0,2.7,22.9,60.6,8.6,5.2,53.4,46.6,35994,41910
"9345",42045404700,"42","045","404700",3655,39.860999,-75.357993,"Census Tract 4047, Delaware County, Pennsylvania",85400,1106,239,5.7,1.75,2.35,1.5,0,3.2,11.7,24.2,1.4,17.7,19,21.2,4.5,25.2,7.4,44.9,17.9,0,30.6,69.4,23510,33582
"9346",42045404800,"42","045","404800",2136,39.858461,-75.350714,"Census Tract 4048, Delaware County, Pennsylvania",51600,972,246,5.9,2.64,3.53,0,0,8.1,1.7,7.5,6.3,6.6,26.2,43.5,0,7.9,3.4,79.5,5.3,3.8,35.1,64.9,28810,53416
"9347",42045404900,"42","045","404900",1439,39.855877,-75.357324,"Census Tract 4049, Delaware County, Pennsylvania",61200,675,263,5.9,3.18,3.37,0,0,37,0,11.7,0,9.2,12.1,29.9,1.5,10.7,1.9,68.9,11.7,5.3,39.6,60.4,37917,43570
"9348",42045405000,"42","045","405000",2130,39.85024,-75.367822,"Census Tract 4050, Delaware County, Pennsylvania",46300,1004,294,6,2.62,2.09,0,0,1.6,0,8.1,14.4,26.7,23.3,25.9,3.3,22,10.6,40.8,12.6,10.7,46.2,53.8,30372,33499
"9349",42045405100,"42","045","405100",2165,39.84658,-75.375279,"Census Tract 4051, Delaware County, Pennsylvania",57500,997,186,6,2.47,2.16,3,0,0,1.3,6.9,5.5,11.5,21.5,50.3,0,1.7,28.9,65,0,4.4,66.7,33.3,32861,39220
"9350",42045405200,"42","045","405200",3030,39.842583,-75.383089,"Census Tract 4052, Delaware County, Pennsylvania",74300,1419,108,5.6,2.45,2.42,10.8,3.5,3.8,9.2,15.1,3.7,22.3,2.7,29,0.5,8.6,35.8,51.9,2.6,0.6,32.3,67.7,28225,36040
"9351",42045405300,"42","045","405300",2610,39.839981,-75.396192,"Census Tract 4053, Delaware County, Pennsylvania",69700,1402,410,5.6,2.77,3.13,1.3,0,0.6,3.8,0,15.8,31.1,21.8,25.7,1.6,2,26.3,63.8,5.7,0.6,49,51,33209,45559
"9352",42045405400,"42","045","405400",2429,39.835853,-75.399409,"Census Tract 4054, Delaware County, Pennsylvania",61000,1184,185,5.4,3.02,2.81,1.7,23.9,10.7,0,4.2,4,12.8,17.8,24.9,1,13.9,32.7,43.9,7.6,0.8,33.2,66.8,17898,31097
"9353",42045406100,"42","045","406100",2328,39.867009,-75.377914,"Census Tract 4061, Delaware County, Pennsylvania",151800,902,57,6.1,2.78,2.32,0,0,0,4.2,14.3,5.1,30.8,18.5,27.1,0,6.3,27.7,58.3,7,0.7,77,23,56908,60331
"9354",42045406201,"42","045","406201",3036,39.86602,-75.38671,"Census Tract 4062.01, Delaware County, Pennsylvania",200800,1266,123,6.1,2.47,1.76,7.6,2.8,0,4.6,10.4,15.9,49.1,9.1,0.6,0,9,24.8,48.6,17.6,0,94.6,5.4,57688,72590
"9355",42045406202,"42","045","406202",4970,39.875515,-75.394296,"Census Tract 4062.02, Delaware County, Pennsylvania",205700,2360,29,5.6,2.23,2.19,0,1.1,4.1,22.6,28.5,24.4,10.8,6.4,2.2,0.4,13,39.5,34.2,12.8,0,80.1,19.9,63978,69767
"9356",42045406300,"42","045","406300",3239,39.856614,-75.380622,"Census Tract 4063, Delaware County, Pennsylvania",109300,1344,58,5.7,2.43,2.54,9.7,5.9,0.4,2.8,16.1,13.1,15.4,10.3,26.5,0,10.3,25.6,52.2,8.2,3.7,50.5,49.5,41121,47616
"9357",42045406401,"42","045","406401",2855,39.854131,-75.393696,"Census Tract 4064.01, Delaware County, Pennsylvania",97600,934,72,6.5,3.15,2.98,0,0,1.9,3.7,56.1,28.2,8.2,1.3,0.5,0,0.7,9.7,85.1,3.4,1,66.9,33.1,58448,61648
"9358",42045406402,"42","045","406402",1085,39.844175,-75.394912,"Census Tract 4064.02, Delaware County, Pennsylvania",91600,605,173,5.5,2.29,3.56,15,2.6,6.9,3.3,35,11.2,8.1,3.6,14,0,2.8,25.5,52.2,19.5,0,34.7,65.3,38929,40151
"9359",42045406500,"42","045","406500",1828,39.831428,-75.405031,"Census Tract 4065, Delaware County, Pennsylvania",112200,723,69,5.8,2.65,2.93,2.4,1.9,0,2.9,8.4,19.1,22,17,26.3,0,7.6,20.3,61.3,7.9,2.9,70.2,29.8,42969,50706
"9360",42045406600,"42","045","406600",2397,39.81984,-75.415222,"Census Tract 4066, Delaware County, Pennsylvania",87500,1006,152,5.9,3.07,2.61,1,0,0.6,0,2.5,8.3,25.3,18,44.2,4,10.1,24,50.1,9.9,1.9,47.2,52.8,39554,48107
"9361",42045406700,"42","045","406700",3469,39.825756,-75.423374,"Census Tract 4067, Delaware County, Pennsylvania",110300,1540,139,5.5,2.62,2.16,2.9,1.1,1.1,1.7,4.5,7.9,35.2,16.4,29.3,5.2,9.5,17.6,58.1,8.5,1.1,68.8,31.2,52039,57584
"9362",42045406801,"42","045","406801",4295,39.849088,-75.438597,"Census Tract 4068.01, Delaware County, Pennsylvania",231000,1737,87,6.2,2.76,2.44,3.9,2,19.2,8.8,13.4,25.2,15.1,6.1,6.4,0,10.5,22,45.7,17.4,4.4,76.8,23.2,72873,75729
"9363",42045406802,"42","045","406802",4332,39.831146,-75.435533,"Census Tract 4068.02, Delaware County, Pennsylvania",186300,1733,95,6.2,2.7,2.35,3.9,1.2,6.2,3.6,10.6,12.7,25.4,12.8,23.5,2.1,9.9,16.8,48.1,20.2,2.9,75.3,24.7,60053,65482
"9364",42045406803,"42","045","406803",8111,39.837229,-75.456275,"Census Tract 4068.03, Delaware County, Pennsylvania",268200,3419,179,6,2.8,1.77,8.5,8.1,15.2,15.9,29.5,7.3,12.5,1.4,1.5,1.7,10.8,35.9,24.4,25.6,1.8,66.6,33.4,72748,83756
"9365",42045406902,"42","045","406902",5866,39.865609,-75.414827,"Census Tract 4069.02, Delaware County, Pennsylvania",230100,2204,0,6.6,2.69,2.4,0.6,0,10.9,5.9,2.8,8.5,49,18.8,3.5,0.8,2.8,14.8,65.7,13,2.9,93.1,6.9,79122,87868
"9366",42045406903,"42","045","406903",5030,39.863837,-75.438402,"Census Tract 4069.03, Delaware County, Pennsylvania",270800,1910,50,7.2,2.79,2.22,0,0,4.1,17.3,22.5,34.8,16,0.9,4.5,0,4.3,16,35,40.9,3.8,87.7,12.3,81207,92031
"9367",42045406904,"42","045","406904",5696,39.880449,-75.446496,"Census Tract 4069.04, Delaware County, Pennsylvania",258100,2030,112,6.2,2.44,2.86,8.3,16.2,20.3,13.5,14.4,8.5,5.7,0.4,12.6,0,0.9,38.2,33.4,22,5.5,85.9,14.1,76667,91846
"9368",42045407000,"42","045","407000",2531,39.891648,-75.472914,"Census Tract 4070, Delaware County, Pennsylvania",249900,1219,81,5.5,2.28,1.95,1.6,2.1,23.6,33.1,28.5,1.1,1.1,1.1,7.9,0,8.9,44.5,30.2,11.7,4.7,72.8,27.2,73727,92321
"9369",42045407101,"42","045","407101",3713,39.890958,-75.420343,"Census Tract 4071.01, Delaware County, Pennsylvania",365800,1439,34,7.3,2.82,2.01,1.6,4.2,9.5,18.3,25.6,13.3,17.9,5.8,3.8,0,10.4,8.6,38.2,36.1,6.7,78.9,21.1,95536,126008
"9370",42045407102,"42","045","407102",3169,39.895914,-75.399945,"Census Tract 4071.02, Delaware County, Pennsylvania",306900,1162,37,7.7,2.82,2.93,0,0.5,5.7,1.1,5.4,14.9,40.7,18,13.7,0,1.1,7.7,49.7,35.1,6.4,94.8,5.2,91563,106830
"9371",42045407201,"42","045","407201",5135,39.918611,-75.446361,"Census Tract 4072.01, Delaware County, Pennsylvania",431800,1949,31,6.2,2.81,1.34,5.3,5.6,6.9,35,18.4,6.5,9.7,2.8,9.7,2.9,19.7,16.7,21.1,33,6.6,65.2,34.8,86048,113913
"9372",42045407202,"42","045","407202",3790,39.905106,-75.431637,"Census Tract 4072.02, Delaware County, Pennsylvania",311600,1335,30,5.4,2.75,1.35,1.5,1,30.8,15.4,7.2,6.4,20.5,6.2,10.9,1.6,31.7,16.3,26.4,18.7,5.3,63.4,36.6,70888,88990
"9373",42045407401,"42","045","407401",4057,39.912201,-75.374425,"Census Tract 4074.01, Delaware County, Pennsylvania",380600,1508,0,7.4,2.93,1.98,9.2,0,3.2,0.4,8.6,13.2,32,12.5,21,3.6,7.2,5.7,39.5,30.7,13.4,83.5,16.5,112891,128225
"9374",42045407404,"42","045","407404",2843,39.888474,-75.361818,"Census Tract 4074.04, Delaware County, Pennsylvania",326000,1096,0,7.5,2.51,2.86,0,3.3,5.9,20.4,5.7,13.1,37.6,6.2,7.8,0,3.6,20.2,34.2,37.6,4.5,92.2,7.8,112391,124382
"9375",42045407501,"42","045","407501",2340,39.923304,-75.388224,"Census Tract 4075.01, Delaware County, Pennsylvania",262300,1358,167,5.9,2.16,1.74,1,3.3,3.2,8.1,19,6.7,15.4,11,32.4,0.7,18.9,25.5,36.2,15,3.8,74.2,25.8,73375,84842
"9376",42045407502,"42","045","407502",2987,39.916371,-75.389706,"Census Tract 4075.02, Delaware County, Pennsylvania",289500,1816,296,3.9,2.01,1.61,2.4,0.4,2.4,8.3,8.8,21.7,13.9,7.7,34.5,3,41.9,29.8,20.5,3.9,0.9,24.9,75.1,48964,57652
"9377",42045407600,"42","045","407600",6390,39.901346,-75.349105,"Census Tract 4076, Delaware County, Pennsylvania",422600,2198,162,7.2,2.67,1.71,0,0.9,0.5,3.8,6.7,9.3,23.9,11.5,43.4,1.2,14,19.8,31.1,22.3,11.5,74.8,25.2,118824,157920
"9378",42045407700,"42","045","407700",2669,39.911153,-75.326576,"Census Tract 4077, Delaware County, Pennsylvania",216200,1240,106,5.2,2.75,1.85,0,0,10.2,13.5,17.5,8.6,21.9,10.6,17.7,0.4,20.6,31.7,29.2,17.2,1,55.6,44.4,58654,68615
"9379",42045407801,"42","045","407801",4485,39.923496,-75.348051,"Census Tract 4078.01, Delaware County, Pennsylvania",307400,1684,29,6.9,2.7,1.64,1.6,3.9,9.1,2.4,2.7,10.5,53.2,10.4,6.2,0,1.7,18.9,64.4,12.6,2.5,87.7,12.3,72171,92444
"9380",42045407802,"42","045","407802",6353,39.93841,-75.338768,"Census Tract 4078.02, Delaware County, Pennsylvania",344300,2278,102,7.4,2.93,1.93,0,0,1.1,2,9.3,18.3,36.1,17.1,16.2,0,0,9.8,45.1,38.8,6.3,91.7,8.3,98710,111720
"9381",42045407803,"42","045","407803",5365,39.926021,-75.327029,"Census Tract 4078.03, Delaware County, Pennsylvania",279800,1950,54,6.9,2.93,1.71,0,1.1,1.7,0,2.5,11,39,23,21.6,0,0.5,10.8,63.3,23.8,1.6,93.9,6.1,93269,97064
"9382",42045407804,"42","045","407804",4506,39.936204,-75.319108,"Census Tract 4078.04, Delaware County, Pennsylvania",285100,1584,41,7,3.15,1.11,0,1.3,0,0,1.3,7.3,64.1,20,6.1,0,0.7,5.1,65.4,24.6,4.3,95.9,4.1,102480,109686
"9383",42045407805,"42","045","407805",1696,39.918428,-75.319584,"Census Tract 4078.05, Delaware County, Pennsylvania",313800,596,52,7,3.17,2.67,3.4,0,3.4,0.7,10.9,22,44.3,8.9,6.5,0,0,12.1,55.4,24.5,8.1,89.5,10.5,69583,109075
"9384",42045407806,"42","045","407806",1610,39.908197,-75.335864,"Census Tract 4078.06, Delaware County, Pennsylvania",255400,644,40,6.3,2.57,2.05,0,3,1.7,10.9,3.6,7,54.7,7.5,11.8,0,2.5,15.2,54,27.2,1.1,93.4,6.6,73500,90841
"9385",42045407901,"42","045","407901",3944,39.944149,-75.404567,"Census Tract 4079.01, Delaware County, Pennsylvania",516500,1430,80,NA,3.09,5.67,0,0.6,8.3,21.8,10.1,30.8,16.9,6.6,4.9,0,0,2.3,20,59.8,17.9,99.3,0.7,135929,166087
"9386",42045407902,"42","045","407902",2760,39.91999,-75.394403,"Census Tract 4079.02, Delaware County, Pennsylvania",405200,1253,106,6.7,2.91,1.3,4.9,7,2.6,6.1,20,17.2,26.3,2.7,13.2,3.3,22.6,13.5,29.6,20.4,10.6,63.1,36.9,86595,114892
"9387",42045407903,"42","045","407903",3438,39.930218,-75.380929,"Census Tract 4079.03, Delaware County, Pennsylvania",317000,1562,173,5.1,3.11,1.53,0,0.7,21.5,8.3,19.4,11.9,22.5,9.1,6.6,9.6,20,22.9,24.9,18.2,4.4,52.5,47.5,70205,83111
"9388",42045408001,"42","045","408001",6170,39.974363,-75.375808,"Census Tract 4080.01, Delaware County, Pennsylvania",349100,2243,43,7.6,2.85,2.68,0,3.8,0.6,6.3,6.7,16.2,55.6,3.6,7.1,0,4.2,8.1,50.8,31.9,4.9,87,13,90566,106074
"9389",42045408002,"42","045","408002",4094,39.954119,-75.369841,"Census Tract 4080.02, Delaware County, Pennsylvania",416900,1710,62,7,2.68,1.35,2,5.3,12,27.6,14.2,14.3,16.3,2.2,6.2,5.1,11.3,15.3,27.9,32.1,8.3,83.6,16.4,91154,108105
"9390",42045408101,"42","045","408101",5320,39.986842,-75.358742,"Census Tract 4081.01, Delaware County, Pennsylvania",351700,1732,128,7.6,2.95,1.7,2.6,0.3,3.9,3.5,14.4,20.7,30.2,16.9,7.6,0,5.3,15.3,36.1,38.2,5.1,87.7,12.3,69255,94090
"9391",42045408102,"42","045","408102",3413,39.974562,-75.355619,"Census Tract 4081.02, Delaware County, Pennsylvania",318900,1355,50,6.6,2.75,2.57,2.1,0.9,3,1.3,5.3,11.2,52,20.8,3.2,1.3,5.5,13.3,46.9,28.7,4.4,86.9,13.1,72894,86350
"9392",42045408103,"42","045","408103",4431,39.964877,-75.344514,"Census Tract 4081.03, Delaware County, Pennsylvania",328000,1685,27,6.1,2.77,2.16,0,0,0.5,3.4,14.4,29.8,49.4,1.2,1.1,0,7,25.2,55.8,9.8,2.1,68.3,31.7,59683,79433
"9393",42045408300,"42","045","408300",4815,40.010012,-75.313622,"Census Tract 4083, Delaware County, Pennsylvania",399200,1474,107,6.6,2.51,2.28,0,7.6,0.9,2.6,10.5,8.4,28.6,3.2,38.1,2.9,12.1,14,30.3,30,10.7,78.1,21.9,103973,145993
"9394",42045408400,"42","045","408400",1850,39.999955,-75.336758,"Census Tract 4084, Delaware County, Pennsylvania",629200,942,104,4.5,2.63,1.32,1.4,0,29.2,38.2,7,3.7,14.2,2.4,3.8,5.4,29.7,23.8,9,22,10.1,53.6,46.4,137656,171796
"9395",42045408500,"42","045","408500",3997,39.979833,-75.32749,"Census Tract 4085, Delaware County, Pennsylvania",317700,1571,29,6.6,2.78,1.95,0,0,0.6,7.4,10.1,19.7,32.4,20.2,9.5,0,4.4,25.3,48.2,18.9,3.2,80.9,19.1,80875,92259
"9396",42045408600,"42","045","408600",3543,39.987256,-75.31895,"Census Tract 4086, Delaware County, Pennsylvania",341300,1381,13,7,2.62,1.49,0.7,1.4,1.1,0,5,7.4,43.9,10.9,29.7,0.7,2.9,8.2,51.6,31.2,5.4,88.2,11.8,80313,103375
"9397",42045408700,"42","045","408700",4871,39.990296,-75.305515,"Census Tract 4087, Delaware County, Pennsylvania",338800,1817,29,7.3,2.91,1.97,0,0,1.8,1.9,2.5,7,27.5,17.1,42.2,1.4,5.1,5.5,41.7,40.2,6.1,86.6,13.4,105214,120276
"9398",42045408800,"42","045","408800",4780,39.997062,-75.297617,"Census Tract 4088, Delaware County, Pennsylvania",276100,2112,128,6.6,2.61,2.57,0.9,1.2,0.6,5.8,3.8,7.1,15.9,15.6,48.9,1,6.8,3.2,57.1,21.4,10.5,82,18,71759,107997
"9399",42045408900,"42","045","408900",2933,39.980345,-75.287237,"Census Tract 4089, Delaware County, Pennsylvania",331700,1090,10,7.2,2.69,1.77,0.6,0,0,0.6,2.3,8.4,18.1,21.7,48.3,0.6,0.8,4.7,53.9,26.5,13.5,96.8,3.2,117000,121963
"9400",42045409000,"42","045","409000",3721,39.973955,-75.295567,"Census Tract 4090, Delaware County, Pennsylvania",291200,1390,36,6.9,2.73,1.78,0.8,0.5,2.5,0.6,1.5,8.2,52.7,10.4,22.7,1.2,8,7.1,60.9,14.5,8.3,85.7,14.3,87153,104463
"9401",42045409100,"42","045","409100",4180,39.981372,-75.301501,"Census Tract 4091, Delaware County, Pennsylvania",312200,1523,29,7.3,2.83,1.59,0.3,0,0.8,0,3.7,0.7,16.9,16.9,60.7,1.6,3.7,2.3,46.2,39,7.2,90.8,9.2,90870,102699
"9402",42045409200,"42","045","409200",4048,39.975707,-75.311967,"Census Tract 4092, Delaware County, Pennsylvania",269200,1530,31,6.9,2.81,3.5,0.4,0,0.4,0,1.5,6.8,27.6,27.1,36.1,0,0,11.8,63.5,20.8,4,91.3,8.7,80428,87076
"9403",42045409300,"42","045","409300",2354,39.967732,-75.311806,"Census Tract 4093, Delaware County, Pennsylvania",288400,921,89,7,3.06,1.17,0,0.5,3.6,0,2.5,21.1,23.9,13.8,34.6,4.8,9,6.8,46.8,25.3,7.3,83.3,16.7,81341,92088
"9404",42045409400,"42","045","409400",2861,39.972366,-75.32933,"Census Tract 4094, Delaware County, Pennsylvania",296500,1017,0,7,2.94,1.62,0,0,1.1,1.5,10.7,17.5,37.2,19.2,12.9,1.1,4.3,7,59.9,26.2,1.6,86.8,13.2,86875,109363
"9405",42045409500,"42","045","409500",4538,39.960938,-75.325152,"Census Tract 4095, Delaware County, Pennsylvania",288900,1737,0,6.9,2.66,2.03,0.6,0,2.9,3.3,7.9,17.2,43.6,19.6,4.8,0,8.2,10.7,51.6,28.9,0.6,92.5,7.5,87361,98852
"9406",42045409601,"42","045","409601",4585,40.017341,-75.34171,"Census Tract 4096.01, Delaware County, Pennsylvania",597500,2051,139,6.5,2.71,1.94,1.3,1.5,8.5,13.9,15.9,23.6,18,3.8,13.5,4.4,16.3,20.7,17.7,27.1,13.7,62.4,37.6,103103,156156
"9407",42045409602,"42","045","409602",4641,40.026692,-75.334954,"Census Tract 4096.02, Delaware County, Pennsylvania",270100,1727,114,4.9,2.23,1.6,0.9,1.8,0.4,11.6,10.1,19.1,18.6,14.8,22.7,0,26.4,34.9,26.2,9,3.4,46.6,53.4,61301,86007
"9408",42045409701,"42","045","409701",7312,40.023846,-75.362306,"Census Tract 4097.01, Delaware County, Pennsylvania",776800,2041,89,NA,2.97,2.4,2.6,4.8,6.8,18.6,20.9,19.3,13.9,4.1,9.1,0,2.2,5.9,16.3,53.5,22.1,90.8,9.2,166389,236315
"9409",42045409702,"42","045","409702",1918,40.035216,-75.340688,"Census Tract 4097.02, Delaware County, Pennsylvania",413200,179,30,6.6,2.31,4,0,0,0,0,0,2.2,36.3,54.2,7.3,0,18.4,0,71.5,10.1,0,89.9,10.1,111563,122002
"9410",42045409802,"42","045","409802",6168,40.049916,-75.371985,"Census Tract 4098.02, Delaware County, Pennsylvania",836200,1691,178,7.5,2.8,1.65,0,0.9,3.2,3.2,11.3,21.6,30.5,4,25.3,0,17.7,22.1,14.9,24.1,21.2,64.6,35.4,93417,178859
"9411",42045409803,"42","045","409803",6907,40.041997,-75.395606,"Census Tract 4098.03, Delaware County, Pennsylvania",547300,2947,79,6.9,2.81,1.59,1.1,3.5,4.1,7.3,10.6,10.8,12.2,8.4,41.9,0,15.1,17.2,22.4,26,19.3,68.6,31.4,84071,129869
"9412",42045409902,"42","045","409902",4820,39.97836,-75.403642,"Census Tract 4099.02, Delaware County, Pennsylvania",388600,2027,181,6.7,2.77,1.69,4.6,11,3.8,10.7,19.2,10.8,19.6,15.2,5.1,4,10.4,23.8,27.5,27.8,6.5,73.6,26.4,100102,131602
"9413",42045409903,"42","045","409903",3823,39.990948,-75.387177,"Census Tract 4099.03, Delaware County, Pennsylvania",304400,1655,68,6.5,2.56,1.96,0,0.5,0.5,0.5,6.6,17.3,55.2,15.3,4,2.9,5.6,18.2,39.2,29.4,4.7,79.6,20.4,80764,92644
"9414",42045409904,"42","045","409904",3573,40.004934,-75.409322,"Census Tract 4099.04, Delaware County, Pennsylvania",634700,1281,126,8.5,2.96,2.45,0.6,3,8.5,7.3,30.1,21,17.4,4.1,7.9,0,3.9,12.6,22.4,37.2,23.9,95.8,4.2,138603,186481
"9415",42045410000,"42","045","410000",3987,39.955901,-75.45949,"Census Tract 4100, Delaware County, Pennsylvania",589100,1635,75,7.2,2.79,1.38,5.1,9.5,26.9,28.3,4,6.3,10.1,1.5,8.3,0.6,11.7,19.6,22,33,13.1,74,26,115152,160799
"9416",42045410100,"42","045","410100",8028,39.919991,-75.521683,"Census Tract 4101, Delaware County, Pennsylvania",478600,2108,79,8.1,2.9,2.96,15.5,16,19.4,9.8,6.8,10.8,9.5,2.4,9.9,0,0,1.6,41.9,44.9,11.6,92.1,7.9,115275,139342
"9417",42045410200,"42","045","410200",3640,39.869694,-75.561131,"Census Tract 4102, Delaware County, Pennsylvania",431400,1473,39,7.3,2.55,2.07,6,4.4,10.7,37.5,18.9,5,11.4,0,6.1,0,4.8,28.4,24.2,27.4,15.2,89.5,10.5,98929,169480
"9418",42045410301,"42","045","410301",8284,39.888598,-75.500863,"Census Tract 4103.01, Delaware County, Pennsylvania",463200,2318,44,NA,2.96,1.91,6.6,18.8,12.6,12.2,22.6,16.6,2.8,0.9,6.9,2,3.3,11.6,24.2,48.2,10.8,93.4,6.6,127714,150528
"9419",42045410302,"42","045","410302",8947,39.860499,-75.528152,"Census Tract 4103.02, Delaware County, Pennsylvania",388600,3809,348,5.3,2.78,1.64,26.4,25.4,24.5,8.5,6.7,2.2,2.5,0.8,2.9,1.6,15.7,41.9,12.9,23.7,4.3,64.4,35.6,72549,109818
"9420",42045410400,"42","045","410400",8791,39.843953,-75.491415,"Census Tract 4104, Delaware County, Pennsylvania",387300,2835,49,7.8,3.01,3.54,18.4,11.5,35.8,12.3,5.1,3.7,5.3,0.5,7.4,0,0.4,17.6,29.1,45.1,7.8,98.1,1.9,112444,126249
"9421",42045410500,"42","045","410500",5076,39.960009,-75.25456,"Census Tract 4105, Delaware County, Pennsylvania",117400,1579,170,5.3,3.29,2.92,0,1.2,0.8,0.8,4.5,5.4,22.7,29.2,35.4,4,15.7,19.8,47.7,10.4,2.4,57.3,42.7,36808,51480
"9422",42045410601,"42","045","410601",3372,39.89143,-75.321694,"Census Tract 4106.01, Delaware County, Pennsylvania",190600,1353,22,6.2,2.68,2.24,2.7,0,2.7,0.5,1.2,8.6,59.4,11.2,13.5,0,10.6,21.1,58.2,7.8,2.3,83.3,16.7,61218,67953
"9423",42045410602,"42","045","410602",4880,39.897888,-75.328344,"Census Tract 4106.02, Delaware County, Pennsylvania",228300,1818,8,6.3,2.74,2.58,1.8,2.6,6.3,2.1,3.5,13.8,43.9,9.6,16.4,0.2,5.5,19,53.7,20.2,1.4,85.2,14.8,68362,79279
"9424",42045410700,"42","045","410700",5279,39.840454,-75.373838,"Census Tract 4107, Delaware County, Pennsylvania",55100,2176,585,5.7,2.68,2.54,1.1,1.8,14,0,1.8,9.6,7.8,22.4,41.6,2.5,15.1,19.6,48,11.1,3.6,34.6,65.4,22459,35575
"9425",42045410800,"42","045","410800",7719,39.884356,-75.376293,"Census Tract 4108, Delaware County, Pennsylvania",295100,2957,212,6.6,2.7,2.2,2,2,4.9,14.5,11.7,16.2,20.5,17.7,10.6,0.4,3.1,27.2,32,27.7,9.7,89.1,10.9,88062,111146
"9426",42045980000,"42","045","980000",0,39.862425,-75.257151,"Census Tract 9800, Delaware County, Pennsylvania",NA,0,0,NA,NA,NA,NA,NA,NA,NA,NA,NA,NA,NA,NA,NA,NA,NA,NA,NA,NA,NA,NA,NA,NA
"9427",42047950100,"42","047","950100",1624,41.573002,-78.682656,"Census Tract 9501, Elk County, Pennsylvania",96600,1188,490,5.7,2.44,1.75,3.7,1,11.4,6.2,21.1,7.3,11.2,5.6,32.4,0,5.5,25,56,10.4,3.2,84.2,15.8,50889,60456
"9428",42047950200,"42","047","950200",3330,41.461347,-78.759471,"Census Tract 9502, Elk County, Pennsylvania",104200,2671,1437,6.1,2.52,1.91,3.2,2.7,7,14.3,11.1,8.5,12,9.3,31.8,0,4.9,25.6,57,10.9,1.6,85.3,14.7,45069,56661
"9429",42047950400,"42","047","950400",4078,41.424607,-78.733005,"Census Tract 9504, Elk County, Pennsylvania",72200,1963,174,6.2,2.31,2.19,0.4,0,0.7,5.8,6.8,8.7,17.3,13.3,47,0.9,8.7,19.6,52,15.1,3.7,71.5,28.5,37526,50805
"9430",42047950500,"42","047","950500",2483,41.492425,-78.679332,"Census Tract 9505, Elk County, Pennsylvania",46100,1457,241,6,2.17,2.66,0.5,0,6.9,3.3,3,12.1,13,14,47.3,0.8,7.8,25.5,46.3,16.3,3.4,74.8,25.2,30959,36426
"9431",42047950900,"42","047","950900",2279,41.290762,-78.486867,"Census Tract 9509, Elk County, Pennsylvania",81100,2047,1051,6.1,2.48,2.36,0.5,5,13.5,15.4,17,9.7,9.5,6,23.4,0,5,13.4,61.6,16.7,3.4,83.9,16.1,44018,50265
"9432",42047951000,"42","047","951000",5082,41.334536,-78.633961,"Census Tract 9510, Elk County, Pennsylvania",94200,2304,226,6,2.36,2.68,0.8,4.4,14.2,15.1,18.1,8.8,9.3,5.3,24,0.1,4.7,21.7,56.4,11.5,5.6,89.7,10.3,44904,51291
"9433",42047951100,"42","047","951100",5669,41.4343,-78.571428,"Census Tract 9511, Elk County, Pennsylvania",104300,2681,202,6.3,2.43,1.57,0.4,0.7,17.9,14.7,9.2,7,14.2,8.8,26.9,1.2,12,17.1,44.9,19.5,5.3,74.9,25.1,41655,55980
"9434",42047951200,"42","047","951200",2106,41.450763,-78.529314,"Census Tract 9512, Elk County, Pennsylvania",122300,971,91,5.9,2.31,2.61,2.7,6.8,13.3,5.3,18.3,2.8,13.9,8.5,28.4,0,11.8,22.5,50.9,13.8,1,66.8,33.2,48281,51759
"9435",42047951300,"42","047","951300",5295,41.416499,-78.534429,"Census Tract 9513, Elk County, Pennsylvania",113600,2346,159,6,2.44,2.36,0.9,1.7,12.2,6.4,15.3,9.7,17.1,15.1,21.6,0.7,2.3,24.8,60.1,10.1,2.1,83.5,16.5,49143,57797
"9436",42049000100,"42","049","000100",1690,42.126919,-80.082885,"Census Tract 1, Erie County, Pennsylvania",NA,1311,165,3.2,NA,1.33,0,0.3,5.6,3.9,34.3,2.4,5.1,5,43.5,7.4,64.3,22.4,5.9,0,0,0.9,99.1,12386,19030
"9437",42049000200,"42","049","000200",3957,42.114891,-80.126661,"Census Tract 2, Erie County, Pennsylvania",141100,2070,145,5.7,2.48,1.49,0.5,0,3.6,10.6,5.2,4.3,32.7,9.9,33.2,3.1,15.4,29.1,34.1,12,6.2,65.1,34.9,55759,81774
"9438",42049000300,"42","049","000300",4214,42.127624,-80.098943,"Census Tract 3, Erie County, Pennsylvania",68600,1806,261,4.8,2.3,2.13,9,3.8,7.2,2.6,2.2,0,7,18.8,49.4,12.6,16.7,33.2,31.8,4.2,1.5,32,68,29419,44857
"9439",42049000400,"42","049","000400",2696,42.136097,-80.076417,"Census Tract 4, Erie County, Pennsylvania",55800,1219,171,5.3,2.42,2.38,1.8,1.7,6.9,3.1,0.9,3.9,11.2,10.2,60.4,4.8,23.6,24.1,27.9,18.8,0.7,30.7,69.3,17375,32494
"9440",42049000500,"42","049","000500",3276,42.137876,-80.058874,"Census Tract 5, Erie County, Pennsylvania",52200,1527,309,5.7,2.23,2.52,4.2,2.9,0.8,0.7,5.7,6.4,6.7,14.3,58.3,1.8,3.9,36.8,36.9,14,6.6,56.8,43.2,25665,33298
"9441",42049000600,"42","049","000600",3269,42.14446,-80.043202,"Census Tract 6, Erie County, Pennsylvania",75600,1506,193,5,2.34,2.19,0,0,1.1,3.1,6.2,14.6,34.7,14.5,25.8,1.7,10.4,35.1,46.3,5.8,0.7,49.3,50.7,25139,37204
"9442",42049000700,"42","049","000700",2737,42.133251,-80.066841,"Census Tract 7, Erie County, Pennsylvania",45900,1183,236,5.7,2.91,2.56,0,0.1,1.4,1.9,8.1,2.7,7.7,8.8,69.3,1.8,12.8,26.1,43.6,11.3,4.3,43.4,56.6,20668,30878
"9443",42049000800,"42","049","000800",3116,42.130288,-80.074779,"Census Tract 8, Erie County, Pennsylvania",43600,1544,335,5.1,2.27,2.35,1.4,0,1.7,4.9,2.5,5.6,5.6,7.3,70.9,5.2,26.1,25.3,29.3,10.8,3.2,24.3,75.7,18113,23560
"9444",42049000900,"42","049","000900",5454,42.123587,-80.097555,"Census Tract 9, Erie County, Pennsylvania",72800,2478,298,4.9,2.95,1.85,0,0.3,1.1,2.9,5.3,4.8,8.9,4.4,72.2,2.4,28,28,28.5,10.7,2.3,27.1,72.9,26895,36030
"9445",42049001000,"42","049","001000",3442,42.11769,-80.1046,"Census Tract 10, Erie County, Pennsylvania",74600,1718,111,5.1,3.31,1.91,5.2,0,1.8,2.7,7,1.5,8.1,5.5,68.1,2.5,19,38.9,25.7,10.2,3.6,40.2,59.8,33938,43609
"9446",42049001100,"42","049","001100",2877,42.102437,-80.112593,"Census Tract 11, Erie County, Pennsylvania",74300,1210,141,5.7,2.64,2.88,0.6,3.2,1.7,0.8,6.9,15.9,20.2,12.6,38.2,1.2,4.5,24.4,49.5,15.4,5,59.3,40.7,38292,42805
"9447",42049001200,"42","049","001200",2509,42.11482,-80.090658,"Census Tract 12, Erie County, Pennsylvania",51100,1240,179,4.8,1.91,2.45,0.9,2.5,0,0,6.4,5.6,16,15.4,53.1,5.6,17.3,39.2,28.4,6.3,3.1,28.3,71.7,21669,30111
"9448",42049001300,"42","049","001300",1549,42.12225,-80.068292,"Census Tract 13, Erie County, Pennsylvania",57000,719,77,5.7,3.17,3.18,0,0,6.7,8.2,5.3,2.8,5.4,7.6,64,1.7,10.6,16.6,49.8,17.7,3.8,35,65,20707,25209
"9449",42049001400,"42","049","001400",1824,42.126108,-80.067536,"Census Tract 14, Erie County, Pennsylvania",39800,591,146,4.7,1.74,2.52,0,0,1.4,10.7,1.5,10.3,4.7,6.6,64.8,0,14,58.5,14.4,8.1,4.9,36.9,63.1,20270,26005
"9450",42049001500,"42","049","001500",2679,42.132236,-80.037871,"Census Tract 15, Erie County, Pennsylvania",41000,1037,147,5.5,3.1,3.21,1.5,9.5,2.7,5.9,18.1,14.9,4.5,9.2,33.7,0,12.3,22.1,42,16.8,6.8,29.7,70.3,24111,25126
"9451",42049001600,"42","049","001600",4158,42.130035,-80.026707,"Census Tract 16, Erie County, Pennsylvania",78400,1753,115,5.8,2.68,2.74,3.3,3.9,3.2,4.9,18.9,11.5,30.1,8.8,15.3,1.4,11.9,25.6,38.7,19.3,3.1,75.5,24.5,37857,49014
"9452",42049001700,"42","049","001700",2880,42.120818,-80.055428,"Census Tract 17, Erie County, Pennsylvania",53100,1230,338,6.1,3.23,3.01,0.9,0,1.8,2,9.7,7.5,7.6,9.9,60.7,0.9,7.4,20.9,43.3,23.7,3.7,55.3,44.7,29130,35227
"9453",42049001800,"42","049","001800",2395,42.116999,-80.066817,"Census Tract 18, Erie County, Pennsylvania",51300,1045,316,5.6,1.93,3.23,0.4,1.6,1.5,3.7,7.8,4.7,11.7,14.7,53.8,0,9.7,36.8,34.9,12.7,5.8,46.2,53.8,22736,29119
"9454",42049001900,"42","049","001900",1887,42.113146,-80.080444,"Census Tract 19, Erie County, Pennsylvania",49800,1036,244,4.2,2.98,1.75,0,0,0,14.3,16.5,7.2,7.8,0.6,53.6,3.7,36.4,30,15.6,10.1,4.2,21.3,78.7,14684,20769
"9455",42049002000,"42","049","002000",3454,42.10751,-80.095105,"Census Tract 20, Erie County, Pennsylvania",72400,1521,170,5.7,2.45,2.54,0,0,1.8,3.2,0.6,6.1,4,10.7,73.6,0.5,8.9,35.8,38.5,13.3,2.9,48.9,51.1,32568,35513
"9456",42049002100,"42","049","002100",3775,42.092053,-80.109878,"Census Tract 21, Erie County, Pennsylvania",98100,1764,92,6.1,2.36,2.77,1.2,2.4,1.5,0,2.8,11,46.8,15.7,18.5,0,1.9,25.6,48.1,23.1,1.2,87.6,12.4,48158,51401
"9457",42049002200,"42","049","002200",3854,42.098231,-80.096195,"Census Tract 22, Erie County, Pennsylvania",85200,1728,143,6,2.44,2.4,1.2,0,0.7,2.1,5.7,2.6,36.7,11.1,40,0,1.9,26.7,58.2,11.5,1.7,78,22,45549,49462
"9458",42049002300,"42","049","002300",2832,42.101859,-80.087763,"Census Tract 23, Erie County, Pennsylvania",77200,1291,44,5.9,2.43,2.22,0,0,0,0.8,0,6.4,20.6,24.7,47.6,2.4,7.4,32.8,45.7,10.8,0.9,58.2,41.8,36672,50738
"9459",42049002400,"42","049","002400",3147,42.106166,-80.078336,"Census Tract 24, Erie County, Pennsylvania",80100,1428,258,5.8,2.67,2.1,0,0,1,2.4,1.8,9,9.5,17.2,59.2,0.7,13.8,23.9,44.3,16.1,1.2,59.3,40.7,34221,43013
"9460",42049002500,"42","049","002500",2508,42.110698,-80.066039,"Census Tract 25, Erie County, Pennsylvania",71600,1034,116,5.8,2.53,2.65,0.7,0.6,1.6,3.1,0.9,10.7,7.7,27.3,47.4,4.6,5.7,36.4,41,10.8,1.5,53.8,46.2,44091,42494
"9461",42049002600,"42","049","002600",4355,42.116627,-80.052735,"Census Tract 26, Erie County, Pennsylvania",74500,1725,97,5.7,2.68,1.92,0,1.6,0,3.4,5.1,2.3,21,13.6,52.9,0.5,7.9,28.5,48.8,11.1,3.4,71.6,28.4,43192,47851
"9462",42049002700,"42","049","002700",6817,42.115981,-80.026779,"Census Tract 27, Erie County, Pennsylvania",86400,3119,56,5.7,2.51,1.44,0.4,2.5,2,8.6,27.9,28.3,17.1,4.2,9,0.4,19.1,13.3,50.4,14.1,2.7,73.4,26.6,41987,51420
"9463",42049002800,"42","049","002800",7462,42.10663,-80.052034,"Census Tract 28, Erie County, Pennsylvania",91700,2428,54,5.8,2.48,1.82,0,0,6.1,7,14.5,12.1,34.6,11.5,14.3,0,6,22.7,49.1,18.4,3.9,80.9,19.1,41548,50599
"9464",42049002900,"42","049","002900",2839,42.095346,-80.073268,"Census Tract 29, Erie County, Pennsylvania",143300,1296,25,6.9,2.49,1.67,3.2,2.3,0,3.1,3.6,7,35.5,10.2,35.1,0,0,18,53.5,22.5,6,95,5,61675,93046
"9465",42049003000,"42","049","003000",4134,42.086561,-80.098377,"Census Tract 30, Erie County, Pennsylvania",98400,1936,134,5.7,2.23,1.95,2.3,1.4,7.9,4.5,14.3,15.4,40.1,8.8,5.2,0,10.7,32.8,41.1,12.5,2.9,62.3,37.7,40691,50174
"9466",42049010101,"42","049","010101",3425,41.9626,-80.440798,"Census Tract 101.01, Erie County, Pennsylvania",107500,1544,207,5.9,2.54,2.56,2.7,3,22.2,11.5,16.8,11.9,10.8,1.7,19.5,0,4.5,26.7,53.2,11.1,4.5,87.4,12.6,42480,51642
"9467",42049010103,"42","049","010103",2079,41.888817,-80.41603,"Census Tract 101.03, Erie County, Pennsylvania",107800,897,74,6.1,2.58,2.38,4.6,9.5,15.2,11.6,16.7,7.1,6.8,7.5,21.1,0.7,2,30.9,53.7,9.5,3.2,82.9,17.1,40625,48366
"9468",42049010104,"42","049","010104",2436,41.89494,-80.312937,"Census Tract 101.04, Erie County, Pennsylvania",114300,927,48,6.2,2.71,3.64,2.5,10,10,11.3,18,4.2,5.1,1.5,37.3,0,1.1,18.8,58,17.4,4.7,91.4,8.6,51289,58661
"9469",42049010107,"42","049","010107",1516,41.890475,-80.362934,"Census Tract 101.07, Erie County, Pennsylvania",90300,714,74,5.9,2.71,2.14,1.4,1,5.5,11.2,21.4,5.6,7.4,7.4,39.1,1.7,13.9,25.8,44.7,10.2,3.8,62.3,37.7,44324,50184
"9470",42049010201,"42","049","010201",6145,42.011243,-80.333103,"Census Tract 102.01, Erie County, Pennsylvania",102200,2626,251,6,2.68,2.17,1.3,5.5,13.5,10.9,10,11.3,14.5,5.7,27.2,1.1,5.6,30.2,45.5,13.8,3.7,75.8,24.2,42604,50452
"9471",42049010202,"42","049","010202",5522,41.995131,-80.319232,"Census Tract 102.02, Erie County, Pennsylvania",126000,2378,150,5.9,2.49,2.35,3.1,6.9,19.4,14.6,24.1,3.7,6,4.5,17.7,2.2,4.6,20.9,53,15.5,3.7,88.1,11.9,55689,69204
"9472",42049010301,"42","049","010301",4797,42.000311,-80.133304,"Census Tract 103.01, Erie County, Pennsylvania",147700,2058,139,6.5,2.53,1.95,4.8,6,14.1,19.3,19.6,13.2,5.3,1.2,16.4,0.3,5.2,10.9,59.5,19.8,4.3,89.4,10.6,53835,69679
"9473",42049010303,"42","049","010303",5451,42.030235,-80.23667,"Census Tract 103.03, Erie County, Pennsylvania",148300,2111,214,6.3,2.76,2.42,3.7,6.9,5.4,6.3,21.6,22,17.1,3.6,13.2,0,5.3,17.6,52.1,18.6,6.4,84.3,15.7,64816,81929
"9474",42049010304,"42","049","010304",4651,42.063175,-80.238653,"Census Tract 103.04, Erie County, Pennsylvania",216300,1815,93,7.7,2.66,1.5,4.1,2.8,10.8,10.9,27.3,14.8,13.9,4.5,11,5,4,8.2,33.3,42.3,7.2,87.1,12.9,80897,107467
"9475",42049010400,"42","049","010400",4832,42.085923,-80.185612,"Census Tract 104, Erie County, Pennsylvania",123600,2107,42,6.4,2.59,2.2,2.3,3.1,9.3,7.1,10.4,8.5,32,11.9,15.4,1.3,2.8,24.3,40.3,26.7,4.6,83.8,16.2,52452,80855
"9476",42049010500,"42","049","010500",4390,42.099934,-80.159873,"Census Tract 105, Erie County, Pennsylvania",105500,2347,396,5.7,2.38,2.14,0.2,2.3,8.3,12.4,14.8,10.4,19.3,15.4,17,4.2,11,28.1,40,9.7,7.1,67.5,32.5,43991,52678
"9477",42049010700,"42","049","010700",4019,42.085657,-80.128408,"Census Tract 107, Erie County, Pennsylvania",116400,1808,68,5.7,2.61,1.55,0,0.4,7.3,10,12.7,21.7,34.5,5.9,7.5,0.4,5.6,31,40.8,21.6,0.7,75.8,24.2,53551,59818
"9478",42049010800,"42","049","010800",3553,42.080907,-80.147589,"Census Tract 108, Erie County, Pennsylvania",116500,1612,93,5.8,2.49,1.57,0,0,7.4,6.7,16.9,12.9,38.8,8.6,8.7,0,1.7,29.3,52.5,15.8,0.7,83,17,50329,60298
"9479",42049010902,"42","049","010902",4355,42.070111,-80.174346,"Census Tract 109.02, Erie County, Pennsylvania",150400,1935,213,6.1,2.43,1.91,0.5,3.3,15,11.8,26.8,15.5,19.5,0.8,6.8,2.4,9.1,25.4,35.2,23.9,4,74.4,25.6,58696,73762
"9480",42049010903,"42","049","010903",6722,42.067078,-80.134685,"Census Tract 109.03, Erie County, Pennsylvania",174400,2654,42,6.3,2.83,1.66,2.2,8.9,29.7,25.8,12.3,4.8,9.2,4.2,2.9,0,3.6,31.7,38.1,23.4,3.3,72.4,27.6,63115,73267
"9481",42049010904,"42","049","010904",4854,42.050207,-80.165733,"Census Tract 109.04, Erie County, Pennsylvania",232400,1699,79,7.9,3.07,2.74,9.9,18.1,27,14.4,15.5,5.3,2.9,1.6,5.2,0,0.5,3.6,40,50,5.9,96,4,109375,140107
"9482",42049011001,"42","049","011001",6577,42.075011,-80.080628,"Census Tract 110.01, Erie County, Pennsylvania",153600,3125,196,5.8,2.54,1.57,0,3.6,4.1,17.2,29.7,19.9,15.2,6.1,4.3,0.4,23.6,18,28.6,27.2,2.2,63.1,36.9,48488,73066
"9483",42049011002,"42","049","011002",4161,42.073854,-80.10485,"Census Tract 110.02, Erie County, Pennsylvania",132500,2084,140,4.6,2.19,1.76,5.9,11.2,30,13,11.2,10.1,10.9,3.6,4,3,18.5,40.4,28.7,9,0.4,50.8,49.2,42727,53391
"9484",42049011101,"42","049","011101",5152,42.103407,-80.020992,"Census Tract 111.01, Erie County, Pennsylvania",137600,2081,89,6,2.83,1.79,3.7,8.5,28.5,23.6,20.2,4.6,3,3.7,4.1,0,9.9,23.5,46.6,16.4,3.5,64.6,35.4,60000,67160
"9485",42049011102,"42","049","011102",3439,42.086684,-80.05627,"Census Tract 111.02, Erie County, Pennsylvania",165500,1511,84,5.7,2.36,2.21,1.7,9.1,7.4,11.1,21.9,22.3,10.5,9.6,6.5,1.1,11,29.8,27.5,26.5,4,65,35,63438,82088
"9486",42049011201,"42","049","011201",4706,42.065855,-79.960034,"Census Tract 112.01, Erie County, Pennsylvania",155700,1935,132,6.2,2.6,2.54,0.7,5.7,12.6,9.5,24.5,17.4,9.1,8,12.6,0,3.1,17.7,51,23.7,4.5,97.1,2.9,61168,73924
"9487",42049011202,"42","049","011202",6603,42.04402,-80.058477,"Census Tract 112.02, Erie County, Pennsylvania",154800,2602,63,6.1,2.6,1.44,8.1,15,13.1,6.3,17.3,9.4,11.1,6,13.7,0,4.6,24,48.9,19.1,3.4,92.7,7.3,55403,70045
"9488",42049011300,"42","049","011300",3341,42.137033,-80.012873,"Census Tract 113, Erie County, Pennsylvania",77100,1441,162,5.8,2.75,2.22,0,0,8.7,5.9,18.3,4.8,16.9,10.8,34.6,0,6.4,36.2,38.7,18.1,0.6,74,26,49954,54178
"9489",42049011400,"42","049","011400",3982,42.151862,-80.018928,"Census Tract 114, Erie County, Pennsylvania",96300,1582,98,6.3,2.45,3.15,0.6,0.6,1.3,0,8.7,10.5,21,15.5,41.8,0,2.3,13.2,63.1,19.5,1.8,77.3,22.7,55546,60278
"9490",42049011503,"42","049","011503",3713,42.164668,-80.000374,"Census Tract 115.03, Erie County, Pennsylvania",143400,1604,62,5.9,2.58,1.25,2.2,2.9,12.8,10,29,11.3,19.9,2.7,9,5.7,6.7,18,51.1,14.7,3.9,77.3,22.7,58493,64869
"9491",42049011505,"42","049","011505",2616,42.18197,-79.95116,"Census Tract 115.05, Erie County, Pennsylvania",140900,1131,49,6.5,2.34,1.87,3.3,3.1,2.6,8.8,16.4,7.3,20.9,15.6,22,0,13.1,26.4,37.6,20.5,2.4,81.2,18.8,55000,62220
"9492",42049011507,"42","049","011507",3122,42.142611,-79.941337,"Census Tract 115.07, Erie County, Pennsylvania",159600,1209,71,6.3,2.78,3.07,14.3,7.9,9.7,11.1,10.2,13.2,11.2,7.3,15.1,0.6,6.1,15.1,54.8,20.1,3.3,85.5,14.5,67929,75397
"9493",42049011600,"42","049","011600",4294,42.213893,-79.834236,"Census Tract 116, Erie County, Pennsylvania",114100,1781,83,5.6,2.78,1.92,0.5,0.7,0,7.2,16.7,9.3,14.3,4.8,46.5,0,13.3,28,34.4,20.2,4.2,59.9,40.1,37100,43941
"9494",42049011701,"42","049","011701",2878,42.22684,-79.83542,"Census Tract 117.01, Erie County, Pennsylvania",125800,1307,181,6.3,2.58,1.45,1,1.9,10.1,7.9,15.8,6,16.8,7.7,32.7,0,7,31.8,38.1,18.7,4.3,83.5,16.5,59000,68875
"9495",42049011702,"42","049","011702",5370,42.166779,-79.832057,"Census Tract 117.02, Erie County, Pennsylvania",143500,2023,108,6,2.81,2.01,2.7,6.9,16.7,13.9,19.5,6.8,8.1,5.3,20,0.1,1.9,21.8,52.4,20.3,3.4,90.4,9.6,57208,68598
"9496",42049011801,"42","049","011801",2700,42.035844,-79.841456,"Census Tract 118.01, Erie County, Pennsylvania",134500,1042,53,6.4,2.86,2.76,1.2,11.7,13.4,8.7,18.1,4.9,11.5,2.1,28.3,0.2,2,20.4,41.3,27.5,8.5,88.4,11.6,58371,61300
"9497",42049011802,"42","049","011802",3221,41.921305,-79.690724,"Census Tract 118.02, Erie County, Pennsylvania",105300,1337,81,6.2,2.64,3.04,3.4,4.9,10.5,11.9,19.1,9.9,11.6,2.8,26,0.9,3.5,20,54.4,15.9,5.3,86.3,13.7,45761,53236
"9498",42049011900,"42","049","011900",6605,41.923635,-79.639118,"Census Tract 119, Erie County, Pennsylvania",69800,2680,142,5.8,2.69,2.35,0.5,2.1,4.1,3.7,12.3,10.3,11.5,15.3,40.2,0.6,9.7,29.9,44.8,11.2,3.8,54.7,45.3,30071,42148
"9499",42049012001,"42","049","012001",2728,41.924767,-79.832245,"Census Tract 120.01, Erie County, Pennsylvania",123300,1056,113,6.3,2.74,3.16,4,4.7,13.2,13.3,17.7,6.1,8,4.5,28.7,0,2.7,17.9,56.1,17.6,5.7,90.3,9.7,54946,61073
"9500",42049012002,"42","049","012002",3320,41.897879,-79.845857,"Census Tract 120.02, Erie County, Pennsylvania",72900,1388,163,6,3.05,2.06,1.2,1.7,5,5.8,4.2,7.8,9.1,11.6,53.5,1.1,15.4,22.5,41.9,14.4,4.7,64.7,35.3,41298,45000
"9501",42049012100,"42","049","012100",7547,41.932969,-79.980836,"Census Tract 121, Erie County, Pennsylvania",127900,2959,263,6,2.84,2.15,4.2,5,18.8,8.5,17,8.4,8.3,3.1,26.7,0.4,7.3,18.8,54.2,16.5,2.8,85.3,14.7,51250,63310
"9502",42049012201,"42","049","012201",6065,41.900819,-80.150715,"Census Tract 122.01, Erie County, Pennsylvania",167500,2280,155,6.3,2.79,3.22,1.9,7,20.4,13.5,22.5,9.3,4.9,2.8,17.7,0,2.7,23.3,51.7,18.3,4,85.6,14.4,71306,77941
"9503",42049012202,"42","049","012202",6438,41.874166,-80.125645,"Census Tract 122.02, Erie County, Pennsylvania",144500,3133,636,4.8,2.68,1.83,1.2,3.7,9,18.4,22.2,13.2,10.8,10.5,11,8.2,17.5,33.7,20.8,19.3,0.5,39.6,60.4,29739,48084
"9504",42049012300,"42","049","012300",7783,42.131726,-79.988936,"Census Tract 123, Erie County, Pennsylvania",149600,2159,113,6.4,2.89,3.1,3.8,8,14.9,9.3,19.5,7.6,20.6,4.8,11.6,0,2.4,18.3,52.1,24.4,2.8,87.3,12.7,63486,73202
"9505",42049012400,"42","049","012400",1461,42.107212,-80.140997,"Census Tract 124, Erie County, Pennsylvania",125700,785,128,4.8,2.37,1.52,0.5,0,9.8,5.7,12.6,19.2,32,10.8,9.3,0,15.4,40.1,34.5,9.3,0.6,69.1,30.9,36492,47727
"9506",42049980109,"42","049","980109",2211,41.87646,-80.361236,"Census Tract 9801.09, Erie County, Pennsylvania",NA,7,0,NA,2,NA,0,0,0,0,100,0,0,0,0,0,0,0,100,0,0,100,0,NA,NA
"9507",42049990000,"42","049","990000",0,42.254058,-80.169937,"Census Tract 9900, Erie County, Pennsylvania",NA,0,0,NA,NA,NA,NA,NA,NA,NA,NA,NA,NA,NA,NA,NA,NA,NA,NA,NA,NA,NA,NA,NA,NA
"9508",42051260100,"42","051","260100",5591,40.115773,-79.840548,"Census Tract 2601, Fayette County, Pennsylvania",83600,2702,290,5.4,2.3,2.02,1,0.6,2.4,5,13.5,15.2,16.2,13.5,32.6,0.1,10.6,39.5,42.6,6,1.3,68.9,31.1,32252,42682
"9509",42051260200,"42","051","260200",4336,40.083305,-79.754173,"Census Tract 2602, Fayette County, Pennsylvania",107100,2099,246,5.6,2.33,2.32,1.2,6.4,16.1,7.9,14.8,8.8,8.3,5.4,31,0.6,11.5,29.2,51.1,6.9,0.8,77.5,22.5,35489,49559
"9510",42051260300,"42","051","260300",3798,40.084821,-79.604138,"Census Tract 2603, Fayette County, Pennsylvania",82200,1635,141,5.6,2.62,2.46,2.2,7.3,9.3,12.2,12.2,7,7.3,6.8,35.7,0,3.6,32.8,52.4,9.1,2.1,80,20,43654,50143
"9511",42051260401,"42","051","260401",2393,40.089063,-79.54643,"Census Tract 2604.01, Fayette County, Pennsylvania",113400,1131,74,5.7,2.68,1.77,2.3,3.3,16,16.3,23.3,10.9,8.6,5.7,13.6,0,1.6,25.6,60.7,10.4,1.8,80.9,19.1,34288,47392
"9512",42051260402,"42","051","260402",4573,40.077114,-79.513804,"Census Tract 2604.02, Fayette County, Pennsylvania",101200,2070,258,5.6,2.46,1.93,0.8,4,18.8,5.7,29.5,11,8.1,5.4,16.7,0,5.5,31.9,56.4,6,0.2,91.7,8.3,48804,54318
"9513",42051260500,"42","051","260500",6519,40.020203,-79.42618,"Census Tract 2605, Fayette County, Pennsylvania",94900,3382,730,5.4,2.57,1.98,2.2,6,13.4,17.9,17.9,10.7,7.5,8.4,16.1,0.1,12.2,25.6,47.4,11,3.6,79.6,20.4,37500,46910
"9514",42051260600,"42","051","260600",4306,40.012498,-79.580494,"Census Tract 2606, Fayette County, Pennsylvania",77300,1959,188,5.7,2.54,2.32,2,1.9,9.7,10,11.2,13,15.8,8,28.4,0.3,5.1,35.4,47.6,9.4,2.2,80.2,19.8,36619,45780
"9515",42051260700,"42","051","260700",3806,40.009476,-79.590968,"Census Tract 2607, Fayette County, Pennsylvania",81600,1864,320,5.8,2.64,2.66,0.5,0.9,4.2,0.8,8.1,6.8,17.3,12.7,48.6,0.4,8.3,28.6,46.2,12.2,4.2,58.2,41.8,39647,45092
"9516",42051260800,"42","051","260800",3886,40.020755,-79.588489,"Census Tract 2608, Fayette County, Pennsylvania",75100,2058,306,5.1,2.11,2.06,1.7,0.7,2.2,8.2,13,7.8,13.3,6.4,46.7,1.4,31.6,24.2,29.7,10.1,3,51.2,48.8,29221,37260
"9517",42051260900,"42","051","260900",4558,40.003754,-79.640384,"Census Tract 2609, Fayette County, Pennsylvania",109500,2037,187,5.9,2.33,2.77,1.9,4.9,8.8,11.1,13.6,7.4,10.9,5.6,35.5,0,4.3,22.3,59.5,12,1.9,77.6,22.4,39681,51141
"9518",42051261000,"42","051","261000",2528,40.007259,-79.734648,"Census Tract 2610, Fayette County, Pennsylvania",72400,1087,102,5.8,2.59,2.28,1.1,1.5,13.3,12.9,19,5.4,6.5,6.7,33.6,0,2.7,38.1,49.8,9.2,0.3,86.9,13.1,40243,47166
"9519",42051261100,"42","051","261100",2556,40.057999,-79.834188,"Census Tract 2611, Fayette County, Pennsylvania",86300,1151,69,6.2,2.82,2.11,5.8,0.8,7.3,7.7,13.2,7.8,10.3,10.3,36.7,0.7,4,27.5,45.8,15.7,6.3,83.6,16.4,52639,56947
"9520",42051261200,"42","051","261200",2331,40.018313,-79.890831,"Census Tract 2612, Fayette County, Pennsylvania",53400,1423,327,5.2,2.15,1.83,0,3.5,5.7,2.4,3.6,9.3,10.4,11.1,54,4.1,23.6,29,35.6,6.5,1.1,54,46,22434,31163
"9521",42051261300,"42","051","261300",6648,39.992123,-79.932989,"Census Tract 2613, Fayette County, Pennsylvania",67300,2440,432,5.7,2.49,1.71,0.6,0,2.4,10.5,15.8,1.7,12.1,11.6,45.3,0,4.4,47.6,29.7,11,7.3,84.2,15.8,39471,44993
"9522",42051261401,"42","051","261401",2518,39.956375,-79.865209,"Census Tract 2614.01, Fayette County, Pennsylvania",47200,1358,338,5.8,2.63,2.8,1.1,0,2.7,2.5,7.4,6.2,6.8,5.7,67.5,1.5,4.8,36,35.8,18.6,3.2,76.2,23.8,25703,28059
"9523",42051261402,"42","051","261402",3048,39.997455,-79.844219,"Census Tract 2614.02, Fayette County, Pennsylvania",63900,1463,257,6,2.56,1.6,0,2.3,12.2,5.2,7.8,2.1,7.8,5.3,57.3,0,0,28.6,52,18.6,0.8,82.6,17.4,29750,40336
"9524",42051261500,"42","051","261500",4205,39.942626,-79.800087,"Census Tract 2615, Fayette County, Pennsylvania",78700,2051,279,5.6,2.26,2.88,2.8,5.9,6.7,7.1,10.5,5.9,4.3,5.6,51.1,0.9,2.1,31.7,48.8,13.8,2.6,80,20,40111,46815
"9525",42051261600,"42","051","261600",2815,39.935119,-79.698423,"Census Tract 2616, Fayette County, Pennsylvania",91700,1203,136,5.3,2.64,2,1.2,8.1,8.5,10.2,12.2,12.7,10.3,9.1,27.7,2.2,11.1,33.9,41.3,9.3,2.1,80.2,19.8,41938,54521
"9526",42051261700,"42","051","261700",2918,39.917788,-79.720969,"Census Tract 2617, Fayette County, Pennsylvania",63400,1297,136,5,2.37,2,3.2,3.9,16.1,10.7,14.5,5.5,15.5,8.6,22,0,12.7,34,47.6,3.9,1.7,65.2,34.8,28005,39674
"9527",42051261800,"42","051","261800",3639,39.89857,-79.699723,"Census Tract 2618, Fayette County, Pennsylvania",78700,1785,157,5.4,2.38,1.86,0,1.3,2.8,7.3,16.8,9.1,24.4,13.4,24.9,0,13.3,33.2,41.5,10.8,1.2,66.8,33.2,34580,41160
"9528",42051261900,"42","051","261900",3484,39.905762,-79.725354,"Census Tract 2619, Fayette County, Pennsylvania",83900,1844,336,4.6,2.76,1.69,0,0,2.5,4.2,9.6,4.2,10.5,9.9,59.1,6.5,28.1,27.4,24.4,11.4,2.2,40.3,59.7,24103,49861
"9529",42051262000,"42","051","262000",4915,39.887529,-79.74918,"Census Tract 2620, Fayette County, Pennsylvania",160800,2017,164,6.6,2.52,2.13,1.3,3.4,17.4,14.5,18.3,8.3,17.2,1.8,17.8,1.9,5.7,24.6,46,19.6,2.2,79.6,20.4,66339,77481
"9530",42051262100,"42","051","262100",2524,39.892922,-79.743207,"Census Tract 2621, Fayette County, Pennsylvania",93500,1155,66,5.7,2.19,2.81,4.8,0,2,6.6,8.6,17,14.5,19.4,27.2,0,6.1,36.4,36.7,20.9,0,67.2,32.8,34665,44094
"9531",42051262200,"42","051","262200",3302,39.894975,-79.731638,"Census Tract 2622, Fayette County, Pennsylvania",89000,1646,161,5.8,2.42,1.8,1.2,0,0.5,0.6,10.9,10.9,13.1,12.6,50.1,0.5,14.5,40.2,33.1,9.7,2,57.6,42.4,37218,60012
"9532",42051262300,"42","051","262300",3589,39.899308,-79.713605,"Census Tract 2623, Fayette County, Pennsylvania",49600,1640,341,5.8,3.13,2.55,1,0,0.6,5.4,7.1,17.9,11.7,11.8,44.4,1.9,11.5,24.8,43.3,17.3,1.2,47.1,52.9,27813,38650
"9533",42051262400,"42","051","262400",3240,39.871353,-79.709639,"Census Tract 2624, Fayette County, Pennsylvania",130300,1485,112,5.8,2.65,1.79,8.3,5.6,3.5,6,13.3,13.7,10.4,16,23.2,1.8,3.2,31.9,46.1,15.7,1.3,70.2,29.8,47869,60844
"9534",42051262500,"42","051","262500",3355,39.911921,-79.658952,"Census Tract 2625, Fayette County, Pennsylvania",78400,1470,104,5.5,2.68,2.74,2.9,0,11.8,4,13.5,8.6,10.1,16.9,32.2,0,2.5,34.6,49.7,11.8,1.3,71.4,28.6,44321,50976
"9535",42051262600,"42","051","262600",3000,39.968129,-79.602874,"Census Tract 2626, Fayette County, Pennsylvania",63800,1370,63,5.4,2.62,2.07,1,4.3,9.3,11.5,14.6,2.6,10.1,7.5,39.1,0.7,9.9,37.4,43.4,7.3,1.2,79.6,20.4,32219,43105
"9536",42051262701,"42","051","262701",3575,39.804297,-79.580941,"Census Tract 2627.01, Fayette County, Pennsylvania",130800,1592,347,5.6,2.59,2.1,3.7,3.1,18.3,10.1,26.7,4.6,10.6,4.3,18.7,0,2.4,43.6,41.4,12.6,0,74.6,25.4,44625,50489
"9537",42051262702,"42","051","262702",3140,39.790888,-79.462407,"Census Tract 2627.02, Fayette County, Pennsylvania",90600,1672,533,5.1,2.42,2.67,0.5,3.9,10.8,15.1,20.1,12.3,15.9,7.4,13.9,4.9,13.3,30.6,41,7.8,2.3,75.1,24.9,38105,50499
"9538",42051262800,"42","051","262800",7128,39.833531,-79.761934,"Census Tract 2628, Fayette County, Pennsylvania",79100,2919,259,6,2.71,2.69,2.3,5.6,12.3,5.7,17.1,7.6,7.8,6.5,35.1,1.2,3.3,25.9,49.8,14.3,5.5,77.3,22.7,33365,42582
"9539",42051262900,"42","051","262900",5097,39.887005,-79.865005,"Census Tract 2629, Fayette County, Pennsylvania",76400,2174,280,5.6,2.73,2.49,2.3,0.5,11.9,4.5,10.3,7.8,7,5.4,50.4,1.8,3.8,32.4,40.1,18,3.8,80.3,19.7,29194,45923
"9540",42051263000,"42","051","263000",3450,39.847275,-79.903916,"Census Tract 2630, Fayette County, Pennsylvania",74300,1698,170,5.6,2.15,2.38,0,0.5,4.3,4.3,14.7,7.8,19.9,19.1,29.3,2.7,6.2,36.6,44.2,9.2,1.2,61.3,38.7,30565,44076
"9541",42051263100,"42","051","263100",5871,39.767565,-79.869863,"Census Tract 2631, Fayette County, Pennsylvania",76000,2379,213,5.9,2.57,2.77,1.1,4.4,9.4,12.6,11.1,3.5,3.7,11.5,42.8,0.7,5.3,24.8,52.2,14.5,2.5,76.5,23.5,40408,51809
"9542",42051263200,"42","051","263200",2334,39.7918,-79.798417,"Census Tract 2632, Fayette County, Pennsylvania",82000,1104,122,5.5,2.36,2.37,0.4,0.8,14.4,19,23.3,9,4.1,4.4,24.6,0.7,5.8,33.9,45.9,12,1.7,74.9,25.1,34477,45313
"9543",42051263300,"42","051","263300",1630,40.040467,-79.659298,"Census Tract 2633, Fayette County, Pennsylvania",72500,725,124,5.8,2.45,2.23,0.6,2.3,9.4,1.9,7.7,2.1,5.9,5.1,65,0.8,5.5,31.4,52.3,9.4,0.6,78.9,21.1,35967,43209
"9544",42053530100,"42","053","530100",4395,41.471912,-79.113911,"Census Tract 5301, Forest County, Pennsylvania",85300,3161,2388,4.5,2.59,2.22,3.2,5.1,8.1,10.8,16.1,16.5,13.6,5.3,21.3,4.3,17.1,36.3,32.8,6.5,3,84.5,15.5,37604,43895
"9545",42053530201,"42","053","530201",1461,41.465081,-79.417137,"Census Tract 5302.01, Forest County, Pennsylvania",84300,2092,1521,4,2.5,1.86,0.1,1.8,4.6,11.6,44.5,13.3,10.1,3.2,10.9,4.4,28.1,43.2,18.7,4.9,0.7,84.1,15.9,38594,46619
"9546",42053530300,"42","053","530300",1860,41.559759,-79.403264,"Census Tract 5303, Forest County, Pennsylvania",71800,3530,2884,3.9,2.7,3.96,0.5,2.3,4.2,14.3,44.2,15,7.8,4.3,7.1,4.3,31.8,43.8,15.1,4,1.1,89.6,10.4,32885,40895
"9547",42055010100,"42","055","010100",4414,40.124352,-77.777882,"Census Tract 101, Franklin County, Pennsylvania",138300,1932,305,5.8,2.66,2.79,3,5.7,14.6,14.3,12.9,15.6,7.9,4.1,21.8,1.8,5.7,26.3,45.2,14.6,6.4,82.5,17.5,46101,59313
"9548",42055010200,"42","055","010200",4469,40.078315,-77.655478,"Census Tract 102, Franklin County, Pennsylvania",172200,1768,169,6.3,2.73,2.94,4,5.9,14.2,15,23.8,10.5,7.8,3.1,15.7,0.9,3.5,17.5,54.2,17.5,6.4,82.5,17.5,51006,62090
"9549",42055010300,"42","055","010300",9325,40.036985,-77.549653,"Census Tract 103, Franklin County, Pennsylvania",160500,3610,163,6,2.67,2.57,8.1,14.8,12,8.1,15.2,12.1,10.8,6.1,12.8,0,7.6,26.4,48.4,13.9,3.6,79.5,20.5,57514,65645
"9550",42055010400,"42","055","010400",8271,39.975098,-77.618386,"Census Tract 104, Franklin County, Pennsylvania",182900,3542,270,5.9,2.55,2.38,9,8,23.7,14.4,17.9,8.6,4.8,1.8,11.9,1.9,6.2,25.8,45.8,17.9,2.5,76.1,23.9,54955,65353
"9551",42055010500,"42","055","010500",8429,39.928512,-77.549151,"Census Tract 105, Franklin County, Pennsylvania",174700,3283,196,6.3,2.55,2.24,8,9.6,16.9,11.8,12.3,9.4,8.3,7.2,16.5,0,3.2,18.6,52.5,22.2,3.6,81.9,18.1,54383,70757
"9552",42055010600,"42","055","010600",6427,39.917619,-77.597378,"Census Tract 106, Franklin County, Pennsylvania",185800,2655,46,6.2,2.41,2.3,5,9.6,13.7,17.1,13.4,18.7,17.1,1.8,3.5,0,2.9,22.3,53.5,19.2,2.1,82.2,17.8,55250,68869
"9553",42055010700,"42","055","010700",8104,39.873957,-77.600932,"Census Tract 107, Franklin County, Pennsylvania",226200,3466,227,6.4,2.5,2.23,5.1,14.7,15.2,15.9,13.9,11.5,4,6.1,13.5,1.8,3.7,16.8,54.1,16.2,7.4,83.5,16.5,59358,71224
"9554",42055010800,"42","055","010800",3754,39.920946,-77.652227,"Census Tract 108, Franklin County, Pennsylvania",159100,1866,7,5.6,1.95,1.55,0,2.9,15.9,18.8,15.5,13.8,12.2,15.1,5.8,0,16.3,34,35.8,11.8,2.1,62.2,37.8,41993,52506
"9555",42055010900,"42","055","010900",4537,39.933265,-77.65142,"Census Tract 109, Franklin County, Pennsylvania",162100,2043,98,5.8,2.35,2.47,6.6,9.1,7.9,1.3,2.2,0.5,15.8,8.4,48.3,0,14,33.7,31.8,19.5,1,58.6,41.4,38040,52187
"9556",42055011000,"42","055","011000",4888,39.927486,-77.667633,"Census Tract 110, Franklin County, Pennsylvania",175300,2171,346,4.7,2.49,2.72,7.2,7.2,15.4,4.3,14.9,3.6,3.2,4.8,39.3,4.6,23,27.7,38.4,5.2,1.2,35.4,64.6,33473,42819
"9557",42055011100,"42","055","011100",4131,39.950983,-77.64328,"Census Tract 111, Franklin County, Pennsylvania",144900,1780,185,5.3,2.32,2.3,11.3,7.7,15.8,9.2,1.3,6.1,6.7,6.8,35,1.7,13.4,35.3,36.8,10.2,2.6,39.9,60.1,46096,54221
"9558",42055011200,"42","055","011200",2958,39.941095,-77.666973,"Census Tract 112, Franklin County, Pennsylvania",134700,1317,190,5,2.39,2.33,0,2.6,2.6,9.6,3.1,2,19.4,13.1,47.6,0.8,26.2,32.5,29.1,9.4,2.1,34.2,65.8,27775,35337
"9559",42055011301,"42","055","011301",5111,39.910908,-77.713522,"Census Tract 113.01, Franklin County, Pennsylvania",176700,2135,210,6.1,2.56,2.3,6.2,4.3,25.9,16.2,16.3,16.1,4.2,2.5,8.4,0,3.2,27.6,51.9,14.6,2.7,84.8,15.2,49926,70031
"9560",42055011302,"42","055","011302",5677,39.955992,-77.702341,"Census Tract 113.02, Franklin County, Pennsylvania",180500,2494,205,6.4,2.59,2.35,7.3,3.8,17.2,16.1,27.1,11.3,9.8,2.6,4.6,0.4,9.3,18.1,45,22.3,4.9,71.4,28.6,50455,58835
"9561",42055011400,"42","055","011400",5935,39.917227,-77.781505,"Census Tract 114, Franklin County, Pennsylvania",160200,2437,180,6.2,2.65,2.44,2.1,6.9,9,10.2,21.2,10.6,11.9,6.7,21.5,0.5,3,24.7,49.6,17.8,4.3,89.1,10.9,50741,58836
"9562",42055011500,"42","055","011500",5991,39.860509,-77.890168,"Census Tract 115, Franklin County, Pennsylvania",166700,2716,288,5.9,2.53,2.41,4,2.5,12.3,5.5,11.9,11.8,11.7,5.7,34.5,1.9,6.3,24.2,49.4,14.2,4,68.9,31.1,46745,53041
"9563",42055011600,"42","055","011600",6485,39.776489,-77.887916,"Census Tract 116, Franklin County, Pennsylvania",197800,2585,259,6.5,2.65,2.94,7.5,7.5,12.6,7.6,17.7,7,9.1,2.4,28.6,0,1.5,19.5,47.3,22.4,9.4,83.8,16.2,58536,73990
"9564",42055011700,"42","055","011700",8166,39.775543,-77.75946,"Census Tract 117, Franklin County, Pennsylvania",206800,3140,114,6.3,2.71,2.88,8.2,12,21.9,13.8,15.6,6.5,7.7,2.6,11.7,0,1.2,19.5,52.3,21.5,5.4,85.2,14.8,66376,71576
"9565",42055011800,"42","055","011800",3996,39.789822,-77.727017,"Census Tract 118, Franklin County, Pennsylvania",216800,1991,90,5.6,2.33,1.79,5.2,5.3,10.3,17.8,11.4,10.1,8.5,3.7,27.6,3.9,13.1,32.5,35.6,11.6,3.3,56.9,43.1,47788,81854
"9566",42055011900,"42","055","011900",6727,39.77366,-77.694039,"Census Tract 119, Franklin County, Pennsylvania",199500,2498,94,6.5,2.81,1.85,7.2,7,22.7,15.8,15.7,8.6,9.8,1,12.2,1,0,15,61.4,17.4,5.2,85.2,14.8,67500,77795
"9567",42055012000,"42","055","012000",7246,39.821519,-77.557084,"Census Tract 120, Franklin County, Pennsylvania",166400,2569,157,6,2.77,2.02,4.4,5.2,12.3,10.8,18.6,12.4,7.4,9.5,19.5,0.5,3.8,35.8,42.4,14.1,3.4,75.1,24.9,48633,57990
"9568",42055012100,"42","055","012100",4018,39.744169,-77.585051,"Census Tract 121, Franklin County, Pennsylvania",204000,1597,89,5.6,2.5,2.6,10.3,9.8,16.6,11.2,12.9,13,9.8,4.8,11.7,0,1,28.8,53.7,15.2,1.3,78,22,52692,63489
"9569",42055012200,"42","055","012200",3520,39.754683,-77.5888,"Census Tract 122, Franklin County, Pennsylvania",158300,1628,137,5.7,2.4,2.51,4.6,4.6,7.7,4.1,6.9,9.8,16.6,12.1,33.5,0.6,7.7,32.7,46,12.2,0.8,66.9,33.1,44484,51089
"9570",42055012300,"42","055","012300",4296,39.759953,-77.577975,"Census Tract 123, Franklin County, Pennsylvania",153400,1971,261,5.3,2.67,1.85,6.2,8.3,4,11.3,10,9.6,9.1,8.7,32.8,1.7,24.8,24.5,37.2,8.7,3.1,52.1,47.9,38750,46281
"9571",42055012400,"42","055","012400",2752,39.750301,-77.580393,"Census Tract 124, Franklin County, Pennsylvania",179800,1235,88,5.7,2.68,2.48,2.7,0.6,2.8,4.4,8.9,2.6,11,11.7,55.3,2.1,19.3,29.7,30,10.4,8.5,43.3,56.7,42599,52365
"9572",42055012501,"42","055","012501",6259,39.75945,-77.543115,"Census Tract 125.01, Franklin County, Pennsylvania",230600,2531,68,6.8,2.56,3.19,12,7.5,19.3,14.2,17.6,11.2,6.4,3.6,8.3,0,2.2,17.3,46.7,30,3.7,89,11,68482,83142
"9573",42055012502,"42","055","012502",3732,39.728783,-77.500636,"Census Tract 125.02, Franklin County, Pennsylvania",168200,1643,129,5.7,2.52,1.86,1.5,7,6.9,4.9,16.4,10.3,13,9.6,30.2,1.3,13.3,30.6,40,10.1,4.7,73.1,26.9,57973,62222
"9574",42057960100,"42","057","960100",4689,39.924141,-77.998129,"Census Tract 9601, Fulton County, Pennsylvania",159600,2320,332,5.6,2.39,2.14,2.9,5.6,10.2,17.2,21.6,10.3,9.1,5.9,17.2,1.5,5.9,28.9,49.9,9.8,4,66.4,33.6,41316,54263
"9575",42057960200,"42","057","960200",5396,40.017993,-78.077392,"Census Tract 9602, Fulton County, Pennsylvania",149100,2659,509,6,2.49,2.92,3,4.6,13.5,12.5,22.6,6.5,6.6,5.1,25.6,1.1,4.4,20.9,50.8,16,6.7,82.3,17.7,44070,53257
"9576",42057960300,"42","057","960300",4760,39.802764,-78.183335,"Census Tract 9603, Fulton County, Pennsylvania",179700,2147,356,6.2,2.66,2.3,3.7,6.2,11.3,12.3,16.2,12,5.3,3.5,29.4,0.2,4.8,21.7,49,18.3,6,84.8,15.2,53021,59594
"9577",42059970100,"42","059","970100",7106,39.89558,-79.968971,"Census Tract 9701, Greene County, Pennsylvania",98800,3412,519,5.5,2.5,2.16,1.2,6.7,3.2,13.4,13.7,6.1,13.6,16.6,25.6,0.6,8.4,37.5,40.7,8.9,3.8,76.7,23.3,40015,52262
"9578",42059970200,"42","059","970200",3085,39.937741,-80.035064,"Census Tract 9702, Greene County, Pennsylvania",83800,1459,182,5.8,2.37,3.16,1.4,3.8,5.9,8.9,13.7,6.8,11,8.8,39.7,0.7,7,31.1,49.3,9.2,2.7,85,15,44145,55432
"9579",42059970300,"42","059","970300",4733,39.956316,-80.148185,"Census Tract 9703, Greene County, Pennsylvania",80800,2134,332,5.8,2.7,2.45,1.5,4,12.9,9.9,15.1,3,6.1,8.5,38.9,0,5.5,32.6,50.4,9.1,2.4,83.2,16.8,43723,56610
"9580",42059970400,"42","059","970400",4290,39.847264,-80.383112,"Census Tract 9704, Greene County, Pennsylvania",88600,2168,529,5.9,2.44,2.82,3.4,4.6,11,9.8,16,7.4,4.4,2.8,40.8,0.9,5,32.7,44.6,13.9,2.9,78.1,21.9,45521,59789
"9581",42059970501,"42","059","970501",4395,39.898449,-80.142271,"Census Tract 9705.01, Greene County, Pennsylvania",154400,955,122,6,2.77,1.84,4.3,16.3,5.3,9,9.9,4.6,31,7,12.5,0,12.8,21.4,37.3,23.4,5.2,65.3,34.7,43750,66733
"9582",42059970502,"42","059","970502",3979,39.874154,-80.162136,"Census Tract 9705.02, Greene County, Pennsylvania",72000,1664,87,5.3,2.39,2.32,1.8,5.9,10.6,19.5,21.2,13.8,3.4,4.3,19.4,0.6,6.3,41.1,42.8,7.5,1.7,68,32,46541,55388
"9583",42059970600,"42","059","970600",4176,39.898197,-80.185793,"Census Tract 9706, Greene County, Pennsylvania",80500,1598,234,5.3,2.61,2.49,0,0,5.4,5.6,3.5,10.8,10,17.5,47.1,0,27.7,24.5,32.9,13.1,1.8,47.5,52.5,35486,45899
"9584",42059970700,"42","059","970700",2718,39.753123,-80.160727,"Census Tract 9707, Greene County, Pennsylvania",88100,1245,164,5.9,2.43,2.57,3.9,5.5,10.6,15.4,12.9,5.1,9.7,8.8,28,1.7,4.5,31.1,51.6,10.4,0.7,76.5,23.5,43447,53254
"9585",42059970800,"42","059","970800",4204,39.776465,-79.960216,"Census Tract 9708, Greene County, Pennsylvania",56700,1884,248,5.4,2.48,2.81,0.3,3.2,8.7,10.4,10.5,5.7,9.7,9.9,41.7,0.3,6.3,36.8,45.8,10.4,0.5,80.7,19.3,41991,53630
"9586",42061950100,"42","061","950100",1803,40.629062,-77.872222,"Census Tract 9501, Huntingdon County, Pennsylvania",152000,1222,525,5.5,2.58,2.1,1.6,5.1,12.1,17.2,23.2,6.7,4.5,2.6,27,5.9,14.1,23.1,41.4,11.2,4.3,87.2,12.8,52969,59329
"9587",42061950200,"42","061","950200",3573,40.662013,-78.107667,"Census Tract 9502, Huntingdon County, Pennsylvania",157000,1704,267,6.1,2.5,2.78,3.8,4.4,14.4,10.7,14,6,5.1,3.2,38.3,1.8,6.7,24.5,44.2,19,3.9,82.7,17.3,54915,63445
"9588",42061950300,"42","061","950300",7862,40.519115,-78.0517,"Census Tract 9503, Huntingdon County, Pennsylvania",106200,2140,271,6,2.64,2,1.9,2.7,8.2,10.9,15,5.6,7.9,5,43,1,5.7,27,49.7,12.5,4.1,77.8,22.2,43444,56504
"9589",42061950400,"42","061","950400",7093,40.495979,-78.01376,"Census Tract 9504, Huntingdon County, Pennsylvania",130400,2891,205,5.9,2.47,1.69,0.4,3.6,5.2,3.8,9,7.2,13.9,9,48,0.3,20.8,19.9,37.9,13.4,7.7,53.5,46.5,37571,46583
"9590",42061950500,"42","061","950500",3510,40.496103,-77.933295,"Census Tract 9505, Huntingdon County, Pennsylvania",104400,1735,311,5.8,2.49,2.64,1.6,2.4,10.3,12.1,21,11,10.7,9.5,21.6,2.1,5.2,32.3,43.3,12.9,4.1,84.2,15.8,43953,53792
"9591",42061950600,"42","061","950600",4120,40.431758,-78.098358,"Census Tract 9506, Huntingdon County, Pennsylvania",155200,2352,756,5.8,2.51,2.41,3.7,7.7,18.2,16.8,19.3,7,8.1,3,16.3,3.2,5.7,23.7,49.7,14.8,2.8,86.3,13.7,51076,61771
"9592",42061950800,"42","061","950800",3684,40.318621,-78.023659,"Census Tract 9508, Huntingdon County, Pennsylvania",107700,2333,936,5.6,2.82,2.51,2.1,7,16.9,14.3,21.8,4.6,3.7,7.1,22.5,3.7,3,26.2,53.2,11.4,2.5,87.5,12.5,48040,57734
"9593",42061950900,"42","061","950900",2447,40.383591,-77.883477,"Census Tract 9509, Huntingdon County, Pennsylvania",70400,1330,169,5.5,2.42,1.88,0.3,4.6,2.3,8,10.7,8.2,18.7,10.5,36.6,1.7,13.5,25.3,47.7,10,1.7,54.8,45.2,30494,38534
"9594",42061951000,"42","061","951000",2674,40.338192,-77.876846,"Census Tract 9510, Huntingdon County, Pennsylvania",75600,1650,485,5.4,2.4,1.57,6.7,5,17.4,12.9,17.6,11.5,5.3,5,18.5,2.2,4.7,30.4,49.5,10.2,3,88,12,35795,46987
"9595",42061951100,"42","061","951100",2057,40.184205,-77.83197,"Census Tract 9511, Huntingdon County, Pennsylvania",133100,979,304,6.1,2.67,3.07,3.1,6.3,7.6,8.6,25.1,5.1,7.3,3.3,33.7,3.1,2.2,24.5,44.5,18.6,7,91.3,8.7,50139,55997
"9596",42061951200,"42","061","951200",4679,40.209288,-77.949777,"Census Tract 9512, Huntingdon County, Pennsylvania",109100,2703,824,5.7,2.51,1.98,1.5,5.4,10.2,13.3,21.9,7,6.8,5.6,28.4,3.7,7.3,29,43.5,13.1,3.3,80.6,19.4,39397,52998
"9597",42061951300,"42","061","951300",2411,40.214629,-78.167393,"Census Tract 9513, Huntingdon County, Pennsylvania",84100,1282,477,5.6,2.54,2.1,1.7,5.9,12,7.4,19.8,6.6,4.9,6.1,35.6,2.5,4.4,33.9,43,15.1,1.2,85.5,14.5,37014,46147
"9598",42063960100,"42","063","960100",4196,40.872041,-78.951894,"Census Tract 9601, Indiana County, Pennsylvania",86400,1795,358,6,2.63,2.61,1.9,2.5,11.4,10.3,19.2,6.7,5.7,6.2,36.1,1.3,7.6,21.2,49.7,16.8,3.4,83.5,16.5,39974,48902
"9599",42063960200,"42","063","960200",5079,40.815509,-79.127064,"Census Tract 9602, Indiana County, Pennsylvania",102600,1904,259,6.3,3.04,2.48,4.5,4.7,9.7,13.9,19.5,8.1,5.1,5.3,29.2,0,8.4,20.6,45.7,14.4,10.9,83.3,16.7,38958,49789
"9600",42063960300,"42","063","960300",2673,40.761338,-78.879329,"Census Tract 9603, Indiana County, Pennsylvania",78100,1249,130,5.7,2.62,2.39,1.7,3.2,9.4,15,18.5,7.8,3.7,4.3,36.3,2.1,7.1,24.7,46.7,15.9,3.4,77.5,22.5,38882,47856
"9601",42063960400,"42","063","960400",3839,40.702046,-78.927378,"Census Tract 9604, Indiana County, Pennsylvania",89700,1549,159,5.9,2.71,2.92,2.6,3.2,9.6,15.4,23.4,3.6,3.6,5.2,33.4,0,0.5,37.4,40.1,17.9,4.2,76.2,23.8,41691,55991
"9602",42063960500,"42","063","960500",3454,40.703762,-79.096515,"Census Tract 9605, Indiana County, Pennsylvania",133400,1399,160,6.5,2.67,2.54,0,2,5.7,10.9,22,16.5,4.1,4.1,34.7,1.6,2.1,12.6,58.3,21.9,3.4,85.6,14.4,60707,71369
"9603",42063960600,"42","063","960600",5245,40.670357,-79.242911,"Census Tract 9606, Indiana County, Pennsylvania",104200,2278,172,5.9,2.66,2.07,2.4,7.5,14.4,19.1,24.3,10.1,3.7,3.4,15.2,0.5,3.3,27.8,52.7,13.8,1.8,84.9,15.1,51098,59631
"9604",42063960700,"42","063","960700",7141,40.61737,-79.187172,"Census Tract 9607, Indiana County, Pennsylvania",179500,3499,71,5.1,2.22,1.72,7,9.9,18.5,21.3,28.3,6.5,4.3,0.9,3.3,3.8,14.7,35.2,32.4,11.1,2.8,47.4,52.6,40984,58603
"9605",42063960800,"42","063","960800",3917,40.598773,-79.151865,"Census Tract 9608, Indiana County, Pennsylvania",157900,1734,121,6.5,2.56,2.17,4.1,8.5,16.6,15.6,22.4,13.1,8.7,5.8,5.3,0,2.4,16.6,54,24.9,2.1,82.1,17.9,66607,86380
"9606",42063960900,"42","063","960900",4763,40.641759,-79.126004,"Census Tract 9609, Indiana County, Pennsylvania",124200,1813,183,6.1,2.3,1.44,4.7,4.1,10.4,18.1,14.3,14.3,11.2,13.1,9.8,0,10.8,20,51.4,14,3.9,78.8,21.2,46645,66988
"9607",42063961000,"42","063","961000",2188,40.625589,-79.157744,"Census Tract 9610, Indiana County, Pennsylvania",114800,1132,93,5.8,2.29,2.45,0,0,13.7,4.1,4.4,6.8,16.3,12.1,42.6,2.2,21.6,20.7,31.2,17.5,6.8,46.4,53.6,34440,51098
"9608",42063961101,"42","063","961101",6480,40.61957,-79.158603,"Census Tract 9611.01, Indiana County, Pennsylvania",89800,2570,346,4.3,2.59,2.1,1.1,1.6,4,5.3,18.2,15.6,12,16.5,25.8,10.4,22.2,24.6,30.8,9,3,28,72,13914,30805
"9609",42063961102,"42","063","961102",2873,40.617475,-79.157016,"Census Tract 9611.02, Indiana County, Pennsylvania",121900,649,180,2.6,1.43,1.66,13.1,36.4,21.4,8.9,9.9,4.3,0.5,4.2,1.4,20.5,27.4,39.8,6.8,3.2,2.3,1.5,98.5,7612,8093
"9610",42063961200,"42","063","961200",2434,40.622438,-79.144031,"Census Tract 9612, Indiana County, Pennsylvania",99300,1178,86,6,2.2,2.15,0,0,3.7,7.2,8.5,15.8,13.8,12.9,38.2,3.1,7.2,26.2,46.4,15.4,1.6,61.3,38.7,51038,56202
"9611",42063961300,"42","063","961300",4122,40.6455,-79.00559,"Census Tract 9613, Indiana County, Pennsylvania",91500,1813,161,5.9,2.53,2.32,1.2,1.5,9,13.1,19.1,6.2,5.6,10.3,33.9,1.3,5.1,27.3,50.8,13.2,2.4,77.5,22.5,45625,52027
"9612",42063961400,"42","063","961400",3361,40.563136,-78.930488,"Census Tract 9614, Indiana County, Pennsylvania",106500,1405,105,5.9,2.58,2.39,4,3.8,12,14.2,19.7,5,6.4,5.6,29.4,1.4,2.1,24.8,58.9,10.8,2,84.1,15.9,47179,54949
"9613",42063961500,"42","063","961500",4172,40.471128,-79.089029,"Census Tract 9615, Indiana County, Pennsylvania",97200,1829,95,5.8,2.63,2.19,2.7,4.9,14.2,15.7,28.2,5.6,7,5.9,15.7,0.4,2.4,27,56.6,11.7,2,90.2,9.8,43474,52314
"9614",42063961600,"42","063","961600",4764,40.541941,-79.176576,"Census Tract 9616, Indiana County, Pennsylvania",99900,1907,119,5.8,2.57,2.93,4.7,6.4,5.1,9.4,14.1,4.8,9.8,2.6,43.1,4.4,2.8,25.6,51.7,15.4,0.1,75,25,39794,51069
"9615",42063961700,"42","063","961700",1707,40.540245,-79.159312,"Census Tract 9617, Indiana County, Pennsylvania",93000,851,19,6.1,2.42,1.81,0,2,9.9,2.4,6.7,9.3,20.6,12.3,36.9,0,6.9,31.6,47.9,11.2,2.4,69.5,30.5,40588,47880
"9616",42063961800,"42","063","961800",1775,40.562861,-79.338638,"Census Tract 9618, Indiana County, Pennsylvania",75900,837,92,5.7,2.38,2.08,2,3.5,8,11.4,17.9,4.8,7.4,5.3,39.8,1.8,1.7,40.4,47.4,6.7,2,82.3,17.7,44792,49239
"9617",42063961900,"42","063","961900",4404,40.498378,-79.36544,"Census Tract 9619, Indiana County, Pennsylvania",96900,1941,184,6,2.41,2.05,1.6,1.7,6.9,15.7,15.9,9.8,7.6,8.1,32.6,0.5,4.1,30.9,47,15.8,1.8,80.1,19.9,42382,53028
"9618",42063962000,"42","063","962000",4393,40.455444,-79.211838,"Census Tract 9620, Indiana County, Pennsylvania",123800,1987,321,5.6,2.43,2.73,13.5,13.1,10.8,7.1,19.3,6.9,15.2,2,12.1,4.7,5.6,18,50.6,17.8,3.3,62.9,37.1,48299,63151
"9619",42063962100,"42","063","962100",3412,40.431753,-79.261727,"Census Tract 9621, Indiana County, Pennsylvania",91500,1739,208,5.9,2.52,1.72,0.6,1,5.7,2.8,7.9,12,11.4,7.3,51.3,2,17.4,28.1,37,11.3,4.1,65.1,34.9,38965,50257
"9620",42063962200,"42","063","962200",2488,40.442563,-79.013648,"Census Tract 9622, Indiana County, Pennsylvania",95400,1164,42,5.8,2.29,2.18,1.1,3.2,9.4,9,26.4,10.2,10.8,8.8,21,0.5,3.3,22.3,57.9,11.8,4.2,87.8,12.2,37366,45727
"9621",42065950100,"42","065","950100",2072,41.247879,-78.792406,"Census Tract 9501, Jefferson County, Pennsylvania",78000,1022,83,6.4,2.48,1.81,0,1.3,1.3,2.9,9.8,4.9,14.9,12.6,52.3,0,8.6,28.1,45.5,15.2,2.6,59.7,40.3,31953,50984
"9622",42065950200,"42","065","950200",3190,41.259189,-78.849019,"Census Tract 9502, Jefferson County, Pennsylvania",89500,2411,1249,5.4,2.69,2.5,2.1,3.8,11,14.5,26.8,8.8,11.5,5.1,16.5,2.5,13.2,29.2,41.7,10.6,2.8,88,12,50395,60811
"9623",42065950300,"42","065","950300",5565,41.199464,-78.929199,"Census Tract 9503, Jefferson County, Pennsylvania",89300,2847,785,5.9,2.54,2.68,2.7,2.5,10.3,12.7,15.8,9.1,10.9,7.3,28.7,2.4,8.3,28.3,44.2,13.6,3.2,84.2,15.8,40900,50229
"9624",42065950400,"42","065","950400",1913,41.164907,-79.079824,"Census Tract 9504, Jefferson County, Pennsylvania",107400,953,19,6.2,2.36,1.87,0,2.3,2.6,5.8,18.5,5.5,14.3,6.4,44.7,0,9.5,28.5,31.6,22.6,7.8,71.1,28.9,42206,80551
"9625",42065950500,"42","065","950500",2011,41.1553,-79.079379,"Census Tract 9505, Jefferson County, Pennsylvania",77200,1021,139,5.8,2.46,1.58,4.7,4,16,1.5,10.7,3,8.2,8.2,43.7,0,16.3,23.5,41.9,11.2,7.1,60.1,39.9,42273,45642
"9626",42065950600,"42","065","950600",5837,41.14233,-79.103054,"Census Tract 9506, Jefferson County, Pennsylvania",83200,2585,287,6.2,2.48,2.51,2.6,3.4,6.9,10.8,13.7,5.6,7.9,7.4,41.6,0.7,3.9,25.4,51.5,15.8,2.6,82.5,17.5,41512,50338
"9627",42065950700,"42","065","950700",2759,41.094771,-78.886491,"Census Tract 9507, Jefferson County, Pennsylvania",61800,1243,167,6.1,2.64,2.38,1.9,2.6,3,3.9,12,6.4,7.2,10.6,52.5,0.8,12,28.1,40.5,15.7,3,64.3,35.7,38224,42024
"9628",42065950800,"42","065","950800",3779,41.076493,-78.857108,"Census Tract 9508, Jefferson County, Pennsylvania",76500,1907,282,5.9,2.41,2,1.2,1.3,8.2,11.4,21.1,9.1,8.9,5.7,33.2,0.8,6.3,20.9,54.3,15,2.6,83.4,16.6,37306,45462
"9629",42065950900,"42","065","950900",4077,40.991333,-79.111659,"Census Tract 9509, Jefferson County, Pennsylvania",85800,1991,368,6.2,2.46,2.49,1.7,2.6,9.4,9.3,20.5,8.4,4.5,5.5,38.1,0.3,3.4,23.2,51.3,18.6,3.2,88.6,11.4,44016,52495
"9630",42065951000,"42","065","951000",4230,40.990209,-78.882571,"Census Tract 9510, Jefferson County, Pennsylvania",89900,1688,239,6.2,2.95,2.38,1.2,4.7,13.5,11.7,15.2,5,5.4,5.8,37.5,1.5,4.1,23,48.8,13.2,9.4,82.2,17.8,43508,50331
"9631",42065951100,"42","065","951100",3805,40.952093,-78.959313,"Census Tract 9511, Jefferson County, Pennsylvania",97000,1744,159,6.1,2.51,2.23,0.8,3.7,10.2,12.7,19.8,12.3,10.3,6.5,23.6,0.5,2,26.2,54,15.3,2.1,87.6,12.4,46094,61041
"9632",42065951200,"42","065","951200",3296,40.948496,-78.974018,"Census Tract 9512, Jefferson County, Pennsylvania",72700,1646,202,5.8,2.33,1.99,1.5,1.4,1.9,5.5,20.3,11.3,8.7,10,39.3,2.7,12.9,27.1,43.7,12.3,1.3,55.7,44.3,31371,42047
"9633",42065951300,"42","065","951300",2666,40.941216,-78.974748,"Census Tract 9513, Jefferson County, Pennsylvania",77200,1409,99,5.8,2.31,1.71,0,0.6,2.3,3.5,14.9,4.6,4.5,14.3,55.3,0,23.6,22,35.7,16.5,2.3,53.2,46.8,29122,45009
"9634",42067070100,"42","067","070100",7225,40.615856,-77.329214,"Census Tract 701, Juniata County, Pennsylvania",138800,2908,314,6.2,2.68,2.81,1.7,5,13.2,13.1,21.7,7.6,9.4,4.1,24.3,2.6,8.3,24.4,43.4,14.2,7,71.5,28.5,46912,55404
"9635",42067070201,"42","067","070201",2025,40.393808,-77.616676,"Census Tract 702.01, Juniata County, Pennsylvania",103500,1367,719,5.1,2.44,2.27,1.7,8.6,13.8,13.4,16.2,7,6,4.9,28.4,7.6,12.4,26.3,40.6,11.2,1.9,82.9,17.1,34559,42944
"9636",42067070202,"42","067","070202",6300,40.530812,-77.43052,"Census Tract 702.02, Juniata County, Pennsylvania",125900,2940,516,5.7,2.71,2.21,3.2,4.9,15.6,11.1,16.4,8,8.6,4.7,27.7,2.9,6.8,25,47.2,15.3,2.9,74.1,25.9,43908,51312
"9637",42067070300,"42","067","070300",4982,40.56778,-77.284041,"Census Tract 703, Juniata County, Pennsylvania",134400,2075,177,6,2.7,2.2,2.1,4.3,16.3,15.3,15.3,7.2,7.7,6.3,25.5,0.8,4.6,25.8,49.1,14.9,4.8,82.6,17.4,47297,54530
"9638",42067070400,"42","067","070400",4104,40.648201,-77.088378,"Census Tract 704, Juniata County, Pennsylvania",134900,1647,108,6.3,2.86,2.37,5.6,6.3,10.8,15.1,14.6,8.9,5.3,7.2,26,0.5,5.3,19,50.4,19.8,5,82.3,17.7,51278,58639
"9639",42069100200,"42","069","100200",2642,41.411074,-75.659637,"Census Tract 1002, Lackawanna County, Pennsylvania",48400,1458,231,3.1,1.52,1.49,0,1.1,3.2,23.2,22.4,13.9,7.5,2.6,26,15.8,52.1,19.8,9.5,0.5,2.2,5.3,94.7,19104,22794
"9640",42069100300,"42","069","100300",4453,41.405918,-75.653428,"Census Tract 1003, Lackawanna County, Pennsylvania",120800,908,185,5.5,3.52,3.37,1.2,4.5,1.2,3.9,19.2,3.3,10.7,9.5,46.6,5.6,26.8,15.6,22.1,12.6,17.3,27.2,72.8,25692,43955
"9641",42069100400,"42","069","100400",2165,41.403583,-75.646325,"Census Tract 1004, Lackawanna County, Pennsylvania",111900,973,132,6,2.55,2.54,1.1,0,0,0,4.1,3.7,2.8,7.9,80.4,0,9.9,28.1,37.8,11.1,13.2,52.7,47.3,38176,46649
"9642",42069100500,"42","069","100500",1977,41.408559,-75.63975,"Census Tract 1005, Lackawanna County, Pennsylvania",116000,1026,145,5.9,2.34,1.87,1.8,0,3.4,3,5.7,4.7,4.7,15.7,61.1,0,13.5,20.1,41.6,14,10.7,63,37,41661,49748
"9643",42069100600,"42","069","100600",4170,41.413075,-75.651237,"Census Tract 1006, Lackawanna County, Pennsylvania",115400,1971,433,5.7,2.64,2.41,0,0.5,0,3.1,6.3,0.7,2.9,7.9,78.5,2.2,16.2,25.5,29.4,15.8,10.8,47.2,52.8,32149,46339
"9644",42069100800,"42","069","100800",2975,41.424596,-75.649521,"Census Tract 1008, Lackawanna County, Pennsylvania",138600,1043,158,5.7,2.34,2.03,0,2.6,0,0.4,0,1,8.4,11.2,76.4,5.2,11.4,38.2,32.3,11.6,1.3,48.2,51.8,35820,48372
"9645",42069100900,"42","069","100900",1474,41.432006,-75.652618,"Census Tract 1009, Lackawanna County, Pennsylvania",85900,738,118,5.4,2.34,1.66,0,0,3,0,4.3,5.8,9.2,7.2,70.5,0,12.9,37.3,38.6,5.1,6.1,60.6,39.4,38854,45316
"9646",42069101000,"42","069","101000",3376,41.434024,-75.641045,"Census Tract 1010, Lackawanna County, Pennsylvania",170600,1376,30,6.3,3.16,2.09,0,0,0,2.5,3.1,3.4,15.4,7.8,67.7,0,8.7,22.9,26.3,32.4,9.7,55.7,44.3,51029,65054
"9647",42069101100,"42","069","101100",2592,41.440131,-75.649828,"Census Tract 1011, Lackawanna County, Pennsylvania",81500,1218,195,5.9,2.29,2.43,0,0,1.9,3,0.7,2.9,10.6,6.9,74,4.2,8.7,34.6,38.3,9.4,4.8,62.4,37.6,35929,41651
"9648",42069101200,"42","069","101200",3001,41.449388,-75.657673,"Census Tract 1012, Lackawanna County, Pennsylvania",92700,1318,63,5.6,2.39,2.38,1.1,0.5,7.4,2.5,6.9,27.2,6.4,5.1,42.9,0,11.5,28.5,43,11.2,5.8,59.4,40.6,35966,46772
"9649",42069101300,"42","069","101300",2681,41.436985,-75.663333,"Census Tract 1013, Lackawanna County, Pennsylvania",87000,1291,189,6.1,2.47,1.87,0,0,3.8,0.8,1.5,2.8,12.9,9.1,69.1,4.3,14.7,13,49.2,15.6,3.2,57.8,42.2,37206,49600
"9650",42069101400,"42","069","101400",2855,41.426046,-75.665538,"Census Tract 1014, Lackawanna County, Pennsylvania",88700,1274,163,5.4,2.21,2.6,0,0,1.6,8.6,9.9,3.8,2.4,6.9,66.6,0.6,8.7,39,37.7,9.7,4.3,45.5,54.5,32792,36922
"9651",42069101600,"42","069","101600",2522,41.417797,-75.681489,"Census Tract 1016, Lackawanna County, Pennsylvania",100600,1230,72,5.5,2.45,2.41,0,0,1.9,3.4,1.1,4.9,4.3,13.4,71.1,0,10.7,32.3,38.2,18,0.8,53.3,46.7,38668,47661
"9652",42069101700,"42","069","101700",3034,41.424105,-75.676022,"Census Tract 1017, Lackawanna County, Pennsylvania",123500,1482,184,6,1.98,2.29,0,1.3,0,2.8,4.7,8.1,5.9,9,68.2,0,7.5,26.2,53.2,11.4,1.7,61.9,38.1,43125,56358
"9653",42069101800,"42","069","101800",4789,41.431897,-75.689801,"Census Tract 1018, Lackawanna County, Pennsylvania",164000,1875,145,6.3,2.7,1.75,5.7,12.8,17.9,10.1,11,5,6.8,3.5,27.4,1.9,10.5,22.8,42,17.7,5.1,79.4,20.6,56184,72393
"9654",42069101900,"42","069","101900",1489,41.415881,-75.692113,"Census Tract 1019, Lackawanna County, Pennsylvania",97600,696,144,6.2,2.8,2.05,0,8.2,1,6.9,3.3,5.7,4,9.1,61.8,0,8.9,23,45,21,2.2,80.4,19.6,47734,51215
"9655",42069102000,"42","069","102000",2215,41.413723,-75.685497,"Census Tract 1020, Lackawanna County, Pennsylvania",92100,1077,170,5.8,2.59,2.33,0,0,2.5,5.9,0.7,0,3.6,6.7,80.5,0.8,16.5,13.1,53.7,5.4,10.5,47.6,52.4,35604,41648
"9656",42069102100,"42","069","102100",2439,41.407644,-75.688735,"Census Tract 1021, Lackawanna County, Pennsylvania",102300,1263,159,5.6,2.24,2.56,0,1.8,0.6,0.8,4.7,6.9,4.5,12.8,67.9,0,16.2,30.2,43.6,7.3,2.7,43.9,56.1,37192,40885
"9657",42069102200,"42","069","102200",2330,41.400966,-75.690577,"Census Tract 1022, Lackawanna County, Pennsylvania",110600,1148,122,5.9,2.33,2.38,0,0,6.3,0,9.1,8.4,8.1,5.5,62.5,0,8.4,27.7,46.9,11.8,5.2,61.4,38.6,37385,45021
"9658",42069102300,"42","069","102300",3656,41.406509,-75.679711,"Census Tract 1023, Lackawanna County, Pennsylvania",92500,1867,355,5.2,2.36,2.03,0,0,4.4,2.7,8.7,4.1,5.9,12.3,61.9,2.7,17.5,29.4,43.2,5.4,1.9,50.7,49.3,31280,37955
"9659",42069102500,"42","069","102500",3166,41.399676,-75.662935,"Census Tract 1025, Lackawanna County, Pennsylvania",87500,1624,199,5.1,2.5,1.97,0,0,0,0,1.4,1.5,4.5,3.9,88.7,2.4,21.1,34.2,26.7,5.4,10.2,44.8,55.2,31390,41215
"9660",42069102600,"42","069","102600",2434,41.395952,-75.665951,"Census Tract 1026, Lackawanna County, Pennsylvania",87100,1201,122,5.7,2.44,2.82,0,0.2,1.6,0.8,2,0,3.1,11.1,81.3,0,19.7,27.6,35.1,12.6,4.9,45.8,54.2,30703,34567
"9661",42069102700,"42","069","102700",2747,41.394073,-75.657513,"Census Tract 1027, Lackawanna County, Pennsylvania",111300,1301,158,6.6,2.64,2.22,0,0.9,0.8,2.4,0.6,2.1,14.3,13,65.9,0,6.2,22.5,52.7,13.8,4.8,76.5,23.5,48802,61728
"9662",42069102800,"42","069","102800",3060,41.390703,-75.640954,"Census Tract 1028, Lackawanna County, Pennsylvania",170100,1587,139,5.8,2.43,1.29,1.8,2.3,4.9,14.9,17.5,19.1,18.2,4.8,16.6,0,20.5,22.9,44.5,11.2,0.9,64.1,35.9,51423,68594
"9663",42069102900,"42","069","102900",4160,41.384043,-75.672394,"Census Tract 1029, Lackawanna County, Pennsylvania",110600,1785,268,4.9,2.3,2.17,0,0,2.8,0,14.8,11.1,19.7,11.7,39.8,0.6,19.7,31.7,36.6,7.5,4,40.7,59.3,18508,33865
"9664",42069103000,"42","069","103000",2141,41.389019,-75.676873,"Census Tract 1030, Lackawanna County, Pennsylvania",114100,928,148,6.3,2.78,2.43,0,0,8,3.6,1.1,13.1,8.2,8.4,57.7,0.3,6.9,20.5,51.3,10.5,10.6,69.4,30.6,43375,58917
"9665",42069103100,"42","069","103100",1546,41.380089,-75.694421,"Census Tract 1031, Lackawanna County, Pennsylvania",128700,718,51,6,2.46,2.13,0,1.7,2.2,9.3,16.2,8.8,7.9,15.2,38.7,0,8.1,16.7,60,12,3.2,74.2,25.8,44710,56331
"9666",42069110100,"42","069","110100",2929,41.610328,-75.486511,"Census Tract 1101, Lackawanna County, Pennsylvania",102500,1353,176,6.2,2.48,2.24,1.7,0.8,6.1,6.8,11.8,7.8,8.2,7.4,49.5,1.3,6.7,24.8,49.1,13.4,4.7,72,28,39427,49658
"9667",42069110201,"42","069","110201",4013,41.606837,-75.637564,"Census Tract 1102.01, Lackawanna County, Pennsylvania",215100,2019,419,6.2,2.73,1.85,3.4,4.4,17.2,12.1,15.8,6.2,8.5,2.5,30.1,0.1,5.4,22.8,47.7,19.3,4.7,82.7,17.3,64712,73148
"9668",42069110202,"42","069","110202",4905,41.534862,-75.623072,"Census Tract 1102.02, Lackawanna County, Pennsylvania",181500,2391,224,5.8,2.3,1.91,2.5,3,10.6,17.4,17.4,13.9,10.5,5.1,19.5,0,7.2,21.3,57.1,8.9,5.6,82.6,17.4,49861,73276
"9669",42069110300,"42","069","110300",4035,41.535179,-75.732008,"Census Tract 1103, Lackawanna County, Pennsylvania",182000,1747,150,6.8,2.6,1.99,4.4,1.9,12,8.6,14.1,9,8.2,7.2,34.6,1,2.6,20.1,39.8,28.2,8.2,88.9,11.1,60660,84514
"9670",42069110401,"42","069","110401",6685,41.501388,-75.677008,"Census Tract 1104.01, Lackawanna County, Pennsylvania",224600,2725,114,7,2.76,1.98,3.9,8.3,24.2,10.1,21.3,11.1,4.1,3.7,13.4,0,9,13,43.2,28.4,6.4,80.5,19.5,79410,97564
"9671",42069110402,"42","069","110402",2564,41.511136,-75.70855,"Census Tract 1104.02, Lackawanna County, Pennsylvania",345900,1061,133,7.7,2.91,2.03,5.2,6,16.4,12.1,23.9,9.5,7.9,4.1,14.8,3.5,0.6,20.8,31.9,33.7,9.5,78.9,21.1,117222,143882
"9672",42069110403,"42","069","110403",2965,41.483522,-75.693079,"Census Tract 1104.03, Lackawanna County, Pennsylvania",192100,1004,64,6.4,2.54,1.74,3,9.4,11.5,21.6,14.8,14.3,11.4,0.7,13.3,5.6,7.5,17.1,42.9,18.4,8.5,74.7,25.3,63182,104718
"9673",42069110500,"42","069","110500",5194,41.490945,-75.706319,"Census Tract 1105, Lackawanna County, Pennsylvania",191300,2268,0,7,2.54,1.48,1.9,3.6,3.5,16.8,14.6,13.6,15.9,6.6,23.5,2.4,12.6,11.2,38.8,28.4,6.7,75.6,24.4,64153,91508
"9674",42069110600,"42","069","110600",2922,41.548715,-75.524526,"Census Tract 1106, Lackawanna County, Pennsylvania",132300,1294,60,6.3,2.45,1.79,2,1.6,7.7,10.2,12.5,3.9,8.3,7,46.9,0.9,5.3,26.6,50.1,14.5,2.6,80.3,19.7,44600,55135
"9675",42069110700,"42","069","110700",2228,41.577098,-75.509171,"Census Tract 1107, Lackawanna County, Pennsylvania",90600,1088,189,5.7,2.02,2.08,0.9,0,1.7,4.6,21.4,5.4,12.4,7.7,45.9,3,7.7,33.3,50.1,5.3,0.6,58,42,33292,40653
"9676",42069110800,"42","069","110800",3568,41.575932,-75.495482,"Census Tract 1108, Lackawanna County, Pennsylvania",92500,1714,81,6.1,2.69,2.17,1,0,0.4,0.3,6.4,1.1,10.2,6.5,74.1,2.2,17.5,20.8,40.1,15.2,4.1,48.2,51.8,35625,43515
"9677",42069110900,"42","069","110900",3095,41.566647,-75.502044,"Census Tract 1109, Lackawanna County, Pennsylvania",87400,1447,243,6.2,2.4,2.51,0.7,0,1.5,7.1,5.6,5.5,2.8,9.6,67.1,0,8.6,20,49.1,20.5,1.9,68.4,31.6,34243,47342
"9678",42069111000,"42","069","111000",2169,41.528506,-75.547896,"Census Tract 1110, Lackawanna County, Pennsylvania",123100,1001,42,6.3,2.31,1.84,1.9,3.9,1.1,2.7,14.2,7.1,6.1,8.2,54.8,1.6,8.1,24.8,46.1,17.2,2.3,68.9,31.1,40040,48370
"9679",42069111100,"42","069","111100",6984,41.49562,-75.557041,"Census Tract 1111, Lackawanna County, Pennsylvania",145600,3066,208,6.1,2.49,2.12,5.3,5.9,14.3,5.1,14.7,7.6,6.3,5.8,35.1,0,7.5,26.7,47.9,14.3,3.6,81.6,18.4,48468,58494
"9680",42069111200,"42","069","111200",6564,41.481103,-75.592147,"Census Tract 1112, Lackawanna County, Pennsylvania",141400,3184,311,5.9,2.3,1.96,1,2.4,2.4,3.2,23.5,11.8,8.5,4,43.3,5.8,5.8,22.9,52.3,12.1,1.1,67.3,32.7,42334,54383
"9681",42069111300,"42","069","111300",4676,41.474397,-75.566066,"Census Tract 1113, Lackawanna County, Pennsylvania",122800,2048,104,6,2.48,2.17,2.4,2.8,7.3,6.3,12.9,9.3,3.6,4.5,50.9,0.7,7.2,26,52,13.5,0.6,75.8,24.2,49265,58693
"9682",42069111400,"42","069","111400",5151,41.467257,-75.596821,"Census Tract 1114, Lackawanna County, Pennsylvania",129400,2372,228,5.7,2.63,1.96,2.5,2.5,7.8,10.2,8.9,6.8,10,4.6,46.7,2,8.3,28.6,46.8,10.2,4.1,63.7,36.3,49031,56275
"9683",42069111500,"42","069","111500",3481,41.468597,-75.618866,"Census Tract 1115, Lackawanna County, Pennsylvania",150300,1581,87,6.1,2.43,2.13,0.8,1.8,6.1,14.2,10.6,14.6,8.5,3.9,39.5,0.4,7.1,32.3,48.6,8,3.5,76.5,23.5,45643,62252
"9684",42069111600,"42","069","111600",2589,41.457627,-75.629045,"Census Tract 1116, Lackawanna County, Pennsylvania",122700,1234,76,6,2.46,1.63,1.4,1.6,2,11.6,6.4,4.4,3.8,9.9,58.9,0,17.3,24.5,45.1,11.6,1.5,67.9,32.1,43269,55190
"9685",42069111700,"42","069","111700",4088,41.448306,-75.616773,"Census Tract 1117, Lackawanna County, Pennsylvania",121300,2063,282,5.7,2.51,1.52,3.7,5.3,5.8,6.9,7.8,5,6,10.9,48.6,1.4,9.8,31.3,39.4,13.3,4.8,76.6,23.4,40651,50146
"9686",42069111800,"42","069","111800",8558,41.387409,-75.516944,"Census Tract 1118, Lackawanna County, Pennsylvania",193800,3774,456,6.8,2.72,2.31,4.5,5.4,10.4,10.2,23.3,16.2,7.3,4.7,18,2.4,2.3,13.5,55.7,23.3,2.9,86.1,13.9,61413,80197
"9687",42069112000,"42","069","112000",4563,41.425818,-75.624954,"Census Tract 1120, Lackawanna County, Pennsylvania",147400,1704,10,5.7,2.52,1.71,1.5,1.3,2.6,11,8.9,10.6,20.5,5.9,37.6,2.2,12.9,23,48.7,9.8,3.5,63.3,36.7,48500,76207
"9688",42069112100,"42","069","112100",4259,41.413898,-75.621565,"Census Tract 1121, Lackawanna County, Pennsylvania",143200,2169,188,5.4,2.45,2.16,2,7.7,4,10.5,9.2,4.1,7.1,3.4,51.9,2.7,11.3,37.1,32.7,13,3.2,42.5,57.5,47091,62984
"9689",42069112200,"42","069","112200",2584,41.42352,-75.637899,"Census Tract 1122, Lackawanna County, Pennsylvania",185600,1158,83,6.3,2.88,1.59,0,1.1,0,1.5,1.7,8.5,7,11,69.2,1.1,6,18.8,44.6,23.1,6.3,63.3,36.7,55694,82284
"9690",42069112300,"42","069","112300",2651,41.415535,-75.638241,"Census Tract 1123, Lackawanna County, Pennsylvania",126100,1279,176,5.7,2.6,1.91,2.5,2.9,0.6,1.6,6.9,2.6,11.2,13.1,58.6,0,13.3,30.6,41,10.3,4.8,58.4,41.6,46719,66434
"9691",42069112400,"42","069","112400",4266,41.444272,-75.762922,"Census Tract 1124, Lackawanna County, Pennsylvania",193100,1717,127,6.4,2.71,2.14,2.2,3.1,11.1,15.7,21,15.7,7,3.4,20.8,0,4.8,15.4,53.1,22.1,4.5,83.1,16.9,61916,85853
"9692",42069112500,"42","069","112500",6263,41.390892,-75.711902,"Census Tract 1125, Lackawanna County, Pennsylvania",105000,2925,229,5.9,2.35,2.05,0.6,0.9,7,5.6,17.3,9.5,5.5,6.5,47,3.9,7.7,22.7,50.2,11.8,3.7,73.9,26.1,38204,47153
"9693",42069112600,"42","069","112600",5463,41.374132,-75.740613,"Census Tract 1126, Lackawanna County, Pennsylvania",139100,2489,57,5.7,2.39,1.66,2.2,3.8,7,8.5,10.1,8,15.3,6.6,38.7,1.6,9.8,30.6,46.1,9.3,2.6,67.7,32.3,49730,56847
"9694",42069112700,"42","069","112700",2850,41.364154,-75.735408,"Census Tract 1127, Lackawanna County, Pennsylvania",132200,1356,33,5.6,2.25,2.43,1.8,1.8,5.5,5.4,8.1,15.6,10.3,15.4,36.2,0,9.3,41.2,32.8,16.1,0.7,64.3,35.7,51065,54089
"9695",42069112800,"42","069","112800",5719,41.35959,-75.713111,"Census Tract 1128, Lackawanna County, Pennsylvania",152700,2377,47,5.8,2.52,2.19,6.5,5.9,11.9,6.3,16.5,21.2,8.3,6.1,17.3,0,6.8,24.7,48,15.7,4.8,70.3,29.7,55581,75968
"9696",42069112901,"42","069","112901",4185,41.279734,-75.588341,"Census Tract 1129.01, Lackawanna County, Pennsylvania",176000,1814,344,6,2.87,2.1,6.6,6.3,19.2,16.4,15.3,8.4,7.1,5.5,15.3,2,6.7,18.3,53.3,15.8,4,85.6,14.4,71143,69763
"9697",42069112902,"42","069","112902",6182,41.313914,-75.495328,"Census Tract 1129.02, Lackawanna County, Pennsylvania",182100,2991,879,5.7,2.56,2.71,7.6,6.4,16.2,24,22.9,5.7,5.3,3.3,8.6,0.1,2.6,18.2,61.6,13.5,4,88.7,11.3,55767,67660
"9698",42071000100,"42","071","000100",2530,40.039239,-76.30647,"Census Tract 1, Lancaster County, Pennsylvania",144700,1323,203,3.7,2.36,1.77,1.5,0,1.8,2,3.6,2.9,1,3.6,83.6,3.6,54.6,22.8,13.9,5.1,0,12.2,87.8,26842,39773
"9699",42071000200,"42","071","000200",2948,40.044274,-76.293209,"Census Tract 2, Lancaster County, Pennsylvania",100700,1195,40,5.5,2.33,2.02,3.1,1.8,3,5,3,3,4.3,22.3,54.5,0.6,11.8,29.1,49.4,5.1,4,64.5,35.5,36144,44063
"9700",42071000300,"42","071","000300",5012,40.049633,-76.299219,"Census Tract 3, Lancaster County, Pennsylvania",96300,2042,227,6,2.62,2.76,0,0,0.5,1.1,2.6,4.9,7.1,6.2,77.5,1.1,19.1,15.6,42.8,10.8,10.6,52.4,47.6,36586,41265
"9701",42071000400,"42","071","000400",4444,40.047011,-76.306748,"Census Tract 4, Lancaster County, Pennsylvania",99700,2158,141,4.1,2.15,1.87,0.7,2.5,0.6,3.2,11,1.3,7.3,8.8,64.7,2.7,42.9,27.1,12.7,4.4,10.3,24.5,75.5,24146,35767
"9702",42071000500,"42","071","000500",4481,40.044868,-76.317372,"Census Tract 5, Lancaster County, Pennsylvania",122700,1726,136,5.5,2.24,2.22,0,0,0.8,1,3,3.2,6.4,7.8,77.9,5.5,25.9,19.2,26.3,16.7,6.4,43.1,56.9,38017,45882
"9703",42071000600,"42","071","000600",3306,40.039323,-76.316774,"Census Tract 6, Lancaster County, Pennsylvania",116300,1719,89,4.9,1.85,2.01,0.9,1.7,0,0.5,2.3,0.9,2.2,4.8,86.7,1.8,32.8,29.6,22.3,7.2,6.3,36.8,63.2,36434,46390
"9704",42071000700,"42","071","000700",3957,40.040733,-76.294138,"Census Tract 7, Lancaster County, Pennsylvania",93900,1275,58,5.3,2.96,2.77,0,0,0.7,2.9,2.4,2,7.6,3.9,80.4,9.3,30.4,13.6,20.9,14.9,10.8,38.8,61.2,24820,37039
"9705",42071000800,"42","071","000800",3794,40.034517,-76.291055,"Census Tract 8, Lancaster County, Pennsylvania",79100,1396,85,5.2,3.06,2.5,0,3.2,0,1.9,13,6.9,17.2,11.7,46.2,7,17,22.9,40.5,6.2,6.2,42.3,57.7,22097,30920
"9706",42071000900,"42","071","000900",3757,40.035706,-76.300623,"Census Tract 9, Lancaster County, Pennsylvania",79100,1611,189,4.9,2.85,2.07,0,2.7,3.4,0.6,10.1,6.7,7.8,11.4,57.4,4,30.2,22,23.2,17.5,3,20.7,79.3,18908,29338
"9707",42071001000,"42","071","001000",4018,40.034621,-76.314702,"Census Tract 10, Lancaster County, Pennsylvania",73500,1485,122,4.8,3.19,2.48,0.5,0,0.9,2.6,1.5,3,6.9,7.2,77.4,1.5,37,17.6,32.7,7,4.1,42.2,57.8,32207,38316
"9708",42071001100,"42","071","001100",3376,40.034658,-76.321095,"Census Tract 11, Lancaster County, Pennsylvania",94500,1415,68,5.9,2.43,2.94,0,0,0.5,0,2.4,3.3,17,20.7,56.1,0.6,7.7,32,39.3,16.6,3.8,54.5,45.5,43669,48518
"9709",42071001200,"42","071","001200",4693,40.024946,-76.316384,"Census Tract 12, Lancaster County, Pennsylvania",103800,2113,86,5.9,2.47,2.43,0,1.6,5.5,3.6,8.4,13.9,41.1,15.8,10.2,0.6,8.5,31.5,56.2,3.1,0,73.7,26.3,49219,50349
"9710",42071001400,"42","071","001400",5318,40.031069,-76.308466,"Census Tract 14, Lancaster County, Pennsylvania",83900,1932,300,5.3,2.99,2.76,2.1,0,1.5,3.5,1.8,3.5,3.6,13.9,70.1,2.6,16.8,23,42.1,9.3,6.2,46.3,53.7,27091,34502
"9711",42071010101,"42","071","010101",7280,40.261826,-76.152844,"Census Tract 101.01, Lancaster County, Pennsylvania",194500,2575,109,6.5,2.94,2.97,1.6,7.3,20.7,13.2,13.4,8,8.8,4.8,22.2,1.4,0,20.7,51.5,20.2,6.1,87,13,58639,66512
"9712",42071010102,"42","071","010102",3861,40.234314,-76.137044,"Census Tract 101.02, Lancaster County, Pennsylvania",163400,1482,23,6.1,2.64,2.36,0.7,10.7,14.8,13.2,8.2,6.4,12.1,5.3,28.6,0,10.2,16.2,57.6,12.6,3.4,75.3,24.7,63924,65027
"9713",42071010201,"42","071","010201",4778,40.222067,-76.292271,"Census Tract 102.01, Lancaster County, Pennsylvania",213500,1804,42,6.6,2.8,2.64,0.5,5.4,9.7,28.9,26.9,5,10.5,2.4,10.6,1.6,2.8,17.7,51.6,20.3,5.9,81.7,18.3,68514,74655
"9714",42071010202,"42","071","010202",5416,40.218735,-76.232224,"Census Tract 102.02, Lancaster County, Pennsylvania",201200,1987,55,6.5,2.73,2.56,12.5,8.4,15.3,25.4,14.4,3,3.7,1.2,16.1,0,0.8,18,55.6,22,3.7,82.9,17.1,67201,87596
"9715",42071010300,"42","071","010300",8789,40.175651,-76.373156,"Census Tract 103, Lancaster County, Pennsylvania",207000,3261,0,6.2,2.7,2.31,13.2,10.1,15.5,14.7,16.9,10.6,6.4,1.3,11.2,1.5,4.9,22.7,44.3,23.2,3.3,76.9,23.1,60021,63787
"9716",42071010400,"42","071","010400",4858,40.162917,-76.396971,"Census Tract 104, Lancaster County, Pennsylvania",153900,1959,0,6.4,2.63,2.2,0.5,2.1,5.4,3.2,8.1,16.7,13.8,8,42.2,0,12,25.8,43.7,15.3,3.1,67,33,46039,56403
"9717",42071010501,"42","071","010501",4327,40.1836,-76.468835,"Census Tract 105.01, Lancaster County, Pennsylvania",201900,1597,78,6.9,2.64,3.74,3.7,7.5,11.7,18.3,24.6,5.1,6.3,3.6,19.1,0,2.3,18.7,46,28.6,4.4,88.8,11.2,65433,81976
"9718",42071010502,"42","071","010502",6115,40.132951,-76.454597,"Census Tract 105.02, Lancaster County, Pennsylvania",183700,2478,133,6.2,2.8,1.61,14.7,21.4,12.8,9.7,13.6,7.1,5.6,1.8,13.2,0,10.5,23.6,43.5,16.7,5.8,79.6,20.4,66250,71905
"9719",42071010600,"42","071","010600",9853,40.158072,-76.56534,"Census Tract 106, Lancaster County, Pennsylvania",187700,3846,148,6.2,2.63,2.59,3.7,18.9,20.7,15,16.3,6.2,7.9,3.5,7.8,0.7,7.9,16.6,52.5,16.7,5.6,77.3,22.7,65995,73787
"9720",42071010701,"42","071","010701",5875,40.159746,-76.60056,"Census Tract 107.01, Lancaster County, Pennsylvania",172600,2233,101,5.7,2.72,1.83,0,4.5,14.5,17.6,12.2,10,15.9,4.6,20.7,1.2,18.1,18.2,47.1,13.1,2.3,63.6,36.4,51359,60202
"9721",42071010702,"42","071","010702",5690,40.148247,-76.597008,"Census Tract 107.02, Lancaster County, Pennsylvania",162100,1895,67,5,2.73,1.87,4.2,3.2,6.5,5.3,11.9,8.8,16.6,17.4,26.2,3.8,23.9,33.5,31.8,3.2,3.9,40.4,59.6,43889,48771
"9722",42071010801,"42","071","010801",8260,40.132681,-76.615773,"Census Tract 108.01, Lancaster County, Pennsylvania",184200,3290,118,5.8,2.89,1.78,3.8,7.7,31.4,12.2,10.6,3.6,6.4,2.8,21.5,8.9,9.6,24,34,18.6,5,65.3,34.7,62763,73373
"9723",42071010802,"42","071","010802",3194,40.108843,-76.673363,"Census Tract 108.02, Lancaster County, Pennsylvania",172800,1304,0,6.2,2.51,1.86,5.8,5.1,20.7,22.4,10.6,2.5,5.5,6.1,21.3,0,1.8,14.6,63.2,16.8,3.6,90.3,9.7,61919,79614
"9724",42071010900,"42","071","010900",7410,40.110492,-76.512202,"Census Tract 109, Lancaster County, Pennsylvania",160500,3201,111,5.8,2.49,2.19,5.1,4.2,8.3,13.4,13.7,5.2,9.4,5.7,35.1,2,14.6,21.8,44.3,15.7,1.7,62.4,37.6,51646,65341
"9725",42071011000,"42","071","011000",2588,40.057628,-76.553971,"Census Tract 110, Lancaster County, Pennsylvania",117200,1217,94,5.7,2.55,1.97,1.6,0.4,3,7.3,7.9,6.4,7.7,4.4,61.2,2,11.1,37.9,39,8.5,1.5,62.1,37.9,43295,52807
"9726",42071011100,"42","071","011100",7755,40.080457,-76.562257,"Census Tract 111, Lancaster County, Pennsylvania",176800,2970,177,6.4,2.72,2.58,6.2,14.8,18,5.2,22.9,7.7,5.2,2.7,17.3,0,1.5,25,52.5,18.6,2.4,82.7,17.3,64025,69586
"9727",42071011200,"42","071","011200",1947,40.030788,-76.502657,"Census Tract 112, Lancaster County, Pennsylvania",92800,900,156,5.4,2.35,2.21,0,0.4,1.4,2.9,5.8,2.4,3.6,0,83.4,5.4,19.7,29.6,33.8,9.4,2.1,49.1,50.9,34457,41389
"9728",42071011300,"42","071","011300",4134,40.038549,-76.496795,"Census Tract 113, Lancaster County, Pennsylvania",116700,1842,78,5.8,2.59,2,0.3,3.6,8.9,14.6,8.1,4.8,11.7,10.9,37.1,0,16.5,28,40.7,11.1,3.7,62.4,37.6,46406,52546
"9729",42071011400,"42","071","011400",4319,40.031058,-76.494153,"Census Tract 114, Lancaster County, Pennsylvania",93500,2012,87,5.9,2.34,2.12,0,0.7,1,8.4,12,7,12.1,6.7,52.2,2,16.1,17.2,51.3,9.6,3.8,64.4,35.6,32359,40527
"9730",42071011502,"42","071","011502",5926,40.05015,-76.474579,"Census Tract 115.02, Lancaster County, Pennsylvania",174600,2322,159,6.2,2.76,2.67,0,8.1,20.8,14.9,18.9,5.1,11.2,3.8,17.1,0,4.1,21,56.4,17.4,1.1,76.1,23.9,56824,71684
"9731",42071011503,"42","071","011503",5288,40.047691,-76.420465,"Census Tract 115.03, Lancaster County, Pennsylvania",181900,2141,25,6.3,2.6,2.23,4.2,7.1,9.5,30.6,12.6,8.4,9.2,7.6,10.8,0.2,6.9,22.3,44.8,24.6,1.3,80.3,19.7,61296,71918
"9732",42071011504,"42","071","011504",7741,40.061046,-76.437659,"Census Tract 115.04, Lancaster County, Pennsylvania",199600,3056,85,6.4,2.65,1.61,3.2,12,19.8,28.1,8.4,6.8,11,3,7.7,1.1,2.8,16.7,50.7,24.9,3.7,86.4,13.6,70293,77594
"9733",42071011600,"42","071","011600",5947,40.102823,-76.356752,"Census Tract 116, Lancaster County, Pennsylvania",176800,2329,153,6.7,2.74,2.97,1.5,0.4,9.1,21.6,12.3,15.9,19.2,5.9,14.1,0,2.6,13.7,54.6,23.9,5.2,81.8,18.2,64000,71276
"9734",42071011701,"42","071","011701",4779,40.047363,-76.360816,"Census Tract 117.01, Lancaster County, Pennsylvania",182800,2192,85,5.8,2.44,2.05,5,2.3,9.9,21.6,9,15,20.6,7,9.5,3.1,7.2,29.3,37.3,18.8,4.3,74,26,70378,90678
"9735",42071011703,"42","071","011703",7555,40.081726,-76.404952,"Census Tract 117.03, Lancaster County, Pennsylvania",226900,2941,150,7.5,2.68,2.03,1.5,2.3,12.2,23.6,14.6,14.9,12.4,6,12.5,0,2,7.4,43,43.5,4.1,91.2,8.8,78304,92833
"9736",42071011704,"42","071","011704",4340,40.06129,-76.378948,"Census Tract 117.04, Lancaster County, Pennsylvania",256000,1616,31,7.6,2.57,1.99,8.3,14.2,12.6,12.7,14.9,18.1,16.1,0,3.1,1.1,4.3,10.3,36.6,43.6,4.1,88.4,11.6,89338,91843
"9737",42071011705,"42","071","011705",5407,40.072258,-76.36517,"Census Tract 117.05, Lancaster County, Pennsylvania",281600,2512,56,5.2,2.61,1.85,7.7,5.1,22.3,31.3,15.6,8,4.9,3.1,1.9,3.1,25.7,28.7,19.9,20.4,2.2,48.1,51.9,56949,87887
"9738",42071011801,"42","071","011801",3025,40.07278,-76.273501,"Census Tract 118.01, Lancaster County, Pennsylvania",256000,1157,0,7.7,2.86,1.43,0,1.9,11.2,9.4,10.4,24.8,23.8,1.6,16.9,0,4.3,14.9,31.5,35.3,14.1,91.2,8.8,82946,127506
"9739",42071011802,"42","071","011802",5642,40.059994,-76.290317,"Census Tract 118.02, Lancaster County, Pennsylvania",175500,2488,92,6.1,2.4,1.92,3.6,1.5,15,8.4,7.6,12.6,18.8,10.5,22.1,0,3.3,28.1,53.9,12.6,2.2,73.4,26.6,58929,72926
"9740",42071011803,"42","071","011803",5752,40.082024,-76.29297,"Census Tract 118.03, Lancaster County, Pennsylvania",217800,2700,91,5.8,2.15,1.94,1.9,1,10,10.4,26.2,23.4,15.8,4.5,6.7,0,11.1,29.4,37.2,19.7,2.7,59.1,40.9,51032,66324
"9741",42071011804,"42","071","011804",8211,40.089558,-76.322278,"Census Tract 118.04, Lancaster County, Pennsylvania",214500,3271,67,6.7,2.47,2.64,5,9.3,12.1,18.3,19.1,10.1,14.6,2.7,8.7,0,1.9,14.2,55.8,24.3,3.9,82.8,17.2,68722,82989
"9742",42071011805,"42","071","011805",2665,40.057445,-76.320547,"Census Tract 118.05, Lancaster County, Pennsylvania",162000,821,97,5.8,2.99,3.05,2.9,9.4,2.7,1.3,10,7.1,31.2,12.5,22.9,0,9.9,26.9,36.1,19.2,7.9,61.3,38.7,55303,91473
"9743",42071011901,"42","071","011901",5486,40.114768,-76.327231,"Census Tract 119.01, Lancaster County, Pennsylvania",351700,1981,117,8,2.98,2.4,12.1,25.2,29,16.3,6.3,0,2.3,2,7,0,1.9,5.8,37.2,46.1,9,87.4,12.6,135049,170612
"9744",42071011902,"42","071","011902",7663,40.103562,-76.281001,"Census Tract 119.02, Lancaster County, Pennsylvania",247500,3000,127,6.9,2.6,1.5,9.1,6.4,19.9,14.9,20.4,13.7,6.9,3.8,4.8,1.7,15,11.7,30.6,36.8,4.2,72.8,27.2,70136,83793
"9745",42071012001,"42","071","012001",5486,40.152007,-76.297527,"Census Tract 120.01, Lancaster County, Pennsylvania",186800,2364,67,6,2.5,2.02,4.1,11,13.8,6.1,17.8,9.7,9.1,4.4,23.9,2.5,15.9,21.1,45.2,15.4,0,60.9,39.1,50530,66204
"9746",42071012002,"42","071","012002",3883,40.156061,-76.308425,"Census Tract 120.02, Lancaster County, Pennsylvania",165100,1706,114,5.9,2.44,2.21,1.8,4.7,7.6,11.4,7.9,17.8,6,8.2,34.6,1.9,10.7,28.5,45.4,12.5,1,58.9,41.1,47373,62205
"9747",42071012102,"42","071","012102",7617,40.141794,-76.283555,"Census Tract 121.02, Lancaster County, Pennsylvania",210800,2900,34,6.8,2.76,2.25,2.5,10.2,28.5,21.9,14,7.8,4.6,3,7.4,0,1.3,15.2,49.9,28.2,5.3,84,16,76200,96649
"9748",42071012103,"42","071","012103",4100,40.177308,-76.306414,"Census Tract 121.03, Lancaster County, Pennsylvania",202900,1576,66,6.4,2.6,2.19,0,4.3,43,21.8,15.3,2.7,4.9,0.8,7.2,0,1.7,14.4,61.3,18.8,3.7,88.4,11.6,66211,74353
"9749",42071012104,"42","071","012104",6066,40.164899,-76.271736,"Census Tract 121.04, Lancaster County, Pennsylvania",212700,2262,205,6.3,3.01,2.67,4.4,21.1,21.6,20.5,5.9,6.5,6.1,2.4,11.4,0,10.4,20.8,35.5,26,7.2,69.9,30.1,67098,74121
"9750",42071012200,"42","071","012200",7093,40.176293,-76.172781,"Census Tract 122, Lancaster County, Pennsylvania",145400,3089,124,5.2,2.64,2.17,2.2,5.2,20.2,12.6,16.1,5,4.8,8.7,25.3,1.5,13.5,32.8,45,5.8,1.4,59.6,40.4,47005,55907
"9751",42071012301,"42","071","012301",3174,40.186824,-76.182201,"Census Tract 123.01, Lancaster County, Pennsylvania",161400,1419,105,5.7,2.39,1.97,0.6,0.6,8.4,10.4,9.9,7.1,15.6,10,37.3,0,22.3,20.7,32.3,23.4,1.3,63,37,47112,52821
"9752",42071012302,"42","071","012302",3127,40.180475,-76.191593,"Census Tract 123.02, Lancaster County, Pennsylvania",156500,1433,32,6,2.31,2.03,0.8,0,4.5,10.3,18.8,11.4,14.4,11.6,28.2,0,7.4,24.6,53.5,11.3,3.2,65.9,34.1,40960,51726
"9753",42071012402,"42","071","012402",3894,40.158134,-76.20434,"Census Tract 124.02, Lancaster County, Pennsylvania",172700,1711,77,5.8,2.66,1.67,0,0.5,6.1,14.6,29.4,13,19.2,5.1,12.1,0,9.6,27.1,52.4,9.5,1.4,71,29,55987,66995
"9754",42071012403,"42","071","012403",4175,40.182865,-76.209237,"Census Tract 124.03, Lancaster County, Pennsylvania",199200,1623,93,5.5,2.75,2.52,12.9,22.4,15,25.9,8.7,2.9,2.4,0,9.7,0,8.3,22.2,45.2,18.7,5.7,69.2,30.8,62614,77708
"9755",42071012404,"42","071","012404",5207,40.176078,-76.161719,"Census Tract 124.04, Lancaster County, Pennsylvania",205000,1890,74,6.2,2.75,2.74,3,6.3,14.2,33.1,13.1,2.3,5.2,8,14.8,0,5.9,23.8,43.9,17.5,8.9,80.5,19.5,63527,70842
"9756",42071012501,"42","071","012501",7561,40.235285,-76.085209,"Census Tract 125.01, Lancaster County, Pennsylvania",206600,2788,97,6.6,2.85,2.72,9.5,11.5,29.8,14.9,9.7,3,7.1,1.6,12.9,0.4,2.3,22.8,46.4,23.3,4.8,82.6,17.4,68431,80143
"9757",42071012502,"42","071","012502",4521,40.209025,-76.124183,"Census Tract 125.02, Lancaster County, Pennsylvania",171500,1759,117,6.1,2.74,2.54,0.3,6.3,18.1,22.1,14.8,7.2,10.2,3.8,17.2,0.4,5.8,30,49.3,10.5,4,76.6,23.4,55521,63960
"9758",42071012601,"42","071","012601",7199,40.197159,-76.032871,"Census Tract 126.01, Lancaster County, Pennsylvania",218300,2471,150,6.5,3.14,2.7,5.5,4.8,24.3,20.4,10.4,6.8,8.5,5.2,14,1.7,1.3,14.6,52.7,23.5,6.2,87.7,12.3,60270,73985
"9759",42071012602,"42","071","012602",4748,40.140037,-75.953424,"Census Tract 126.02, Lancaster County, Pennsylvania",247900,1536,11,6.3,3.14,2.57,2.8,7,15,21.4,18.9,8.8,6,3.3,16.9,2.3,4.4,17.8,42.3,20.5,12.8,81.7,18.3,57753,71172
"9760",42071012700,"42","071","012700",7802,40.126639,-76.035718,"Census Tract 127, Lancaster County, Pennsylvania",215100,2552,143,6.8,3.29,2.24,7.5,7.6,9,11.6,17.2,7,7.3,2,30.8,0,4.7,12,45.7,25.5,12,86.5,13.5,59179,70692
"9761",42071012800,"42","071","012800",5378,40.102683,-76.08847,"Census Tract 128, Lancaster County, Pennsylvania",171600,2295,0,5.6,2.39,2.26,3.1,3.1,9.2,14.3,10.3,6.8,17.6,5.9,29.6,4.3,10.6,25.1,43.2,14.3,2.5,58.4,41.6,53151,58808
"9762",42071012900,"42","071","012900",7024,40.107985,-76.088879,"Census Tract 129, Lancaster County, Pennsylvania",222000,2478,87,6.1,3.04,2.6,5.2,12.2,17.5,7.6,13.4,7.6,6.6,3.5,26.5,0,12.3,22.5,36.7,16.3,12.2,65.7,34.3,53779,63125
"9763",42071013000,"42","071","013000",7868,40.124841,-76.187826,"Census Tract 130, Lancaster County, Pennsylvania",175300,2812,75,6.4,2.9,2.25,7.6,12.9,10.2,13.2,12.2,17.1,6.7,0.5,19.5,0.8,3.2,20,47.6,20.3,8.2,81.4,18.6,55926,73415
"9764",42071013101,"42","071","013101",5000,40.082521,-76.208216,"Census Tract 131.01, Lancaster County, Pennsylvania",201300,1708,40,6.4,3.3,2.82,0.9,3.6,20,7.3,11.1,22,9.9,3.1,22.2,0,11.8,15.3,42.6,19.4,10.9,60,40,59900,70317
"9765",42071013102,"42","071","013102",3708,40.08788,-76.167703,"Census Tract 131.02, Lancaster County, Pennsylvania",205400,1286,83,6.3,2.78,3.1,3.3,5,14.2,9.8,10.7,8.6,11,7.6,29.9,0,5.4,18.4,43.4,24.3,8.5,63.5,36.5,60865,71046
"9766",42071013202,"42","071","013202",5710,40.03453,-76.250913,"Census Tract 132.02, Lancaster County, Pennsylvania",201600,2356,57,5.8,2.69,2.51,9.4,11.3,9.8,16.6,12.2,15.1,10.3,7.2,8,0.5,11.4,29.4,38.6,17.5,2.6,58.7,41.3,47736,64102
"9767",42071013203,"42","071","013203",4994,40.063961,-76.244171,"Census Tract 132.03, Lancaster County, Pennsylvania",196900,1989,21,6.2,2.61,2.24,2.7,4,5.8,21.8,21.6,11.2,16.5,4.7,11.8,0.6,6.7,27.4,44.7,13.5,7.1,66,34,54323,83099
"9768",42071013204,"42","071","013204",6624,40.030196,-76.209311,"Census Tract 132.04, Lancaster County, Pennsylvania",195200,2689,102,5.5,2.71,2.1,3.4,8.4,22.3,14.3,10,7.3,19.8,2.2,12.3,0,12.3,33.5,38,10,6.2,53.7,46.3,54096,59453
"9769",42071013301,"42","071","013301",4265,40.022312,-76.27419,"Census Tract 133.01, Lancaster County, Pennsylvania",208300,1782,59,6.9,2.45,2.24,8.3,9,16.9,20.8,5.7,8.7,14.8,3.5,12.3,0,1.3,23.4,45.7,26.7,2.8,89.4,10.6,66566,74097
"9770",42071013303,"42","071","013303",4625,39.975898,-76.264967,"Census Tract 133.03, Lancaster County, Pennsylvania",235100,2015,62,5.8,2.85,1.74,1.1,8.3,21.8,34.5,11.6,6.7,9.6,1.4,5,0,11.9,35.6,23.7,23,5.9,59,41,62083,76274
"9771",42071013304,"42","071","013304",7447,40.003175,-76.260359,"Census Tract 133.04, Lancaster County, Pennsylvania",260000,2924,137,6.2,3,1.59,7.3,11.8,25.3,20.9,7.6,5.8,8.4,1.9,11,0,7.5,29.5,34.5,23.8,4.7,65.8,34.2,68208,83264
"9772",42071013400,"42","071","013400",3080,40.038703,-76.280556,"Census Tract 134, Lancaster County, Pennsylvania",147000,1054,54,5.7,2.23,2.1,1.4,7.8,3.9,3.9,6.3,12.9,28.3,13.9,21.6,4.8,16.7,12.5,49.4,12.9,3.6,65,35,47722,59449
"9773",42071013501,"42","071","013501",8695,40.014949,-76.325095,"Census Tract 135.01, Lancaster County, Pennsylvania",152600,3941,128,5.4,2.28,2.27,4.2,6.9,12.5,30.2,11.4,11.5,16,3.2,4.1,1.6,12.7,26.8,51.1,7.3,0.5,56.7,43.3,46615,52924
"9774",42071013502,"42","071","013502",4229,40.031133,-76.3345,"Census Tract 135.02, Lancaster County, Pennsylvania",173300,2079,153,5.7,2.34,1.8,1,0,3.2,10.8,16.6,14.5,14.7,11.5,27.6,2.5,17.7,25.3,35.7,11.7,7.1,59.6,40.4,51445,68190
"9775",42071013503,"42","071","013503",2484,40.044969,-76.331954,"Census Tract 135.03, Lancaster County, Pennsylvania",324300,1145,39,8,2.45,2.01,0,1,1.1,1.1,5.4,13.7,15.1,11.3,51.2,0,2.2,7.2,32.1,43,15.5,83.3,16.7,104015,154503
"9776",42071013601,"42","071","013601",3045,40.001411,-76.351534,"Census Tract 136.01, Lancaster County, Pennsylvania",199300,602,35,6.6,2.59,1.9,1.3,1.2,3,4.3,6.3,25.4,21.9,7,29.6,0,2.7,21.8,47.7,27.9,0,80.1,19.9,69550,67086
"9777",42071013602,"42","071","013602",5565,39.997809,-76.361847,"Census Tract 136.02, Lancaster County, Pennsylvania",192600,1990,50,5.8,2.45,2.08,11.2,10,21.4,11.7,11.4,5.8,14.1,5.9,8.4,2.1,8.8,24.8,50.2,13.1,1,66.9,33.1,51833,64124
"9778",42071013701,"42","071","013701",4740,40.030113,-76.353114,"Census Tract 137.01, Lancaster County, Pennsylvania",148300,2129,129,5.9,2.24,2.46,0,7,17.1,8.7,9.3,14,26.4,7.2,10.2,0.8,6.4,22.7,57.5,10.1,2.4,80.4,19.6,46745,56859
"9779",42071013702,"42","071","013702",9175,40.022646,-76.392015,"Census Tract 137.02, Lancaster County, Pennsylvania",184200,3731,99,6,2.64,2.01,15,13.6,12.6,19.9,13,13,6.3,1.6,5.1,1.6,7.5,25.6,45.4,17.6,2.3,73.7,26.3,67853,74102
"9780",42071013800,"42","071","013800",3815,39.980937,-76.424205,"Census Tract 138, Lancaster County, Pennsylvania",217500,1527,67,6.5,2.7,2.36,1.8,7.4,9.8,12.1,9.4,8.4,10.5,2.5,37.9,0,2,21.5,47.3,24.5,4.6,79.5,20.5,62500,76662
"9781",42071013901,"42","071","013901",4605,39.968094,-76.296389,"Census Tract 139.01, Lancaster County, Pennsylvania",197100,1889,92,6.5,2.53,2.7,0.6,3.2,6,22.2,18,7.6,13.2,8.9,20.3,0.5,4.1,25.9,41.1,23.2,5.1,81.4,18.6,68934,78369
"9782",42071013902,"42","071","013902",3776,39.939633,-76.3498,"Census Tract 139.02, Lancaster County, Pennsylvania",198600,1420,47,6.6,2.89,2.17,2.7,6.7,8.5,16.6,16.5,9.7,5.1,2,32.2,2.5,7.9,20.4,36.8,24.3,8.1,80.8,19.2,60391,74765
"9783",42071014000,"42","071","014000",6991,39.968591,-76.18657,"Census Tract 140, Lancaster County, Pennsylvania",221600,2482,105,6.8,2.99,2.7,0.5,1.4,12.4,21,14.1,11.5,6.8,5.7,26.6,0.3,5.8,13.3,46.1,27,7.6,83,17,68813,76261
"9784",42071014101,"42","071","014101",5220,40.038323,-76.110403,"Census Tract 141.01, Lancaster County, Pennsylvania",237100,1535,75,6.6,3.9,2.9,5.7,6.3,12,11.6,13.1,4.9,11,5.9,29.5,0,6.8,16.9,30,24.7,21.5,66.2,33.8,56250,66125
"9785",42071014102,"42","071","014102",5131,39.988646,-76.105878,"Census Tract 141.02, Lancaster County, Pennsylvania",208800,1786,153,6.5,3.2,2.68,6,4.2,10.9,14.7,11.5,7.7,8.2,2,34.8,1.8,2.1,17.8,44,19.8,14.5,79.7,20.3,57804,70695
"9786",42071014201,"42","071","014201",5408,40.067289,-75.984091,"Census Tract 142.01, Lancaster County, Pennsylvania",262600,1558,10,6.8,3.7,2.53,4.7,5.1,27.6,19.6,17.2,1.9,6,0,17.8,0,1.2,13.4,46.7,25,13.7,84.3,15.7,65741,84495
"9787",42071014202,"42","071","014202",5654,40.000211,-76.009682,"Census Tract 142.02, Lancaster County, Pennsylvania",214600,1723,97,6.7,3.27,3.72,2.7,2.6,19.1,17.1,9.2,10.5,12.6,2.1,24.1,0,1.1,22,43,21,12.9,74,26,57696,62120
"9788",42071014300,"42","071","014300",7657,39.941307,-76.036756,"Census Tract 143, Lancaster County, Pennsylvania",235300,2396,103,6.5,3.26,3.13,2.4,7.3,11.9,12.5,19.4,7.4,8.2,4,27,0,5.7,12.7,45.5,19.2,16.9,80.3,19.7,55649,66796
"9789",42071014401,"42","071","014401",6897,39.909959,-76.226432,"Census Tract 144.01, Lancaster County, Pennsylvania",179100,2666,89,5.9,2.72,2.46,6.2,4.7,16.5,24.1,17.8,7.4,8.3,3.3,11.9,0,4.7,18,53.9,19.3,4.1,80.3,19.7,47454,54917
"9790",42071014402,"42","071","014402",4670,39.906733,-76.152199,"Census Tract 144.02, Lancaster County, Pennsylvania",207600,1841,53,6,2.73,2.51,5.2,11.4,11.2,14.6,13,11.5,8.1,5,19.9,0.2,6.3,25.3,46.8,15.9,5.6,63.7,36.3,54844,65798
"9791",42071014501,"42","071","014501",5190,39.881217,-76.307885,"Census Tract 145.01, Lancaster County, Pennsylvania",181400,1886,98,6.5,2.91,2.76,2.4,4.6,13.5,21.3,25,6.9,4.9,1.7,19.7,0,2.8,15.3,55,23.5,3.5,89.9,10.1,61703,69574
"9792",42071014502,"42","071","014502",5634,39.788432,-76.20395,"Census Tract 145.02, Lancaster County, Pennsylvania",207100,1992,130,6.4,2.98,3.11,6.2,6.9,17.2,14.6,16.8,5.6,6.7,2.8,23.1,0,4.2,14.2,51,19.9,10.8,79.4,20.6,57792,67012
"9793",42071014601,"42","071","014601",3791,39.863294,-76.180978,"Census Tract 146.01, Lancaster County, Pennsylvania",210000,1315,95,6.1,3.12,2.43,1.1,6.7,11.8,25.7,25.9,3.7,7.2,3.3,14.4,0.7,8.5,13.1,52.5,19.1,6.1,72.9,27.1,62742,70248
"9794",42071014602,"42","071","014602",7741,39.816562,-76.088831,"Census Tract 146.02, Lancaster County, Pennsylvania",278800,2463,129,7.1,3.27,3.34,3.1,9.3,19.5,16.8,19.7,4.5,5.7,0.4,21,0,1.6,10.6,44.9,29.5,13.5,82.6,17.4,59656,69826
"9795",42071014700,"42","071","014700",4446,40.033049,-76.297236,"Census Tract 147, Lancaster County, Pennsylvania",78500,1397,131,5.8,2.86,3.77,0.4,0,3.9,1.8,3.8,7.2,9.4,4.6,68.9,0.9,8.6,19.5,44.3,8.4,18.3,38.5,61.5,21900,33403
"9796",42073000100,"42","073","000100",4370,41.019543,-80.338823,"Census Tract 1, Lawrence County, Pennsylvania",81900,2034,211,6.5,2.69,1.88,0.7,0.6,0,0.5,3.3,3.2,26,15.6,50,0,9,21.4,45.2,23.3,1,79.8,20.2,48585,57395
"9797",42073000200,"42","073","000200",1976,41.002795,-80.325291,"Census Tract 2, Lawrence County, Pennsylvania",54400,983,179,5.4,2.16,2.45,0,0,3.3,0.6,15.1,5.6,11.4,8.3,55.7,2.1,4.1,44.7,39.4,6.3,3.5,73.9,26.1,29167,36824
"9798",42073000300,"42","073","000300",3975,41.008635,-80.343144,"Census Tract 3, Lawrence County, Pennsylvania",62200,1867,400,5.6,2.61,2.22,0,0.6,1.3,3.2,12.6,4.2,10.2,13.1,54.6,5.8,25.4,17.5,33.7,16.2,1.4,55.4,44.6,29981,39034
"9799",42073000400,"42","073","000400",1981,41.002512,-80.357674,"Census Tract 4, Lawrence County, Pennsylvania",38700,1061,168,4.7,2.32,1.67,0,4.4,1.1,4.4,21.9,19.2,21.3,8,19.6,12.8,26.1,32.6,22.3,5.7,0.4,31.8,68.2,15017,21788
"9800",42073000600,"42","073","000600",1284,41.000242,-80.335025,"Census Tract 6, Lawrence County, Pennsylvania",27500,553,59,5.7,2.24,2.97,0,3.6,0,0,4.5,1.4,22.8,7.8,59.9,0,5.8,34.5,49.4,10.3,0,75.9,24.1,24955,29775
"9801",42073000700,"42","073","000700",2032,40.992756,-80.338055,"Census Tract 7, Lawrence County, Pennsylvania",32600,926,162,6,2.14,2.56,0,0,0,0,2.8,10.7,11.1,13.4,62,1.4,12.6,21.4,43.4,14.3,6.9,64,36,21809,27509
"9802",42073000800,"42","073","000800",4131,40.986168,-80.327511,"Census Tract 8, Lawrence County, Pennsylvania",56800,1997,85,5.8,2.3,2.41,0,0,0,2.2,3,10.7,19.6,17.8,46.8,4.2,2.4,32.2,53.9,5.2,2.2,71.5,28.5,33478,43687
"9803",42073000900,"42","073","000900",1825,40.984253,-80.344468,"Census Tract 9, Lawrence County, Pennsylvania",33400,1019,304,5.4,2.11,2.35,0,0,3.8,6.1,13.4,0.9,10.4,12.4,53,2.1,10.1,39.7,43.7,4.4,0,47.6,52.4,26303,32912
"9804",42073001000,"42","073","001000",1699,40.975906,-80.375644,"Census Tract 10, Lawrence County, Pennsylvania",42300,867,171,6,2.3,4.27,0,0,4.2,0,0.9,8.7,9.8,8.3,68.2,5.7,7.8,21.9,42.6,14.1,8,71.6,28.4,35114,41453
"9805",42073010100,"42","073","010100",4127,41.049585,-80.203616,"Census Tract 101, Lawrence County, Pennsylvania",132400,1713,236,6.2,2.72,2.46,4.4,6.2,12.3,13.1,21,3.7,7.8,2.9,28.6,0.2,3.9,24.6,51.7,17.6,2,88.4,11.6,54966,63891
"9806",42073010201,"42","073","010201",3393,41.060908,-80.349821,"Census Tract 102.01, Lawrence County, Pennsylvania",221300,1730,138,6.2,2.29,1.22,5.3,11,30.4,25.3,12,9.4,3.4,2.3,0.9,0,6.5,30.1,34.9,28.5,0,72,28,53750,86814
"9807",42073010202,"42","073","010202",5185,41.066929,-80.309132,"Census Tract 102.02, Lawrence County, Pennsylvania",141800,2042,200,6.2,2.82,2.25,3,7.7,15.1,8.9,17.1,8.2,13.7,5.7,20.6,1.4,5.8,23.2,47.9,14.8,6.9,86.5,13.5,50347,60579
"9808",42073010300,"42","073","010300",2466,41.118977,-80.333264,"Census Tract 103, Lawrence County, Pennsylvania",157600,668,89,6.1,2.36,1.94,0.6,12.9,4.8,4.6,7.3,11.1,12.3,9.3,37.1,1.5,9,30.8,37.3,14.2,7.2,53.2,46.8,47708,57023
"9809",42073010400,"42","073","010400",3452,41.092209,-80.463288,"Census Tract 104, Lawrence County, Pennsylvania",92000,1514,35,5.9,2.22,3,2.1,5.5,5.9,13.2,18.4,12.9,15.1,7,19.8,0,0,24.2,63.4,10.7,1.7,89.3,10.7,51989,53520
"9810",42073010500,"42","073","010500",3083,41.029809,-80.464705,"Census Tract 105, Lawrence County, Pennsylvania",93100,1416,177,5.5,2.44,2.72,0,1.8,8.3,12.6,22.9,8.2,13.3,8.8,24.2,0,6.4,30.3,48,14.9,0.5,82,18,34403,50592
"9811",42073010600,"42","073","010600",2350,41.006192,-80.390949,"Census Tract 106, Lawrence County, Pennsylvania",98400,1067,56,5.7,2.37,2.04,1.1,15.3,3.9,2.5,15,17,26.9,2.3,15.9,0,4.6,31.9,57.5,4.5,1.5,76.6,23.4,42850,52136
"9812",42073010700,"42","073","010700",2867,41.001788,-80.371445,"Census Tract 107, Lawrence County, Pennsylvania",74300,1300,84,5.6,2.41,2.07,1.7,3,3.2,4.2,9.8,13.3,28.6,8.8,27.4,0,4.5,35.6,50.2,8.8,0.9,83.2,16.8,42529,47216
"9813",42073010800,"42","073","010800",6216,41.034522,-80.34852,"Census Tract 108, Lawrence County, Pennsylvania",133300,2963,260,6.3,2.41,1.86,2,7.1,7.3,4.2,4.8,12.2,37,9.1,16.5,0,4.3,23.6,54.8,16,1.3,87.4,12.6,53237,64639
"9814",42073010900,"42","073","010900",3283,40.962012,-80.224576,"Census Tract 109, Lawrence County, Pennsylvania",136600,1379,113,5.6,2.57,2.57,8.6,4.9,12.6,13.9,20.4,8.3,13.4,4.9,13.1,0,2.2,34.4,52.1,10.2,1.1,75.7,24.3,45395,54516
"9815",42073011000,"42","073","011000",5031,40.959874,-80.292436,"Census Tract 110, Lawrence County, Pennsylvania",136000,2115,186,6,2.63,1.98,3.8,4.6,16.4,6.5,13.1,12.4,21.9,3,18.3,0,2.5,24.7,54.4,17.8,0.6,89.8,10.2,55509,67281
"9816",42073011100,"42","073","011100",4182,40.955775,-80.33673,"Census Tract 111, Lawrence County, Pennsylvania",78500,1704,75,5.5,2.5,2.25,2.9,4.5,8.4,8.1,12.5,6.9,19.2,8,29.5,0.3,3.6,28.9,56.7,9.2,1.3,80.8,19.2,41278,47529
"9817",42073011200,"42","073","011200",2481,40.976176,-80.473356,"Census Tract 112, Lawrence County, Pennsylvania",104900,1092,67,6.2,2.59,2.13,0.2,4.9,8.2,2.9,14.7,6.6,13.4,9.2,39.9,0,2.1,21.3,62.9,13,0.6,86.2,13.8,52740,56010
"9818",42073011300,"42","073","011300",4487,40.916032,-80.443889,"Census Tract 113, Lawrence County, Pennsylvania",123300,1834,168,6.1,2.67,1.63,6.4,9.4,9.6,7,11.5,8.8,18.2,6.9,22.2,0.5,6,15.7,60.5,15,2.3,91.7,8.3,60750,71206
"9819",42073011400,"42","073","011400",2219,40.883468,-80.358186,"Census Tract 114, Lawrence County, Pennsylvania",90200,1083,93,5.4,2.49,2.33,1.1,4,15.9,12.3,15.6,7.4,13.1,3,27.6,0.3,6.3,29.6,51.1,9.6,3.1,78,22,38281,48688
"9820",42073011500,"42","073","011500",4176,40.882287,-80.25288,"Census Tract 115, Lawrence County, Pennsylvania",106300,1764,149,6,2.6,1.98,2.1,6,10.1,6.3,12.9,11.5,12.8,10.1,28.2,0,4.1,19.6,57,17.7,1.5,89.5,10.5,47083,56677
"9821",42073011600,"42","073","011600",4141,40.868385,-80.279601,"Census Tract 116, Lawrence County, Pennsylvania",95900,1844,166,5.9,2.35,2.51,0,0.4,4.6,1.8,5.2,10.4,22.5,21.4,33.7,0,2.9,36.6,48.1,11.6,0.9,82.4,17.6,48092,58953
"9822",42073011700,"42","073","011700",2145,40.860723,-80.268506,"Census Tract 117, Lawrence County, Pennsylvania",97200,1009,41,5.9,2.54,2.42,0.8,1.4,6.8,2.5,5.6,7.1,19.7,14.9,41.1,1.2,4.8,35.9,45,10.4,2.8,75.8,24.2,46574,54386
"9823",42073011800,"42","073","011800",2551,40.856745,-80.289971,"Census Tract 118, Lawrence County, Pennsylvania",68700,1393,252,5.3,2.35,2.03,0,0,2.6,6.8,1.2,8.3,14.9,11.4,54.7,5,19.5,33.6,30.7,5.5,5.7,60.6,39.4,25670,34736
"9824",42075000100,"42","075","000100",4810,40.336998,-76.419445,"Census Tract 1, Lebanon County, Pennsylvania",88200,2367,168,4.9,2.23,1.84,0.8,1.1,0.7,6,16.3,3.5,8.4,14.7,48.5,13.6,25.4,25.4,24.5,10.5,0.6,43.7,56.3,28016,37243
"9825",42075000200,"42","075","000200",4990,40.331802,-76.430298,"Census Tract 2, Lebanon County, Pennsylvania",126300,2359,70,5.3,2.23,1.86,0.5,2.8,2.8,10,7.7,10.4,19.1,14.4,32.2,6.1,20.2,26.9,36.2,10.4,0.2,48.5,51.5,35163,47340
"9826",42075000300,"42","075","000300",4336,40.344657,-76.431084,"Census Tract 3, Lebanon County, Pennsylvania",62600,2034,234,5.1,2.57,2.66,10.1,3.7,2.2,7.9,6.1,1.2,11.3,16.3,41.1,7.4,21.2,22.3,37.4,7.8,3.8,34.2,65.8,27301,34138
"9827",42075000401,"42","075","000401",3965,40.348643,-76.424949,"Census Tract 4.01, Lebanon County, Pennsylvania",86500,1831,270,5.5,2.99,2.41,0,0.8,0,1.8,18,3.1,9,18.7,48.6,3.4,12.9,39.9,33,9.2,1.6,35.9,64.1,30011,35110
"9828",42075000402,"42","075","000402",3776,40.347925,-76.416135,"Census Tract 4.02, Lebanon County, Pennsylvania",82400,1640,195,5.8,2.52,2.82,1.5,1.1,3,2.7,6.3,3.2,11.1,11,60,0,21.7,14.9,49.1,11.5,2.8,59.9,40.1,38977,44075
"9829",42075000500,"42","075","000500",3600,40.34252,-76.40366,"Census Tract 5, Lebanon County, Pennsylvania",104100,1626,110,5.7,2.4,2.13,0,1.7,6,1.2,9.5,5.2,22.9,17.9,35.5,1.8,16,17.8,49.8,10.6,4,66.9,33.1,47407,53147
"9830",42075002000,"42","075","002000",3151,40.43772,-76.520591,"Census Tract 20, Lebanon County, Pennsylvania",176000,1267,103,5.8,2.78,2.07,5.3,9.2,11,7.3,21.2,7.6,13.1,5.8,19.6,4.1,8.9,18.3,50,13.3,5.4,78.7,21.3,56197,63989
"9831",42075002100,"42","075","002100",5007,40.437054,-76.414336,"Census Tract 21, Lebanon County, Pennsylvania",166800,1898,94,6.2,2.87,2.27,4,12.7,14.1,6.5,19.6,3,10,4.6,25.5,1.2,2.5,20.9,44.5,21,9.9,80.3,19.7,56339,70090
"9832",42075002200,"42","075","002200",6460,40.414856,-76.474182,"Census Tract 22, Lebanon County, Pennsylvania",157700,2207,15,5.8,2.74,2.07,8,11.7,12.8,6.4,15.9,6.1,7.9,6.2,25,0,5.3,22.4,53.2,16.1,3,85.5,14.5,57600,63361
"9833",42075002300,"42","075","002300",2801,40.397281,-76.583118,"Census Tract 23, Lebanon County, Pennsylvania",185600,1166,115,5.9,2.47,2.91,5.2,2.7,5.9,9.4,29.4,8.5,12.5,8.4,17.8,0,3.9,28.5,46.7,16,4.8,90,10,58482,64630
"9834",42075002400,"42","075","002400",2381,40.355445,-76.536272,"Census Tract 24, Lebanon County, Pennsylvania",175200,993,23,6.1,2.75,1.73,0.8,3.2,8.8,11.3,16.7,15.8,12.7,2.6,28.1,0,5.7,19.7,49.2,21.7,3.6,83.8,16.2,57109,66145
"9835",42075002500,"42","075","002500",4767,40.330696,-76.511039,"Census Tract 25, Lebanon County, Pennsylvania",152900,1430,119,6,2.82,1.96,0.6,0,11.2,5.5,8.3,4,21.7,8.3,40.5,0,11.8,24.7,46.5,11.7,5.3,63.4,36.6,55786,65486
"9836",42075002600,"42","075","002600",2080,40.336502,-76.474567,"Census Tract 26, Lebanon County, Pennsylvania",150900,983,39,6.1,2.5,2.11,0,0,3.2,16.3,8.4,9.2,18.6,12.2,32.1,0,9.3,25.9,48.1,12.8,3.9,72.9,27.1,57083,59186
"9837",42075002701,"42","075","002701",5884,40.363706,-76.444221,"Census Tract 27.01, Lebanon County, Pennsylvania",164600,2178,48,6.2,2.66,2.71,1.8,9.6,16.9,19.2,20.8,6.6,11.4,1.3,12.4,0.7,0.6,13.5,71.1,10.8,3.4,93.8,6.2,68598,77562
"9838",42075002702,"42","075","002702",5545,40.361693,-76.392841,"Census Tract 27.02, Lebanon County, Pennsylvania",152400,2324,109,5.7,2.54,2.67,6.1,4.9,12.5,13.9,25.5,16,11.1,4.3,5.9,0,2.4,30.6,45.4,20.7,0.9,91.5,8.5,50679,67514
"9839",42075002800,"42","075","002800",8163,40.384133,-76.319421,"Census Tract 28, Lebanon County, Pennsylvania",166700,3268,118,6.2,2.54,2.31,9.5,16.5,18.9,8.8,16.1,7.9,9.3,2.2,10.8,0,3.7,20.9,50.7,20.1,4.6,86.8,13.2,57691,77559
"9840",42075002900,"42","075","002900",3062,40.373323,-76.304634,"Census Tract 29, Lebanon County, Pennsylvania",132800,1308,120,5.7,3.08,1.75,0,0.8,12.5,7.8,1,13.8,14.5,12.8,36.8,3.7,21.3,24.4,37.8,9.5,3.4,51.9,48.1,42966,51417
"9841",42075003000,"42","075","003000",5411,40.345833,-76.226141,"Census Tract 30, Lebanon County, Pennsylvania",168300,2112,118,6.2,2.77,3.03,7.1,8.4,9.8,8.8,12.2,6.7,11.4,5.4,30.3,1.9,4.7,17.9,53.9,17.2,4.4,82.6,17.4,53318,62629
"9842",42075003100,"42","075","003100",4069,40.295648,-76.29244,"Census Tract 31, Lebanon County, Pennsylvania",208700,1485,112,6.7,2.93,3.11,2,3.2,12.5,9.9,25.1,4.3,7.6,4.4,31,2.3,1.7,14.6,61.3,16.8,3.4,87,13,55257,64376
"9843",42075003200,"42","075","003200",4310,40.319292,-76.376078,"Census Tract 32, Lebanon County, Pennsylvania",212000,1603,67,6.9,2.92,2.31,6.9,13,20.8,5.6,14.5,17.8,5.1,2.1,14.2,1.1,2.7,13.6,53.3,22.8,6.6,81.1,18.9,72308,84749
"9844",42075003300,"42","075","003300",2700,40.340886,-76.390874,"Census Tract 33, Lebanon County, Pennsylvania",121000,792,35,5.9,2.49,3.07,0,5.7,8.1,21.2,14.1,5.8,6.2,17.6,21.3,0,2.7,34,53,7.4,2.9,84.5,15.5,56821,64855
"9845",42075003400,"42","075","003400",2453,40.327136,-76.407999,"Census Tract 34, Lebanon County, Pennsylvania",139100,1074,49,6,2.32,1.38,0.8,8.1,16.6,4.8,5.2,9.6,35,7.6,12.2,0,4.4,25.6,58,8.4,3.6,85.3,14.7,56202,67561
"9846",42075003500,"42","075","003500",4986,40.319501,-76.448595,"Census Tract 35, Lebanon County, Pennsylvania",219900,2091,210,6.4,2.69,1.68,4.4,10.3,14.7,11.1,19.3,19.8,9.9,2.7,7.7,2.6,12.3,18.9,33.6,28.9,3.6,70.1,29.9,65625,89492
"9847",42075003600,"42","075","003600",3348,40.336466,-76.446851,"Census Tract 36, Lebanon County, Pennsylvania",99700,1468,28,5.3,2.31,2.82,4.2,4.6,15.8,24.6,3.3,3.6,15.6,9,19.3,0.5,7.8,39.2,43.4,8.2,0.9,60.4,39.6,47857,55667
"9848",42075003700,"42","075","003700",2850,40.292124,-76.518413,"Census Tract 37, Lebanon County, Pennsylvania",179700,1109,33,6.2,2.55,3.25,2.2,4.3,11.5,11.7,38.6,7.8,6.7,6.7,10.6,0,3.7,19.4,56.4,17.9,2.6,92.6,7.4,62609,72664
"9849",42075003800,"42","075","003800",8068,40.309521,-76.583806,"Census Tract 38, Lebanon County, Pennsylvania",192800,3437,80,6.3,2.41,1.47,6.3,11.8,20.2,16,20.1,12.5,8,2.4,2.5,0,3,25.5,44.5,24.3,2.6,91.3,8.7,68290,81014
"9850",42075003901,"42","075","003901",3500,40.31279,-76.597546,"Census Tract 39.01, Lebanon County, Pennsylvania",123200,1687,63,5.2,2.46,1.73,0.7,4.7,12.2,1.7,12,5.2,17.5,13.9,32.2,1,20.6,30.5,38.8,8.5,0.5,50.8,49.2,45472,71038
"9851",42075003902,"42","075","003902",3820,40.305619,-76.592335,"Census Tract 39.02, Lebanon County, Pennsylvania",163100,1784,51,5.5,2.46,1.94,0,0,0,7.1,11.7,13.5,32.8,12.5,22.4,0,15.5,27.4,41.2,14.3,1.7,57,43,48047,56012
"9852",42075004000,"42","075","004000",6991,40.264062,-76.564059,"Census Tract 40, Lebanon County, Pennsylvania",221000,2702,158,6.5,2.8,1.6,15.5,13.1,13.7,17.1,11.2,4,7.6,1.4,16.4,0.3,5.2,17,48,26.9,2.6,88.6,11.4,72326,86662
"9853",42075004100,"42","075","004100",2172,40.26434,-76.451065,"Census Tract 41, Lebanon County, Pennsylvania",169400,1295,381,6.2,2.08,2.9,0.1,11.4,10.5,15.1,5.6,4,6.3,2.9,44.2,0.5,4.1,25.6,46,19.5,4.2,90,10,60793,81150
"9854",42075004200,"42","075","004200",4112,40.271435,-76.408253,"Census Tract 42, Lebanon County, Pennsylvania",214300,1770,54,6.4,2.34,1.68,12.8,12.8,16.8,12.3,12.7,3.7,5.6,1.5,21.8,0.6,4.9,20.6,51.1,19.3,3.6,85,15,70708,91230
"9855",42077000101,"42","077","000101",3661,40.628936,-75.430526,"Census Tract 1.01, Lehigh County, Pennsylvania",169100,1834,274,4.7,2.24,1.83,2.1,0,12.9,5.8,16,20.6,11.5,21.6,9.5,2.7,25.3,28.7,35.3,5.1,2.8,55.8,44.2,45192,52236
"9856",42077000102,"42","077","000102",4150,40.620778,-75.437382,"Census Tract 1.02, Lehigh County, Pennsylvania",145400,1668,78,5.9,2.6,2.16,0,0,2.2,3.1,4.4,2.9,46.7,8,32.7,0,7.4,15,64.9,8.3,4.4,82.8,17.2,43210,49128
"9857",42077000400,"42","077","000400",3548,40.615373,-75.46204,"Census Tract 4, Lehigh County, Pennsylvania",89600,1279,121,5.8,3.33,3.12,3,0,2.7,9.1,0.7,10.6,13.8,8.9,51.2,0,10.4,31.8,34.1,19.2,4.5,43.9,56.1,21913,32543
"9858",42077000500,"42","077","000500",2646,40.609033,-75.460598,"Census Tract 5, Lehigh County, Pennsylvania",91800,833,162,5.3,3.11,3.3,0.4,1,7.2,0,3.1,16,9,7.7,55.7,2.6,12.1,28.5,33,20.3,3.5,43.1,56.9,25149,34211
"9859",42077000600,"42","077","000600",6243,40.591938,-75.450682,"Census Tract 6, Lehigh County, Pennsylvania",144500,2369,57,5.4,2.64,2.92,6.6,0,0.3,13.4,12.9,15.4,16.7,3.7,30.9,0.9,15.8,24.8,43,12.8,2.7,53.9,46.1,33112,43865
"9860",42077000700,"42","077","000700",4056,40.615398,-75.473517,"Census Tract 7, Lehigh County, Pennsylvania",88500,1337,196,5.9,2.95,3.29,0,0,0,5.4,5.6,2.8,19.1,15.2,52,3.5,7.7,25.6,23.5,23.3,16.4,43.5,56.5,26212,37272
"9861",42077000800,"42","077","000800",4083,40.611908,-75.471734,"Census Tract 8, Lehigh County, Pennsylvania",75700,1488,217,5.4,2.54,3.24,0,1.5,2.4,3.3,0,16.7,3.5,11.4,61.4,2.1,19.4,26.3,30.1,6.3,15.8,31.3,68.7,24583,29888
"9862",42077000900,"42","077","000900",1852,40.608355,-75.467556,"Census Tract 9, Lehigh County, Pennsylvania",100700,624,177,6.3,3.26,3.57,0,0,10.4,1.6,0,1.8,21.3,5.8,59.1,0,11.2,16.3,23.4,22,27.1,42.7,57.3,21620,28304
"9863",42077001000,"42","077","001000",3151,40.607606,-75.471949,"Census Tract 10, Lehigh County, Pennsylvania",83800,1268,292,4.6,2.81,3.11,3.3,1.3,0,0.9,4.6,8.4,7.9,12.9,60.6,2.2,24.1,32.1,20.4,11.3,9.9,27.8,72.2,23578,29896
"9864",42077001200,"42","077","001200",2463,40.602739,-75.466196,"Census Tract 12, Lehigh County, Pennsylvania",18800,721,38,4.3,5.33,2.7,5.8,1.1,10.8,12.8,2.5,22.7,17.3,1.9,25,14,26.5,27.3,32.2,0,0,3.1,96.9,22250,30041
"9865",42077001401,"42","077","001401",7226,40.590046,-75.471833,"Census Tract 14.01, Lehigh County, Pennsylvania",140000,3191,185,4.9,2.94,2.25,0,1.7,2.1,8.7,11.8,21.9,11.3,3.9,38.7,0.6,22.1,31.2,33.7,8.2,4.3,45.9,54.1,41520,48871
"9866",42077001402,"42","077","001402",2143,40.568215,-75.488709,"Census Tract 14.02, Lehigh County, Pennsylvania",149500,1027,53,6,2.21,1.8,0,0,4.9,7.8,1.6,13.9,42.8,24.1,4.9,0,9.3,20.3,59.3,9.8,1.4,79.8,20.2,50326,54532
"9867",42077001501,"42","077","001501",6625,40.57863,-75.46312,"Census Tract 15.01, Lehigh County, Pennsylvania",125100,2725,192,4.8,2.54,2.79,0.7,1.6,4.7,14.4,15.1,17.4,32.6,3.7,9.8,1.7,27,27.7,34.1,8.8,0.7,46.1,53.9,32831,41878
"9868",42077001502,"42","077","001502",6612,40.566721,-75.465478,"Census Tract 15.02, Lehigh County, Pennsylvania",170500,3076,134,5.7,2.83,1.94,10,0.5,4.3,12.9,19.6,16.6,15.4,4.6,16.3,0,18.2,24,41.2,14.1,2.5,56.9,43.1,51250,56043
"9869",42077001600,"42","077","001600",3822,40.611626,-75.478348,"Census Tract 16, Lehigh County, Pennsylvania",90100,1313,146,6,3.15,3.42,2,0.8,2.4,5.2,8.8,5.2,3.3,2.3,70,0.8,8.5,25.4,21.2,17.1,26.9,38.3,61.7,31028,33494
"9870",42077001700,"42","077","001700",4872,40.609591,-75.482466,"Census Tract 17, Lehigh County, Pennsylvania",98400,1623,205,6.3,3.21,3.63,0,1.1,0.7,7.9,8.6,0,9.8,4.1,67.8,0,6.6,21.7,40.2,10.1,21.4,54,46,27215,35103
"9871",42077001800,"42","077","001800",4621,40.603968,-75.478895,"Census Tract 18, Lehigh County, Pennsylvania",91200,2007,202,4.6,2.5,2.84,0,0,0,8.7,0,5.7,2.3,5,78.2,4.6,26.2,29.7,22.3,14.3,2.9,23.2,76.8,21456,31309
"9872",42077001900,"42","077","001900",4459,40.607962,-75.492332,"Census Tract 19, Lehigh County, Pennsylvania",149300,2022,211,5.3,2.81,2.2,0,0.6,2.5,7.5,16.7,19.4,20.1,3.7,29.5,5,30.1,12.5,32.5,14.3,5.6,43.1,56.9,30096,42235
"9873",42077002000,"42","077","002000",5151,40.601439,-75.487591,"Census Tract 20, Lehigh County, Pennsylvania",124900,2191,290,5.4,2.81,2.59,0.3,0,0.3,1.1,4.3,4.6,4.5,9.8,75.1,0.9,21.5,22.5,23.9,14.7,16.4,34.6,65.4,34542,39769
"9874",42077002100,"42","077","002100",7023,40.59478,-75.487468,"Census Tract 21, Lehigh County, Pennsylvania",154800,2952,215,4.9,2.49,2.38,0,0.3,1.5,6.2,13.9,16,8.5,8.7,44.9,6.9,23.4,24.8,26.2,4,14.6,33,67,24450,37947
"9875",42077002201,"42","077","002201",4379,40.607802,-75.503856,"Census Tract 22.01, Lehigh County, Pennsylvania",155200,2098,114,6.1,2.51,1.59,0,0,2.1,1.7,5.9,5.4,19,10.5,55.4,1.3,7.3,18.4,64.6,8,0.4,72.5,27.5,53796,65623
"9876",42077002202,"42","077","002202",4183,40.59752,-75.502468,"Census Tract 22.02, Lehigh County, Pennsylvania",160800,882,42,4.7,2.7,1.91,0,0,2.2,9.9,14.3,15.1,11.1,7.4,40.1,5.1,34.4,22.3,15.5,12.5,10.2,28,72,37321,49260
"9877",42077002301,"42","077","002301",7134,40.598569,-75.524332,"Census Tract 23.01, Lehigh County, Pennsylvania",231500,3238,98,6.2,2.3,2.01,6.8,12.4,5.8,5.7,9.3,6.6,29.8,11.2,12.3,0,7.3,29.8,35.5,21.8,5.6,64.7,35.3,70075,89143
"9878",42077002302,"42","077","002302",3034,40.587878,-75.508731,"Census Tract 23.02, Lehigh County, Pennsylvania",194700,1234,65,6.4,2.02,2.08,0,1.3,1.9,0.7,8.8,17.4,42.6,5.7,21.5,0,3.5,16.2,64,11.6,4.7,90.7,9.3,54529,65995
"9879",42077005100,"42","077","005100",4232,40.751993,-75.611059,"Census Tract 51, Lehigh County, Pennsylvania",143600,1964,247,5.6,2.65,2.22,0,0,3.5,9.2,9.9,10.2,12.6,7.7,46.8,3.8,21.1,21.1,39.9,13.2,0.9,58,42,39688,54457
"9880",42077005200,"42","077","005200",6624,40.731594,-75.631096,"Census Tract 52, Lehigh County, Pennsylvania",216200,2653,90,6.2,2.66,1.91,4.8,4.9,16.3,19.1,19.7,4.5,5.1,1.2,24.3,0,4,24.9,48.7,20,2.5,90.4,9.6,67567,69446
"9881",42077005301,"42","077","005301",3416,40.698607,-75.68969,"Census Tract 53.01, Lehigh County, Pennsylvania",225500,1506,96,6.7,2.4,2.66,2.2,8.2,12.3,14.6,32.5,5.4,3.3,1.1,20.5,0,3.6,14.5,53.1,28.1,0.7,90.9,9.1,75565,77723
"9882",42077005302,"42","077","005302",4229,40.670926,-75.778674,"Census Tract 53.02, Lehigh County, Pennsylvania",239400,1776,138,6.9,2.63,1.88,3.4,14.1,16.6,12.2,11.6,3.7,2.5,2.9,33.1,0,0.7,19.3,53.2,20.8,6.1,91,9,75991,76933
"9883",42077005401,"42","077","005401",2173,40.634981,-75.656126,"Census Tract 54.01, Lehigh County, Pennsylvania",286800,823,3,7.3,2.79,2.6,5.5,13.9,13.4,11.5,23.5,9.7,9.8,1.6,11.2,0,0.6,10.8,41.7,38.9,8,92.3,7.7,86071,102401
"9884",42077005402,"42","077","005402",4923,40.600587,-75.700203,"Census Tract 54.02, Lehigh County, Pennsylvania",331500,1948,148,7.5,2.69,2.71,10.8,9.2,27.7,17.1,12,3.7,2.5,0,17,0,1.3,7.3,43.7,44,3.6,92.7,7.3,80217,96364
"9885",42077005503,"42","077","005503",4092,40.689662,-75.576003,"Census Tract 55.03, Lehigh County, Pennsylvania",319800,1460,83,7.3,3.13,2.54,6.2,14.9,17.1,15,15.4,12.8,3.8,3.8,11,0,1,13.4,40.8,38.7,6.2,90.4,9.6,99880,101847
"9886",42077005504,"42","077","005504",4556,40.693373,-75.548642,"Census Tract 55.04, Lehigh County, Pennsylvania",237700,1698,10,6.9,2.71,2.99,0.8,9.8,35.3,15,15.3,7.1,4.2,2.1,10.5,1.3,4.1,19.3,40.8,30.9,3.6,90.7,9.3,75400,88253
"9887",42077005505,"42","077","005505",3261,40.681048,-75.61363,"Census Tract 55.05, Lehigh County, Pennsylvania",250600,1279,0,7,2.62,1.63,0,3.9,17.8,27.1,17.7,9.2,5.4,4.8,14.1,0,11.4,7.4,36.8,34.1,10.2,88.1,11.9,72371,88787
"9888",42077005506,"42","077","005506",3794,40.647956,-75.598772,"Census Tract 55.06, Lehigh County, Pennsylvania",196400,1480,82,6,2.5,2.04,7.2,7.4,19.4,15.9,23.2,2.8,12.6,3.2,8.3,0,5.3,25.9,41.1,23.6,4.1,75.9,24.1,58576,72933
"9889",42077005601,"42","077","005601",4912,40.682831,-75.522888,"Census Tract 56.01, Lehigh County, Pennsylvania",199900,1999,63,6.4,2.57,2.16,5.4,7.7,12.9,13.6,7.2,5.8,8.6,5.7,33.3,0,4.3,17.6,50.1,21.5,6.5,87.3,12.7,67727,73470
"9890",42077005602,"42","077","005602",5170,40.660095,-75.494733,"Census Tract 56.02, Lehigh County, Pennsylvania",202500,2195,162,6.3,2.57,2.12,2,0,8.7,10.6,10.6,22.6,7.3,8.2,30,0,11,14.7,54.2,20.1,0,75.7,24.3,55688,66374
"9891",42077005702,"42","077","005702",4488,40.639496,-75.474787,"Census Tract 57.02, Lehigh County, Pennsylvania",174200,1990,23,5.8,2.52,1.84,0,3.1,5.7,3.6,12,13.5,27.1,8.3,26.7,0.7,16.2,24.4,50.9,6.6,1.1,60.7,39.3,41902,51894
"9892",42077005703,"42","077","005703",3440,40.625249,-75.475299,"Census Tract 57.03, Lehigh County, Pennsylvania",175100,1576,40,5,2.64,2.07,0,2.3,4.6,5.1,22.7,21,16.1,19.9,8.4,0,24,29.4,36.2,10.3,0,46.5,53.5,46624,53902
"9893",42077005704,"42","077","005704",3201,40.619886,-75.489431,"Census Tract 57.04, Lehigh County, Pennsylvania",228300,1417,0,4.8,2.86,1.99,3,1.1,10.7,5.4,48.6,17,7.4,1.3,5.4,0,20.9,48.2,20.4,9,1.5,23.4,76.6,55819,58743
"9894",42077005705,"42","077","005705",5527,40.636585,-75.500584,"Census Tract 57.05, Lehigh County, Pennsylvania",230700,2342,111,6,2.63,2.17,3.8,12.4,21.5,27.7,11.6,10.7,4.1,2.5,5.7,0,11.2,21.2,46.1,20,1.5,63.1,36.9,66097,78346
"9895",42077005800,"42","077","005800",3192,40.670814,-75.495582,"Census Tract 58, Lehigh County, Pennsylvania",173900,1448,25,5.7,2.19,2.48,1.6,1.7,4.3,12.5,2.3,3.7,26,7.6,40.3,1,8.1,34.4,44.2,9.8,2.6,77.3,22.7,44245,54073
"9896",42077005901,"42","077","005901",6436,40.653197,-75.466112,"Census Tract 59.01, Lehigh County, Pennsylvania",140700,2851,249,5.8,2.62,2.17,0.5,0.7,2.6,10.6,20.9,8.5,11.3,1.9,43.1,0,8.9,26.5,54.3,9.4,0.9,69.8,30.2,56684,61413
"9897",42077005902,"42","077","005902",1571,40.643744,-75.435029,"Census Tract 59.02, Lehigh County, Pennsylvania",136300,716,16,5,2.12,2.32,3.6,0,5.6,13.7,40.1,15.1,16.6,2,3.4,0,13.1,40.1,37.3,8.9,0.6,48.4,51.6,45109,52826
"9898",42077006001,"42","077","006001",4529,40.620728,-75.515582,"Census Tract 60.01, Lehigh County, Pennsylvania",201800,1849,33,6.5,2.44,2.37,0.9,0.5,1.9,13.3,21.6,11.2,23.2,13.3,14.1,0,2.2,17.4,58,20.6,1.9,84.7,15.3,62955,70588
"9899",42077006002,"42","077","006002",5778,40.615492,-75.561526,"Census Tract 60.02, Lehigh County, Pennsylvania",326100,2274,131,7.6,2.56,2.68,11.8,5.1,10.3,21.7,22.8,12.5,4.4,1.4,10,0,2.3,3.8,43.1,45.5,5.3,91.4,8.6,91932,122303
"9900",42077006101,"42","077","006101",3688,40.579693,-75.535135,"Census Tract 61.01, Lehigh County, Pennsylvania",221200,1663,94,5.8,2.41,1.49,4.6,1.2,5.4,20.2,15.9,10.9,19.5,2.7,19.5,1.8,28.1,12.3,29.5,26.4,1.9,65.5,34.5,51102,62766
"9901",42077006102,"42","077","006102",5185,40.599633,-75.53683,"Census Tract 61.02, Lehigh County, Pennsylvania",237000,2296,145,6.7,2.59,1.89,3.5,9,2.5,9.4,11.8,15.5,32.7,6.4,9.2,0,3.3,19.2,52.4,23.3,1.7,83.8,16.2,64510,102527
"9902",42077006202,"42","077","006202",8616,40.552478,-75.633126,"Census Tract 62.02, Lehigh County, Pennsylvania",239500,3208,305,6.3,2.84,1.95,18.8,18.1,21.9,13,13.6,2.1,4.4,0.7,7.3,0.3,2.6,23.3,39.3,29,5.5,79.4,20.6,80527,87975
"9903",42077006203,"42","077","006203",7329,40.577705,-75.58446,"Census Tract 62.03, Lehigh County, Pennsylvania",312700,2644,0,7.7,3.05,1.81,5.1,20.2,34.8,12.9,15.3,4.8,3.1,0,3.9,0,10.4,8.2,28,49.8,3.7,82.4,17.6,108698,112867
"9904",42077006204,"42","077","006204",4118,40.594101,-75.603043,"Census Tract 62.04, Lehigh County, Pennsylvania",350000,1459,0,8.3,2.9,1.24,1.8,25.4,30,17.2,8.8,8.8,3.5,1.2,3.4,0,1.1,9.4,23.4,56.5,9.6,96.2,3.8,109766,127724
"9905",42077006302,"42","077","006302",6899,40.512838,-75.593547,"Census Tract 63.02, Lehigh County, Pennsylvania",226500,2495,107,6.3,2.81,2.13,23.3,19.6,13.9,6.5,11.9,4.1,4.6,0.8,15.2,0,2.7,11.6,55.2,25.6,4.9,91.2,8.8,78144,83207
"9906",42077006303,"42","077","006303",3074,40.515464,-75.554922,"Census Tract 63.03, Lehigh County, Pennsylvania",181700,1433,51,5.7,2.42,1.97,0.6,2.7,20,22.5,13.5,5.8,9.2,3.8,22,0.8,19.3,22.9,43.4,12.9,0.7,58,42,56048,66768
"9907",42077006304,"42","077","006304",3946,40.559089,-75.535681,"Census Tract 63.04, Lehigh County, Pennsylvania",292700,1487,31,7.9,2.69,1.63,6.4,4.7,19.4,30.1,15.9,15.5,1.1,1.3,5.4,0,0.7,12.4,31.3,45.6,10,92.9,7.1,94800,132925
"9908",42077006305,"42","077","006305",6617,40.555272,-75.55797,"Census Tract 63.05, Lehigh County, Pennsylvania",272500,2375,0,6.8,2.61,3.09,9.8,10.9,4.1,18.9,28.8,17,4.2,0.8,5.6,0.5,5.8,13.2,39,38.7,2.7,83.9,16.1,74631,90951
"9909",42077006307,"42","077","006307",8327,40.539159,-75.563234,"Census Tract 63.07, Lehigh County, Pennsylvania",272300,3233,0,6.8,2.53,1.99,8.9,35.7,17.7,11.5,6.3,13.1,1.5,0.6,4.8,0,2.3,22.2,42.6,29.3,3.6,85.1,14.9,78966,104265
"9910",42077006308,"42","077","006308",7205,40.530783,-75.575363,"Census Tract 63.08, Lehigh County, Pennsylvania",298900,2737,175,7.5,2.73,2.36,20.6,28.3,17.1,13.4,16.8,0.4,0.5,1.6,1.4,1.1,0.9,23.6,29.6,39.4,5.4,95.1,4.9,88833,98593
"9911",42077006401,"42","077","006401",2789,40.520025,-75.509339,"Census Tract 64.01, Lehigh County, Pennsylvania",271600,1293,76,6.2,2.55,2.45,2.2,1.5,27.5,25,12.3,3.9,9,4.3,14.3,0,4.6,28.2,43.5,20.2,3.4,66.9,33.1,69968,81040
"9912",42077006402,"42","077","006402",4792,40.48799,-75.520282,"Census Tract 64.02, Lehigh County, Pennsylvania",290100,1794,51,6.6,2.8,2.29,0.7,5.8,12.5,16.3,15,10.4,13.5,1.6,24.2,0,0.7,14.3,51.8,28.5,4.7,84.2,15.8,74007,94452
"9913",42077006500,"42","077","006500",5626,40.531417,-75.495485,"Census Tract 65, Lehigh County, Pennsylvania",166500,2656,306,5.1,2.63,2.03,1.4,0,5,12.6,11.5,8.1,10.3,4.2,46.9,3,19.1,31.3,36.6,8.7,1.3,55.5,44.5,47419,56622
"9914",42077006600,"42","077","006600",5296,40.541335,-75.498232,"Census Tract 66, Lehigh County, Pennsylvania",214500,2268,73,6.8,2.43,1.94,0,0,0.7,3.5,14,19.5,33.6,13.3,15.3,0,8.2,12.5,53.8,22.9,2.6,85.2,14.8,64635,75838
"9915",42077006701,"42","077","006701",4917,40.592556,-75.426796,"Census Tract 67.01, Lehigh County, Pennsylvania",179000,1958,49,6.1,2.58,1.92,1.2,2,1.8,14.4,18,19.8,17.4,6.6,18.7,0,7.7,19.1,53.2,17.7,2.3,84.7,15.3,60464,67040
"9916",42077006702,"42","077","006702",2793,40.574445,-75.434549,"Census Tract 67.02, Lehigh County, Pennsylvania",195800,1208,71,6.3,2.54,1.95,3,1.9,11.1,5.6,13.2,16.7,16.2,14.7,17.5,0,9.9,19.3,51.8,15.6,3.4,92.5,7.5,63808,71329
"9917",42077006703,"42","077","006703",5795,40.568368,-75.505725,"Census Tract 67.03, Lehigh County, Pennsylvania",281600,2371,64,7.8,2.56,1.91,0.4,5.8,11.4,13,14.9,30.2,17.6,2.7,3.9,0,5.5,10.2,30.3,45.9,8.1,86.1,13.9,85410,127675
"9918",42077006800,"42","077","006800",4597,40.602929,-75.395482,"Census Tract 68, Lehigh County, Pennsylvania",148700,2044,115,5.9,2.48,1.86,0.3,0.5,0.8,3.4,11.6,4.5,12.9,11.1,54.9,0,22.4,12.6,39.7,20.3,5.1,64.8,35.2,43655,51435
"9919",42077006902,"42","077","006902",2386,40.509962,-75.391351,"Census Tract 69.02, Lehigh County, Pennsylvania",232000,1025,71,6.5,2.61,1.69,1.2,2.3,3.9,3.5,21.2,10.7,8.1,10.8,38.2,0,15.4,9.5,48.6,18.5,8,71.9,28.1,58370,67169
"9920",42077006903,"42","077","006903",6395,40.543171,-75.389431,"Census Tract 69.03, Lehigh County, Pennsylvania",331100,2072,197,7.3,3.02,1.66,11.9,15.8,15.3,2.6,15.8,10.6,12.3,5.3,10.5,1.2,3.6,5.8,41.3,31.9,16.1,87.4,12.6,97303,142990
"9921",42077006905,"42","077","006905",4447,40.511754,-75.414484,"Census Tract 69.05, Lehigh County, Pennsylvania",304200,1485,27,7.7,2.79,1.93,5.9,10.7,15.2,13.9,10.5,22.2,5.9,5.1,10.6,0,1.1,7.4,41.4,40.5,9.5,99,1,97500,121283
"9922",42077006906,"42","077","006906",3966,40.537824,-75.427807,"Census Tract 69.06, Lehigh County, Pennsylvania",272700,1496,43,7.1,2.76,2.56,9.7,9.3,14.8,9.2,15.6,17.6,11.2,8.4,4.2,0,2.2,15.3,49.1,28.2,5.2,89.6,10.4,90506,114337
"9923",42077007000,"42","077","007000",3775,40.477657,-75.455163,"Census Tract 70, Lehigh County, Pennsylvania",295200,1441,57,7.1,2.75,2,0,8.3,15.3,10.7,14.4,14.7,8.7,5.4,22.3,0.6,0.6,8.6,43.8,40.3,6.2,97.4,2.6,70549,81661
"9924",42077009100,"42","077","009100",3717,40.637024,-75.402944,"Census Tract 91, Lehigh County, Pennsylvania",168700,1729,152,4.6,2.13,1.53,5.8,5.7,3.5,8.4,19.1,17.1,34.4,3.3,2.7,0.5,27.4,32.5,32.2,7.5,0,56.1,43.9,49183,55030
"9925",42077009200,"42","077","009200",3768,40.641019,-75.418074,"Census Tract 92, Lehigh County, Pennsylvania",196300,1833,62,5.3,2.41,1.66,0.3,0.8,0,4.3,21.6,23.6,43.4,5.6,0.3,0,20.6,30.4,33.9,15.1,0,55.1,44.9,53191,60785
"9926",42077009300,"42","077","009300",3246,40.627321,-75.410046,"Census Tract 93, Lehigh County, Pennsylvania",191000,1498,58,6.4,2.5,2.09,0,7.7,1.1,3.3,5,1.7,25.6,17.1,38.5,0,8.5,17.3,43.2,24,7.1,73.9,26.1,60833,71181
"9927",42077009400,"42","077","009400",3972,40.619927,-75.405833,"Census Tract 94, Lehigh County, Pennsylvania",160500,1640,80,5.1,2.52,2.32,0,2.3,12.3,9.6,19,9.1,8.2,6.5,33.2,0.4,14.7,33.6,44.8,2.3,4.3,48.1,51.9,40682,50546
"9928",42077009500,"42","077","009500",4640,40.620824,-75.390267,"Census Tract 95, Lehigh County, Pennsylvania",176100,2264,69,6,2.57,1.75,0,0,0,6.9,9.2,4.2,3.6,7.4,68.7,0.7,21.6,17.5,40.1,12.1,8,53,47,44647,53369
"9929",42077009600,"42","077","009600",7344,40.610646,-75.443347,"Census Tract 96, Lehigh County, Pennsylvania",116300,2782,334,5.2,2.96,2.33,6.5,0.8,1.3,16.1,7.1,15.7,13,8.4,31.2,1.2,23.2,20.5,40,8.3,6.8,54.3,45.7,33359,40723
"9930",42077009700,"42","077","009700",3551,40.599934,-75.474398,"Census Tract 97, Lehigh County, Pennsylvania",100400,1811,406,3.8,2.52,2.05,6.4,0.4,4.7,10.4,9.9,13.8,3.8,6.9,43.6,6.1,42.6,27.7,20.6,1.3,1.7,6.9,93.1,15229,24708
"9931",42079200100,"42","079","200100",2867,41.245958,-75.881751,"Census Tract 2001, Luzerne County, Pennsylvania",146700,1100,281,3.3,2.27,1.35,0,0,1.5,6.2,40.9,4,4.9,3.3,39.2,19.2,48.2,25.5,3.2,0,4,6.8,93.2,14107,22552
"9932",42079200200,"42","079","200200",3630,41.243723,-75.902095,"Census Tract 2002, Luzerne County, Pennsylvania",105700,1689,289,5.9,2.67,2.33,0,0.4,0.5,6.3,4.5,9.2,9.5,18.2,51.4,1.5,9,34.9,32.9,15.1,6.6,51.7,48.3,38780,54269
"9933",42079200300,"42","079","200300",1818,41.239684,-75.91509,"Census Tract 2003, Luzerne County, Pennsylvania",94300,760,71,6.1,2.4,2.41,0,1.1,0.9,1.8,13.9,4.9,15.7,19.7,42,3.6,6.4,14.7,48.2,24.5,2.6,79.1,20.9,42083,49670
"9934",42079200400,"42","079","200400",2523,41.23436,-75.909826,"Census Tract 2004, Luzerne County, Pennsylvania",76900,1168,267,6,2.92,2.13,0,0,0,0,4.8,4.4,8.2,18.3,64.3,0,14.8,15.8,52,14.8,2.7,64.7,35.3,39809,46307
"9935",42079200500,"42","079","200500",2703,41.239655,-75.897908,"Census Tract 2005, Luzerne County, Pennsylvania",77400,1525,372,5,2.52,2.08,0,1.4,6.8,3.3,4.4,2,1.3,7.8,72.9,5.2,26.6,22.7,28.1,11,6.5,34.1,65.9,23304,36164
"9936",42079200600,"42","079","200600",2192,41.227106,-75.898175,"Census Tract 2006, Luzerne County, Pennsylvania",70600,1018,126,6.2,2.76,3.06,0,0.9,4.4,2.2,0,3.2,5.7,10,73.6,0,1.1,13.9,73.5,3.7,7.9,69.2,30.8,38700,45267
"9937",42079200700,"42","079","200700",3401,41.23223,-75.894612,"Census Tract 2007, Luzerne County, Pennsylvania",74800,1620,123,5.7,2.34,2.24,0,0,0.7,3.8,13,3,9,8.8,61.7,3.6,13,22.3,44.1,10.9,6.1,57.2,42.8,36466,42615
"9938",42079200800,"42","079","200800",3705,41.233363,-75.884887,"Census Tract 2008, Luzerne County, Pennsylvania",79700,1705,255,5.5,2.34,2.68,0,1.3,0.5,2,16.2,12.6,3.7,12.6,51,2,11.4,29.7,46,8.9,1.9,48.1,51.9,35795,46552
"9939",42079200900,"42","079","200900",3178,41.236954,-75.877538,"Census Tract 2009, Luzerne County, Pennsylvania",92700,1785,253,5.1,2.27,1.99,0.4,0,0,4.5,13.9,11.9,8.7,5.9,54.6,7.7,20.4,21.4,41.1,4.1,5.2,38.1,61.9,22788,37043
"9940",42079201000,"42","079","201000",2519,41.238775,-75.869173,"Census Tract 2010, Luzerne County, Pennsylvania",72000,1324,140,4.6,2.5,2.02,0,0,1.7,4.8,31.9,9,2,4.3,46.4,4.3,18.9,33.6,39.5,2.5,1.2,21,79,16698,28130
"9941",42079201100,"42","079","201100",1252,41.249971,-75.871403,"Census Tract 2011, Luzerne County, Pennsylvania",61700,631,152,6.7,1.97,3.34,0,0,0,0,2.9,0,11.6,4.9,80.7,1.9,7.3,11.4,42,18.1,19.3,56.8,43.2,27435,41750
"9942",42079201200,"42","079","201200",2303,41.25529,-75.870785,"Census Tract 2012, Luzerne County, Pennsylvania",63400,743,140,5.8,2.24,2.61,0.7,0,0,0,1.5,2.2,7.5,13.6,74.6,0,13.1,24,49.7,7.9,5.4,62.5,37.5,26948,35925
"9943",42079201300,"42","079","201300",1997,41.255108,-75.863131,"Census Tract 2013, Luzerne County, Pennsylvania",76800,1032,187,5.8,2.13,1.93,0,0,0.8,2.2,9.9,4.1,3.3,8.1,71.6,3.6,14.1,22.9,49.5,4.4,5.6,57.4,42.6,31595,34828
"9944",42079201400,"42","079","201400",2262,41.246949,-75.863271,"Census Tract 2014, Luzerne County, Pennsylvania",69500,1071,63,5.6,2.3,1.95,0,0,0,4.7,8.3,3.4,5.8,7.5,70.4,4.3,12.4,29.9,47.2,4.4,1.8,52.8,47.2,29651,35423
"9945",42079201500,"42","079","201500",2315,41.257677,-75.8444,"Census Tract 2015, Luzerne County, Pennsylvania",77500,999,100,6,2.45,2.65,0,0,0,1.8,4.7,4.6,7.3,13.5,68.1,0,3.8,19.3,64.9,9,3,61.5,38.5,33722,45039
"9946",42079201600,"42","079","201600",2833,41.265639,-75.839567,"Census Tract 2016, Luzerne County, Pennsylvania",91700,1513,167,5.6,2.24,1.81,1.3,0,3.2,6.5,14.6,5.1,4.7,8.8,55.8,1,13.2,32.7,37.3,13.3,2.6,66,34,37255,47957
"9947",42079210100,"42","079","210100",3368,41.315583,-75.752249,"Census Tract 2101, Luzerne County, Pennsylvania",141000,1383,64,6,2.62,2.06,2.5,7.7,10.8,10.3,15.4,10.4,6.9,10,26,0,3.6,32.5,51.1,10.3,2.5,86.7,13.3,60120,73681
"9948",42079210200,"42","079","210200",2711,41.322442,-75.747647,"Census Tract 2102, Luzerne County, Pennsylvania",95300,1444,192,5.8,2.3,1.5,1.5,0,4.6,7.8,7.5,3.5,13,5.8,56.2,0,6.9,29.7,51.9,10.9,0.6,81.5,18.5,38705,54228
"9949",42079210300,"42","079","210300",2661,41.337548,-75.743003,"Census Tract 2103, Luzerne County, Pennsylvania",97700,1192,60,6.1,2.38,2.3,0.8,4.9,5.2,1.3,16.4,2,6.6,8.5,54.3,0,10.6,25.4,48,12.1,3.9,72.3,27.7,47425,55616
"9950",42079210400,"42","079","210400",1392,41.328334,-75.773835,"Census Tract 2104, Luzerne County, Pennsylvania",113400,613,39,6.2,2.46,1.88,0.7,2.1,6.7,4.7,16.3,9.5,2.9,4.9,52.2,0,3.4,24.6,56.8,14.5,0.7,83.6,16.4,52803,66101
"9951",42079210500,"42","079","210500",4917,41.347379,-75.76049,"Census Tract 2105, Luzerne County, Pennsylvania",108100,2521,307,6,2.31,1.95,2.5,11.5,2.2,1.9,16.3,3.6,6.2,4.1,51.6,0,9.2,22.4,52.9,14.8,0.6,70.9,29.1,43571,53770
"9952",42079210600,"42","079","210600",1196,41.317545,-75.798085,"Census Tract 2106, Luzerne County, Pennsylvania",99900,680,57,5,2.16,1.53,1.3,0,0.6,1,21,6.9,10.1,7.1,51.9,2.5,32.9,21.2,28.2,12.5,2.6,51.8,48.2,28750,39018
"9953",42079210700,"42","079","210700",1831,41.336229,-75.783298,"Census Tract 2107, Luzerne County, Pennsylvania",95700,760,50,5.8,2.61,2.46,1.1,0,8.6,1.3,8.3,3.4,9.9,5,62.5,0,10.1,32.4,43.6,13.8,0.1,64.4,35.6,31447,41050
"9954",42079210800,"42","079","210800",3196,41.324247,-75.784482,"Census Tract 2108, Luzerne County, Pennsylvania",88100,1640,229,5.7,2.66,1.97,0.6,0,2.4,9.8,3.1,5.8,9.6,8.7,60.1,3,18.6,25.9,39.9,6.5,6.1,51.6,48.4,39805,55250
"9955",42079210900,"42","079","210900",1516,41.316405,-75.792276,"Census Tract 2109, Luzerne County, Pennsylvania",84200,758,44,5.3,2.26,1.64,0.7,0,0,5.8,0.8,2.9,14,13.3,62.5,0,26.3,21.2,35.4,14.1,3,60.6,39.4,31638,38199
"9956",42079211000,"42","079","211000",4868,41.330075,-75.800545,"Census Tract 2110, Luzerne County, Pennsylvania",120900,2572,196,6.2,2.22,1.8,2.1,0.4,0.7,2.6,5.3,4.2,10,11.9,62.6,0,11.3,26.4,40.4,18.7,3.2,60.1,39.9,46343,65204
"9957",42079211101,"42","079","211101",5652,41.326256,-75.821863,"Census Tract 2111.01, Luzerne County, Pennsylvania",112900,2525,185,5.7,2.37,2.38,2.5,5.7,15.1,8,9.1,10.3,10.9,8.9,29.6,0,6.8,24.3,54.1,14.3,0.5,72.9,27.1,48400,56985
"9958",42079211102,"42","079","211102",2378,41.385348,-75.840391,"Census Tract 2111.02, Luzerne County, Pennsylvania",153900,921,94,6,2.93,2.67,1.5,4.3,10.2,9.9,26,4.6,11.8,5.9,25.8,0,3.1,23.8,53.7,16.4,2.9,92.3,7.7,68578,86012
"9959",42079211201,"42","079","211201",2804,41.331697,-75.967199,"Census Tract 2112.01, Luzerne County, Pennsylvania",165800,1216,88,6.4,2.55,2.02,0.4,2.8,10.8,8.5,15.5,10,13.7,13,25.4,0.9,8.7,24,43.3,18.6,4.4,75.4,24.6,59907,77845
"9960",42079211203,"42","079","211203",1757,41.381017,-75.896376,"Census Tract 2112.03, Luzerne County, Pennsylvania",166100,806,97,6.4,2.84,1.28,2,1.4,16.5,11,22.3,16.3,6.7,10.2,13.6,0,7.9,27.2,44.8,15.3,4.8,88.9,11.1,61406,70334
"9961",42079211204,"42","079","211204",6320,41.345721,-75.953373,"Census Tract 2112.04, Luzerne County, Pennsylvania",173500,2307,172,6.1,2.52,2.17,4.3,5.2,14.2,15.9,7.4,9.4,20,10,13.5,0,3.3,31.9,42.7,20.6,1.5,77.5,22.5,56040,75947
"9962",42079211205,"42","079","211205",2686,41.352527,-75.986568,"Census Tract 2112.05, Luzerne County, Pennsylvania",209800,1269,60,6.1,2.34,1.98,5.3,5.1,13.8,21.4,11.8,3.6,9.1,4.7,25.2,3.2,11.7,15.8,42.8,21.3,5.4,57.7,42.3,46936,66589
"9963",42079211301,"42","079","211301",4646,41.280029,-75.990121,"Census Tract 2113.01, Luzerne County, Pennsylvania",218300,974,12,7,2.57,2.88,0.7,5,14.2,14,19.9,10.1,11.8,5.3,19,0,2.4,12.5,51.5,27.6,6,89.5,10.5,75882,101672
"9964",42079211302,"42","079","211302",3496,41.303191,-76.037037,"Census Tract 2113.02, Luzerne County, Pennsylvania",159600,1533,190,6.3,2.58,2.63,5.7,8.7,10.9,8.7,11,10.6,8.1,15.7,20.7,2,5.1,15.9,51.5,18.7,7,83.5,16.5,56206,76994
"9965",42079211303,"42","079","211303",2791,41.362269,-76.040383,"Census Tract 2113.03, Luzerne County, Pennsylvania",155300,1683,485,6,2.39,1.84,2,5.8,9.5,6.6,9.3,6.5,20,11.8,28.6,0,9,30.4,41.8,13.8,4.9,84.4,15.6,66983,74886
"9966",42079211304,"42","079","211304",2049,41.336364,-76.091113,"Census Tract 2113.04, Luzerne County, Pennsylvania",151000,920,105,5.9,2.63,3.21,2.2,1.5,23,15.8,22.5,5.4,1.6,2.7,25.2,1.6,4.1,29.9,53.2,9.9,1.3,90.4,9.6,60475,66908
"9967",42079211400,"42","079","211400",6999,41.320067,-75.923509,"Census Tract 2114, Luzerne County, Pennsylvania",158400,2857,130,6.6,2.61,2.31,4.5,3.2,11.7,14,14.1,7.1,12.1,11.6,21.8,0,2.2,19.4,52.3,21.7,4.4,86.1,13.9,62567,92281
"9968",42079211500,"42","079","211500",2725,41.317923,-75.850818,"Census Tract 2115, Luzerne County, Pennsylvania",122100,1185,12,6.2,2.37,2.06,2.2,2,10.6,3.9,9.6,12.7,16.7,8.3,34,0,1.9,30.3,47.3,19.2,1.3,86.3,13.7,54806,65277
"9969",42079211600,"42","079","211600",3073,41.310467,-75.835593,"Census Tract 2116, Luzerne County, Pennsylvania",131300,1657,113,5.8,2.17,1.69,0,1.2,1.4,2.2,9.1,7.5,16.4,8,54.3,0.9,19.9,27.7,35.4,9.1,7,59.2,40.8,39621,56477
"9970",42079211701,"42","079","211701",5049,41.3013,-75.805232,"Census Tract 2117.01, Luzerne County, Pennsylvania",116300,2104,149,5.9,2.62,1.71,3.4,10,18.8,12.7,18.3,1.8,1.9,2.1,30.9,6.5,4.5,22,52.1,14.1,0.8,76.8,23.2,52297,70771
"9971",42079211702,"42","079","211702",1487,41.29093,-75.792405,"Census Tract 2117.02, Luzerne County, Pennsylvania",178800,651,25,6.7,2.52,1.7,0.5,6.8,7.7,5.1,49.9,17.5,4.1,2.6,5.8,0,1.1,18,55.1,24,1.8,86.7,13.3,69750,84441
"9972",42079211800,"42","079","211800",1886,41.256227,-75.817087,"Census Tract 2118, Luzerne County, Pennsylvania",109000,800,66,4.6,2.27,1.39,8.1,5.3,17.3,27.6,22,4.8,3.3,3,8.8,0,25.1,33.3,32.3,9.4,0,61.2,38.8,42763,66067
"9973",42079211900,"42","079","211900",6147,41.280331,-75.838029,"Census Tract 2119, Luzerne County, Pennsylvania",121900,3002,219,6.1,2.41,1.88,1.3,1.4,6.6,7.9,14.6,10.6,9.1,8.5,40.1,0,5.1,17.4,60.2,14.2,3.2,77.2,22.8,52275,71182
"9974",42079212000,"42","079","212000",1928,41.272397,-75.855025,"Census Tract 2120, Luzerne County, Pennsylvania",93100,879,49,5.7,2.3,2.16,0,0.8,6.1,1.1,7.6,14.8,8.5,8,53,3,5.3,32.2,52.2,6.8,0.5,64.9,35.1,35850,52650
"9975",42079212100,"42","079","212100",4214,41.283808,-75.874058,"Census Tract 2121, Luzerne County, Pennsylvania",139600,1919,172,6.2,2.61,2.06,0,0.4,1.7,2.4,4.3,4.2,22.9,11.3,52.7,0.9,4.3,22.6,48.7,20.8,2.7,65.4,34.6,60653,65728
"9976",42079212200,"42","079","212200",5062,41.294532,-75.877994,"Census Tract 2122, Luzerne County, Pennsylvania",117400,2528,238,5.8,2.2,2.21,0,0,2.3,9.7,8.1,9.1,16.9,11,43,2.7,3.1,34.5,47.3,12.4,0,82.2,17.8,52679,57028
"9977",42079212300,"42","079","212300",2845,41.284547,-75.89357,"Census Tract 2123, Luzerne County, Pennsylvania",80000,1395,92,5.5,2.42,1.95,0,0.6,1.9,2.9,5.8,8.3,20.1,9.5,50.9,3.2,18.7,31.4,41.1,3.7,1.8,50.7,49.3,27917,35425
"9978",42079212700,"42","079","212700",5158,41.269495,-75.895288,"Census Tract 2127, Luzerne County, Pennsylvania",95100,2552,251,5.7,2.31,2,1.2,0.4,2.8,2.7,10.8,3.7,7.9,19.6,50.9,4.8,16.6,22.4,36.6,13.8,5.8,44.5,55.5,36563,43976
"9979",42079212800,"42","079","212800",3530,41.268087,-75.882239,"Census Tract 2128, Luzerne County, Pennsylvania",179500,1651,145,6.5,2.67,1.62,0,0.5,0,4.9,12.3,11.3,18.8,6.5,45.7,0,8.8,24.7,37.6,20.2,8.7,66.5,33.5,56786,78900
"9980",42079212900,"42","079","212900",1379,41.262563,-75.889742,"Census Tract 2129, Luzerne County, Pennsylvania",112500,684,109,5.7,2.43,2.06,0,0,0,1.6,3.9,1,14.3,15.8,63.3,0,20.6,24,37.6,14,3.8,56.5,43.5,51193,61469
"9981",42079213000,"42","079","213000",1405,41.259038,-75.894609,"Census Tract 2130, Luzerne County, Pennsylvania",105300,736,21,6,2.37,1.51,2.2,0,1.1,0,13.3,3.9,15.6,16.3,47.6,2,18.1,13.2,57.5,5.8,3.4,64.3,35.7,40402,50640
"9982",42079213100,"42","079","213100",1710,41.255459,-75.887758,"Census Tract 2131, Luzerne County, Pennsylvania",139000,808,0,5.4,2.11,1.59,2.5,0,3.1,13.1,14.4,2.1,15.7,15.2,33.9,5.4,23.4,20.3,43.2,5.1,2.6,41.2,58.8,35139,49686
"9983",42079213200,"42","079","213200",4816,41.266737,-75.908265,"Census Tract 2132, Luzerne County, Pennsylvania",87800,2406,175,5.3,2.19,2.12,0,1,0.7,3.9,22.3,13.2,6.2,10.8,41.9,1.1,13.2,35,39.8,8.3,2.5,37.2,62.8,27719,36714
"9984",42079213300,"42","079","213300",1711,41.279464,-75.905825,"Census Tract 2133, Luzerne County, Pennsylvania",96600,776,67,5.9,2.34,1.73,1.5,3.1,2.4,1.2,16.2,6.8,11.7,8.4,48.6,0,5.9,24.7,59.1,7.2,3,80.7,19.3,47279,50247
"9985",42079213400,"42","079","213400",4480,41.260232,-75.928492,"Census Tract 2134, Luzerne County, Pennsylvania",103400,2050,213,6.1,2.44,2.45,0,1.8,10.7,10.6,15.2,4.7,6.2,11,39.8,1.4,4.7,20.6,59.4,11.8,2.2,80.3,19.7,40372,57528
"9986",42079213600,"42","079","213600",2271,41.243786,-75.941139,"Census Tract 2136, Luzerne County, Pennsylvania",87100,1267,215,5.3,2.69,1.8,0,0,0.7,2.4,14.2,5.2,7,11.6,58.8,9,22,23.7,31.5,10.9,2.9,40.9,59.1,20690,31145
"9987",42079213700,"42","079","213700",2074,41.24194,-75.952665,"Census Tract 2137, Luzerne County, Pennsylvania",85800,1149,139,5.9,2.12,2.18,0.8,0,1,0,6,3,16.9,4.3,68,0,6.9,38.1,35.5,12.8,6.7,64.3,35.7,41656,48573
"9988",42079213800,"42","079","213800",1606,41.237677,-75.959793,"Census Tract 2138, Luzerne County, Pennsylvania",75300,892,223,5.7,2.32,2.18,0,4.6,2.8,1.5,3.8,4.9,7.7,7.6,67,0.6,5.3,33.6,52.2,8.3,0,66.4,33.6,31469,38946
"9989",42079213900,"42","079","213900",1812,41.23334,-75.99953,"Census Tract 2139, Luzerne County, Pennsylvania",98900,943,142,5.8,2.21,1.83,1.2,1.6,8.8,9.7,10.8,7.5,10.3,12.6,37.5,0,8.3,26.3,54.7,6,4.7,79.7,20.3,48950,62000
"9990",42079214000,"42","079","214000",1044,41.209105,-76.010352,"Census Tract 2140, Luzerne County, Pennsylvania",74400,522,34,5,2.54,1.6,0,1.7,1,9,3.8,1.9,23.4,6.3,52.9,0,26.8,42.9,19.3,8.6,2.3,43.6,56.4,47368,46819
"9991",42079214100,"42","079","214100",2526,41.20058,-76.006853,"Census Tract 2141, Luzerne County, Pennsylvania",65900,1361,169,5.4,2.25,2.03,0,0,1.5,3.1,15.1,11.2,3.7,17,48.4,4.1,19,29.1,38.4,6.9,2.6,46.5,53.5,26927,42061
"9992",42079214200,"42","079","214200",2833,41.203337,-75.995915,"Census Tract 2142, Luzerne County, Pennsylvania",81400,1397,243,5.6,2.22,2.24,3.7,2.6,3.7,2.1,19.3,8.4,7.8,7.6,44.7,0,19.7,22.6,45.6,7.4,4.7,61.4,38.6,33947,41237
"9993",42079214300,"42","079","214300",2024,41.193278,-75.988355,"Census Tract 2143, Luzerne County, Pennsylvania",92600,961,94,5.7,2.33,2.35,0,1.1,1.5,0.4,2.6,8.5,15.6,14,56.2,2.2,10.9,18.7,62.6,2.7,2.8,63.9,36.1,39059,49414
"9994",42079214400,"42","079","214400",2038,41.193552,-76.002574,"Census Tract 2144, Luzerne County, Pennsylvania",104800,1011,94,5.9,2.62,1.98,0,0.9,1.9,8.4,16.9,8.8,6.6,8.5,48,0,11.3,18.8,52.9,11.2,5.8,64.1,35.9,41607,49049
"9995",42079214500,"42","079","214500",1687,41.233925,-75.931689,"Census Tract 2145, Luzerne County, Pennsylvania",86400,806,114,6.1,2.24,1.86,0,1.4,4.2,9.4,9.4,1.1,7.4,9.3,57.7,0,2.1,23.9,57.4,15.4,1.1,71.4,28.6,37866,43636
"9996",42079214600,"42","079","214600",3943,41.226308,-75.91635,"Census Tract 2146, Luzerne County, Pennsylvania",103200,1919,119,5.7,2.43,1.75,0,2.3,8.9,4.7,21.8,6.8,9.9,4.9,40.7,6.3,13,18.9,55.4,5.8,0.6,61.1,38.9,34863,49216
"9997",42079214900,"42","079","214900",1456,41.214389,-75.902936,"Census Tract 2149, Luzerne County, Pennsylvania",89000,680,22,5.8,2.45,1.31,0,3.2,1.8,0.3,13.8,9,2.1,7.4,62.5,0,10,24.4,53.4,10.4,1.8,77.4,22.6,43382,53544
"9998",42079215000,"42","079","215000",1573,41.193852,-75.939752,"Census Tract 2150, Luzerne County, Pennsylvania",76400,732,68,5.9,2.62,2.17,0,3.4,5.5,1.2,10.8,4.2,3.4,6.4,65,0.8,6,29.2,48.6,11.2,4.1,74.4,25.6,40870,54743
"9999",42079215100,"42","079","215100",2790,41.214191,-75.901135,"Census Tract 2151, Luzerne County, Pennsylvania",73400,1379,172,5.7,2.29,2.37,0,0,2.6,10.2,3,4.2,6.7,8.6,64.8,0.8,4.4,38.4,48.2,3.6,4.6,70.6,29.4,39282,47157
"10000",42079215200,"42","079","215200",2967,41.227907,-75.869387,"Census Tract 2152, Luzerne County, Pennsylvania",85500,1564,106,5.4,2.16,1.79,1,0,5.8,2.9,17.6,7.7,10,7.5,47.4,0,13.1,30.2,43.4,11.6,1.7,62.6,37.4,37695,45181
"10001",42079215300,"42","079","215300",3966,41.197286,-75.759344,"Census Tract 2153, Luzerne County, Pennsylvania",166500,1975,392,6,2.43,2.42,4.4,8.4,11.5,10.2,22,11,13.3,9.5,9.8,2,4.9,24.4,48.6,16.7,3.4,91.7,8.3,57917,71707
"10002",42079215400,"42","079","215400",2530,41.080079,-75.787718,"Census Tract 2154, Luzerne County, Pennsylvania",137800,1427,397,6,2.51,2.31,3.4,6.7,16.5,4.8,15.2,7.4,10.4,9.9,25.9,0.2,6.4,25.8,52.2,13.5,2,87.9,12.1,51932,63620
"10003",42079215501,"42","079","215501",4520,41.159081,-75.878363,"Census Tract 2155.01, Luzerne County, Pennsylvania",226700,1772,120,7.6,2.82,2.06,4.6,7.7,20.8,9.9,14.5,13.3,7.1,6.3,16,0,4,13.4,38.5,37,7.2,84.3,15.7,81439,91470
"10004",42079215502,"42","079","215502",5651,41.124225,-75.916696,"Census Tract 2155.02, Luzerne County, Pennsylvania",182900,2192,183,7,2.74,2.54,4.3,8.1,17.7,11.6,23.3,15.8,4.8,1.5,13,0,2.1,15.4,53.9,25.5,3.1,91.5,8.5,75806,89219
"10005",42079215503,"42","079","215503",3335,41.146966,-75.940315,"Census Tract 2155.03, Luzerne County, Pennsylvania",193100,1263,79,7.2,2.75,2.45,17.1,8.4,26.2,16.3,11.3,4.7,1,4.7,10.4,0,1.7,9.1,56.5,29,3.7,97.6,2.4,74250,89490
"10006",42079215504,"42","079","215504",3982,41.12157,-76.00516,"Census Tract 2155.04, Luzerne County, Pennsylvania",160900,1721,176,6.1,2.54,2.27,5.2,8.1,18.1,8.9,18.7,7.6,4.9,8.5,20.1,0,3.4,23.1,54.4,13.9,5.1,89.8,10.2,60885,69661
"10007",42079215600,"42","079","215600",5374,41.180672,-76.053466,"Census Tract 2156, Luzerne County, Pennsylvania",94900,2208,399,5.8,2.45,2.16,0.6,1.1,10.2,5,7.7,4.7,9,8.5,53.2,0.6,14.9,22.7,50.5,9.7,1.5,65.7,34.3,36083,44813
"10008",42079215701,"42","079","215701",2443,41.233537,-76.106729,"Census Tract 2157.01, Luzerne County, Pennsylvania",128900,1091,104,5.9,2.8,2.14,2.7,4.9,12.1,9.8,22.5,6.6,10.4,8.7,22.3,0,4.4,30.5,43.8,18.8,2.5,87.1,12.9,50665,63544
"10009",42079215702,"42","079","215702",2042,41.20603,-76.166148,"Census Tract 2157.02, Luzerne County, Pennsylvania",145800,923,113,5.8,2.75,2.9,2.3,11.9,9.9,11.5,23.9,6.5,8.6,7.9,17.6,0,2.9,21.3,58.9,12.6,4.2,87.8,12.2,65300,64561
"10010",42079215800,"42","079","215800",2937,41.280209,-76.160609,"Census Tract 2158, Luzerne County, Pennsylvania",165000,1352,210,6,2.58,2.33,8,4.4,14.2,8.1,15.2,8.7,9.6,11,20.7,0,3.6,21.2,59,13.9,2.4,86.3,13.7,55703,61837
"10011",42079215900,"42","079","215900",3747,41.211528,-76.256239,"Census Tract 2159, Luzerne County, Pennsylvania",147900,1673,328,5.9,2.7,2.43,5.1,5.1,12.6,10.3,15.8,9,5,7.7,29.4,0.7,5.7,26,49.4,15.2,2.9,86.8,13.2,52650,59070
"10012",42079216000,"42","079","216000",838,41.153305,-76.151534,"Census Tract 2160, Luzerne County, Pennsylvania",72900,458,136,5.8,2.67,2.12,0,0,0.7,3.7,8.1,4.6,7.6,9.4,65.9,1.3,15.5,26.4,40,10.7,6.1,68.3,31.7,29500,40039
"10013",42079216100,"42","079","216100",4254,41.079635,-76.203144,"Census Tract 2161, Luzerne County, Pennsylvania",132700,1824,123,6.1,2.45,2.34,1.2,2.2,6.4,10.5,20.6,14.6,10.4,7.2,27,4.3,2.5,22.5,56.6,9.8,4.3,89.5,10.5,42083,56894
"10014",42079216200,"42","079","216200",5387,41.073281,-76.152089,"Census Tract 2162, Luzerne County, Pennsylvania",108100,2382,305,5.9,2.61,2.14,1.9,2.3,10.7,9.9,12.3,5.5,10.5,8.1,38.9,0.5,8.6,26.8,47.8,13.2,3.1,74.7,25.3,44192,53909
"10015",42079216400,"42","079","216400",2016,40.963491,-76.160327,"Census Tract 2164, Luzerne County, Pennsylvania",136700,1014,125,6.2,2.41,2.11,5.8,4.4,3.5,16.2,20.3,4.1,6.8,7.7,31.2,3.1,3.4,17,54.5,18.8,3.3,83.9,16.1,47656,57952
"10016",42079216501,"42","079","216501",1914,40.991085,-76.060894,"Census Tract 2165.01, Luzerne County, Pennsylvania",168400,839,27,6.6,2.22,1.84,0,0,5.4,4.6,25,19.3,15.9,4.2,25.6,0.8,7.4,17.3,46.6,24.8,3.1,75.9,24.1,58482,82629
"10017",42079216502,"42","079","216502",4211,40.994868,-76.069088,"Census Tract 2165.02, Luzerne County, Pennsylvania",179500,1438,46,7,2.54,2.47,3.9,5.7,8.9,13,31.7,9.8,6.6,2.9,17.5,0,2.7,14.9,50.6,26.6,5.2,95.4,4.6,60397,74213
"10018",42079216600,"42","079","216600",9221,41.031051,-75.97075,"Census Tract 2166, Luzerne County, Pennsylvania",167300,3954,595,6.4,2.65,1.91,8.8,22.2,14.8,11.6,11.4,1.9,6.6,4.9,17.8,1,9.3,16,54.9,18.3,0.6,84.3,15.7,61145,72671
"10019",42079216700,"42","079","216700",3531,41.019682,-75.896995,"Census Tract 2167, Luzerne County, Pennsylvania",84700,1968,283,5.9,2.21,1.94,1.4,2.7,0,3,5.2,6.3,7.8,14.6,58.9,2.7,12,28.3,41.5,9.6,5.8,59.9,40.1,35382,46044
"10020",42079216800,"42","079","216800",3565,41.026212,-75.847189,"Census Tract 2168, Luzerne County, Pennsylvania",92600,2294,640,5.8,2.08,2.13,3.9,5.3,13.1,12.5,17.8,4.4,5.5,4.5,32.9,0,8.2,27.8,52.1,10,2,89.4,10.6,35509,43450
"10021",42079216900,"42","079","216900",4543,40.985095,-75.952952,"Census Tract 2169, Luzerne County, Pennsylvania",144200,2111,140,6.5,2.44,2.03,0.9,5.3,16.5,21.5,16.3,9,4.6,3.4,22.4,1.7,2.4,26.3,42.3,24,3.3,84.1,15.9,51048,53158
"10022",42079217001,"42","079","217001",1881,40.943023,-76.015346,"Census Tract 2170.01, Luzerne County, Pennsylvania",86800,965,245,6.2,2.34,2.54,0.9,11.9,15.4,2.2,14.6,1.9,4.7,8.7,39.7,0,1.3,38.9,45.7,9.6,4.5,79,21,34432,56917
"10023",42079217002,"42","079","217002",3125,40.979603,-75.994196,"Census Tract 2170.02, Luzerne County, Pennsylvania",146200,1488,234,5.6,2.11,2.48,4.4,9.7,8.3,8.2,28.2,19.8,8.2,0.6,12.6,3.8,14.6,26.2,40.1,12.4,3,63.2,36.8,29850,45182
"10024",42079217100,"42","079","217100",3309,40.965023,-75.965048,"Census Tract 2171, Luzerne County, Pennsylvania",91300,1707,350,5.7,2.32,2.64,0.4,0.7,4.6,1.3,10.1,7.7,20,14.6,40.5,0,9.8,39,39.7,10.5,1,56.7,43.3,32240,39873
"10025",42079217200,"42","079","217200",3223,40.951036,-75.97087,"Census Tract 2172, Luzerne County, Pennsylvania",75000,1473,180,5.7,2.75,2.01,0,0,2.4,5.4,12.2,4.1,15.3,10.8,49.8,0.8,29,12.6,31.8,12.4,13.4,41.3,58.7,25160,33959
"10026",42079217300,"42","079","217300",3554,40.942585,-75.964684,"Census Tract 2173, Luzerne County, Pennsylvania",131800,1619,47,6.2,2.46,2.06,0.4,3.3,2.3,1.7,16.8,12.4,18.8,6.1,38.1,0,9.5,20.2,52.1,16.6,1.5,73.3,26.7,54917,62438
"10027",42079217400,"42","079","217400",1605,40.949994,-75.9799,"Census Tract 2174, Luzerne County, Pennsylvania",62000,794,99,5,2.85,2.91,0,0,12.1,13.5,26.7,7.7,8.8,5.7,25.6,7.2,17,24.3,41.7,5.8,4,48.6,51.4,26799,50855
"10028",42079217500,"42","079","217500",2755,40.956408,-75.97671,"Census Tract 2175, Luzerne County, Pennsylvania",88100,1147,290,5.6,2.96,2.88,0,1.6,1.6,2.2,3.8,7,15.3,14.1,54.5,2.4,16.2,25.5,37.4,6.8,11.8,55.8,44.2,32326,43359
"10029",42079217600,"42","079","217600",2866,40.961381,-75.974732,"Census Tract 2176, Luzerne County, Pennsylvania",88200,1291,218,5.7,2.59,2.42,1.3,1.8,2.1,3,4.4,0.3,12.7,18.9,55.5,3.8,12.1,25.9,46.2,7.1,4.9,39.8,60.2,31857,39311
"10030",42079217700,"42","079","217700",4499,40.967618,-75.980153,"Census Tract 2177, Luzerne County, Pennsylvania",94800,2201,418,5.7,2.54,2.1,1,0.4,3,5.8,4.2,9.9,12.8,15.6,47.3,3.1,14.5,33,36.2,8.8,4.4,61.5,38.5,33474,52545
"10031",42079217800,"42","079","217800",3529,40.961632,-75.985593,"Census Tract 2178, Luzerne County, Pennsylvania",93200,1497,279,5.9,2.71,2.75,0,0,1.3,0.6,1.9,6.5,17.7,10.3,61.7,0,6.7,21.7,47.6,10.1,13.8,67.9,32.1,35347,41393
"10032",42079217900,"42","079","217900",4589,40.961229,-75.996817,"Census Tract 2179, Luzerne County, Pennsylvania",97800,2030,264,5.7,2.55,2.45,0.3,1.7,1.6,2.2,7.5,13.3,13.8,17,42.5,0,8.5,29.9,47.1,12.5,2,53.7,46.3,33694,38515
"10033",42079218000,"42","079","218000",3990,41.214045,-75.948006,"Census Tract 2180, Luzerne County, Pennsylvania",94100,1943,163,5.9,2.39,2.23,2.5,3.4,4.4,6.5,27.9,5.6,3.7,12.1,33.7,0,9.6,29.7,45.6,12.9,2.1,66.7,33.3,36346,51507
"10034",42079980100,"42","079","980100",5,40.972143,-76.027176,"Census Tract 9801, Luzerne County, Pennsylvania",NA,15,0,NA,1.93,NA,0,0,0,0,0,0,0,0,100,0,0,0,100,0,0,100,0,NA,NA
"10035",42081000100,"42","081","000100",3184,41.25583,-76.996464,"Census Tract 1, Lycoming County, Pennsylvania",120200,1497,49,6.2,2.49,2.12,0,1.5,1.5,2.5,6.9,11.5,13.1,13.3,49.7,2.3,6,20.3,51.8,18,1.5,66.3,33.7,45154,57038
"10036",42081000200,"42","081","000200",2271,41.25191,-77.013951,"Census Tract 2, Lycoming County, Pennsylvania",139900,955,89,6.4,2.3,2.51,0.5,0,0,0,6.2,3.7,9.4,18.5,61.7,0,11.3,20.9,34.6,23.6,9.6,65.2,34.8,46406,73344
"10037",42081000300,"42","081","000300",5959,41.24256,-77.031205,"Census Tract 3, Lycoming County, Pennsylvania",75800,2821,462,5.8,2.46,2.04,0.9,1.9,3.8,2.7,1.8,9,9,9.1,61.8,2.3,13.3,23,44.8,11.4,5.2,37.8,62.2,34263,38351
"10038",42081000400,"42","081","000400",4373,41.243075,-77.01422,"Census Tract 4, Lycoming County, Pennsylvania",72400,2420,231,4.1,2.76,1.99,0.4,0,2.9,1.4,9.2,8.9,2.9,4.9,69.5,5.9,32.4,21.6,26.9,4.5,8.8,16.6,83.4,17471,26494
"10039",42081000500,"42","081","000500",2900,41.247444,-77.001248,"Census Tract 5, Lycoming County, Pennsylvania",95500,903,24,5.6,2.36,2,0,0,3.8,1.4,8.2,5.3,12.4,6.5,62.3,7.6,14.7,24.9,47.1,4.4,1.2,40.6,59.4,30462,44033
"10040",42081000600,"42","081","000600",2734,41.247081,-76.993129,"Census Tract 6, Lycoming County, Pennsylvania",74000,1405,258,4.8,2.58,1.69,3.4,0,0.6,1,2.2,2.3,9.6,10.2,70.6,11.2,14.8,37.2,29.5,7.3,0,41.9,58.1,26602,36150
"10041",42081000800,"42","081","000800",2380,41.236118,-77.0243,"Census Tract 8, Lycoming County, Pennsylvania",70800,587,131,5.4,3,2.49,0,7,10.4,0,3.1,11.4,7.5,12.9,47.7,9,10.4,27.9,28.6,19.4,4.6,19.3,80.7,8639,19026
"10042",42081000900,"42","081","000900",2509,41.235051,-77.054845,"Census Tract 9, Lycoming County, Pennsylvania",85900,1124,104,5.9,2.71,2.62,0,0.6,4.6,1.3,2,5.2,10.9,9.2,66.2,1.9,17.3,9.6,60.2,10.2,0.7,51.9,48.1,33077,62669
"10043",42081001000,"42","081","001000",3071,41.239585,-77.062503,"Census Tract 10, Lycoming County, Pennsylvania",112800,1402,136,5.5,2.8,2.16,1.7,5.9,8.1,8.3,14.6,2,16.4,5.6,37.4,2.3,12.4,27.7,44.2,13.4,0,47.9,52.1,34837,44771
"10044",42081010100,"42","081","010100",2339,41.476287,-77.113542,"Census Tract 101, Lycoming County, Pennsylvania",123900,1439,497,5.5,2.4,2.68,1.7,6,12.7,13.1,16.7,10.4,7.3,3.5,28.6,1.3,8.9,28.5,45.7,10.7,4.9,82.2,17.8,40833,51993
"10045",42081010200,"42","081","010200",1049,41.307078,-77.36275,"Census Tract 102, Lycoming County, Pennsylvania",159700,1601,1133,4.4,2.28,3.46,1.2,4.4,5.7,9.3,20.7,15.1,13.4,8.7,21.4,0.6,26,33.1,30.7,7.4,2.2,89.7,10.3,51625,63684
"10046",42081010300,"42","081","010300",3353,41.260486,-77.20841,"Census Tract 103, Lycoming County, Pennsylvania",137000,1438,171,5.9,2.53,2.61,3.1,6.1,15.8,12.3,20.5,7.3,6.4,3.5,25,1.5,4.9,22.7,48.3,18.4,4.2,85.2,14.8,51701,60771
"10047",42081010400,"42","081","010400",5227,41.329475,-77.060927,"Census Tract 104, Lycoming County, Pennsylvania",122200,2250,204,6.1,2.74,2.06,1.3,5.2,14.2,13,19.6,12,10.6,5.9,18,1.2,3.8,18.8,52.9,20.8,2.6,88.1,11.9,52800,64990
"10048",42081010500,"42","081","010500",5798,41.344022,-76.91194,"Census Tract 105, Lycoming County, Pennsylvania",156500,2751,454,5.9,2.52,2.58,2.1,5.7,16.6,12.7,23.6,10.4,8,2.3,18.5,0.5,4.6,23.2,51.8,16.4,3.4,91,9,56189,65032
"10049",42081010600,"42","081","010600",4331,41.247957,-76.617614,"Census Tract 106, Lycoming County, Pennsylvania",139100,2032,361,6.1,2.62,2.58,3.3,7.3,14.2,14.1,18.2,6,5.3,4.5,27.1,0.1,5.1,16.8,57,17.5,3.4,89.2,10.8,54403,61449
"10050",42081010700,"42","081","010700",6094,41.252525,-76.732349,"Census Tract 107, Lycoming County, Pennsylvania",134600,2405,118,6.1,2.64,2.07,2.4,3.2,10.1,18,14.8,5.7,9.2,3.5,33.1,0.1,6.1,24.7,47.5,17.7,3.9,80.4,19.6,51851,62202
"10051",42081010800,"42","081","010800",7040,41.2108,-76.775187,"Census Tract 108, Lycoming County, Pennsylvania",119500,3128,150,5.9,2.47,1.93,1.3,3,10.6,14.5,15.2,7.4,6.7,6.4,34.7,1.3,5.1,26.1,47.3,17.4,2.8,75.7,24.3,41458,53515
"10052",42081010900,"42","081","010900",2792,41.257302,-76.872797,"Census Tract 109, Lycoming County, Pennsylvania",167200,1255,23,6.1,2.24,2.34,10.4,14.5,18.6,9.1,23.1,7.5,7.9,1.6,7.4,1.2,2.5,16.7,51.6,27,1,89.7,10.3,58955,75136
"10053",42081011000,"42","081","011000",4615,41.253448,-76.916149,"Census Tract 110, Lycoming County, Pennsylvania",124800,2307,119,5.9,2.1,2.14,1.5,1,1.3,4,8.4,14.8,33.6,13.6,21.8,0,3.5,29,48.9,17.3,1.2,66.1,33.9,42117,50572
"10054",42081011100,"42","081","011100",5542,41.256522,-76.963831,"Census Tract 111, Lycoming County, Pennsylvania",142300,2858,144,6,2.03,1.95,2.6,2.2,2.9,7.3,10.3,15.2,31.9,9.9,17.7,0,10.1,21.3,53.8,12.8,1.9,70,30,38036,52319
"10055",42081011200,"42","081","011200",5484,41.274393,-76.986594,"Census Tract 112, Lycoming County, Pennsylvania",177100,2370,143,6.6,2.48,1.39,1.3,11.3,15.2,15.8,21.8,9.5,11.6,1.8,11.8,4,13.1,13.1,39.3,27,3.5,74.8,25.2,58371,71404
"10056",42081011301,"42","081","011301",2200,41.233134,-77.150126,"Census Tract 113.01, Lycoming County, Pennsylvania",109300,1032,107,5.7,2.59,2.09,0,2,16.4,15.9,21,7.9,6.5,5.6,24.6,0,4.7,28.5,51.6,14.2,1,90.1,9.9,43828,50408
"10057",42081011302,"42","081","011302",4938,41.258967,-77.063703,"Census Tract 113.02, Lycoming County, Pennsylvania",124600,2234,83,6.2,2.33,2.11,0.4,3.5,7,18,14.5,13,20.6,10.6,12.4,0.6,1.1,27,50.9,15.1,5.3,91.2,8.8,45456,55362
"10058",42081011400,"42","081","011400",1681,41.213029,-77.067282,"Census Tract 114, Lycoming County, Pennsylvania",122200,723,50,5.8,2.47,1.92,0.3,4.1,13.6,10.9,12.4,15.8,13.1,6.2,23.5,0.7,5.9,22,50.9,15.4,5.1,87.2,12.8,42096,58524
"10059",42081011601,"42","081","011601",1205,41.22277,-77.035518,"Census Tract 116.01, Lycoming County, Pennsylvania",101100,535,18,6.1,2.42,2.51,0.7,0.6,9.2,4.3,8.8,10.8,18.7,14,32.9,0,4.5,25.6,56.8,12.1,0.9,82.6,17.4,46971,54404
"10060",42081011602,"42","081","011602",6379,41.228796,-77.001298,"Census Tract 116.02, Lycoming County, Pennsylvania",112400,2903,263,6,2.48,2.24,0,1,4.2,7.2,16.1,7.1,13.2,7.3,44,1.3,4.7,28.5,50.5,12.5,2.6,64.2,35.8,49139,54459
"10061",42081011700,"42","081","011700",7427,41.174031,-76.903307,"Census Tract 117, Lycoming County, Pennsylvania",122900,2488,191,6,2.76,2.51,1.4,3,10.5,11,18.9,6.6,7.9,6.1,34.6,1,7.9,24.4,47.6,15,4.2,76.8,23.2,48641,57473
"10062",42081011800,"42","081","011800",3274,41.162693,-77.17249,"Census Tract 118, Lycoming County, Pennsylvania",152500,1234,78,6.1,2.83,2.08,1.9,2.9,17.4,13.2,25.4,7.5,4.9,2.4,24.5,0.4,4.1,16.5,55.1,17.7,6.2,89.8,10.2,56125,67336
"10063",42081011900,"42","081","011900",5962,41.201041,-77.267648,"Census Tract 119, Lycoming County, Pennsylvania",106500,2486,188,5.9,2.74,2.42,0.1,2.1,7.8,2.1,9.7,3.9,10.1,7.7,56.4,1.9,14.5,20.3,45.7,15.6,2.1,60.3,39.7,45929,48464
"10064",42083420100,"42","083","420100",3415,41.972077,-78.67262,"Census Tract 4201, McKean County, Pennsylvania",86000,1764,250,6.3,2.43,1.85,0.7,0,5.5,8.1,4.1,17.1,27.3,15.4,21.8,0,7.4,26.5,42.1,20.9,3.2,81.1,18.9,50000,56404
"10065",42083420200,"42","083","420200",3329,41.951806,-78.648966,"Census Tract 4202, McKean County, Pennsylvania",32200,1753,317,5.1,2.8,1.64,0,0,1.9,4.3,12.2,3.3,4.6,8,65.8,14.1,24.4,18.3,25.8,12.7,4.6,38.5,61.5,23558,30498
"10066",42083420300,"42","083","420300",2713,41.959094,-78.654421,"Census Tract 4203, McKean County, Pennsylvania",48900,1219,49,6.3,2.32,2.74,0.6,1.1,1.3,1.8,3.5,2.5,8.4,19.6,61.3,0,4.8,25,48.2,19.4,2.5,64.4,35.6,33466,40473
"10067",42083420400,"42","083","420400",2728,41.965289,-78.634141,"Census Tract 4204, McKean County, Pennsylvania",75600,1319,121,6.3,2.42,1.83,0.6,0,3.6,4.6,5.1,6.7,15.4,12.4,51.6,4.5,10,33.2,31.5,17.5,3.3,65.9,34.1,45337,50201
"10068",42083420500,"42","083","420500",3198,41.943275,-78.581577,"Census Tract 4205, McKean County, Pennsylvania",71600,1465,178,5.9,2.52,2.86,1.2,2.1,7.6,8.9,9.8,4.4,11.5,15.6,39,1,6.6,24.4,51.7,10.8,5.5,85.9,14.1,50568,79656
"10069",42083420600,"42","083","420600",5556,41.941282,-78.397103,"Census Tract 4206, McKean County, Pennsylvania",64500,2579,297,6,2.52,2.56,1.7,6.1,8.1,9.1,13.7,7.9,9,8,36.4,0.9,5.1,29.2,46.7,14.5,3.5,82.8,17.2,43881,52418
"10070",42083420700,"42","083","420700",4353,41.819068,-78.281838,"Census Tract 4207, McKean County, Pennsylvania",81500,2174,411,6,2.39,2.22,1.7,2.2,7.5,7.3,16.7,9,14.2,8.8,32.6,0.8,8.5,27.6,44.3,15.1,3.8,75.8,24.2,38829,47035
"10071",42083420800,"42","083","420800",4044,41.798958,-78.442315,"Census Tract 4208, McKean County, Pennsylvania",80300,2047,499,5.9,2.48,2.47,1.9,2.6,9.8,8.6,10,7.3,10,10.9,38.9,2.7,10.7,26.1,44.2,13.6,2.7,76.8,23.2,41949,52061
"10072",42083420900,"42","083","420900",2183,41.733564,-78.636158,"Census Tract 4209, McKean County, Pennsylvania",68300,1704,806,5.2,2.35,2.37,1.1,3.6,10.4,13.1,11,8.6,9.6,5.3,37.3,0.9,13.6,37.9,34.8,9.3,3.6,83.7,16.3,43857,49931
"10073",42083421000,"42","083","421000",5978,41.879327,-78.675535,"Census Tract 4210, McKean County, Pennsylvania",86700,1895,321,5.8,2.27,2.5,1.8,3.5,7.9,9,12.9,10.3,12.9,12,29.7,0.9,3.2,26.4,51.3,15.2,3.1,82.8,17.2,44000,59466
"10074",42083421100,"42","083","421100",3563,41.674695,-78.814614,"Census Tract 4211, McKean County, Pennsylvania",59700,2140,605,5.8,2.46,1.82,0.8,4.3,4.8,6.1,12.1,6.1,12,4.7,49.1,2.1,18.2,25.9,33.5,16.8,3.5,59.5,40.5,29821,38705
"10075",42083421200,"42","083","421200",2390,41.656671,-78.820923,"Census Tract 4212, McKean County, Pennsylvania",79900,1205,230,6.1,2.79,1.65,0,3.2,5.6,9,5.6,6.7,13.9,9,47,1.6,7.7,27,48.4,12.4,2.9,81.6,18.4,48555,57750
"10076",42085030100,"42","085","030100",2100,41.231947,-80.516652,"Census Tract 301, Mercer County, Pennsylvania",40200,1097,255,6.1,2.36,2.29,0,0,0,1.1,1.6,10,3.5,14.1,69.6,6.1,4.6,27.9,45.5,8.5,7.4,57.5,42.5,28286,34301
"10077",42085030300,"42","085","030300",3449,41.240027,-80.498734,"Census Tract 303, Mercer County, Pennsylvania",61700,1840,300,5.8,2.67,2.02,0,0,0,4.6,6,5.2,16.7,15.6,52,1.9,10.1,32.2,43.2,10.4,2.3,65.3,34.7,37593,41121
"10078",42085030400,"42","085","030400",2690,41.234953,-80.487015,"Census Tract 304, Mercer County, Pennsylvania",103900,1190,106,6.8,2.57,1.47,0,0,1.1,0,0.8,7.6,26.7,16.6,47.2,5.3,2.8,20.7,47.7,21.6,1.9,84.6,15.4,66000,74274
"10079",42085030500,"42","085","030500",2420,41.223153,-80.491619,"Census Tract 305, Mercer County, Pennsylvania",70800,1263,218,6,2.57,2.04,0,0,1.2,2.6,9.3,9.2,35.5,23.3,19,0,3.2,24.5,62.9,9.5,0,79.7,20.3,33897,42837
"10080",42085030900,"42","085","030900",2942,41.210758,-80.486126,"Census Tract 309, Mercer County, Pennsylvania",65600,1611,153,5.3,2.21,2.12,0,0.6,2.4,0.7,8.8,20.6,25.5,10.1,31.3,2.2,11.2,33.8,43.1,8.9,0.7,70.9,29.1,37021,45388
"10081",42085031100,"42","085","031100",1655,41.216129,-80.472892,"Census Tract 311, Mercer County, Pennsylvania",84200,710,0,5.3,2.2,1.34,0,6.9,4.4,13,24.6,13.5,18.5,7.9,11.3,0,10.8,32.5,44.4,7,5.2,68.2,31.8,35500,48992
"10082",42085031200,"42","085","031200",5384,41.216012,-80.433422,"Census Tract 312, Mercer County, Pennsylvania",146200,2469,153,6.2,2.47,1.35,3.3,12,16.2,6.9,11.4,12.4,21.3,9,7.5,0.4,2.5,23.2,51.4,20.7,1.7,88.4,11.6,62929,75124
"10083",42085031300,"42","085","031300",2627,41.248785,-80.429057,"Census Tract 313, Mercer County, Pennsylvania",161200,1277,82,6.3,2.55,1.44,0.7,12,15.3,6.2,17.9,10.9,22.6,7.9,6.6,0,6,24.9,44.8,22.6,1.6,72.3,27.7,68906,86501
"10084",42085031400,"42","085","031400",5399,41.240589,-80.468826,"Census Tract 314, Mercer County, Pennsylvania",111600,2998,211,5.3,2.22,1.7,4.7,5.4,10.9,7.4,10.9,18.9,25.6,9.2,7,2.2,8.7,39,40,8.7,1.4,59.8,40.2,37618,57677
"10085",42085031700,"42","085","031700",2516,41.256002,-80.479021,"Census Tract 317, Mercer County, Pennsylvania",101300,1119,101,6.3,2.48,2.54,0,1.3,0,2.4,16.4,21.2,16.5,24,18.2,0,1.6,23.9,65.6,7.1,1.7,76.3,23.7,55357,63216
"10086",42085031800,"42","085","031800",5006,41.432902,-80.205308,"Census Tract 318, Mercer County, Pennsylvania",103800,2231,268,5.9,2.61,2.25,3.3,5.9,18.4,10.4,17.8,8.7,6.4,5.8,23.4,0.3,3.4,26.4,52.8,14.6,2.5,88.5,11.5,47005,53081
"10087",42085031900,"42","085","031900",4712,41.410025,-80.35886,"Census Tract 319, Mercer County, Pennsylvania",113600,2168,146,6,2.45,1.75,0.9,1.9,5.9,7.1,20.3,9.1,21.7,9.4,23.6,0.8,7.9,31.5,46.5,8.2,5,76.6,23.4,46115,58802
"10088",42085032000,"42","085","032000",5246,41.426591,-80.433388,"Census Tract 320, Mercer County, Pennsylvania",92400,2443,202,6.4,2.43,1.97,2,3.6,7.3,5.8,9.7,13.9,19.2,2.7,35.8,0,4.2,28.5,47.7,13.2,6.4,87.2,12.8,45402,56085
"10089",42085032100,"42","085","032100",3187,41.405807,-80.390458,"Census Tract 321, Mercer County, Pennsylvania",64400,1266,212,5.6,2.63,2.13,2.8,1.7,1.5,13,3.2,7,5.2,8.2,57.3,5.9,16.7,21.9,37,13.6,4.9,40.8,59.2,22198,29716
"10090",42085032200,"42","085","032200",2732,41.40323,-80.375921,"Census Tract 322, Mercer County, Pennsylvania",83300,1375,109,6.4,2.09,2.43,0.4,0,0.9,1.5,9.5,2.1,18.5,12.9,54.3,0,10.5,26.9,44.1,16.6,1.9,73.3,26.7,47073,55465
"10091",42085032300,"42","085","032300",3335,41.289544,-80.467542,"Census Tract 323, Mercer County, Pennsylvania",131800,1399,96,6.4,2.55,2.59,4.4,3.6,9,7.2,22.4,8.6,17.6,10.3,16.9,0,0.6,20.1,62,15.2,2.1,92.2,7.8,59750,67632
"10092",42085032400,"42","085","032400",6074,41.329633,-80.367982,"Census Tract 324, Mercer County, Pennsylvania",90700,2834,141,5.6,2.37,1.75,1.8,3.4,7.8,8.2,28.4,10.7,14.1,3.7,21.9,0,3.7,28.7,53.9,11.4,2.4,84.7,15.3,41203,46655
"10093",42085032501,"42","085","032501",6214,41.353871,-80.115685,"Census Tract 325.01, Mercer County, Pennsylvania",105400,2621,242,6.1,2.74,2.27,3,7.7,15.1,11.6,12.9,8.6,8.1,6.3,26.7,1.4,5.4,23.5,49.4,15,5.2,83.3,16.7,44882,53392
"10094",42085032502,"42","085","032502",2396,41.274139,-80.115383,"Census Tract 325.02, Mercer County, Pennsylvania",135300,1062,128,6,2.39,2.47,0.7,11.6,10.7,10.5,24.4,10.1,8.5,3.7,20,0,3.4,21.4,58.8,11.8,4.7,91.3,8.7,55405,74984
"10095",42085032601,"42","085","032601",5840,41.244944,-80.270572,"Census Tract 326.01, Mercer County, Pennsylvania",127100,2526,229,5.8,2.5,2.16,2.6,9.3,16.1,10.6,22.1,11.5,10.8,2.9,14.3,0.2,5,23.7,55.6,12.7,2.7,86.5,13.5,46637,58544
"10096",42085032602,"42","085","032602",4912,41.214359,-80.216146,"Census Tract 326.02, Mercer County, Pennsylvania",99000,1583,165,5.8,2.36,2.21,0.9,3.6,11.3,6.6,11.7,7.5,9.7,8.8,39.9,2.3,10.4,25.6,43.7,15.4,2.6,68.5,31.5,44886,54927
"10097",42085032701,"42","085","032701",4792,41.16579,-80.451308,"Census Tract 327.01, Mercer County, Pennsylvania",120000,2121,230,6.1,2.62,2.02,1.6,2.6,11.6,8.5,16.6,13,13.7,3.6,28.8,0,6.8,21.1,55.3,15.4,1.4,81.4,18.6,47188,57688
"10098",42085032702,"42","085","032702",2662,41.202329,-80.353181,"Census Tract 327.02, Mercer County, Pennsylvania",128400,1047,124,5.7,2.94,2.57,2,4.3,20.3,16,23.5,6.3,13.5,7.7,6.4,0,3.5,24.9,52.6,11,7.9,92.2,7.8,49702,53772
"10099",42085032800,"42","085","032800",5948,41.173039,-80.077045,"Census Tract 328, Mercer County, Pennsylvania",155300,2105,142,6.4,2.65,2.12,10.7,11.3,17.9,14.5,11.9,8,5.2,5.1,15.2,0,4.2,18.2,59,14.2,4.4,84.3,15.7,55878,66056
"10100",42085032900,"42","085","032900",3231,41.163796,-80.083671,"Census Tract 329, Mercer County, Pennsylvania",125000,1355,56,5.9,2.2,2.05,0.7,3.7,2.7,5.6,4.6,7.5,13.4,19.6,42.1,1.8,12.8,30.7,33.7,19,2,61,39,48125,56074
"10101",42085033000,"42","085","033000",5125,41.155736,-80.086552,"Census Tract 330, Mercer County, Pennsylvania",100000,1346,134,5.8,2.58,1.88,0,0.6,3.1,2.6,6.1,5.4,19.5,21.5,41.2,3.7,13.9,29.3,29.7,16.4,6.9,64.1,35.9,50583,52682
"10102",42085033100,"42","085","033100",4810,41.1362,-80.209392,"Census Tract 331, Mercer County, Pennsylvania",145500,1863,142,6.2,2.78,2.25,4.8,10,13.7,10.7,14.8,8.4,10.4,4.9,22.3,0,2.1,25.4,53.3,14.7,4.6,90.4,9.6,53906,69286
"10103",42085033200,"42","085","033200",3379,41.226983,-80.50249,"Census Tract 332, Mercer County, Pennsylvania",42700,1811,275,4.8,2.38,1.88,0.3,1.8,1.8,4.5,23.3,10.4,7.7,10.6,39.5,4.4,28.3,25.7,32.5,6.1,3,29.4,70.6,16614,27303
"10104",42085033300,"42","085","033300",3036,41.258163,-80.49515,"Census Tract 333, Mercer County, Pennsylvania",71900,1420,240,5.6,2.32,2.2,0.6,0.6,0,0.6,9.9,5.5,13.9,12.7,56.3,0,15.9,25.4,43.5,14.6,0.6,61.4,38.6,31509,38053
"10105",42085033400,"42","085","033400",2819,41.210374,-80.499048,"Census Tract 334, Mercer County, Pennsylvania",32900,1551,423,5.6,2.15,2.46,0,14.6,3.4,1.6,3.2,8.8,15.9,9.9,42.7,7.3,4.3,39.7,36.1,11.5,1.1,52.6,47.4,24000,29438
"10106",42087960100,"42","087","960100",3863,40.722403,-77.553543,"Census Tract 9601, Mifflin County, Pennsylvania",86100,1943,432,5.6,2.6,2.28,1.5,3.4,11.6,12.2,15.4,9.4,14.5,4.3,27.8,0.9,9.5,28.5,40.5,15.9,4.8,89.4,10.6,47690,54399
"10107",42087960200,"42","087","960200",4053,40.674202,-77.614093,"Census Tract 9602, Mifflin County, Pennsylvania",151200,1715,169,6.2,2.64,2.2,3.9,3,15.3,13.1,11.4,16.7,13.5,5.9,17.2,1.2,8.2,26.2,34.6,22.3,7.6,89.1,10.9,44219,55114
"10108",42087960300,"42","087","960300",5343,40.591656,-77.747429,"Census Tract 9603, Mifflin County, Pennsylvania",117800,1916,171,6.4,3.12,2.76,2.3,7.3,3.7,11.3,17.2,10.8,12.7,3.9,30.9,1.3,7.4,20,41.5,19.6,10.1,75.1,24.9,39361,50315
"10109",42087960400,"42","087","960400",3075,40.406318,-77.838126,"Census Tract 9604, Mifflin County, Pennsylvania",96200,1501,272,5.5,2.54,2.68,3.1,6.8,13.1,9.4,18.7,7,8.5,7.5,26,0.9,6,28.2,52.6,9.5,2.9,87.3,12.7,41042,49726
"10110",42087960500,"42","087","960500",3834,40.504107,-77.723766,"Census Tract 9605, Mifflin County, Pennsylvania",97000,1761,290,5.7,2.55,2.05,0.9,3.6,14.5,9.3,19.4,5.5,10.6,7,29.2,2,9.7,27.8,41.5,13.5,5.5,81.4,18.6,38659,48279
"10111",42087960600,"42","087","960600",5646,40.571329,-77.613951,"Census Tract 9606, Mifflin County, Pennsylvania",90200,2743,269,5.5,2.33,1.96,3.4,6.7,7.9,17.8,12.2,8.7,14.3,7.9,21,0,3.2,30.1,52.1,12.7,1.9,71.1,28.9,32553,42410
"10112",42087960700,"42","087","960700",2316,40.605016,-77.566049,"Census Tract 9607, Mifflin County, Pennsylvania",77400,1210,147,5.3,2.15,2.24,0.7,1.5,7.3,2.8,12.6,11.1,15.1,13.1,35.9,1.1,18.8,33.6,31.5,13.5,1.6,43.9,56.1,23304,32169
"10113",42087960800,"42","087","960800",3832,40.597795,-77.58188,"Census Tract 9608, Mifflin County, Pennsylvania",67000,1869,224,6.5,2.39,2.53,0,0.4,0.3,2.2,2.1,7.5,9.4,18.1,59.9,1.8,14.8,25,39.6,15.1,3.6,55.9,44.1,36925,41919
"10114",42087960900,"42","087","960900",2190,40.591174,-77.56672,"Census Tract 9609, Mifflin County, Pennsylvania",81300,1257,193,5.8,2.09,1.46,0,0.9,4.3,3.1,5.7,6.8,8.3,14.2,56.8,2.5,27.3,16.8,42.2,7.2,4.1,56.5,43.5,32059,41437
"10115",42087961000,"42","087","961000",2054,40.635862,-77.561916,"Census Tract 9610, Mifflin County, Pennsylvania",75500,1008,61,5.9,2.39,1.85,0,1.1,2.8,4.1,10.3,6.8,17.5,10.5,46.9,0,8.9,34.4,42.4,10.9,3.4,72,28,35664,43822
"10116",42087961100,"42","087","961100",7339,40.625919,-77.552633,"Census Tract 9611, Mifflin County, Pennsylvania",98100,3364,227,5.9,2.27,2.25,0.3,2.2,12.7,9.2,14.8,10,13.4,13.3,24.1,0,2.4,29.7,56.7,9.6,1.7,76.6,23.4,43383,54590
"10117",42087961200,"42","087","961200",3137,40.683334,-77.420803,"Census Tract 9612, Mifflin County, Pennsylvania",101000,1254,99,5.8,2.69,2.75,1.7,4.2,13.9,22.6,17.8,10.3,3,8.6,17.9,0.4,7.5,31.2,43.5,13.2,4.3,84.5,15.5,43153,48602
"10118",42089300101,"42","089","300101",3573,41.110763,-75.204208,"Census Tract 3001.01, Monroe County, Pennsylvania",212800,1700,355,6.2,2.61,2.69,6.5,18.5,15.7,22.1,15.6,5.2,8.8,2.6,4.9,1,6.1,17.6,50.2,19.3,5.7,83.5,16.5,72471,78037
"10119",42089300102,"42","089","300102",6968,41.099142,-75.147985,"Census Tract 3001.02, Monroe County, Pennsylvania",173100,3023,613,6,2.69,3.87,8.5,13.3,21.3,22.4,12,7.9,9.4,3.8,1.5,0,1,21.4,50,20.5,7,94.4,5.6,62897,70516
"10120",42089300201,"42","089","300201",4225,41.185204,-75.253279,"Census Tract 3002.01, Monroe County, Pennsylvania",231300,2592,875,6.3,2.44,2.48,2.3,14.1,9.7,12.2,6.3,3.8,12.9,5.5,33.1,1.5,9.8,23.4,31.1,21.9,12.3,71.9,28.1,57766,64612
"10121",42089300202,"42","089","300202",6356,41.12116,-75.321488,"Census Tract 3002.02, Monroe County, Pennsylvania",184600,2915,567,5.6,2.6,2.85,1.3,10.3,12,18.4,13.6,10,9,5.3,20.3,1.6,10.1,22.1,39.5,21.6,5,72.7,27.3,49474,68342
"10122",42089300301,"42","089","300301",4420,41.153081,-75.456423,"Census Tract 3003.01, Monroe County, Pennsylvania",166800,3449,2168,5.2,2.52,2.63,1.7,6,19.2,30.1,28.5,6.7,0.6,1.2,5.9,1,4.1,25.2,55.9,9.6,4.1,83.1,16.9,49205,58332
"10123",42089300304,"42","089","300304",6789,41.029634,-75.475642,"Census Tract 3003.04, Monroe County, Pennsylvania",171300,3435,1203,5.7,2.95,3.33,4,15.3,30.5,27.6,15.7,4.3,1.1,0.4,0.9,0,4.7,13.2,57.1,20.1,4.9,86.9,13.1,54919,64814
"10124",42089300305,"42","089","300305",5492,41.182165,-75.349101,"Census Tract 3003.05, Monroe County, Pennsylvania",147600,2964,773,6.4,3.07,3.05,2.9,20.9,25.9,25.2,16.5,1.9,1.1,2.8,2.8,0,0.5,9.3,57.4,21.7,11.1,86.8,13.2,61271,65327
"10125",42089300307,"42","089","300307",7578,41.196393,-75.370068,"Census Tract 3003.07, Monroe County, Pennsylvania",152700,3940,1669,6,3.13,3.67,5.5,4.7,29.9,38,13.1,3.5,2.1,1.8,1.4,0,0,12.9,53.5,28.5,5.1,88.4,11.6,57589,60201
"10126",42089300308,"42","089","300308",3074,41.169315,-75.382575,"Census Tract 3003.08, Monroe County, Pennsylvania",190700,1375,346,6.5,2.84,3.58,7.1,11.1,7.8,24.1,21.1,7.6,6.3,2.3,12.7,0,0,17.3,47.7,29.4,5.6,84.4,15.6,55820,60820
"10127",42089300309,"42","089","300309",4165,41.094422,-75.454755,"Census Tract 3003.09, Monroe County, Pennsylvania",177200,2747,1250,5.9,2.94,2.75,2.9,11,31,21.2,9.9,2.1,4.5,2.9,14.5,0,3.9,19,53.8,12,11.2,80.8,19.2,46423,53856
"10128",42089300311,"42","089","300311",2090,41.114961,-75.441979,"Census Tract 3003.11, Monroe County, Pennsylvania",282600,2424,1777,5.8,2.59,5.39,1.7,3.4,11.8,33.7,28.5,14.6,1.2,0,5.1,1.4,0,7.3,67.4,21.4,2.5,90.9,9.1,55891,67345
"10129",42089300312,"42","089","300312",2299,41.127165,-75.571728,"Census Tract 3003.12, Monroe County, Pennsylvania",202300,2055,1223,5.3,2.69,2.59,2.4,4.3,5.5,15.7,31.1,23.6,0,2.7,14.6,1.2,0,32.6,44.7,17,4.5,86.7,13.3,46208,66020
"10130",42089300401,"42","089","300401",4635,41.075111,-75.324116,"Census Tract 3004.01, Monroe County, Pennsylvania",248000,2302,495,6.1,2.71,2.07,4.6,8,12.1,15.6,26.7,11.9,6.3,1.4,13.4,1.8,3.6,26,34,21.4,13.2,84.8,15.2,58051,79198
"10131",42089300402,"42","089","300402",6430,41.037914,-75.279698,"Census Tract 3004.02, Monroe County, Pennsylvania",216600,2729,347,6.5,2.7,2.34,1.8,8.2,14,33.6,28.2,6.4,1.9,0.5,5.4,0.6,4.8,17.6,40.5,33.7,2.7,90,10,56727,72403
"10132",42089300403,"42","089","300403",7033,41.001186,-75.350827,"Census Tract 3004.03, Monroe County, Pennsylvania",227200,3370,760,6.1,2.76,2.11,1.7,15.4,19.6,27.2,15.6,5.7,5.4,2.5,7,0.9,4,18.8,50.4,19.7,6.2,86.3,13.7,60222,73951
"10133",42089300501,"42","089","300501",3343,41.003855,-75.135951,"Census Tract 3005.01, Monroe County, Pennsylvania",227700,1547,435,5.4,2.3,2.1,4.1,20.3,9.6,10.7,16.9,3.3,5.9,8.7,20.4,3.8,12.9,29.9,29.7,21.1,2.7,54.9,45.1,47115,59566
"10134",42089300502,"42","089","300502",4760,41.033837,-75.158727,"Census Tract 3005.02, Monroe County, Pennsylvania",227000,2249,290,6.2,2.75,3.1,4,11.6,16.5,26.5,16.7,5.5,8.4,6.7,4.2,0,6,18.1,43,26.5,6.4,71.4,28.6,57654,73329
"10135",42089300600,"42","089","300600",4344,41.00838,-75.179616,"Census Tract 3006, Monroe County, Pennsylvania",217600,1762,155,5.9,2.63,2.4,2.6,4.7,10.3,17.7,16.7,4,13.3,5.5,25.1,1.5,8.6,27.9,42.3,17.5,2.2,66.6,33.4,49426,64281
"10136",42089300700,"42","089","300700",5496,40.996064,-75.175807,"Census Tract 3007, Monroe County, Pennsylvania",199700,1599,261,4.7,2.7,2.15,0.4,3.7,8.8,21,12.1,4.4,12.8,0.9,36,10.6,17.4,30,28.5,10.6,2.9,37,63,34717,54554
"10137",42089300800,"42","089","300800",5567,40.985143,-75.196602,"Census Tract 3008, Monroe County, Pennsylvania",212300,2458,155,5.2,2.5,2.32,2.2,4,7.9,8.1,7.2,7.9,8.9,4.9,49,8.5,18.3,22.1,36.7,10.5,3.9,45.9,54.1,33061,52184
"10138",42089300900,"42","089","300900",6241,41.000062,-75.209032,"Census Tract 3009, Monroe County, Pennsylvania",231800,2722,148,6,2.38,2.19,9.4,11.2,7.3,6.2,21.6,14.5,17.9,8.2,3.7,0,6,20.1,46.8,25.5,1.6,79.4,20.6,55202,67310
"10139",42089301001,"42","089","301001",10169,41.030216,-75.231197,"Census Tract 3010.01, Monroe County, Pennsylvania",230500,4178,690,6.6,2.93,2.77,2.6,20.1,22.7,22.2,12.2,1.7,5.5,4.3,8.7,1,2.8,12.5,45.1,36.6,2.1,84.2,15.8,73223,84583
"10140",42089301002,"42","089","301002",2803,40.971088,-75.220775,"Census Tract 3010.02, Monroe County, Pennsylvania",243200,1062,53,6.7,2.7,2.83,0,5.3,10.4,20.2,16,23.8,11,5.3,8,0,1.8,15.2,40.4,36.7,5.9,87.5,12.5,67451,97861
"10141",42089301101,"42","089","301101",6052,40.950313,-75.303565,"Census Tract 3011.01, Monroe County, Pennsylvania",220900,2727,434,6.1,2.73,2.94,1.1,7.3,11.1,19.5,13,15.5,12.2,3.2,17.1,0,4.7,22.8,45.5,24,2.9,81.9,18.1,56318,79546
"10142",42089301102,"42","089","301102",3031,40.933236,-75.276114,"Census Tract 3011.02, Monroe County, Pennsylvania",242900,1050,187,6.1,2.56,2.27,0,2.9,12.1,17.7,18,25.6,3.7,5.8,14.2,0,9.6,17.9,46.8,23,2.8,86.4,13.6,72128,87386
"10143",42089301202,"42","089","301202",4773,40.925481,-75.395987,"Census Tract 3012.02, Monroe County, Pennsylvania",227100,1770,138,6.2,2.64,2.66,4,4.4,21.1,29.2,15,3.9,4.7,2.1,15.6,1.8,2.1,13.3,58.4,23.3,1.1,74.6,25.4,48889,66640
"10144",42089301203,"42","089","301203",5940,40.887107,-75.370815,"Census Tract 3012.03, Monroe County, Pennsylvania",211300,2180,136,6.7,2.91,2.74,0.7,7.7,27.2,23.9,14.7,7.3,6.3,3.7,8.3,0.7,2,18.3,46.5,23.8,8.6,94.9,5.1,62794,73450
"10145",42089301204,"42","089","301204",4230,40.973227,-75.465846,"Census Tract 3012.04, Monroe County, Pennsylvania",220600,1741,100,6.3,2.84,2.89,4.9,8.6,32,19.9,13.4,9.6,4.5,0,7.1,0,2.3,19.6,49.3,27.2,1.7,90.8,9.2,60851,68344
"10146",42089301205,"42","089","301205",8153,40.978099,-75.420538,"Census Tract 3012.05, Monroe County, Pennsylvania",216300,2948,210,6.5,2.94,2.87,4.4,13.8,26.6,32.9,11.8,0.9,3.1,0,6.5,0,1.3,18.4,50.2,24.4,5.7,85.5,14.5,63844,71609
"10147",42089301301,"42","089","301301",7874,40.929568,-75.496272,"Census Tract 3013.01, Monroe County, Pennsylvania",196600,3304,455,5.9,2.82,2.34,3.7,6.8,14,20.8,19.8,11.6,11.3,1.3,10.7,2.5,6.7,19.4,45,22,4.4,82.8,17.2,63787,67832
"10148",42089301302,"42","089","301302",2910,40.860437,-75.457296,"Census Tract 3013.02, Monroe County, Pennsylvania",190700,1320,196,5.9,2.51,2.28,5.1,4.8,12.9,19.4,22.9,11.1,2.6,2.7,18.7,2,3.1,18.2,57.7,17.3,1.8,89.5,10.5,61765,65978
"10149",42089301401,"42","089","301401",4232,41.063387,-75.072148,"Census Tract 3014.01, Monroe County, Pennsylvania",228900,2169,897,5.7,3.36,2.34,7.8,16.6,30.6,21.1,11.5,1.6,1.8,2.8,6.3,0,3.8,34.3,31.9,24.4,5.5,77,23,73929,76223
"10150",42089301402,"42","089","301402",4797,41.096935,-75.080704,"Census Tract 3014.02, Monroe County, Pennsylvania",183400,2163,667,6,3.34,3.79,7.4,9.4,12.6,30.5,24.6,7.3,3.8,1,3.4,0.4,4.5,17.4,51.2,18.4,8,83,17,48770,63838
"10151",42091200103,"42","091","200103",4140,40.151787,-75.054509,"Census Tract 2001.03, Montgomery County, Pennsylvania",453000,1275,26,8.4,3.08,2.84,8.5,0.5,2.7,2.3,21.3,42.4,16.5,1.6,4,0,0,2.5,23.5,60.6,13.4,95,5,118531,162066
"10152",42091200104,"42","091","200104",4207,40.136077,-75.033161,"Census Tract 2001.04, Montgomery County, Pennsylvania",377300,1452,12,7.9,2.83,3.25,0.6,8.7,4,13.9,11.8,16.9,37.5,2.8,3.9,0,0.6,10.3,35.1,42.8,11.2,98.1,1.9,98333,116009
"10153",42091200105,"42","091","200105",2778,40.115809,-75.056547,"Census Tract 2001.05, Montgomery County, Pennsylvania",447900,943,0,8.5,3.25,2.71,3.5,17.3,4.7,4.9,14.3,17,24.8,6.2,7.4,0,3.3,8.3,23.2,56.8,8.4,88.1,11.9,110673,132140
"10154",42091200106,"42","091","200106",1857,40.12344,-75.074806,"Census Tract 2001.06, Montgomery County, Pennsylvania",467200,845,91,4.8,3.12,1.55,3.8,12.9,4,7.2,17.9,16,17.3,1.7,19.3,13.3,22.2,21.5,16.9,15.4,10.7,47.6,52.4,46458,95763
"10155",42091200200,"42","091","200200",1375,40.133514,-75.062081,"Census Tract 2002, Montgomery County, Pennsylvania",452200,491,54,7.5,3.16,1.84,13.2,6.3,4.9,8.4,6.1,6.1,14.1,9.6,31.4,0,7.7,24.4,19.6,18.5,29.7,65.2,34.8,81917,100082
"10156",42091200301,"42","091","200301",5739,40.172564,-75.119228,"Census Tract 2003.01, Montgomery County, Pennsylvania",259700,3006,337,4.6,2.66,1.81,0.6,0,0,3.6,30.8,20.3,29.9,10.4,4.5,0.6,29.6,30.8,27.7,9.5,1.8,40.4,59.6,55424,71941
"10157",42091200305,"42","091","200305",2291,40.175933,-75.08952,"Census Tract 2003.05, Montgomery County, Pennsylvania",275300,930,0,6.4,2.76,1.55,0,12.5,11.3,3.7,1.8,4.8,44.8,16.9,4.2,3.2,2.3,21.3,45.9,27.3,0,79.8,20.2,68750,78226
"10158",42091200306,"42","091","200306",3434,40.167209,-75.086147,"Census Tract 2003.06, Montgomery County, Pennsylvania",294700,1520,42,6.5,2.56,2.23,0,0,2.8,14.5,24.6,18,16.2,22.1,1.8,0,0.7,28.9,35.4,28.2,6.8,72.7,27.3,71053,84582
"10159",42091200307,"42","091","200307",3063,40.153422,-75.115754,"Census Tract 2003.07, Montgomery County, Pennsylvania",216400,1436,125,4.9,2.54,1.7,1,0,2.9,8.5,26.7,22.6,20.3,6.4,11.6,2.6,11.6,53.1,21.5,9.4,1.8,51.2,48.8,55250,66333
"10160",42091200308,"42","091","200308",3983,40.149471,-75.124093,"Census Tract 2003.08, Montgomery County, Pennsylvania",240700,1809,103,5.6,2.74,1.38,0,0.8,1.9,6.7,17.5,13.7,26.1,7.8,25.5,5.3,21.3,25.8,32.9,13.8,1,57.2,42.8,56833,64261
"10161",42091200309,"42","091","200309",2660,40.140101,-75.106099,"Census Tract 2003.09, Montgomery County, Pennsylvania",256500,1046,38,6.4,2.74,2.68,2,0,1.2,1.8,3,7.6,57.8,19.5,7.1,3.6,5.2,7.2,65.3,16.1,2.7,88.4,11.6,69593,75195
"10162",42091200310,"42","091","200310",2845,40.146995,-75.097439,"Census Tract 2003.10, Montgomery County, Pennsylvania",340700,1184,10,7.7,2.57,1.15,0,0.8,11.7,3.1,5.8,16.6,45.5,10.3,6.2,3.5,13.3,8.2,32.3,37.1,5.7,83.5,16.5,79333,105234
"10163",42091200401,"42","091","200401",3259,40.173464,-75.108606,"Census Tract 2004.01, Montgomery County, Pennsylvania",279500,1539,178,6.2,2.64,1.82,0.5,5.5,0,3.2,16.2,10,26.6,8.8,29.2,4,16.4,23.3,33.3,22.6,0.4,59.8,40.2,66202,77853
"10164",42091200402,"42","091","200402",4101,40.183307,-75.101598,"Census Tract 2004.02, Montgomery County, Pennsylvania",249400,1634,58,5.8,2.82,2.28,3.8,3.7,3.8,3.4,18.3,8.2,28,20.1,10.8,1.7,13.5,21.6,47.4,15.2,0.5,68.3,31.7,66389,78529
"10165",42091200501,"42","091","200501",4081,40.196147,-75.125088,"Census Tract 2005.01, Montgomery County, Pennsylvania",323200,1365,17,7.7,2.91,1.14,0,0,6.7,4.8,6,31.9,40.8,6.8,2.9,0,4.3,1.8,37.9,41.8,14.1,94.8,5.2,89300,97238
"10166",42091200502,"42","091","200502",5420,40.182494,-75.130659,"Census Tract 2005.02, Montgomery County, Pennsylvania",236000,2541,265,4.6,2.49,2.05,0,1.5,6.1,10.4,18.2,29.8,20.8,3.8,9.5,0,16.3,49.2,24.8,7.9,1.8,47.5,52.5,46755,59021
"10167",42091200505,"42","091","200505",6905,40.212906,-75.199454,"Census Tract 2005.05, Montgomery County, Pennsylvania",555100,2464,204,7.9,3.24,1.83,1.2,18.3,26.9,7.9,8.8,20.5,8,2.8,5.6,1.8,20.1,9.9,15.8,46.6,5.7,75.1,24.9,117054,191154
"10168",42091200506,"42","091","200506",4376,40.189539,-75.172795,"Census Tract 2005.06, Montgomery County, Pennsylvania",346600,1496,14,7.4,3.14,1.9,0,2.7,8.7,54.9,6.8,9.6,8.6,4,4.7,0,4,5.6,54.1,32.2,4.1,88.9,11.1,100141,113195
"10169",42091200507,"42","091","200507",5365,40.177946,-75.152941,"Census Tract 2005.07, Montgomery County, Pennsylvania",249700,2208,0,6.6,2.65,2.06,0.6,0.5,9.1,59.8,17.3,8.7,3,0,0.9,0,1,30.5,42.1,26.4,0,89.3,10.7,84244,94001
"10170",42091200602,"42","091","200602",7741,40.235413,-75.249335,"Census Tract 2006.02, Montgomery County, Pennsylvania",307200,2906,45,6.5,2.81,2.25,10.4,12.8,31.2,19.6,9.3,9,6.1,1.6,0,0,3.4,17.6,50.7,24.5,3.8,86.8,13.2,83398,101548
"10171",42091200603,"42","091","200603",3412,40.259275,-75.243268,"Census Tract 2006.03, Montgomery County, Pennsylvania",337700,1239,0,7.5,2.53,2.45,2.4,3,44.1,18.7,11.5,13.6,4.8,1.8,0,0,0,16.1,43.7,36.9,3.3,93.9,6.1,99327,126019
"10172",42091200605,"42","091","200605",5706,40.232177,-75.212698,"Census Tract 2006.05, Montgomery County, Pennsylvania",385200,2126,64,7.1,2.69,1.28,1.5,16.3,31.4,32.2,7.2,3.2,2.9,0.6,4.7,1.9,0,38,14,43.2,3,96.1,3.9,74231,120044
"10173",42091200606,"42","091","200606",3264,40.248891,-75.232982,"Census Tract 2006.06, Montgomery County, Pennsylvania",296500,1211,0,6.9,2.57,1.8,0,0,12.6,59.5,22.9,4.1,0,0,0.9,0,2.5,32.4,30.2,33.2,1.7,93.3,6.7,65938,97082
"10174",42091200607,"42","091","200607",4667,40.252571,-75.221749,"Census Tract 2006.07, Montgomery County, Pennsylvania",336800,1613,0,7.3,2.99,3.38,0.7,3.1,59.9,35.2,0,0.4,0,0,0.7,0,0,8.3,50.4,41.3,0,97.6,2.4,117813,125164
"10175",42091200703,"42","091","200703",4338,40.271972,-75.265549,"Census Tract 2007.03, Montgomery County, Pennsylvania",288800,1586,65,6.8,2.77,2.12,3.9,3.1,4.6,17.5,35.8,7.6,20.6,2.5,4.5,0,9.3,9.7,50.9,25.9,4.2,78.5,21.5,87688,102635
"10176",42091200704,"42","091","200704",3455,40.2588,-75.28088,"Census Tract 2007.04, Montgomery County, Pennsylvania",284200,1429,65,5.7,2.51,2.41,0,4.1,5.1,22,24.7,17.4,20.2,0.6,5.9,3.8,12.5,23.4,43.6,15.1,1.6,57,43,65647,76858
"10177",42091200707,"42","091","200707",4037,40.284367,-75.292246,"Census Tract 2007.07, Montgomery County, Pennsylvania",267600,1950,202,4.3,2.86,2.26,4.5,2.3,7.3,25.2,20.6,22.3,11.7,3.6,2.6,2.9,34.4,23.1,25.3,12.7,1.6,47.7,52.3,53194,65502
"10178",42091200708,"42","091","200708",5419,40.274323,-75.310675,"Census Tract 2007.08, Montgomery County, Pennsylvania",282600,2144,103,6.3,2.66,2.55,3.5,11.1,20.1,22.2,20.2,11,8.4,1.2,2.3,0,7.1,22.5,45.7,23.1,1.5,83.2,16.8,69807,84995
"10179",42091200800,"42","091","200800",3290,40.277321,-75.298823,"Census Tract 2008, Montgomery County, Pennsylvania",272600,1371,0,5.7,2.52,2.07,1.6,11.8,6.3,8.1,12.3,9.1,18.3,11.3,21.1,2,25.2,20.3,39.7,10.4,2.4,54.1,45.9,67784,72728
"10180",42091200901,"42","091","200901",4143,40.24829,-75.28033,"Census Tract 2009.01, Montgomery County, Pennsylvania",215700,1618,74,5.9,2.73,2.13,0,3.5,0.6,21.4,14.6,10,16.1,8.9,24.9,3.5,14.9,18.5,47,15.3,0.8,60.8,39.2,50000,64823
"10181",42091200902,"42","091","200902",1257,40.243002,-75.281222,"Census Tract 2009.02, Montgomery County, Pennsylvania",188800,592,45,5,2.91,1.97,0,0,0,0.8,6.9,21.1,7.1,4.9,59.1,5.7,18.2,32.1,33.3,6.9,3.7,39.7,60.3,51283,60254
"10182",42091200903,"42","091","200903",4152,40.23392,-75.281474,"Census Tract 2009.03, Montgomery County, Pennsylvania",233900,2056,119,5.6,2.66,2.13,3,0.9,2.5,2.4,11.3,37.2,17.7,5.6,19.4,0,25,24.4,37.8,8.5,4.4,47.2,52.8,60287,68489
"10183",42091200906,"42","091","200906",1998,40.235499,-75.264695,"Census Tract 2009.06, Montgomery County, Pennsylvania",276700,810,109,6,2.3,2.02,1.1,3.1,0.6,8.3,11.1,36,27.9,5.9,5.9,0,16.5,26,31.2,23.8,2.3,65.6,34.4,56250,65361
"10184",42091200907,"42","091","200907",2627,40.241878,-75.293431,"Census Tract 2009.07, Montgomery County, Pennsylvania",242500,1100,70,6.3,2.57,2.22,0.4,1.3,1.5,1,2.4,8.9,26.2,6.9,51.5,0,8.5,20.8,45.8,22.5,2.4,75,25,67500,85973
"10185",42091200908,"42","091","200908",2092,40.249385,-75.292117,"Census Tract 2009.08, Montgomery County, Pennsylvania",205600,920,0,5.8,2.6,1.71,2.3,0,0,13.9,7.2,11.1,22.3,4,39.2,4,26,16.8,44.5,8.7,0,56.8,43.2,56250,59868
"10186",42091201003,"42","091","201003",4918,40.218367,-75.271539,"Census Tract 2010.03, Montgomery County, Pennsylvania",276600,2217,85,5.5,2.48,2,11.6,12.7,5.3,7.3,20.5,21.9,14.3,3.1,3.4,0,13.7,35.2,25.7,22.5,2.9,69.6,30.4,80339,96349
"10187",42091201004,"42","091","201004",4956,40.229347,-75.30001,"Census Tract 2010.04, Montgomery County, Pennsylvania",278700,2152,60,5.7,2.47,1.77,4.4,5.8,34.3,25.7,11.6,7.8,3.4,1.4,5.5,0.7,10.9,29.6,40.8,17.2,0.7,65.7,34.3,82093,103282
"10188",42091201005,"42","091","201005",3454,40.213345,-75.313982,"Census Tract 2010.05, Montgomery County, Pennsylvania",367600,1215,0,8.2,2.78,1.38,0.7,0.7,10.2,27,32.3,10,10.7,2.5,5.9,0,4.4,2.2,16.5,74.5,2.5,91.9,8.1,114327,118044
"10189",42091201006,"42","091","201006",2224,40.19966,-75.289026,"Census Tract 2010.06, Montgomery County, Pennsylvania",452200,879,25,8.2,2.77,2,31.6,4.9,11.1,21.4,19.8,0.7,4.8,0.9,4.8,0,2.5,20,19.8,43.3,14.3,99.4,0.6,138707,177064
"10190",42091201100,"42","091","201100",3229,40.211211,-75.275105,"Census Tract 2011, Montgomery County, Pennsylvania",247100,1509,78,6,2.33,2.12,0,1,2.8,1.5,4.8,15.6,15.5,20.1,38.6,0,14.1,23.9,39.6,16.3,6.1,63.7,36.3,54362,71135
"10191",42091201201,"42","091","201201",5867,40.196778,-75.245374,"Census Tract 2012.01, Montgomery County, Pennsylvania",628300,2409,126,7.6,2.62,1.47,4.2,8.3,12.3,36.2,14.7,15.1,3.2,1.6,4.3,1.6,15.6,12.3,21.8,33.1,15.6,73.5,26.5,123114,162734
"10192",42091201203,"42","091","201203",3389,40.182778,-75.220731,"Census Tract 2012.03, Montgomery County, Pennsylvania",492600,1418,87,6.8,2.82,1.24,0.8,6.9,17.1,11.1,32.1,5.4,20.3,3.7,2.5,4.2,26.5,11.5,17.1,29.1,11.6,63,37,83650,139091
"10193",42091201204,"42","091","201204",2149,40.168071,-75.237414,"Census Tract 2012.04, Montgomery County, Pennsylvania",252700,1011,10,6.2,2.43,4.08,0,4.3,6,10,17.9,21.8,23.9,6.9,9.2,0,3.5,29.2,38,25.6,3.8,89.2,10.8,77798,118527
"10194",42091201301,"42","091","201301",3357,40.160116,-75.220454,"Census Tract 2013.01, Montgomery County, Pennsylvania",305500,1499,87,6,2.44,1.77,0,0.7,4.3,3.3,17.1,10.8,18.2,8.6,37,5,12.1,25.1,27.6,23.5,6.8,57.8,42.2,63909,85721
"10195",42091201302,"42","091","201302",3060,40.152541,-75.2214,"Census Tract 2013.02, Montgomery County, Pennsylvania",203300,1436,78,5.7,2.52,2.02,0.6,2.9,4,2.1,1.3,3.6,26.9,11.1,47.5,1.5,20.6,20.8,48.1,6.3,2.7,55.7,44.3,50625,57278
"10196",42091201404,"42","091","201404",4953,40.152092,-75.18987,"Census Tract 2014.04, Montgomery County, Pennsylvania",496000,2036,241,7.8,2.83,1.37,2.3,1.1,7.5,23.4,45.2,8.9,3.8,2,5.8,0.5,18.6,14,11.6,43.2,12.1,78.6,21.4,121607,157542
"10197",42091201406,"42","091","201406",4482,40.137752,-75.157394,"Census Tract 2014.06, Montgomery County, Pennsylvania",364400,1601,32,8,2.89,4.1,0,1.4,7.4,4.7,12.2,50.8,20.7,1.6,1.2,0,0,0.7,42.3,48.4,8.5,99.4,0.6,109639,142914
"10198",42091201407,"42","091","201407",2594,40.12057,-75.17054,"Census Tract 2014.07, Montgomery County, Pennsylvania",317200,933,95,6.9,3.24,2.45,4.8,1.3,2.3,0.8,11.3,11.5,36,12.9,19.3,0,0,17.5,45.6,34.6,2.4,93.9,6.1,87794,97694
"10199",42091201408,"42","091","201408",4345,40.156875,-75.163381,"Census Tract 2014.08, Montgomery County, Pennsylvania",481000,1513,34,NA,3.01,2.86,0,5.3,30.8,29.9,3.8,19.8,5.6,4.3,0.5,0,1.8,12.7,11.4,62.7,11.4,95,5,119821,179559
"10200",42091201409,"42","091","201409",4120,40.173747,-75.188022,"Census Tract 2014.09, Montgomery County, Pennsylvania",441600,1465,7,8.3,2.86,3.3,0,1.3,16.3,7.6,24.2,29.2,15.2,3.1,3.1,0.6,0,0.6,36.2,49.4,13.2,95.5,4.5,129045,155860
"10201",42091201410,"42","091","201410",2519,40.160641,-75.209507,"Census Tract 2014.10, Montgomery County, Pennsylvania",285700,1051,52,6.4,2.23,2.58,0,1,4.7,22.6,31.9,3.5,11.1,6.2,19,0,8,13.1,46.4,22.9,9.5,84.9,15.1,91354,100497
"10202",42091201411,"42","091","201411",2556,40.14437,-75.210525,"Census Tract 2014.11, Montgomery County, Pennsylvania",310900,1101,67,6.3,2.55,2.32,1.5,2.1,3.8,25.9,5,8.4,16.6,6.7,30.1,0,5.9,30.5,30.5,26.2,6.8,83,17,89178,106525
"10203",42091201501,"42","091","201501",3462,40.105711,-75.077355,"Census Tract 2015.01, Montgomery County, Pennsylvania",429400,1563,84,5.4,2.6,1.49,2.6,0,2.3,25.4,26.7,20.6,15.7,0.6,6,0.8,30.1,24.4,20.6,17.7,6.4,54.4,45.6,60691,102676
"10204",42091201502,"42","091","201502",1908,40.109265,-75.093243,"Census Tract 2015.02, Montgomery County, Pennsylvania",442800,726,19,8.1,2.57,NA,0,5.9,11,1.7,1.1,15.7,40.5,11.2,12.9,0,0,6.5,37.6,44.9,11,100,0,136193,228438
"10205",42091201603,"42","091","201603",4552,40.141288,-75.129825,"Census Tract 2016.03, Montgomery County, Pennsylvania",236000,1806,57,6.4,2.53,2.39,0.3,1.4,2.8,5.6,17.4,21.8,30.2,3.3,17.3,0.4,5.5,12,57.2,18.4,6.5,86.3,13.7,71382,78687
"10206",42091201604,"42","091","201604",3128,40.134757,-75.134952,"Census Tract 2016.04, Montgomery County, Pennsylvania",216000,1162,0,6.5,2.89,2.56,0,1,3.1,2.9,6.5,24,49.2,7.7,5.5,0,0,5.9,73.5,14.5,6.2,93,7,70729,80174
"10207",42091201605,"42","091","201605",2980,40.131735,-75.142476,"Census Tract 2016.05, Montgomery County, Pennsylvania",251300,1064,21,6.6,2.75,2.6,0,0,1.2,0,4.6,16.4,53,14.7,10.2,0,0,16.6,56.4,21,6,89.8,10.2,79625,91160
"10208",42091201606,"42","091","201606",2200,40.127034,-75.129868,"Census Tract 2016.06, Montgomery County, Pennsylvania",223800,882,10,6.3,2.99,1.85,0,0,2.4,2.4,15.1,8.4,22.8,21.2,27.8,0,11,18.4,45,23,2.6,71.7,28.3,69417,78794
"10209",42091201607,"42","091","201607",3468,40.125552,-75.122747,"Census Tract 2016.07, Montgomery County, Pennsylvania",246000,1337,31,6.5,2.91,1.66,0,0,0.3,2.1,6.4,4.6,38.1,14.4,34.1,0,3.9,10.5,59.8,16.6,9.2,86.7,13.3,90061,99642
"10210",42091201608,"42","091","201608",4684,40.124739,-75.11059,"Census Tract 2016.08, Montgomery County, Pennsylvania",342600,1808,110,7.1,3.02,1.89,1.4,2.5,7.2,1.8,4.5,5.9,32.1,15.8,28.8,2.8,10.2,6.4,42.3,22.6,15.7,81.2,18.8,90227,131992
"10211",42091201703,"42","091","201703",3114,40.122357,-75.153873,"Census Tract 2017.03, Montgomery County, Pennsylvania",239000,1155,0,6.4,2.78,2.05,1.6,0,2.7,1.7,2.9,7.4,59.1,15.1,9.4,1,2.9,8.8,59.3,20.1,7.9,94.4,5.6,84964,82819
"10212",42091201704,"42","091","201704",3333,40.113618,-75.162171,"Census Tract 2017.04, Montgomery County, Pennsylvania",236700,1281,37,6.5,2.78,1.4,2,0,1,4.7,3.9,7.9,30.4,11.6,38.5,2.9,9.2,11.9,51.4,21.1,3.5,81.1,18.9,64333,74297
"10213",42091201705,"42","091","201705",4403,40.105466,-75.14926,"Census Tract 2017.05, Montgomery County, Pennsylvania",284300,1719,59,6.9,2.88,1.99,0,0,0,1,1.6,2.2,13.7,14.8,66.6,0.5,6.1,20,34,25.5,14,75.1,24.9,79113,88219
"10214",42091201706,"42","091","201706",4606,40.113173,-75.140103,"Census Tract 2017.06, Montgomery County, Pennsylvania",282900,1748,119,6.4,2.81,2.7,0,0,2.2,3,9.6,12.3,30.4,14.6,27.9,0,8.9,23.6,44.1,21.8,1.7,69.1,30.9,78309,82262
"10215",42091201800,"42","091","201800",2779,40.106455,-75.12555,"Census Tract 2018, Montgomery County, Pennsylvania",363000,1438,126,5.8,2.45,1.44,0,5.4,1.9,0.9,10.7,22.3,26.1,9.7,22.9,4.6,22.5,22.8,23.9,15.9,10.3,56.6,43.4,54516,104595
"10216",42091201901,"42","091","201901",4725,40.092625,-75.097833,"Census Tract 2019.01, Montgomery County, Pennsylvania",326800,1755,66,7.3,2.65,2.59,0.2,0.7,0.7,0,3.5,10.3,49.1,15.6,20,0,2.4,9.8,50.3,28.6,8.9,90.9,9.1,92298,134498
"10217",42091201902,"42","091","201902",5968,40.081679,-75.111509,"Census Tract 2019.02, Montgomery County, Pennsylvania",280500,2615,33,6,2.63,1.72,1.2,2.7,2.6,13.8,15.1,12.5,23.5,12.5,16.1,1.9,19.8,18.6,34.3,16.8,8.5,69.4,30.6,72458,104487
"10218",42091202000,"42","091","202000",2543,40.082361,-75.089379,"Census Tract 2020, Montgomery County, Pennsylvania",253700,1032,54,6,2.78,2.11,0,0,1.1,5.5,6.2,5.9,18.3,11.7,51.3,0,14.2,24.2,44.3,12.3,4.9,74.1,25.9,73039,79144
"10219",42091202100,"42","091","202100",4422,40.095815,-75.130714,"Census Tract 2021, Montgomery County, Pennsylvania",230500,2074,101,5.3,2.49,1.82,0,0,1.3,0,8.3,14,8.7,8.3,59.4,1.6,29.5,24.1,23.5,8.7,12.7,64,36,67064,89459
"10220",42091202201,"42","091","202201",4810,40.064323,-75.099408,"Census Tract 2022.01, Montgomery County, Pennsylvania",238200,1991,69,6.8,2.74,1.97,2.4,1.3,0.6,1.9,2.5,8.9,17,13.9,51.6,1.8,8.9,16.6,42.7,22.6,7.4,81.5,18.5,76574,87263
"10221",42091202202,"42","091","202202",3006,40.055703,-75.115026,"Census Tract 2022.02, Montgomery County, Pennsylvania",260500,1068,54,7.4,3.04,NA,0,0,1.3,0.8,7.1,8.5,55.9,14,12.4,0,0,2.4,49.9,39.7,8,100,0,94342,109837
"10222",42091202301,"42","091","202301",4571,40.07691,-75.122807,"Census Tract 2023.01, Montgomery County, Pennsylvania",358600,2182,130,6.9,2.67,2.29,1,1.7,12.7,14.3,5,9.2,16,6.9,33,0.7,8.1,26.1,27.5,20.2,17.5,74.7,25.3,113594,149336
"10223",42091202302,"42","091","202302",2100,40.077083,-75.134734,"Census Tract 2023.02, Montgomery County, Pennsylvania",247400,1038,67,6.8,2.04,3.87,0.5,0,0,4,4.8,9.5,30.3,7.7,43.1,4.7,20,11.1,29.1,18.3,16.8,96.9,3.1,80417,112804
"10224",42091202401,"42","091","202401",3554,40.072671,-75.147718,"Census Tract 2024.01, Montgomery County, Pennsylvania",NA,1935,269,3.5,NA,1.92,1.7,2,4.8,3.8,2.6,7.8,37.2,25,15.2,0.2,57.3,39.5,2.6,0,0.4,0,100,40696,42432
"10225",42091202402,"42","091","202402",4689,40.063423,-75.131131,"Census Tract 2024.02, Montgomery County, Pennsylvania",282900,1914,72,7.1,2.98,1.62,0,0,0.4,1.3,3.1,4.3,22.4,10.9,57.6,0,10.7,11.3,39.4,17.2,21.5,80.8,19.2,89667,114706
"10226",42091202500,"42","091","202500",5236,40.086271,-75.16428,"Census Tract 2025, Montgomery County, Pennsylvania",293800,2691,230,4.5,2.37,1.36,1.9,2.1,1.8,9.3,10.5,29.3,31.4,8,5.7,5.8,30.8,24.3,17,21.2,1,47.5,52.5,62201,73490
"10227",42091202602,"42","091","202602",2624,40.090878,-75.142701,"Census Tract 2026.02, Montgomery County, Pennsylvania",353800,994,41,6.4,2.77,1.38,0,0,0,0,4.5,17.1,21.5,4.8,52,1.1,16.4,25.2,24.9,20.8,11.6,62.4,37.6,109398,127088
"10228",42091202603,"42","091","202603",3861,40.097493,-75.157044,"Census Tract 2026.03, Montgomery County, Pennsylvania",264700,1324,168,6.6,2.75,1.64,0.9,0,0.9,3.5,0.8,7.6,14.6,15,56.8,0,14,19.4,36.3,15.3,15,72.9,27.1,85147,106961
"10229",42091202604,"42","091","202604",2342,40.102597,-75.167959,"Census Tract 2026.04, Montgomery County, Pennsylvania",329800,1021,42,6.9,2.55,2.2,0,0,1,2.4,1.7,6.6,36.4,21.4,30.7,0.8,7.1,10.9,50.2,28.4,2.5,80.8,19.2,85905,98520
"10230",42091203000,"42","091","203000",3154,40.123183,-75.228126,"Census Tract 2030, Montgomery County, Pennsylvania",592200,1163,54,8.2,2.91,2.07,0,18.5,13,7.5,6.5,15,13.5,10.5,15.5,1,8.7,9.1,27.9,33.3,20,84,16,106719,165670
"10231",42091203103,"42","091","203103",2985,40.100235,-75.265245,"Census Tract 2031.03, Montgomery County, Pennsylvania",353000,1076,43,7.5,2.84,1.72,0,7.7,0,12.9,17.6,5.6,42.5,8,5.8,0,2.6,3.3,57.1,28.6,8.4,96.9,3.1,112266,123664
"10232",42091203104,"42","091","203104",4182,40.091147,-75.250217,"Census Tract 2031.04, Montgomery County, Pennsylvania",368900,1677,114,7.3,2.45,2.04,6.3,4.5,2.7,14.5,8.5,7,37.1,15.5,3.9,0,8.3,14.5,35.2,33.9,8.1,84.5,15.5,102361,130134
"10233",42091203105,"42","091","203105",5385,40.084228,-75.270738,"Census Tract 2031.05, Montgomery County, Pennsylvania",379000,2225,49,7.1,2.68,1.81,1.4,7.1,23.4,7.7,24,14.9,13.9,2.6,5,0,7,13.5,44.1,28.8,6.6,83.2,16.8,111250,150989
"10234",42091203106,"42","091","203106",1643,40.083194,-75.289931,"Census Tract 2031.06, Montgomery County, Pennsylvania",298900,781,33,5.6,2.69,2.07,1.9,0.4,8.3,7,7.2,20.7,16.9,11.7,25.9,0,17.4,22,46.6,6.7,7.3,46.4,53.6,83594,80229
"10235",42091203203,"42","091","203203",4093,40.155341,-75.308308,"Census Tract 2032.03, Montgomery County, Pennsylvania",366700,1607,79,7.2,2.88,2.27,2.6,0.7,13.7,18.4,21.5,18.6,18.5,3.9,2.1,0,10.5,18.8,25.5,34.1,11.2,65.4,34.6,116538,127805
"10236",42091203204,"42","091","203204",6558,40.176406,-75.291507,"Census Tract 2032.04, Montgomery County, Pennsylvania",474600,3082,206,7.1,2.63,1.6,9.1,10,33.3,20.4,12.8,6.2,3.3,0.5,4.5,2.7,10.6,24.5,28.7,24.8,8.6,72.5,27.5,100691,151324
"10237",42091203205,"42","091","203205",2211,40.152587,-75.243658,"Census Tract 2032.05, Montgomery County, Pennsylvania",435800,838,43,8.4,2.86,2.6,1.8,2.1,4.9,15.4,17.5,6.9,32.3,6.6,12.4,0,1.7,5,25.2,52.3,15.9,94.7,5.3,117644,168969
"10238",42091203207,"42","091","203207",3255,40.15554,-75.277477,"Census Tract 2032.07, Montgomery County, Pennsylvania",455100,1062,20,8.4,2.98,NA,0,0,3.8,21.9,20.6,13.8,26.2,7.4,6.2,0,0,2.4,29.4,54.2,14,98.1,1.9,110648,127315
"10239",42091203208,"42","091","203208",2758,40.136317,-75.261744,"Census Tract 2032.08, Montgomery County, Pennsylvania",394700,1287,90,6.8,2.16,2.14,0,2.7,16.9,54.7,13.8,1.9,4.4,0.9,4.7,0,10.5,30.1,30.1,20.4,8.9,90.6,9.4,123125,152175
"10240",42091203302,"42","091","203302",5907,40.159046,-75.345645,"Census Tract 2033.02, Montgomery County, Pennsylvania",300100,2268,47,7.7,2.69,2.78,2.2,1,6,20,20.9,26.3,17.2,3,3.4,0,0,16.6,33.5,41.7,8.2,89.1,10.9,82560,100000
"10241",42091203303,"42","091","203303",4155,40.140745,-75.314318,"Census Tract 2033.03, Montgomery County, Pennsylvania",263800,1763,73,6,2.4,1.74,4.9,10,7.4,10,9.9,18.9,25.9,4.4,8.6,2.4,12.5,13.7,48.6,22.9,0,77,23,71935,85983
"10242",42091203304,"42","091","203304",3528,40.139721,-75.325964,"Census Tract 2033.04, Montgomery County, Pennsylvania",252800,1742,105,5.8,2.29,1.65,2.5,1.4,5,15.7,22.1,8,21.1,13.5,10.6,0,22.8,25.8,36.9,11.7,2.9,61.9,38.1,70631,74576
"10243",42091203401,"42","091","203401",6153,40.134297,-75.365063,"Census Tract 2034.01, Montgomery County, Pennsylvania",213600,3175,158,5.6,2.21,1.58,0.2,0.9,7.5,15.1,21.2,15.9,24.7,4.3,10.3,2,13.3,31.3,34.2,18.1,1.1,75.6,24.4,62572,73576
"10244",42091203402,"42","091","203402",6189,40.132576,-75.392222,"Census Tract 2034.02, Montgomery County, Pennsylvania",264000,3038,262,5.7,2.36,1.82,10.1,11.6,10.7,30.6,13.3,5.6,12.3,0.8,5,0,12.4,35.1,31.7,17.7,3.1,64.6,35.4,73917,90147
"10245",42091203403,"42","091","203403",3192,40.1239,-75.378118,"Census Tract 2034.03, Montgomery County, Pennsylvania",239700,1798,68,5.1,1.96,1.52,2.3,9.8,11.9,16.1,22.6,12.6,9.9,5.3,9.5,1.2,17.7,40,25.1,12.2,3.7,78.3,21.7,56435,75011
"10246",42091203500,"42","091","203500",6077,40.119063,-75.327499,"Census Tract 2035, Montgomery County, Pennsylvania",176800,2815,387,5.5,2.71,2.4,2.6,3.2,0.4,9.2,16.9,22.6,18,9,18,1.5,20.1,22.6,47.9,5.9,1.9,56.5,43.5,56842,61403
"10247",42091203601,"42","091","203601",3243,40.122308,-75.338391,"Census Tract 2036.01, Montgomery County, Pennsylvania",144700,1159,41,4.7,2.52,2.72,0,2.2,0,0,4.4,5.2,7.9,11.4,68.9,5.7,24,26.1,28.5,6.6,9.1,37.1,62.9,36165,42042
"10248",42091203602,"42","091","203602",3763,40.127549,-75.333535,"Census Tract 2036.02, Montgomery County, Pennsylvania",160000,1548,34,6.3,2.74,2.73,0,0,2.9,0,1.9,9.4,17.6,19.9,48.3,0,5.4,8.5,63.2,11.5,11.5,75.7,24.3,59712,65029
"10249",42091203700,"42","091","203700",1545,40.13143,-75.342652,"Census Tract 2037, Montgomery County, Pennsylvania",157100,590,24,4.7,2.34,1.65,0,0,7.3,0,10.2,22.5,21.5,13.1,25.4,0,24.6,32.7,30,10.8,1.9,42,58,43377,59165
"10250",42091203801,"42","091","203801",3709,40.125484,-75.3498,"Census Tract 2038.01, Montgomery County, Pennsylvania",153800,1452,80,6.4,2.72,1.99,0,0,0.6,0.6,7.6,8.7,22,13.1,47.5,0,10.9,18,43.2,19.2,8.7,65.7,34.3,43893,50531
"10251",42091203803,"42","091","203803",5630,40.121691,-75.353291,"Census Tract 2038.03, Montgomery County, Pennsylvania",159300,2490,360,4.6,2.5,2.48,0.1,2,2.9,2.4,8.6,12,5.4,7.7,58.8,7.8,27.8,29.8,12.8,9.6,12.3,26.6,73.4,45104,56082
"10252",42091203804,"42","091","203804",3241,40.119078,-75.358065,"Census Tract 2038.04, Montgomery County, Pennsylvania",127900,1299,278,5.8,2.31,3.39,0,0,0,0,0.8,11.5,6.9,8.3,72.5,4,14.7,14.1,46.8,16.6,3.8,39,61,37691,48486
"10253",42091203901,"42","091","203901",3709,40.117819,-75.341038,"Census Tract 2039.01, Montgomery County, Pennsylvania",88800,1358,216,5.7,2.61,3.28,0,1.2,0.4,4.3,4,2.2,4.8,15.5,67.6,7.1,18.8,23.4,14.7,24.4,11.6,22.8,77.2,34155,40019
"10254",42091203902,"42","091","203902",3536,40.112561,-75.33581,"Census Tract 2039.02, Montgomery County, Pennsylvania",95100,1895,300,3.9,2.35,2.32,9.6,10.2,3.7,8.2,3.2,8.6,9.1,4,43.4,4.6,37.7,32.1,18.4,6.5,0.6,15.7,84.3,35750,55222
"10255",42091204002,"42","091","204002",3285,40.112531,-75.311393,"Census Tract 2040.02, Montgomery County, Pennsylvania",342900,1399,0,6.3,2.71,2.01,0.6,5.5,11.6,4.6,7.3,28.9,17.4,13.1,11.2,3.4,12,20.4,44.6,16.6,3,59.8,40.2,60446,91821
"10256",42091204007,"42","091","204007",2257,40.096131,-75.289027,"Census Tract 2040.07, Montgomery County, Pennsylvania",316600,1004,0,5,2.64,1.81,0.9,5.4,3.9,15.5,18.8,14.8,28.2,4.2,8.3,0,27.2,27.5,36.3,8,1.1,42.4,57.6,62877,77600
"10257",42091204008,"42","091","204008",2865,40.088463,-75.300741,"Census Tract 2040.08, Montgomery County, Pennsylvania",250400,1218,90,5.5,2.71,1.96,6.6,4.6,16,2.7,11.3,13,26.8,7.5,11.5,0.5,12.6,21.5,44.5,20.5,0.4,62.7,37.3,72148,88900
"10258",42091204009,"42","091","204009",1439,40.122007,-75.277976,"Census Tract 2040.09, Montgomery County, Pennsylvania",234500,670,113,5.5,2.18,NA,0,0,0,20,42.1,9.9,4.3,0,23.7,3.4,13.3,38.4,11.8,30.4,2.7,100,0,62841,100677
"10259",42091204010,"42","091","204010",2582,40.133898,-75.294621,"Census Tract 2040.10, Montgomery County, Pennsylvania",353900,960,0,8.1,3.21,2.29,2.5,0,4.3,13.3,7.3,49.8,16.8,4,2.1,0,0,1.4,33.9,53.3,11.5,95.6,4.4,108813,128975
"10260",42091204101,"42","091","204101",4321,40.08033,-75.300145,"Census Tract 2041.01, Montgomery County, Pennsylvania",252700,2033,70,6.1,2.32,2.05,2.5,0.8,2.3,3.3,6.5,11.1,15.8,14.7,43,2.3,11.4,21.3,48.1,12.3,4.5,61.8,38.2,64443,75976
"10261",42091204102,"42","091","204102",3512,40.075044,-75.304996,"Census Tract 2041.02, Montgomery County, Pennsylvania",245400,2127,276,4.5,2.06,1.74,18.7,8.2,1.9,1.8,8.7,8.1,9.5,5.4,37.8,5.6,24.9,37.3,26.6,4.8,0.8,38.6,61.4,69836,82882
"10262",42091204200,"42","091","204200",1320,40.068643,-75.315667,"Census Tract 2042, Montgomery County, Pennsylvania",314400,619,76,6.4,2.38,2.14,6.1,8.4,19.2,1.6,1.6,5.7,6.1,10.3,40.9,1.8,4.4,19.9,48.8,20.5,4.7,74.2,25.8,88750,118799
"10263",42091204300,"42","091","204300",2434,40.003906,-75.228246,"Census Tract 2043, Montgomery County, Pennsylvania",393900,1402,82,5.2,2.18,1.46,2.8,2.2,4.1,2.9,19,25.7,11.6,1.4,30.2,0.6,24,35.7,15.3,9.3,15,74.8,25.2,84545,142659
"10264",42091204400,"42","091","204400",3241,40.008381,-75.235321,"Census Tract 2044, Montgomery County, Pennsylvania",587900,1279,49,NA,2.83,1.99,0,1.2,1.4,7.2,10.2,6.9,10.5,10.9,51.8,0.5,4.3,18.7,16.3,24.7,35.5,79.3,20.7,116932,190049
"10265",42091204500,"42","091","204500",4752,39.999465,-75.250122,"Census Tract 2045, Montgomery County, Pennsylvania",549300,1576,96,8.1,2.72,2.91,0,0,0.5,4.5,1.4,3.7,10.9,12.8,66.2,0,7.2,11.4,19.2,31.2,31.2,80.5,19.5,132404,203888
"10266",42091204600,"42","091","204600",4612,40.015957,-75.253824,"Census Tract 2046, Montgomery County, Pennsylvania",657200,1653,48,NA,2.79,2.49,0.5,0,1,1.9,1.3,9.1,28.3,26.1,31.8,0,0,1.5,22.2,47.8,28.5,95.6,4.4,203750,266185
"10267",42091204701,"42","091","204701",2173,40.035328,-75.255935,"Census Tract 2047.01, Montgomery County, Pennsylvania",292600,1142,12,4.7,2.1,1.51,0,1.6,1.1,9.6,33.3,39.8,7,1.8,5.8,1.8,24.7,30.6,11.6,16.3,15.1,84.7,15.3,131176,187310
"10268",42091204702,"42","091","204702",3402,40.022838,-75.237612,"Census Tract 2047.02, Montgomery County, Pennsylvania",447300,1340,152,7.9,2.69,2.57,0,3,4.5,1.9,6.5,12.7,28.1,5.3,38,0,1.7,12.5,38.5,34.3,13,88,12,117865,164862
"10269",42091204800,"42","091","204800",5020,40.048033,-75.287506,"Census Tract 2048, Montgomery County, Pennsylvania",968800,2117,234,NA,2.78,1.18,2.9,6.6,4.3,24.3,10.4,12.3,15,6.6,17.5,0.8,5.1,13.5,21.4,32,27.2,84.9,15.1,167682,310404
"10270",42091204900,"42","091","204900",5178,40.042341,-75.325293,"Census Tract 2049, Montgomery County, Pennsylvania",831800,1930,229,NA,2.7,2.09,1.1,3.4,8.1,21.3,6.9,15.3,18.9,6.5,18.3,0,5.6,9,14.3,38,33.2,93.1,6.9,185250,300720
"10271",42091205000,"42","091","205000",2517,40.026733,-75.316972,"Census Tract 2050, Montgomery County, Pennsylvania",348900,834,136,5.4,2.17,1.81,0,0,1.8,0.7,8.8,21.5,14.5,10.6,42.2,0,18.5,18.8,36.3,20.5,5.9,44.6,55.4,54423,142613
"10272",42091205100,"42","091","205100",1853,40.023539,-75.313581,"Census Tract 2051, Montgomery County, Pennsylvania",812500,712,96,5.6,3.09,1.72,0,1.3,0,3.2,9.3,18.7,24.7,6.9,36,6,17,17,21.9,25,13.1,34.7,65.3,76136,116462
"10273",42091205200,"42","091","205200",2848,40.019302,-75.298619,"Census Tract 2052, Montgomery County, Pennsylvania",855800,1331,62,7.1,2.34,1.84,0.5,1.5,0.8,8.9,8.7,14,15.7,8.5,41.5,4.1,11.3,24.6,14.6,19.6,25.8,72.5,27.5,116250,211598
"10274",42091205300,"42","091","205300",1867,40.008576,-75.297891,"Census Tract 2053, Montgomery County, Pennsylvania",295000,989,41,5.2,2.18,2.09,14.7,1.6,1.2,7.9,9.7,2.9,5.6,6.8,49.6,2.2,24.9,28,21.1,5.5,18.3,34.3,65.7,58594,73822
"10275",42091205400,"42","091","205400",5990,40.006649,-75.275742,"Census Tract 2054, Montgomery County, Pennsylvania",661500,2752,44,6.1,2.54,1.8,0,1.1,2,6.3,8.8,15.8,22.7,16.6,26.7,1.2,23.7,24.2,13.5,15.8,21.6,57.2,42.8,92315,173105
"10276",42091205501,"42","091","205501",3514,40.002742,-75.290732,"Census Tract 2055.01, Montgomery County, Pennsylvania",280500,1738,145,5.2,2.35,1.9,0,2,1.4,0,9.1,8.8,17.8,14.2,46.7,4,21.2,25,28,10.5,11.3,55.1,44.9,54821,71450
"10277",42091205502,"42","091","205502",3565,39.994595,-75.282169,"Census Tract 2055.02, Montgomery County, Pennsylvania",471500,1313,13,8,2.78,3.35,1.4,0,0.8,3.7,2.2,8.8,29.4,23.5,30,0,1.1,6.1,39.8,37.7,15.3,98.2,1.8,153049,199268
"10278",42091205503,"42","091","205503",4827,39.985054,-75.27154,"Census Tract 2055.03, Montgomery County, Pennsylvania",346200,1967,108,6.4,2.52,1.76,0,0.5,0.6,1.7,8.7,23.9,18.1,13.9,32.5,2,10.4,17.7,37.1,21.4,11.4,94.6,5.4,96065,118932
"10279",42091205600,"42","091","205600",4314,40.007767,-75.262955,"Census Tract 2056, Montgomery County, Pennsylvania",404600,1904,116,6.3,2.65,1.98,0,0,0.6,1.4,6.2,9.4,10.5,11.7,60.2,3.6,19.7,9.5,36,13.3,17.9,65,35,81462,110419
"10280",42091205700,"42","091","205700",4554,40.103666,-75.343009,"Census Tract 2057, Montgomery County, Pennsylvania",209600,2371,261,5.3,2.36,1.97,4,2.9,2.5,1.9,6.3,9.1,16.4,10.8,46.1,4.3,19.4,24.9,32.8,13.4,5.1,46.6,53.4,44706,62741
"10281",42091205801,"42","091","205801",2643,40.102516,-75.411563,"Census Tract 2058.01, Montgomery County, Pennsylvania",188900,1789,161,4.3,1.45,1.84,0,0.4,6.4,19.1,44.6,16.1,6.8,4.4,2.1,4,35.1,45.5,14.4,0.4,0.6,22.6,77.4,61071,68824
"10282",42091205805,"42","091","205805",3070,40.097534,-75.372243,"Census Tract 2058.05, Montgomery County, Pennsylvania",273200,1323,149,6.5,2.56,3.22,0,2,0.8,5.2,2,9.4,66.5,13.4,0.8,0,3.1,18.7,42.2,33.4,2.6,90,10,70083,84301
"10283",42091205806,"42","091","205806",2050,40.098489,-75.342437,"Census Tract 2058.06, Montgomery County, Pennsylvania",240600,896,66,5.8,2.3,2.61,1.6,13.6,11.5,18,9.7,1.5,7.7,6.9,29.6,0,4.8,33.5,55.2,5.8,0.7,58.4,41.6,59423,71010
"10284",42091205807,"42","091","205807",2248,40.088775,-75.371379,"Census Tract 2058.07, Montgomery County, Pennsylvania",260100,1264,76,4.1,2.41,1.81,0,6.6,17.4,10.8,4.7,14.6,28.8,6,11.2,6.3,34.3,37,16.2,6.3,0,26.3,73.7,68934,75322
"10285",42091205808,"42","091","205808",5340,40.104817,-75.387907,"Census Tract 2058.08, Montgomery County, Pennsylvania",341800,1896,11,7.7,2.78,2.56,0.4,10.4,8.1,9,29.9,29.5,9,2.1,1.7,0,1.4,0.5,51.6,40.4,6,92.9,7.1,105208,115437
"10286",42091205809,"42","091","205809",2811,40.107106,-75.369667,"Census Tract 2058.09, Montgomery County, Pennsylvania",344700,1005,0,7.6,2.68,1.89,0,4.8,11,7,6.7,28.4,40,1.3,0.9,0,2,1.1,28,65.8,3.2,93.7,6.3,103438,109450
"10287",42091205903,"42","091","205903",2719,40.07349,-75.384237,"Census Tract 2059.03, Montgomery County, Pennsylvania",488600,1026,39,8.5,2.73,2.24,4.2,14.5,13.5,11.5,4.5,10.4,27,5.1,9.4,0,0,4.1,35.5,38.9,21.5,96.6,3.4,126141,150156
"10288",42091205904,"42","091","205904",2141,40.065142,-75.347326,"Census Tract 2059.04, Montgomery County, Pennsylvania",442800,985,60,7.6,2.3,3.6,0.6,0.5,23.6,8.1,21,14.7,21.6,5.4,4.5,0,0.8,11.3,32.2,42.6,13.1,93.7,6.3,143906,210662
"10289",42091205905,"42","091","205905",3436,40.080704,-75.360009,"Census Tract 2059.05, Montgomery County, Pennsylvania",278000,1765,103,4.3,2.46,1.62,1.3,1,9.7,12.6,12.9,32.3,16.2,8.6,5.4,3.1,27.1,41.2,20.5,6.1,2,33.5,66.5,64355,78375
"10290",42091205906,"42","091","205906",1937,40.080592,-75.33622,"Census Tract 2059.06, Montgomery County, Pennsylvania",292000,864,97,6.4,2.46,2.44,5.9,1.7,15.6,26,7.8,5.6,14.7,3.9,18.8,0,3,15.3,63.1,17.1,1.5,82.7,17.3,84583,115830
"10291",42091206004,"42","091","206004",6147,40.154821,-75.413815,"Census Tract 2060.04, Montgomery County, Pennsylvania",326400,1657,36,6.8,2.85,2.12,2.5,8.3,12.8,10.4,27.6,12,15.8,2.1,8.4,0.6,9.5,25.3,26.1,34.2,4.3,70.2,29.8,80694,109821
"10292",42091206005,"42","091","206005",4397,40.150746,-75.393175,"Census Tract 2060.05, Montgomery County, Pennsylvania",303900,1598,74,7.4,2.99,2.37,0,2.8,20.8,5.5,11.8,16,22.9,8.6,11.6,0,2.9,11.6,39.7,39.5,6.4,85.8,14.2,91087,111701
"10293",42091206006,"42","091","206006",3032,40.130916,-75.416981,"Census Tract 2060.06, Montgomery County, Pennsylvania",302000,1444,96,5.6,2.39,1.6,15,31.7,3.7,0.6,6,17.7,22,2.1,1.4,0,13.8,42.7,14.6,25,3.9,71.5,28.5,69018,85830
"10294",42091206007,"42","091","206007",6068,40.132516,-75.433967,"Census Tract 2060.07, Montgomery County, Pennsylvania",357500,2278,81,7,2.99,2.13,0.4,9.5,11.6,7.1,28.8,25.1,8,4.4,5.1,0.6,12.6,18,26.4,37.1,5.3,71.8,28.2,84740,111317
"10295",42091206102,"42","091","206102",8290,40.143261,-75.480259,"Census Tract 2061.02, Montgomery County, Pennsylvania",313800,3130,72,7.1,2.57,2.52,19.5,13.5,21.5,4.7,14,5.2,4.4,6.6,10.7,0,7.3,13.5,45.8,24.4,9,90,10,110338,120122
"10296",42091206104,"42","091","206104",2940,40.175412,-75.470837,"Census Tract 2061.04, Montgomery County, Pennsylvania",302000,1015,0,7.8,2.94,3.73,8.4,7.1,38.8,25.5,8.8,1.5,3.4,0.8,5.7,0.7,0,3.5,47.9,38,9.9,88.9,11.1,109071,153306
"10297",42091206105,"42","091","206105",5442,40.186317,-75.497652,"Census Tract 2061.05, Montgomery County, Pennsylvania",440900,1501,35,NA,3.39,2.14,4,30.4,29.9,7.5,7.3,5.8,6.5,1.1,7.5,0,2.7,11.3,11.7,71.2,3.1,91.1,8.9,135903,147165
"10298",42091206106,"42","091","206106",4547,40.182073,-75.521067,"Census Tract 2061.06, Montgomery County, Pennsylvania",240600,1740,53,6.9,2.77,2.14,0,8.5,19.8,7.2,47.1,4.8,2.6,3.3,6.7,0,3,12.5,56.8,25.2,2.4,86,14,92168,107912
"10299",42091206201,"42","091","206201",2666,40.188449,-75.537173,"Census Tract 2062.01, Montgomery County, Pennsylvania",214800,1446,60,5,2.07,1.72,0.7,5.9,10.7,7.6,14.4,15.2,13,3.9,28.6,6.1,12.3,38.7,33.3,8.2,1.4,50.3,49.7,40595,55004
"10300",42091206202,"42","091","206202",2086,40.182321,-75.539703,"Census Tract 2062.02, Montgomery County, Pennsylvania",180000,916,51,5.5,3.01,1.87,13.2,3.2,2.1,3.1,2.5,2.5,3.8,6.1,63.5,3.2,27.3,23.6,20.2,19.1,6.7,45.1,54.9,61658,66937
"10301",42091206300,"42","091","206300",5089,40.188033,-75.458195,"Census Tract 2063, Montgomery County, Pennsylvania",331600,1257,29,6.8,2.99,1.84,6,3.8,30.1,11.2,21.2,8.2,6.6,5.5,7.5,0,13.4,15.9,30.6,37.4,2.7,72.1,27.9,104107,113328
"10302",42091206400,"42","091","206400",3509,40.198089,-75.475898,"Census Tract 2064, Montgomery County, Pennsylvania",269700,1343,45,6.3,2.77,2.27,0,12.4,31.3,10.3,5.7,3.9,11.5,8.9,16,0,4.5,21.7,45.7,23.8,4.3,81.3,18.7,75417,95579
"10303",42091206501,"42","091","206501",4182,40.218314,-75.467296,"Census Tract 2065.01, Montgomery County, Pennsylvania",328300,1403,27,7.7,3.13,2.47,0.9,32.9,48.3,1.4,2.4,2.5,7.1,4.6,0,0,3.1,13.7,36.9,44,2.4,93.8,6.3,106250,116574
"10304",42091206502,"42","091","206502",4957,40.238346,-75.466453,"Census Tract 2065.02, Montgomery County, Pennsylvania",278000,1764,74,7,2.89,1.82,0.6,9,33.5,9.8,17.5,3.3,9,3.7,13.5,3.3,3.7,3.7,51,36.8,1.5,88.1,11.9,95375,95374
"10305",42091206600,"42","091","206600",1385,40.256878,-75.466285,"Census Tract 2066, Montgomery County, Pennsylvania",157600,738,22,4.9,2.21,1.6,0,3.4,0.8,15.9,34.6,13.8,5.8,2.2,23.6,3,22.2,23.8,40.5,8.3,2.2,60.9,39.1,52222,58667
"10306",42091206702,"42","091","206702",3403,40.233357,-75.431666,"Census Tract 2067.02, Montgomery County, Pennsylvania",NA,0,0,NA,NA,NA,NA,NA,NA,NA,NA,NA,NA,NA,NA,NA,NA,NA,NA,NA,NA,NA,NA,NA,NA
"10307",42091206703,"42","091","206703",3700,40.231824,-75.413039,"Census Tract 2067.03, Montgomery County, Pennsylvania",323300,1302,79,7.1,2.78,2.87,4.2,30.6,22.8,20.2,9.7,2.8,3.3,0,6.4,0,0.9,13.2,41.9,40.8,3.1,89.4,10.6,91938,110738
"10308",42091206704,"42","091","206704",6612,40.208169,-75.420651,"Census Tract 2067.04, Montgomery County, Pennsylvania",364400,2270,10,7.3,2.83,2.79,13.8,27,20.9,6.3,11,4.8,7.8,1.7,6.6,0,0.6,16.3,37.6,39.4,6.1,90.1,9.9,106579,129480
"10309",42091206801,"42","091","206801",6825,40.198372,-75.334472,"Census Tract 2068.01, Montgomery County, Pennsylvania",482500,2615,80,8.4,2.89,1.37,2.9,18.4,31.2,18.4,4.7,5.6,7.8,4.3,6.7,0.8,9.4,6.9,26.2,47.5,9.2,82.4,17.6,112516,150806
"10310",42091206802,"42","091","206802",2925,40.17302,-75.384272,"Census Tract 2068.02, Montgomery County, Pennsylvania",343400,1225,24,7.3,2.51,1.45,0.7,12,39.3,3.5,7.5,5.8,14,4.7,12.3,0,5.8,8.4,55,27.3,3.4,89.4,10.6,81098,112316
"10311",42091206901,"42","091","206901",4438,40.244312,-75.310316,"Census Tract 2069.01, Montgomery County, Pennsylvania",335500,1863,56,6.4,3.05,1.84,1.6,2.2,9.4,14.4,33.4,14.2,15.3,1.9,7.5,3.4,23.1,16.4,21.1,34.1,1.7,56.6,43.4,61726,87197
"10312",42091206904,"42","091","206904",5407,40.254014,-75.328286,"Census Tract 2069.04, Montgomery County, Pennsylvania",249700,2479,163,5.6,2.53,1.8,0.6,7.2,36.5,16.5,28.2,5,2,0.7,3.3,0,10.9,36.8,31.6,19.7,1,65.5,34.5,72089,83377
"10313",42091206905,"42","091","206905",4780,40.24,-75.351002,"Census Tract 2069.05, Montgomery County, Pennsylvania",283900,1829,88,7.1,2.59,3.31,0,3.5,41.7,12.5,26.2,5.8,2.6,0.4,7.3,0,0,18.5,47.4,32.6,1.5,94.1,5.9,101719,115314
"10314",42091206906,"42","091","206906",2953,40.226347,-75.33083,"Census Tract 2069.06, Montgomery County, Pennsylvania",361600,1316,48,7.5,2.54,1.59,0,0,5.4,21.6,44,16,9.4,0,3.6,0,9.8,24.2,12.1,44,9.9,89.6,10.4,75962,106422
"10315",42091207001,"42","091","207001",7792,40.259667,-75.384209,"Census Tract 2070.01, Montgomery County, Pennsylvania",426000,2700,80,7.8,3.07,1.96,7.4,14.8,19,15.8,18.3,10.1,6,2.1,6.4,0.6,3.5,15.2,25.2,49.8,5.8,82.6,17.4,106136,126995
"10316",42091207003,"42","091","207003",2897,40.284524,-75.399578,"Census Tract 2070.03, Montgomery County, Pennsylvania",316400,1098,40,6.5,3.15,1.8,7.1,11.8,17.9,26,10.8,11.2,8.2,0.4,6.5,2.9,12.9,17.9,35.7,25.6,4.9,66.4,33.6,91990,112227
"10317",42091207004,"42","091","207004",4270,40.276726,-75.385006,"Census Tract 2070.04, Montgomery County, Pennsylvania",278800,1693,31,6.6,2.83,2.02,0.8,12.9,16.2,27.5,16.1,10.2,8.1,1.7,6.5,0,14.9,15.5,52.2,16.1,1.3,69.4,30.6,68162,87067
"10318",42091207101,"42","091","207101",5783,40.297529,-75.361531,"Census Tract 2071.01, Montgomery County, Pennsylvania",341100,2054,0,6.9,3.26,1.57,10.4,5.9,27.4,6.7,19.6,7.7,8.7,1.1,12.6,2.2,7,16.9,37.9,32.4,3.6,78.1,21.9,82111,96903
"10319",42091207103,"42","091","207103",4095,40.324764,-75.349669,"Census Tract 2071.03, Montgomery County, Pennsylvania",276100,1443,24,6.8,2.91,2.77,6.7,0,36.2,5.7,19.8,11.6,8.3,5,6.7,0,0,5.5,73.1,18,3.3,92.5,7.5,94301,104278
"10320",42091207104,"42","091","207104",3186,40.305928,-75.32397,"Census Tract 2071.04, Montgomery County, Pennsylvania",308200,1240,0,6.6,2.2,1.67,11.3,9.3,39.9,9.4,9,5.3,11.7,1.6,2.5,0.7,2.9,35.6,35.4,24,1.4,91.4,8.6,60152,87402
"10321",42091207201,"42","091","207201",2502,40.306776,-75.324539,"Census Tract 2072.01, Montgomery County, Pennsylvania",226000,1034,0,5.7,2.87,1.65,1.4,0,11.4,0,7.2,7.1,16.8,12.1,44.1,0,22.6,16,40.4,15.9,5.1,65.6,34.4,67667,78295
"10322",42091207202,"42","091","207202",4116,40.313206,-75.321725,"Census Tract 2072.02, Montgomery County, Pennsylvania",254600,1788,87,5.6,2.78,1.73,0.6,2,7.6,6.2,14.3,13.3,16.7,10.7,28.6,6,19.4,20.2,35.5,16.4,2.3,61.2,38.8,57303,67188
"10323",42091207300,"42","091","207300",2665,40.323352,-75.330808,"Census Tract 2073, Montgomery County, Pennsylvania",233600,1021,52,6.2,2.87,2.23,3.6,0,4.1,2.8,8.4,6.9,32,11.1,31,0,11,14.5,50.5,18.8,5.2,74.3,25.7,78087,78107
"10324",42091207400,"42","091","207400",2504,40.337423,-75.400447,"Census Tract 2074, Montgomery County, Pennsylvania",406600,934,17,7.1,2.77,2.24,2,6.7,10.9,21.8,16,10.1,4.5,6.6,21.3,0,5.9,17,39.4,32,5.7,88.8,11.2,79837,101141
"10325",42091207500,"42","091","207500",3299,40.300227,-75.442442,"Census Tract 2075, Montgomery County, Pennsylvania",338800,1084,23,7.5,3.1,2.89,0.5,5.9,9.2,17.7,13.8,14.5,9.4,1.5,27.5,0.6,4.7,10.6,38.7,30.8,14.5,86.7,13.3,91964,107714
"10326",42091207600,"42","091","207600",3686,40.350836,-75.459276,"Census Tract 2076, Montgomery County, Pennsylvania",284000,1459,172,6.1,2.74,2.93,1.4,7.4,5.7,14.1,17.8,18.6,12.7,5.5,16.9,0,3.8,27.3,41.5,20.1,7.3,85.5,14.5,69716,90780
"10327",42091207800,"42","091","207800",6464,40.395813,-75.502211,"Census Tract 2078, Montgomery County, Pennsylvania",291900,2454,100,7,2.62,3.27,13.3,9.3,13.6,11,20,8.9,13.3,0.9,9.6,0,0,18.8,45.1,32.8,3.3,91.6,8.4,83192,100326
"10328",42091207900,"42","091","207900",2383,40.37741,-75.484561,"Census Tract 2079, Montgomery County, Pennsylvania",185700,1113,33,5.8,2.45,1.76,10.3,12.4,7.7,16.1,15.1,7.3,3.4,4.9,22.8,3.2,12.9,23.9,45.2,11.7,3.1,74.5,25.5,58833,65846
"10329",42091208000,"42","091","208000",3843,40.394327,-75.497001,"Census Tract 2080, Montgomery County, Pennsylvania",210500,1336,60,6,2.9,2.54,0.6,22.3,10.4,2.5,12.7,7.2,4.6,3.7,35.9,2.5,10.9,15.6,57.3,12.5,1.3,69.4,30.6,58500,68890
"10330",42091208100,"42","091","208100",2951,40.405583,-75.50684,"Census Tract 2081, Montgomery County, Pennsylvania",176300,1274,90,6.1,2.58,2.31,1.3,4.6,6.5,17.3,18,2.7,7,4.8,37.9,0,8,16.9,53.4,19.9,1.9,76.2,23.8,65581,75279
"10331",42091208201,"42","091","208201",2187,40.363223,-75.574129,"Census Tract 2082.01, Montgomery County, Pennsylvania",250600,919,42,6.4,3.1,1.73,3.4,1.7,20.5,16.2,14.1,5.2,8.9,0.8,29.2,0,7.3,14.8,48.6,20.8,8.5,90.5,9.5,75727,90846
"10332",42091208203,"42","091","208203",4364,40.319745,-75.60958,"Census Tract 2082.03, Montgomery County, Pennsylvania",236800,1633,74,6.2,2.74,2,3.9,10.3,10.5,13.3,20.6,8.9,16,4.7,11.8,2.2,12.9,15.2,46.1,20.2,3.3,70.6,29.4,61844,71845
"10333",42091208204,"42","091","208204",3644,40.30725,-75.623428,"Census Tract 2082.04, Montgomery County, Pennsylvania",294500,1157,50,7.8,3.22,2.4,1.2,16.9,40,14.7,10.7,4.8,7.9,2.1,1.7,0,1.5,8.4,41,39.7,9.5,95.5,4.5,88750,104737
"10334",42091208301,"42","091","208301",2639,40.332777,-75.539883,"Census Tract 2083.01, Montgomery County, Pennsylvania",275300,1049,10,6.4,2.67,1.65,2.9,2.4,17.7,12.3,11.6,13.7,16.2,6.1,17.1,0,6.8,16.5,49,25.2,2.6,88.8,11.2,75724,77915
"10335",42091208302,"42","091","208302",8300,40.286903,-75.580444,"Census Tract 2083.02, Montgomery County, Pennsylvania",300400,2765,143,7.7,3,3.52,14.1,17.5,17,21.9,5.2,6.6,9.5,2.9,5.4,0,0.4,4.1,44.1,47.5,3.9,96.9,3.1,96266,102332
"10336",42091208400,"42","091","208400",3523,40.306032,-75.504282,"Census Tract 2084, Montgomery County, Pennsylvania",250700,1326,63,6.7,2.82,1.72,2.1,15.2,29.1,15,7.6,3.9,8,3.1,16,0,5.1,12.4,59.4,20.1,3.1,90.8,9.2,82716,91495
"10337",42091208500,"42","091","208500",4840,40.277833,-75.47141,"Census Tract 2085, Montgomery County, Pennsylvania",248100,1983,96,6.4,2.58,2.4,0,5.4,19.5,39.4,4.5,6.4,7.9,1.9,15,0,3,19.4,56.4,20.3,0.8,90.5,9.5,82528,84392
"10338",42091208601,"42","091","208601",6127,40.24175,-75.518054,"Census Tract 2086.01, Montgomery County, Pennsylvania",324800,2311,103,7,2.98,2.11,6.1,25.8,27.5,7.6,5,3.6,7.6,3.3,13.4,0,5.8,22,29.7,37.9,4.5,84.8,15.2,91646,94918
"10339",42091208603,"42","091","208603",6479,40.224912,-75.548946,"Census Tract 2086.03, Montgomery County, Pennsylvania",280900,2474,81,6.7,2.83,1.72,12.4,7.7,52.1,3.2,0.8,3.4,7,2.2,11.2,0,5.6,15.1,52.5,24.7,2.1,82.8,17.2,79391,90064
"10340",42091208604,"42","091","208604",5468,40.204269,-75.533306,"Census Tract 2086.04, Montgomery County, Pennsylvania",296100,2240,166,5.9,2.76,1.68,7.2,14.1,41.6,13.3,6.8,2.5,6.3,1.4,6.8,0,12.5,35.3,21,28.1,3.2,68,32,80000,98692
"10341",42091208702,"42","091","208702",3469,40.263609,-75.609005,"Census Tract 2087.02, Montgomery County, Pennsylvania",242200,1318,28,7.5,2.67,1.92,0,4.6,12.8,10.1,11.1,16.7,26.9,12.4,5.5,0,2.1,12.1,35.2,44.8,5.8,92.9,7.1,99839,109705
"10342",42091208703,"42","091","208703",3857,40.253594,-75.582349,"Census Tract 2087.03, Montgomery County, Pennsylvania",205900,1605,68,6.5,2.57,2.07,5.8,9.2,26.5,21.1,14.6,6.2,8.5,2.5,5.6,0,6.8,22.9,31.1,37.1,2.1,91.2,8.8,77782,97435
"10343",42091208704,"42","091","208704",4733,40.249241,-75.597158,"Census Tract 2087.04, Montgomery County, Pennsylvania",192900,1677,45,6.4,2.77,2.82,4.6,13,28.1,19.6,18.4,3.7,5.2,1.7,5.7,0.5,6.4,20.3,57.1,15.6,0,66.5,33.5,67167,68473
"10344",42091208801,"42","091","208801",1178,40.243123,-75.645568,"Census Tract 2088.01, Montgomery County, Pennsylvania",115100,590,23,4.3,2.52,2.28,0.7,0,0,13.7,18.8,4.1,10.5,6.6,45.6,13.2,24.1,21.7,30,5.4,5.6,22.2,77.8,20893,32513
"10345",42091208802,"42","091","208802",3225,40.241571,-75.625311,"Census Tract 2088.02, Montgomery County, Pennsylvania",137200,1369,64,6,2.75,2.3,0,0.5,1.5,10.7,7.6,12.7,11.2,6.8,48.9,0,12.2,25.4,45.1,16.4,0.8,63,37,52798,62186
"10346",42091208901,"42","091","208901",3537,40.255893,-75.652843,"Census Tract 2089.01, Montgomery County, Pennsylvania",149400,1712,66,5.5,2.56,1.74,3.2,0.7,5.6,8.5,5.6,13.1,15,15.8,32.4,1.8,13.9,34.6,36.2,12.2,1.3,59.5,40.5,46563,57645
"10347",42091208903,"42","091","208903",2991,40.247121,-75.630674,"Census Tract 2089.03, Montgomery County, Pennsylvania",143900,1301,77,6.1,2.39,2.74,3.8,0,6,0.8,6.7,3.5,17.8,16.1,45.3,2.2,5.6,21.6,47.4,19.8,3.5,75.3,24.7,52604,62619
"10348",42091208904,"42","091","208904",3297,40.247468,-75.648273,"Census Tract 2089.04, Montgomery County, Pennsylvania",125000,1602,359,4.4,2.76,1.87,0,0,0.4,1.4,2.6,9.4,5.3,6.2,74.7,11.3,37,13,16.9,18.6,3.2,28.5,71.5,33733,44607
"10349",42091208905,"42","091","208905",2586,40.260176,-75.631949,"Census Tract 2089.05, Montgomery County, Pennsylvania",163100,1288,51,6.1,2.17,1.85,0,0,2.3,8,6.8,8.6,42.2,13.7,18.3,2.5,5.2,17.4,59.7,14.8,0.5,80,20,43050,53494
"10350",42091208906,"42","091","208906",3931,40.253589,-75.642012,"Census Tract 2089.06, Montgomery County, Pennsylvania",121600,1684,127,5.5,2.39,2.28,0.6,1.7,2,1.7,7.7,9.7,15.7,10.9,50.1,0.8,11.9,34.1,33.6,17.2,2.4,52.4,47.6,39628,47819
"10351",42091209000,"42","091","209000",1632,40.251576,-75.669523,"Census Tract 2090, Montgomery County, Pennsylvania",145200,687,37,5.7,2.8,2.77,0,0,3.1,5.8,7.4,7.6,43.8,6.6,25.8,8.3,7.6,31.7,25.2,27.2,0,56.6,43.4,34167,41761
"10352",42091209100,"42","091","209100",5315,40.280508,-75.635139,"Census Tract 2091, Montgomery County, Pennsylvania",237100,1890,84,7.3,2.88,2.83,7.2,15.5,17.6,12.6,12.1,12,12.8,2.5,7.8,0.5,1.3,9.5,47.2,38.9,2.5,92.2,7.8,84591,93123
"10353",42091209201,"42","091","209201",1587,40.255888,-75.68113,"Census Tract 2092.01, Montgomery County, Pennsylvania",152300,671,6,5.4,2.81,2.2,1.2,3,8.5,16.2,15.8,29.1,9.7,3,13.6,0,1.9,39.8,44.9,10.3,3.1,64.4,35.6,62521,58074
"10354",42091209202,"42","091","209202",2287,40.251872,-75.678823,"Census Tract 2092.02, Montgomery County, Pennsylvania",156600,978,45,5.8,2.36,2.02,2,0,1.4,3.9,3.5,16.4,10.4,18.6,43.8,0,10.2,22,50.9,14.3,2.6,76,24,42382,53047
"10355",42091210100,"42","091","210100",3871,40.115575,-75.189722,"Census Tract 2101, Montgomery County, Pennsylvania",293500,1499,23,6.4,2.74,1.85,0,0.5,0.4,5.4,5.3,12.2,30.7,36.4,9.2,0,0,20.9,52.2,26.9,0,81.7,18.3,85952,100116
"10356",42091210200,"42","091","210200",2786,40.106897,-75.184307,"Census Tract 2102, Montgomery County, Pennsylvania",319600,1062,0,7,2.65,3.11,0,0.7,3.8,1.5,7.6,10.1,42.1,27.1,7.2,1.1,0.9,3.6,58.2,35,1.1,94.9,5.1,102663,113722
"10357",42091210300,"42","091","210300",3921,40.101057,-75.215939,"Census Tract 2103, Montgomery County, Pennsylvania",349400,1571,120,6.6,2.7,1.61,1.3,2.2,10.3,6.2,5.5,8.3,36,7.1,23.2,2.2,14.6,11.6,42,26.5,3,78.4,21.6,102875,131725
"10358",42091210400,"42","091","210400",4597,40.094543,-75.206626,"Census Tract 2104, Montgomery County, Pennsylvania",328600,1845,74,6.8,2.48,1.97,0,0,3.5,13.3,9.9,13.9,30.8,9.1,19.5,7.1,5.1,14.6,42.3,26.3,4.5,73.5,26.5,87592,97263
"10359",42091210500,"42","091","210500",4243,40.083325,-75.191588,"Census Tract 2105, Montgomery County, Pennsylvania",344300,1681,121,7.2,2.6,1.9,1.3,0,1.7,1.2,6,13.2,24.4,13.1,39,5.8,1,9.6,39.6,34.7,9.4,87.6,12.4,104073,132201
"10360",42091210600,"42","091","210600",4097,40.123371,-75.298285,"Census Tract 2106, Montgomery County, Pennsylvania",282500,1711,139,5.7,2.63,1.61,1.9,3.9,2.9,6.4,15.8,17.4,36.7,12.1,2.9,2.3,14.9,21.6,44.9,13.2,3.2,73.9,26.1,70000,89145
"10361",42091210700,"42","091","210700",5792,40.170231,-75.439168,"Census Tract 2107, Montgomery County, Pennsylvania",351600,1971,89,7.7,3.12,1.96,4,16.4,26.2,6,19.6,7.2,7.7,5.5,7.5,0,4.1,11.5,30.5,50,3.9,90.9,9.1,125614,129646
"10362",42093050100,"42","093","050100",3970,41.080465,-76.686553,"Census Tract 501, Montour County, Pennsylvania",144400,1537,110,6,2.75,3.13,2.7,6.3,16.2,13.5,22.3,4.9,3.3,1.6,29.1,1.7,3.7,23.2,52.4,14.4,4.6,88.2,11.8,47284,59120
"10363",42093050200,"42","093","050200",4171,40.967384,-76.591158,"Census Tract 502, Montour County, Pennsylvania",170900,1703,157,6.1,2.39,2.16,2.6,3.8,24.8,16.7,12.8,6.3,11.5,2.2,19.1,2.3,9.5,22.7,44,16.1,5.3,73.4,26.6,50568,97849
"10364",42093050300,"42","093","050300",4699,40.961503,-76.612925,"Census Tract 503, Montour County, Pennsylvania",93300,2527,354,5.3,2.15,2.06,1.9,1.1,5.8,9.5,7.6,11.5,3.1,5.3,54.2,1.6,10.4,37.2,38.9,10.1,1.8,50.3,49.7,37238,44818
"10365",42093050400,"42","093","050400",5427,40.990882,-76.633621,"Census Tract 504, Montour County, Pennsylvania",166300,2168,114,6.3,2.59,2.54,3.9,5.9,17.5,17.9,22.1,8,4.7,1.6,18.5,0.1,4.6,19.1,53.1,19.8,3.3,89.9,10.1,58140,74435
"10366",42095010100,"42","095","010100",3739,40.659144,-75.347405,"Census Tract 101, Northampton County, Pennsylvania",221100,1642,50,5.8,2.37,2.31,3,0,8.6,19.7,21.4,16.6,24.2,4.9,1.5,1.4,5.7,28,53.3,10.7,1,58.6,41.4,56250,64925
"10367",42095010200,"42","095","010200",3777,40.655567,-75.36822,"Census Tract 102, Northampton County, Pennsylvania",312900,1489,69,7.7,2.6,2.91,0.7,1.1,13.5,20.8,14.5,20.5,9.6,3.4,15.9,0,5.9,12.4,28.3,43.1,10.3,91.2,8.8,92021,121960
"10368",42095010300,"42","095","010300",3290,40.635915,-75.374079,"Census Tract 103, Northampton County, Pennsylvania",187400,1534,189,6.2,2.33,2.61,0.3,2,8,10.8,7.1,7.9,21,10.6,32.5,0,4.2,24.3,53.4,15.8,2.2,74.2,25.8,63854,72344
"10369",42095010400,"42","095","010400",5064,40.646632,-75.353533,"Census Tract 104, Northampton County, Pennsylvania",209200,2259,72,6,2.24,2.68,1.2,0.5,5.4,11.7,9.9,11.8,34.4,13.7,11.5,0,1.7,29.4,49.1,19.2,0.5,79.2,20.8,66391,71890
"10370",42095010500,"42","095","010500",4208,40.632937,-75.34793,"Census Tract 105, Northampton County, Pennsylvania",143700,1697,107,4.5,2.63,2.63,1.7,0,4.5,4.7,14.6,18.7,36.8,6.4,12.6,4.5,12.7,46.3,30.6,5.9,0,21.1,78.9,17277,28096
"10371",42095010600,"42","095","010600",7823,40.62956,-75.362293,"Census Tract 106, Northampton County, Pennsylvania",166000,3314,59,6,2.34,2.34,2.3,7.4,1.1,5.1,6,4.8,22.4,17.8,33,0,10.6,23.2,49.8,14.6,1.8,71.3,28.7,51073,57622
"10372",42095010700,"42","095","010700",4780,40.626942,-75.379121,"Census Tract 107, Northampton County, Pennsylvania",137500,1890,152,5.9,2.42,2.52,0.7,0,0,5.7,4.8,3.9,9.6,6.8,68.6,1.6,13.9,28.3,37.6,16.7,2,52.5,47.5,48711,55713
"10373",42095010800,"42","095","010800",2876,40.621302,-75.377416,"Census Tract 108, Northampton County, Pennsylvania",249500,1681,151,3.5,2.1,1.33,0.4,1.7,6.5,3.6,17.6,4,7.4,5.5,53.2,7.5,55,13.4,11.4,5.2,7.4,22.9,77.1,22857,49845
"10374",42095010900,"42","095","010900",3515,40.606988,-75.387344,"Census Tract 109, Northampton County, Pennsylvania",113900,1365,80,5.1,2.63,2.85,0,0,0.4,5.5,4.5,6.3,12.2,13.3,57.8,3.7,19,26.5,23.7,13.1,14,48.6,51.4,35639,41879
"10375",42095011000,"42","095","011000",3530,40.6091,-75.380469,"Census Tract 110, Northampton County, Pennsylvania",123800,1374,189,3.6,2.87,2.1,10,9.8,0,8.7,10.8,10.3,12.7,7.8,29.9,11,40.2,18.4,15.6,5.5,9.3,18,82,21979,37391
"10376",42095011100,"42","095","011100",3208,40.60482,-75.37734,"Census Tract 111, Northampton County, Pennsylvania",267500,62,0,6.8,2.21,4.45,0,0,0,16.1,16.1,0,0,0,67.7,0,0,21,79,0,0,53.2,46.8,58190,55244
"10377",42095011200,"42","095","011200",5768,40.609598,-75.365974,"Census Tract 112, Northampton County, Pennsylvania",108200,2156,231,5.3,2.79,2.72,0,2.2,5.2,3.9,3.8,7,6.5,9.6,61.8,0.5,21.2,23.7,39.7,9.5,5.3,39.9,60.1,31481,35704
"10378",42095011300,"42","095","011300",4061,40.601045,-75.348458,"Census Tract 113, Northampton County, Pennsylvania",165400,1863,194,4.8,2.68,2.36,22.9,18,18.6,9.7,4.5,0.9,5.1,5,15.4,2.1,14.1,40.2,31.3,11.4,1,32.5,67.5,43958,58123
"10379",42095014100,"42","095","014100",5340,40.70206,-75.208392,"Census Tract 141, Northampton County, Pennsylvania",231300,1621,87,7.1,2.29,1.72,0,0,3.6,7.1,2.8,4.1,5.9,6.1,70.5,0,10.2,21.5,28.7,23.8,15.8,63.6,36.4,68235,79847
"10380",42095014200,"42","095","014200",6029,40.68913,-75.226721,"Census Tract 142, Northampton County, Pennsylvania",101600,2499,487,5.9,2.48,2.81,0,0.7,1.9,0,2,2.7,8.1,5.7,78.8,0,9,33.8,39.9,15.7,1.6,48,52,37710,54316
"10381",42095014300,"42","095","014300",4764,40.690481,-75.218799,"Census Tract 143, Northampton County, Pennsylvania",106500,1694,414,5.4,2.44,3.11,0,0,0,4.9,0.4,2.1,3.7,1.8,87.1,2.1,20.1,25.7,33.7,14.8,3.6,32.7,67.3,33403,42830
"10382",42095014400,"42","095","014400",2409,40.690309,-75.211226,"Census Tract 144, Northampton County, Pennsylvania",164500,1500,281,3.4,2.68,1.38,0,0,0,2.7,6.8,10,0.5,2.3,77.7,15.3,40.3,28.1,7.5,2.9,5.9,17.4,82.6,24082,40103
"10383",42095014500,"42","095","014500",2660,40.679626,-75.205325,"Census Tract 145, Northampton County, Pennsylvania",166500,1159,76,5.7,2.71,1.87,2.8,9.7,8.8,7.1,8.8,9,15.9,9.8,28.1,1.9,12.9,24.5,34,24.2,2.6,71.3,28.7,46563,50188
"10384",42095014600,"42","095","014600",3076,40.680285,-75.218027,"Census Tract 146, Northampton County, Pennsylvania",131500,1386,92,5.9,2.63,2.4,0,0,17.7,5.3,6.6,2.5,7.3,3.8,56.6,1.7,9.9,29,43.4,14.5,1.5,56.3,43.7,33333,44357
"10385",42095014700,"42","095","014700",2522,40.676494,-75.218447,"Census Tract 147, Northampton County, Pennsylvania",127900,1059,78,6.3,2.88,3.17,0,5.7,2.5,0.9,3.3,1.8,10.1,8.1,67.5,2.5,4.9,18.4,45.5,24.8,3.8,77.5,22.5,46955,55093
"10386",42095015201,"42","095","015201",6840,40.86931,-75.211178,"Census Tract 152.01, Northampton County, Pennsylvania",165800,3032,168,5.8,2.66,1.89,0,0.7,3.5,8.2,5.7,4.1,11.1,10.1,56.5,0.6,12.5,17.5,50.9,14.1,4.5,68,32,51461,56686
"10387",42095015300,"42","095","015300",5122,40.850066,-75.205286,"Census Tract 153, Northampton County, Pennsylvania",259500,2025,137,6.3,2.84,1.49,3.5,14.1,8.1,9.7,15.5,6.3,17.5,3.5,21.9,0.3,10.8,16.3,50,20,2.6,83.1,16.9,61750,73900
"10388",42095015400,"42","095","015400",3101,40.796236,-75.160442,"Census Tract 154, Northampton County, Pennsylvania",231300,1389,173,6.5,2.52,3.09,1.1,4.8,7.3,20.3,12.7,9,5.9,5.5,33.3,0,4.8,23.1,47.5,16.3,8.3,88.8,11.2,64672,74953
"10389",42095015500,"42","095","015500",6138,40.816005,-75.266307,"Census Tract 155, Northampton County, Pennsylvania",241500,2366,115,6.4,2.84,1.78,4.7,4.4,16.1,9.6,15.4,10.2,9,8.5,21.9,0,4.5,19.7,44.3,29.8,1.6,87.5,12.5,65870,78702
"10390",42095015600,"42","095","015600",3595,40.868421,-75.255684,"Census Tract 156, Northampton County, Pennsylvania",164200,1501,104,6,2.63,2.47,1.3,0,3.2,3.8,0,3.9,10.9,5.9,71,0,12.5,21.9,50,12.5,3.1,64.4,35.6,50156,59805
"10391",42095015700,"42","095","015700",2720,40.848289,-75.291895,"Census Tract 157, Northampton County, Pennsylvania",171200,1298,80,5,2.41,1.97,0,0.7,4.9,6.5,21.7,14.8,21.5,4.7,25.2,0,13.9,36.1,42.5,6.2,1.2,57.1,42.9,48238,53320
"10392",42095015801,"42","095","015801",5100,40.773139,-75.322767,"Census Tract 158.01, Northampton County, Pennsylvania",284300,1798,0,7.1,3,1.9,2.9,7.6,24.9,15.9,18.9,8.2,4.7,3.7,13.2,0,1.4,8.1,47.5,40.7,2.3,93.4,6.6,82885,99793
"10393",42095015802,"42","095","015802",3078,40.810316,-75.337895,"Census Tract 158.02, Northampton County, Pennsylvania",243700,1143,110,6.7,2.81,2.09,9.7,11.4,16.4,15.7,12.3,11.9,5.9,3.7,12.9,0,0.6,23.7,43.4,26.9,5.4,91.5,8.5,71952,75918
"10394",42095015901,"42","095","015901",5595,40.770063,-75.388217,"Census Tract 159.01, Northampton County, Pennsylvania",230700,2287,91,6.4,2.75,2.06,1.6,8.8,14.8,17.2,23.5,6.7,5.7,5.6,16.1,0,2.3,24.7,45.3,23.1,4.6,86.9,13.1,58000,70735
"10395",42095015902,"42","095","015902",3802,40.771421,-75.448349,"Census Tract 159.02, Northampton County, Pennsylvania",242900,1437,96,6.8,2.64,2.42,6.8,14.5,7.9,13.4,23,11.6,3,0,19.9,0,4.5,17,53,21.2,4.3,95,5,65515,72492
"10396",42095016001,"42","095","016001",6080,40.768803,-75.518687,"Census Tract 160.01, Northampton County, Pennsylvania",230400,2439,94,6.6,2.61,2.31,4.9,10.5,10.2,19.4,16.8,9.2,9.3,3.4,16.4,0,0.7,18.2,51.7,25.2,4.1,92.4,7.6,72056,79504
"10397",42095016002,"42","095","016002",4446,40.760528,-75.565416,"Census Tract 160.02, Northampton County, Pennsylvania",192500,1930,152,6.1,2.46,2.45,4.8,5.1,10.4,22.2,23.8,10.8,5.3,3.5,14,0.9,2.6,24.1,56.7,13.1,2.6,92.6,7.4,64146,72923
"10398",42095016100,"42","095","016100",2070,40.751082,-75.595694,"Census Tract 161, Northampton County, Pennsylvania",176200,902,73,5.9,2.63,2.32,1.8,5.1,5.2,7.4,22.5,8.4,11.9,3.7,34,0,5.9,25.6,57.6,10.2,0.7,79.3,20.7,48060,58323
"10399",42095016201,"42","095","016201",5575,40.690252,-75.497745,"Census Tract 162.01, Northampton County, Pennsylvania",160100,2450,78,6,2.57,2.03,0.2,3.6,5.3,6.7,8.9,6.6,9.9,10.9,47.8,0.6,16.3,18.5,52,10.9,1.7,67.9,32.1,44475,55435
"10400",42095016202,"42","095","016202",4351,40.679327,-75.481219,"Census Tract 162.02, Northampton County, Pennsylvania",181500,1742,105,6.1,2.75,1.57,2.2,2.7,11,11.9,9.5,8.1,9.5,5.8,39.3,1.8,4.5,26.5,49.7,14.7,2.9,81.8,18.2,65605,77989
"10401",42095016300,"42","095","016300",2849,40.662089,-75.476414,"Census Tract 163, Northampton County, Pennsylvania",180900,1303,10,6,2.44,1.54,1.1,4.2,4.8,11.1,8.6,10.5,13.2,10.1,36.5,0,10.7,23.3,52.8,12.1,1.1,74.7,25.3,49511,61761
"10402",42095016400,"42","095","016400",4269,40.700351,-75.478956,"Census Tract 164, Northampton County, Pennsylvania",234800,1631,54,6.8,2.58,3.2,22.2,25.3,11.6,9,10.7,8.9,3.2,3,6.1,0,0.4,17.3,58.6,22.8,0.9,93.5,6.5,75781,86071
"10403",42095016500,"42","095","016500",4903,40.702587,-75.422907,"Census Tract 165, Northampton County, Pennsylvania",224600,1873,67,6.7,2.73,2.17,2.8,4.3,13.8,28.9,17.9,12.6,8.2,1.4,10.1,0,0.5,14.8,58.8,24.3,1.5,96.8,3.2,72297,82727
"10404",42095016600,"42","095","016600",2693,40.727422,-75.391772,"Census Tract 166, Northampton County, Pennsylvania",175000,1130,69,6.1,2.61,2.39,0,5,14.2,7.1,19.7,4.6,10.6,2.7,36.2,3.5,10.3,18.8,49.9,16.4,1.1,60.9,39.1,49132,57358
"10405",42095016700,"42","095","016700",6231,40.742299,-75.321442,"Census Tract 167, Northampton County, Pennsylvania",258800,1954,116,6.8,2.99,2.45,10.5,17,18.8,3.1,9.2,10.6,18.2,4.8,7.7,0,1.2,17.1,49.4,27.4,4.9,88,12,85934,100139
"10406",42095016800,"42","095","016800",5746,40.74066,-75.311094,"Census Tract 168, Northampton County, Pennsylvania",179100,2719,163,5.3,2.44,1.88,2.9,5.6,0.8,7,3.9,4.7,15.8,7,52.4,0.6,24.6,28.6,32.5,11.1,2.6,56,44,59881,63236
"10407",42095016901,"42","095","016901",3131,40.699562,-75.348253,"Census Tract 169.01, Northampton County, Pennsylvania",311600,1124,53,8,3.02,1.82,6,1.2,22.2,27.4,26.7,2.8,3.6,0.8,9.3,0,0,5.4,34.7,52.2,7.7,94.3,5.7,90966,115395
"10408",42095016902,"42","095","016902",2543,40.706811,-75.322274,"Census Tract 169.02, Northampton County, Pennsylvania",317500,957,49,7.4,2.83,2.38,3.2,8.6,12,14.7,21.9,4.3,12.3,3.6,19.3,0,0,13.4,51.2,29.2,6.3,83.5,16.5,78409,93656
"10409",42095017000,"42","095","017000",2130,40.747603,-75.257176,"Census Tract 170, Northampton County, Pennsylvania",221100,757,24,6.2,2.89,1.89,3.4,8.5,9.2,5,11.4,9,11.2,4.6,37.6,0,11,11.9,50.1,24.4,2.6,78.3,21.7,60197,69552
"10410",42095017101,"42","095","017101",6137,40.717443,-75.234597,"Census Tract 171.01, Northampton County, Pennsylvania",266100,2383,42,6.8,2.75,1.45,12.9,30,22.2,9.1,2.6,4.9,11.6,4.8,1.9,3.5,3.1,10.9,47,32.5,3,90,10,87971,93780
"10411",42095017102,"42","095","017102",8584,40.726974,-75.215194,"Census Tract 171.02, Northampton County, Pennsylvania",284700,3204,177,7,2.73,1.85,8.9,32.5,15.6,10.9,11.6,2,8.4,3,7.1,0.4,3.8,18.4,38.7,35.7,3.1,89.6,10.4,87022,103806
"10412",42095017200,"42","095","017200",6593,40.685378,-75.239702,"Census Tract 172, Northampton County, Pennsylvania",144800,2996,359,5.7,2.63,2.15,0.3,0.6,1.4,1.4,1,9.8,10.4,7.5,67.6,1,21.8,19.5,45.9,6.5,5.2,61.5,38.5,47129,55857
"10413",42095017300,"42","095","017300",2560,40.677407,-75.2392,"Census Tract 173, Northampton County, Pennsylvania",140100,1175,22,5.7,2.32,2.12,2.9,3.9,13.6,9.4,3.3,6.9,20.2,5.8,34,0.7,12.5,23.1,56.9,5.4,1.4,71.5,28.5,42560,49547
"10414",42095017401,"42","095","017401",7729,40.712481,-75.257607,"Census Tract 174.01, Northampton County, Pennsylvania",279400,3040,108,6.8,2.66,2.28,16.6,18.8,20.5,6.3,8.3,8.2,12,1.9,7.4,0,2.1,16.4,49.7,29.2,2.6,90.9,9.1,79976,90946
"10415",42095017402,"42","095","017402",3887,40.693497,-75.268805,"Census Tract 174.02, Northampton County, Pennsylvania",228500,1587,31,6.5,2.44,2.11,0,0.6,1.8,6.1,22.7,19.5,33.3,11.3,4.6,0,5.8,12.7,57,21.4,3,91.4,8.6,68480,74363
"10416",42095017501,"42","095","017501",4161,40.673903,-75.262321,"Census Tract 175.01, Northampton County, Pennsylvania",212600,1696,0,6,2.55,1.67,5.1,8.1,17.9,15.8,14.9,11.2,12.4,4.3,10.2,1.2,4.8,31.3,44.8,15.3,2.7,77.9,22.1,61875,72036
"10417",42095017502,"42","095","017502",4914,40.661412,-75.257897,"Census Tract 175.02, Northampton County, Pennsylvania",254500,1886,136,6.9,2.79,1.98,3.1,5.7,15.4,9.6,8.2,27.6,18.7,3.8,7.9,0,6.7,10.1,44.3,31.9,7,85.6,14.4,75000,86761
"10418",42095017603,"42","095","017603",3741,40.642977,-75.331472,"Census Tract 176.03, Northampton County, Pennsylvania",203300,1578,33,6.3,2.52,2.03,1,2.6,6.6,8.6,14.9,25.2,17,6.5,17.6,2.3,2.4,15.9,59.4,17.6,2.4,87.6,12.4,56754,72261
"10419",42095017604,"42","095","017604",4585,40.66689,-75.33328,"Census Tract 176.04, Northampton County, Pennsylvania",278900,1823,50,7.6,2.47,2.3,1.3,3.1,12,44.9,16.5,11.4,7.5,0,3.4,0.9,1.2,23.3,38,34.2,2.4,88.8,11.2,78286,90713
"10420",42095017605,"42","095","017605",3971,40.676502,-75.306885,"Census Tract 176.05, Northampton County, Pennsylvania",285500,1433,18,6.4,2.74,1.55,7.3,9.8,25.3,24.8,12.3,9.9,6.6,1.3,2.9,5.9,6.2,7,45.9,27.8,7,79.6,20.4,72431,107609
"10421",42095017606,"42","095","017606",4831,40.654086,-75.31947,"Census Tract 176.06, Northampton County, Pennsylvania",289700,1679,90,7.6,3.07,2.42,7,19.8,28.6,12.3,13.2,8,1.5,0,9.6,0,2.7,5.5,47.5,40.3,3.9,94.6,5.4,98977,97487
"10422",42095017607,"42","095","017607",6602,40.653724,-75.293773,"Census Tract 176.07, Northampton County, Pennsylvania",286100,2399,9,7,2.91,1.4,5.3,17.1,31.5,11.5,7.7,6.6,11.8,2.3,6.3,0,1,19.5,39.4,36.1,4,89.8,10.2,87366,100754
"10423",42095017702,"42","095","017702",2283,40.662408,-75.406783,"Census Tract 177.02, Northampton County, Pennsylvania",288200,884,0,7.7,2.75,NA,8.7,2.9,6.6,1.5,14.3,54.2,11.3,0,0.6,1,1.4,5.8,28.2,51.8,11.9,97.5,2.5,89375,101136
"10424",42095017703,"42","095","017703",2560,40.650897,-75.394633,"Census Tract 177.03, Northampton County, Pennsylvania",318300,1070,91,7.6,2.6,1.75,9.1,3.6,15.6,13.2,21.4,17.5,10.1,8.2,1.3,1.2,6.9,16.4,34.1,36.3,5,83.6,16.4,73750,108798
"10425",42095017704,"42","095","017704",6023,40.674741,-75.397209,"Census Tract 177.04, Northampton County, Pennsylvania",325000,2307,139,7.5,2.99,1.58,9.2,12.1,43,22.8,5.7,2.3,1,3.3,0.6,0.5,7.4,22,22.5,39.5,8.2,82.4,17.6,94815,104088
"10426",42095017800,"42","095","017800",2636,40.627938,-75.340743,"Census Tract 178, Northampton County, Pennsylvania",169800,1009,85,5.8,2.75,2.74,5.9,18.2,3.1,11.4,7.5,5.6,6.5,6.6,35,0,4.8,21,61.9,10.3,2,71.1,28.9,59486,66154
"10427",42095017901,"42","095","017901",3652,40.586617,-75.339205,"Census Tract 179.01, Northampton County, Pennsylvania",188200,1841,223,5.5,2.44,1.88,5.3,0.5,4.9,5.6,6.1,6.9,15.9,16.8,37.9,1,19.9,28,42,9.1,0,62.3,37.7,52105,59739
"10428",42095017902,"42","095","017902",2246,40.575813,-75.335284,"Census Tract 179.02, Northampton County, Pennsylvania",186400,1049,90,6.1,2.34,2.71,6,0.9,0,1.1,6.2,8.8,34.9,20.8,21.4,0,6.5,19.5,58.7,15.3,0,85.2,14.8,62344,80407
"10429",42095018001,"42","095","018001",4086,40.594009,-75.304034,"Census Tract 180.01, Northampton County, Pennsylvania",280000,1598,79,6.6,2.69,2.36,2.8,9.2,7.4,19.2,11.4,13.6,5.4,6.6,24.4,0,3.7,19.7,47.4,26.7,2.5,92.2,7.8,73138,83873
"10430",42095018002,"42","095","018002",6686,40.57561,-75.366775,"Census Tract 180.02, Northampton County, Pennsylvania",312100,2611,128,6.9,2.75,2.05,2.1,10.9,23.8,12.1,9.8,11.9,11.1,5.3,13,0,5.9,20.1,33.4,35.8,4.9,91,9,88010,133201
"10431",42095018100,"42","095","018100",6324,40.641322,-75.221217,"Census Tract 181, Northampton County, Pennsylvania",277900,2594,211,6.7,2.58,2.38,14.5,17.7,8,10.9,10.9,7,7.9,3.5,19.6,1.7,3.5,21.7,46.3,21.7,5.1,86.4,13.6,83315,104908
"10432",42095018200,"42","095","018200",3538,40.881174,-75.107921,"Census Tract 182, Northampton County, Pennsylvania",250900,1626,208,6.4,2.37,2.74,1.2,2,10.5,21.7,8.7,1.7,4.2,4.1,45.9,0,4.4,28.9,38.8,16.2,11.7,94,6,57333,74025
"10433",42095018300,"42","095","018300",4859,40.905966,-75.160709,"Census Tract 183, Northampton County, Pennsylvania",195500,1952,172,6.2,2.83,2.97,2.8,3.7,9.4,17.8,16.5,7.2,4.7,2.2,35.7,0,6,21.8,50.8,17.5,3.9,83.1,16.9,62417,72781
"10434",42097080100,"42","097","080100",4426,41.075788,-76.790545,"Census Tract 801, Northumberland County, Pennsylvania",154400,1824,138,6.4,2.72,2.56,1.6,3.7,7.9,9,19.8,11.3,11.1,2.2,33.3,0.5,4.3,16.8,54.4,16.7,7.3,86.7,13.3,55563,71572
"10435",42097080200,"42","097","080200",7119,41.102616,-76.853193,"Census Tract 802, Northumberland County, Pennsylvania",122500,2896,280,6,2.71,2.26,2.2,2.7,14,13.8,10,9.3,14.3,4.7,28.9,0,6.9,25,52.3,13.8,2,72.9,27.1,45784,58624
"10436",42097080300,"42","097","080300",7042,41.016413,-76.847977,"Census Tract 803, Northumberland County, Pennsylvania",114700,3394,271,5.5,2.37,2,0.7,4.7,3.5,7.2,17.3,13,9.5,10.5,33.6,5.4,15.2,20.8,46.9,7.7,4,51.5,48.5,31726,42377
"10437",42097080400,"42","097","080400",3295,40.97848,-76.839371,"Census Tract 804, Northumberland County, Pennsylvania",113000,1581,121,5.8,2.43,2.32,3.2,3.5,13.3,15.3,24.7,4.7,5.8,7.7,21.9,0.4,2.7,27.5,50.7,15.4,3.3,87.8,12.2,42826,54494
"10438",42097080500,"42","097","080500",3685,40.915921,-76.783684,"Census Tract 805, Northumberland County, Pennsylvania",132200,1664,120,6,2.35,1.9,5.9,7.6,19.1,9.1,22.9,8.9,13.1,2.5,10.9,1.4,8.4,23.9,47.9,15.3,3.1,82.6,17.4,50843,62925
"10439",42097080600,"42","097","080600",3804,40.894076,-76.796171,"Census Tract 806, Northumberland County, Pennsylvania",109900,1952,115,5.8,2.29,1.64,0,4.4,7.5,7.8,10.2,3.4,10.2,14.7,41.7,0.7,14.9,25.6,44.5,12.7,1.6,63.8,36.2,41005,49368
"10440",42097080700,"42","097","080700",3054,40.935496,-76.631411,"Census Tract 807, Northumberland County, Pennsylvania",156200,1333,74,6.5,2.45,2.27,2.9,3,7,9.8,19.4,10.9,13.9,3.1,30.2,0,2.3,17.9,51.9,23.5,4.5,87.5,12.5,58633,74451
"10441",42097080800,"42","097","080800",7067,40.850813,-76.588856,"Census Tract 808, Northumberland County, Pennsylvania",153000,3139,218,6.3,2.57,1.8,3.1,5.9,16.5,18.1,18.4,5.4,7.9,3.3,21.4,0.5,4.7,21.4,51.1,18.3,3.9,81.1,18.9,55610,67900
"10442",42097080900,"42","097","080900",3750,40.79486,-76.441227,"Census Tract 809, Northumberland County, Pennsylvania",57500,1941,390,6.2,2.48,1.71,1,2.2,7.8,11.5,3.2,3.5,4.9,7.6,58.3,0.9,5.6,30.2,46,13.1,4.3,79.5,20.5,38039,47986
"10443",42097081000,"42","097","081000",3198,40.796746,-76.408339,"Census Tract 810, Northumberland County, Pennsylvania",43600,1866,218,6.2,2.38,1.49,0,0.9,2.7,2.7,12.8,2.5,3.7,3.9,70.9,2.4,12,21.3,42.6,11,10.8,67.2,32.8,30421,40199
"10444",42097081100,"42","097","081100",2695,40.795587,-76.41668,"Census Tract 811, Northumberland County, Pennsylvania",43600,1569,388,6.3,2,2.33,0,0,2.8,2.9,3.6,1,4,17.2,68.5,1.5,9.1,33.7,37.4,12.4,6,69.8,30.2,33219,42074
"10445",42097081200,"42","097","081200",5885,40.795775,-76.552272,"Census Tract 812, Northumberland County, Pennsylvania",66200,1845,375,6.2,2.36,2,2.6,2.3,2.3,5.7,6.8,2.3,7.2,8.7,62.1,1.5,7.5,28.3,43.7,15.4,3.5,84.8,15.2,38269,46077
"10446",42097081300,"42","097","081300",2384,40.78818,-76.574527,"Census Tract 813, Northumberland County, Pennsylvania",43900,1228,105,6.2,2.13,1.58,0,0,1.9,1.9,8.8,3.9,9,14.9,59.6,0,13.7,17.1,52.4,11.8,5,72,28,33271,42567
"10447",42097081400,"42","097","081400",2114,40.783911,-76.570899,"Census Tract 814, Northumberland County, Pennsylvania",54300,1062,248,6.3,2.21,2.66,0,0,2.7,2.4,7.6,6,4.9,10.9,65.3,0,7.9,27.1,46.6,15.8,2.5,79.2,20.8,36563,42492
"10448",42097081500,"42","097","081500",2271,40.79264,-76.554526,"Census Tract 815, Northumberland County, Pennsylvania",43900,1470,277,6,2.08,1.95,0,0.8,1.2,0.9,4.3,11.1,5.6,8.6,67.5,2.3,17.5,18.8,39.6,12,9.7,55.6,44.4,32865,39197
"10449",42097081600,"42","097","081600",2820,40.78563,-76.558741,"Census Tract 816, Northumberland County, Pennsylvania",35400,1689,354,6.6,2.23,1.96,0,0,0,2.4,6,2.4,5.6,9.5,74.1,0.5,12.4,19.9,34.8,22.4,10.1,64.4,35.6,30298,38488
"10450",42097081700,"42","097","081700",2283,40.787704,-76.550511,"Census Tract 817, Northumberland County, Pennsylvania",35700,1422,525,6,2.64,2.06,0,0,0.5,2.7,3.9,1.3,5.7,8.2,77.6,0,10.3,36.7,38.4,9.2,5.4,53.1,46.9,23042,30913
"10451",42097081800,"42","097","081800",3640,40.767591,-76.648736,"Census Tract 818, Northumberland County, Pennsylvania",86200,1739,176,6.4,2.38,2.09,2.9,2.4,8.2,7.8,12.8,4.7,7.3,9,45,0,4.8,28.1,45.2,14.7,7.2,85.5,14.5,39273,50780
"10452",42097081900,"42","097","081900",5923,40.839147,-76.754182,"Census Tract 819, Northumberland County, Pennsylvania",134700,2620,151,6.1,2.32,2.4,1.2,3.5,14.6,10.3,21.5,7.6,12.8,5.8,22.7,1.1,4.7,20.4,57.9,13.6,2.3,88.1,11.9,49037,59366
"10453",42097082000,"42","097","082000",3753,40.86861,-76.786195,"Census Tract 820, Northumberland County, Pennsylvania",77500,1900,106,6,2.31,2.08,0,0,2.6,1.1,11.5,7.4,8.8,17.2,51.4,0.6,10.9,23.1,51,10.1,4.3,58.6,41.4,31224,39573
"10454",42097082100,"42","097","082100",2557,40.861084,-76.794325,"Census Tract 821, Northumberland County, Pennsylvania",65400,1441,273,5.4,2.4,1.91,0,0.7,0,0.9,9.9,5.1,10.8,8,64.6,4.9,26.6,20.3,36.3,3.9,8,32.2,67.8,21891,31999
"10455",42097082200,"42","097","082200",3595,40.85845,-76.786797,"Census Tract 822, Northumberland County, Pennsylvania",65800,1688,300,5.6,2.43,2.16,0,0,4,4.9,15.2,2.7,11.2,7.7,54.3,6.6,14.8,19,51.2,7.9,0.6,46.1,53.9,29235,46394
"10456",42097082300,"42","097","082300",5244,40.683324,-76.791426,"Census Tract 823, Northumberland County, Pennsylvania",127100,2283,303,6.2,2.39,2.48,2.8,2.6,7.9,9.4,16,6.7,7.7,3.4,43.5,0.7,3.1,20.5,55,16.6,4.1,81.2,18.8,46250,57401
"10457",42097082400,"42","097","082400",2924,40.793501,-76.473768,"Census Tract 824, Northumberland County, Pennsylvania",75300,1446,173,5.9,2.21,2.5,0,0,2.4,7.2,8.6,8.3,4.6,12,56.9,2.2,9.3,15.1,51,21.2,1.1,75.1,24.9,42150,52381
"10458",42099030100,"42","099","030100",4872,40.550813,-77.106039,"Census Tract 301, Perry County, Pennsylvania",144600,2193,264,6.1,2.57,1.98,1.3,3.2,13.5,12.8,15.5,9.7,7.3,3.7,33,0.5,6.2,27.8,41.8,17.5,6.2,79.9,20.1,53627,62232
"10459",42099030201,"42","099","030201",2710,40.485528,-77.056957,"Census Tract 302.01, Perry County, Pennsylvania",148600,1214,174,5.7,2.4,2.26,4.1,6.4,16.2,15.2,18.5,6.3,11.6,4.8,16.8,0.4,6.2,29.9,49.5,12.4,1.6,84.1,15.9,49894,63047
"10460",42099030202,"42","099","030202",4917,40.477436,-77.15774,"Census Tract 302.02, Perry County, Pennsylvania",126200,2333,175,5.7,2.59,2.17,2.4,3.2,11.6,14.6,13.5,4.6,7.5,6.4,36.2,0.7,7.3,30.9,45,13.6,2.4,70.4,29.6,43938,54059
"10461",42099030301,"42","099","030301",4747,40.386673,-77.032645,"Census Tract 303.01, Perry County, Pennsylvania",131100,2100,127,5.6,2.47,1.97,2.1,5.4,6.3,11.5,14.2,10.7,13.3,4.3,32.2,0,8.1,36,44.6,9.3,2.1,70.9,29.1,50115,60088
"10462",42099030302,"42","099","030302",4728,40.424725,-77.057696,"Census Tract 303.02, Perry County, Pennsylvania",156900,2084,122,5.9,2.51,2.56,2.5,5.6,13.3,24.8,21.2,4.9,9.5,2.6,15.6,0,4.9,21.1,52.3,19,2.7,92,8,63554,69057
"10463",42099030400,"42","099","030400",4898,40.334392,-76.972107,"Census Tract 304, Perry County, Pennsylvania",155300,2288,113,6,2.37,2.02,5.9,7.2,10.8,13.6,15.1,6.3,10.3,7.3,23.5,0,8.3,21.2,56.4,11.9,2.2,84.7,15.3,63140,68670
"10464",42099030501,"42","099","030501",5269,40.334707,-77.170694,"Census Tract 305.01, Perry County, Pennsylvania",153600,2087,59,5.9,2.59,2.58,4.3,8.9,33.7,21.6,12.2,3.8,5.8,0.9,8.8,0,3.4,23.8,60.6,11,1.3,83.2,16.8,58160,65463
"10465",42099030502,"42","099","030502",5946,40.390241,-77.218877,"Census Tract 305.02, Perry County, Pennsylvania",160600,2359,199,5.9,2.56,2.79,1.8,6.1,15.9,16.1,17.2,4.3,4.5,4.2,30.1,0.6,3.8,22.9,55.7,13.3,3.6,82.9,17.1,58723,65234
"10466",42099030601,"42","099","030601",4844,40.389882,-77.338485,"Census Tract 306.01, Perry County, Pennsylvania",157700,1935,332,5.6,2.72,2.76,4.2,2.5,17.9,9.5,17.7,8.9,4.3,2.8,32.1,0.9,8.4,25.4,49.2,11.4,4.7,76.2,23.8,49792,56367
"10467",42099030602,"42","099","030602",3038,40.346874,-77.476206,"Census Tract 306.02, Perry County, Pennsylvania",158800,1761,691,5.4,2.71,2.87,3.7,2.3,12.4,8.6,19.1,12.5,4.4,2.3,34.6,2.2,16.1,25.6,34.8,13.7,7.7,85.3,14.7,46818,55975
"10468",42101000100,"42","101","000100",3478,39.952254,-75.144239,"Census Tract 1, Philadelphia County, Pennsylvania",331000,2581,522,3.2,1.45,1.39,6,9.1,6.2,3.5,2.8,4.4,3.1,4.4,60.4,10,54,30.6,3.8,0.4,1.1,36.3,63.7,80813,102285
"10469",42101000200,"42","101","000200",2937,39.955497,-75.156331,"Census Tract 2, Philadelphia County, Pennsylvania",288700,1059,158,3,1.88,1.97,8.2,16,3.4,16.7,1.5,9.3,3.6,4.3,36.9,10.1,54.7,25.8,6.4,1.8,1.2,46.4,53.6,37483,60944
"10470",42101000300,"42","101","000300",3169,39.957194,-75.174162,"Census Tract 3, Philadelphia County, Pennsylvania",476900,2066,262,3.5,1.81,1.59,15.2,0.7,6.7,22.7,8.4,3.2,5.7,3.9,33.4,14.5,34.6,32.5,13.2,4.4,0.8,26.7,73.3,73556,113816
"10471",42101000401,"42","101","000401",2125,39.953664,-75.176056,"Census Tract 4.01, Philadelphia County, Pennsylvania",450000,1778,287,2.7,1.34,1.35,13.9,8.8,0,4.3,8.1,16,18.9,1.7,28.3,32.5,40.4,21.5,2.7,0,2.9,24.9,75.1,26547,59199
"10472",42101000402,"42","101","000402",3142,39.95383,-75.171069,"Census Tract 4.02, Philadelphia County, Pennsylvania",213100,2650,229,3.3,1.25,1.42,0,2,1.8,4.2,7.7,53.4,15.3,3,12.5,19.2,39.2,34.4,5.2,2,0,58.4,41.6,43838,59259
"10473",42101000500,"42","101","000500",2329,39.952342,-75.155759,"Census Tract 5, Philadelphia County, Pennsylvania",137500,786,126,2.4,NA,1.51,13,12.1,2.7,1.3,0,4.7,0.4,3.4,62.5,27.6,55.2,14.1,1.7,1.4,0,0.3,99.7,47039,48593
"10474",42101000600,"42","101","000600",1781,39.949785,-75.159432,"Census Tract 6, Philadelphia County, Pennsylvania",NA,735,122,2.7,NA,1.36,0,0,1.6,1,1.1,9.7,6.4,1,79.3,15.8,71.2,10.7,2.3,0,0,1.6,98.4,56250,77027
"10475",42101000700,"42","101","000700",3082,39.951198,-75.173389,"Census Tract 7, Philadelphia County, Pennsylvania",365300,2404,432,2.9,1.33,1.31,3,7.7,1.6,5.7,5.3,6.9,17.9,7.7,44.1,25.7,45.8,24.6,2.1,1.7,0,23.4,76.6,36614,55850
"10476",42101000801,"42","101","000801",1562,39.949988,-75.179336,"Census Tract 8.01, Philadelphia County, Pennsylvania",483000,1057,75,3.3,1.58,1.52,1.6,13.6,7.6,2.3,4.2,1.4,5.7,3,60.6,17,40.4,20.9,21.7,0,0,31.3,68.7,64286,106223
"10477",42101000803,"42","101","000803",3601,39.949366,-75.174459,"Census Tract 8.03, Philadelphia County, Pennsylvania",463300,2962,325,3.3,1.55,1.32,0,0,0,11.9,4.3,21.4,20.1,2,40.4,14.3,44.4,27.2,11.5,2,0.5,44.4,55.6,76641,130487
"10478",42101000804,"42","101","000804",3609,39.948465,-75.16762,"Census Tract 8.04, Philadelphia County, Pennsylvania",300000,2796,639,3.1,1.4,1.42,3.5,2.4,0.4,6.7,30.6,4,8.2,3,41.2,13.6,57.8,26.2,2.4,0,0,20.4,79.6,70762,108269
"10479",42101000901,"42","101","000901",2276,39.947856,-75.16222,"Census Tract 9.01, Philadelphia County, Pennsylvania",293700,1651,367,2.5,1.86,1.36,2.1,0.8,5.1,12.9,4.6,4.9,7,8.7,53.8,35.7,43.5,15.6,4.4,0,0.7,16.4,83.6,36181,47391
"10480",42101000902,"42","101","000902",2773,39.947286,-75.1566,"Census Tract 9.02, Philadelphia County, Pennsylvania",421900,1654,358,3.1,2.09,1.29,4.5,17.9,2.1,8.2,21.2,14.4,6.5,1.3,23.9,20.3,46.6,25.7,5.3,0,2.2,10.8,89.2,21250,64045
"10481",42101001001,"42","101","001001",2603,39.945137,-75.151562,"Census Tract 10.01, Philadelphia County, Pennsylvania",560100,1707,307,4,1.84,1.11,0,0,0.8,36.1,16.9,27.2,0.8,0.8,17.5,4.6,43.9,31,9.7,6.4,4.3,72.1,27.9,112679,164197
"10482",42101001002,"42","101","001002",3612,39.944216,-75.146493,"Census Tract 10.02, Philadelphia County, Pennsylvania",499500,2103,334,4.4,1.83,1.84,0.4,5.3,0.7,4.9,17.9,21.6,4.8,0,44.3,2.8,38.1,22.8,22.5,9.4,4.4,57.8,42.2,91319,160225
"10483",42101001101,"42","101","001101",3586,39.94515,-75.162472,"Census Tract 11.01, Philadelphia County, Pennsylvania",361700,2189,114,3.3,1.42,1.41,2.4,2,3.2,4.7,8.4,23.6,3,1.4,51.5,14.9,44.6,25.1,10.9,3.3,1.2,32.4,67.6,50199,70281
"10484",42101001102,"42","101","001102",2659,39.944439,-75.157126,"Census Tract 11.02, Philadelphia County, Pennsylvania",427600,1763,282,3.5,1.66,1.6,0,2.2,2,3.5,7.9,7.9,7.9,2.8,65.7,7.2,42.9,33.7,15,1.1,0,38.1,61.9,66226,102462
"10485",42101001201,"42","101","001201",3778,39.947009,-75.178788,"Census Tract 12.01, Philadelphia County, Pennsylvania",490600,2115,183,4.3,2.15,1.7,1.9,1.6,1.3,3.2,1.5,6,8,6,70.6,3.7,31.4,31.4,20.2,7.7,5.5,44.9,55.1,101081,147721
"10486",42101001202,"42","101","001202",5137,39.945991,-75.169824,"Census Tract 12.02, Philadelphia County, Pennsylvania",494500,2991,293,3.2,2.38,1.38,2.7,1.3,0.8,4.3,2.5,3.3,4.7,3.4,76.9,14.5,44.6,20.6,11.5,6.4,2.4,28.1,71.9,60873,97214
"10487",42101001300,"42","101","001300",4942,39.942943,-75.181712,"Census Tract 13, Philadelphia County, Pennsylvania",332700,2725,383,5.2,1.99,2.41,12,2.5,1.1,2,0.5,2.5,6.1,10.7,62.5,1.5,17.7,33.9,30.1,10.3,6.4,63.5,36.5,58341,74737
"10488",42101001400,"42","101","001400",3950,39.94302,-75.17207,"Census Tract 14, Philadelphia County, Pennsylvania",388400,2326,244,4.4,2.26,1.8,9,3.2,5.4,9.3,9.2,5.8,3.7,5,49.3,6.6,30,27.9,26.7,5.2,3.6,40.1,59.9,53894,89770
"10489",42101001500,"42","101","001500",2708,39.941872,-75.158473,"Census Tract 15, Philadelphia County, Pennsylvania",403800,1438,155,4.3,2.43,1.64,6.7,7.6,3.2,10.4,6.8,2.9,2.8,2.2,57.4,6.7,27.1,31.5,28.4,6.2,0,50.1,49.9,75038,96371
"10490",42101001600,"42","101","001600",2192,39.940081,-75.147684,"Census Tract 16, Philadelphia County, Pennsylvania",568500,1244,126,4.5,1.96,1.89,1.8,0,1.8,6.9,6.4,0.6,8.7,1.4,72.4,0,40,22.7,27.1,9,1.2,37.1,62.9,62425,97306
"10491",42101001700,"42","101","001700",2647,39.93788,-75.14885,"Census Tract 17, Philadelphia County, Pennsylvania",391200,1529,161,4.5,2.25,1.65,1.4,1.6,3.8,5.9,9.7,0.5,3,2.2,71.8,2.2,30.2,32.7,25.3,7,2.6,60.2,39.8,76250,111032
"10492",42101001800,"42","101","001800",2873,39.939899,-75.158603,"Census Tract 18, Philadelphia County, Pennsylvania",354300,1459,153,5.3,2.15,2.28,6,10.3,1.3,4.2,3.6,1.6,2.9,3.1,66.9,0.8,15.1,37,27.3,14.3,5.5,56.2,43.8,70167,93001
"10493",42101001900,"42","101","001900",2721,39.940424,-75.172694,"Census Tract 19, Philadelphia County, Pennsylvania",277000,1407,299,5.6,2.26,2.15,9.6,0.1,1.6,6.9,4.1,4.3,7,10,56.5,2,12.7,26.2,43.6,10.9,4.7,52.3,47.7,51232,68594
"10494",42101002000,"42","101","002000",2092,39.937673,-75.183801,"Census Tract 20, Philadelphia County, Pennsylvania",88000,1055,264,5.7,2.06,3.09,0.9,0,0,0.6,0.8,0.7,15.5,11.8,69.7,0,4.5,21.2,57.7,15.9,0.7,61.2,38.8,17792,33975
"10495",42101002100,"42","101","002100",2036,39.936855,-75.176956,"Census Tract 21, Philadelphia County, Pennsylvania",104400,1208,322,5.4,1.86,2.16,3.4,0.3,2.6,7.7,3.4,1.5,12.1,9.5,59.5,7.5,7.5,25.8,44.5,10.9,3.8,50.6,49.4,31559,40117
"10496",42101002200,"42","101","002200",2281,39.936304,-75.17032,"Census Tract 22, Philadelphia County, Pennsylvania",141700,1316,355,4.3,2.08,1.96,13.1,1.1,1.7,2.7,0,4.7,2.7,12.5,61.6,10.9,24.3,30.4,22.8,8.7,3,37.7,62.3,23173,40382
"10497",42101002300,"42","101","002300",2682,39.934849,-75.162578,"Census Tract 23, Philadelphia County, Pennsylvania",242400,1297,107,5,2.56,1.62,0.8,0.8,3.2,1.4,1.7,6.2,2.7,2.9,80.4,2.2,30.2,17.3,29.2,14,7.1,46.9,53.1,28600,48327
"10498",42101002400,"42","101","002400",5129,39.936424,-75.158218,"Census Tract 24, Philadelphia County, Pennsylvania",246200,2424,514,5,1.93,2.23,1.2,1.7,1.8,2,1.1,0.9,6.6,2.9,81.6,3.8,24.9,26.4,23.8,17,4.2,48,52,39216,57758
"10499",42101002500,"42","101","002500",3769,39.934394,-75.15,"Census Tract 25, Philadelphia County, Pennsylvania",268000,1774,171,5.1,2.47,2.1,0.7,8.6,16.8,4.2,2.8,5.5,0,2.9,58.5,5,17.6,30.9,29.1,13.4,3.9,39.5,60.5,30257,59622
"10500",42101002701,"42","101","002701",3874,39.928416,-75.153958,"Census Tract 27.01, Philadelphia County, Pennsylvania",216700,1693,95,4.6,2.81,2.14,7,0,1.4,1.3,1.7,0.6,1.7,5.3,81.1,14.1,18.3,24.5,32.3,7.5,3.2,35.2,64.8,28435,39406
"10501",42101002702,"42","101","002702",3566,39.927656,-75.149694,"Census Tract 27.02, Philadelphia County, Pennsylvania",228200,1726,211,5.1,2.36,2.17,0.9,1.8,2.3,7,5,1.9,3.5,9.3,68.4,0.9,13.7,35.6,40.5,6.7,2.6,65.1,34.9,60779,73784
"10502",42101002801,"42","101","002801",4324,39.929004,-75.156823,"Census Tract 28.01, Philadelphia County, Pennsylvania",149100,1782,268,4.8,2.84,2.71,0,0.4,0,0.6,3.1,0.5,5.1,10.4,79.9,4.8,18,25.1,41,7.4,3.7,48.2,51.8,30699,44929
"10503",42101002802,"42","101","002802",5539,39.928915,-75.161189,"Census Tract 28.02, Philadelphia County, Pennsylvania",211400,2385,378,5.5,2.27,2.53,0.6,0,0.9,2,1.8,3,3.4,4.8,83.4,0,15.6,22,48.7,10.6,3.1,63.9,36.1,42037,56344
"10504",42101002900,"42","101","002900",4141,39.930296,-75.165883,"Census Tract 29, Philadelphia County, Pennsylvania",237400,2133,160,5,2.22,1.49,0.6,0,0,1.1,0,3.5,2.8,6,86,2.6,25.8,29.8,28.6,5.1,8.2,63,37,43418,53817
"10505",42101003001,"42","101","003001",4664,39.929034,-75.172086,"Census Tract 30.01, Philadelphia County, Pennsylvania",108300,1746,239,5.1,2.81,2.47,1.9,0,0.7,0,0,5.7,2.2,14.5,74.9,3.5,18.8,21.5,46.6,6.2,3.5,56.3,43.7,35461,40356
"10506",42101003002,"42","101","003002",3200,39.932687,-75.171006,"Census Tract 30.02, Philadelphia County, Pennsylvania",118100,1614,377,5.5,2.35,2.45,0,1.6,5.2,0,1.1,6.2,11.8,9.7,64.4,2.1,18.9,20.5,41.3,4.5,12.6,50.8,49.2,22014,35028
"10507",42101003100,"42","101","003100",4437,39.931756,-75.177854,"Census Tract 31, Philadelphia County, Pennsylvania",73900,2437,632,5.3,2.39,2.06,0,2.1,0,0.4,1.6,9.4,15.5,15.5,55.5,2.9,10.4,29.8,51.7,3.9,1.2,49.7,50.3,21473,29340
"10508",42101003200,"42","101","003200",4875,39.933049,-75.185045,"Census Tract 32, Philadelphia County, Pennsylvania",64900,2446,597,5.9,2.39,3.12,2.4,0,0,2.2,5.7,3.3,13,17.4,56,3,3.9,16.8,59,14.7,2.7,59.1,40.9,23159,30175
"10509",42101003300,"42","101","003300",6162,39.935337,-75.193118,"Census Tract 33, Philadelphia County, Pennsylvania",67700,2849,727,5.6,2.15,3.51,0.6,0,3.3,3.1,2.8,2.4,10.4,24.3,53.1,1,4.8,28.1,60.9,4.6,0.6,47.5,52.5,25262,31957
"10510",42101003600,"42","101","003600",6723,39.928216,-75.19238,"Census Tract 36, Philadelphia County, Pennsylvania",124600,2797,129,5.5,2.42,2.73,4.7,15.7,2.5,2.3,2.8,8.4,33.9,14.6,15.1,2.6,14.7,21,55.4,4.6,1.7,43.9,56.1,18576,29172
"10511",42101003701,"42","101","003701",6609,39.927524,-75.180484,"Census Tract 37.01, Philadelphia County, Pennsylvania",71100,2766,453,5.5,2.48,3.31,0.6,0,3.8,0,0,0.5,18.7,18.5,57.8,0,10,21.4,53.4,15.3,0,45.9,54.1,33036,43231
"10512",42101003702,"42","101","003702",3707,39.924523,-75.182273,"Census Tract 37.02, Philadelphia County, Pennsylvania",112000,1524,149,5.6,2.44,2.4,0,0,2.1,4.3,3.8,6,11.2,11.6,61,0,1.7,29.9,59.2,9.3,0,67.1,32.9,35236,42722
"10513",42101003800,"42","101","003800",3898,39.920811,-75.179551,"Census Tract 38, Philadelphia County, Pennsylvania",199800,1622,24,5.9,2.57,1.7,0,0,0,0.6,4.3,1.8,22.1,7.8,63.6,3.3,8.5,9.4,59.5,16,3.2,81.7,18.3,52258,80447
"10514",42101003901,"42","101","003901",6062,39.923669,-75.173467,"Census Tract 39.01, Philadelphia County, Pennsylvania",158200,2818,280,5.5,2.76,2.36,0.5,1.7,0,0.6,1.5,2.3,4.7,15.2,73.5,1.2,18.3,17.1,51,9.5,2.9,61.2,38.8,40326,54395
"10515",42101003902,"42","101","003902",5507,39.917189,-75.174516,"Census Tract 39.02, Philadelphia County, Pennsylvania",210400,2542,157,5.8,2.41,1.65,0,0.8,0.6,0,3,0.5,6.7,12.7,75.7,2.9,8.3,6.8,77.5,4.6,0,89.6,10.4,55078,62302
"10516",42101004001,"42","101","004001",4259,39.923816,-75.165524,"Census Tract 40.01, Philadelphia County, Pennsylvania",173700,2014,67,5.1,2.31,1.54,0,1.7,0.7,1.3,2.9,3.1,2.4,4.7,83.1,0.4,19.1,22.8,47.8,6.9,3,69.9,30.1,34986,45525
"10517",42101004002,"42","101","004002",4998,39.918746,-75.166916,"Census Tract 40.02, Philadelphia County, Pennsylvania",180800,2267,214,5.3,2.49,1.63,0,1.5,0.8,0,0,4.1,5.9,23.4,64.3,0,15,13.5,63.7,7.3,0.4,73.2,26.8,42520,52376
"10518",42101004101,"42","101","004101",6243,39.922821,-75.159196,"Census Tract 41.01, Philadelphia County, Pennsylvania",89300,2398,413,5.2,2.51,2.84,0.9,2.9,0,1.3,0.2,4.7,2.4,9.5,78.1,2.3,11.8,34.1,43.8,5.5,2.5,47.8,52.2,22330,33115
"10519",42101004102,"42","101","004102",7848,39.917898,-75.160171,"Census Tract 41.02, Philadelphia County, Pennsylvania",129000,2943,365,5.3,2.89,3.28,0,0,1.3,0.7,4.8,1.9,0.7,25.4,65.1,1.6,11.7,25,59.4,2.3,0,48.4,51.6,35178,42184
"10520",42101004201,"42","101","004201",5105,39.921867,-75.151657,"Census Tract 42.01, Philadelphia County, Pennsylvania",164200,2283,258,5,2.97,2.67,0,0,1,0,0.7,7.8,5.7,3.4,81.3,4.1,8.2,42.9,41.8,2.9,0,72.2,27.8,43477,57956
"10521",42101004202,"42","101","004202",4925,39.917431,-75.152259,"Census Tract 42.02, Philadelphia County, Pennsylvania",136600,1856,164,5.6,2.76,2.49,0,0,0,11.3,3.6,1,4.7,11.7,67.8,0.3,4.6,15.6,75.3,3.7,0.5,79.8,20.2,37476,46717
"10522",42101005000,"42","101","005000",13,39.889724,-75.174084,"Census Tract 50, Philadelphia County, Pennsylvania",NA,18,18,NA,NA,NA,0,0,0,0,0,0,100,0,0,0,0,100,0,0,0,NA,NA,NA,NA
"10523",42101005400,"42","101","005400",1314,39.893636,-75.251857,"Census Tract 54, Philadelphia County, Pennsylvania",148600,712,54,4.9,2.26,1.78,0,3.7,1,12.9,60.1,10.4,1.7,3.8,6.5,7.3,24.4,20.2,45.6,2.4,0,44.5,55.5,52016,59776
"10524",42101005500,"42","101","005500",5635,39.906756,-75.246693,"Census Tract 55, Philadelphia County, Pennsylvania",134700,2603,142,6,2.75,2.57,0,1.2,2.5,3,37.8,13.4,16.1,18.3,7.8,0,10.6,15.8,69,4.6,0,72.5,27.5,53917,61595
"10525",42101005600,"42","101","005600",1111,39.899503,-75.245475,"Census Tract 56, Philadelphia County, Pennsylvania",170300,544,97,4.3,2.61,2.52,0,4.2,10.5,4,23.2,43,4.8,8.1,2.2,0,15.1,63.1,21.9,0,0,9.8,90.2,34879,46082
"10526",42101006000,"42","101","006000",6450,39.912566,-75.238061,"Census Tract 60, Philadelphia County, Pennsylvania",113000,2693,253,5.6,2.5,3.1,0.6,0,1.6,0,27.9,22.1,18.3,15,14.4,2.5,6.4,32.7,53.6,4.2,0.6,70.1,29.9,42736,49367
"10527",42101006100,"42","101","006100",3123,39.916355,-75.229043,"Census Tract 61, Philadelphia County, Pennsylvania",102900,1260,79,6,2.99,2.94,0,0,1,4,1.4,36.2,11.3,34.7,11.3,0,5,0.6,88.3,6,0,77.4,22.6,42039,45426
"10528",42101006200,"42","101","006200",4524,39.919014,-75.232284,"Census Tract 62, Philadelphia County, Pennsylvania",89100,1648,259,5.9,3.16,3.33,0,0,0,0.9,7.2,4.5,12.7,40.7,34,0,3.5,10.6,85,0.4,0.6,65.3,34.7,32422,36728
"10529",42101006300,"42","101","006300",4236,39.922441,-75.238099,"Census Tract 63, Philadelphia County, Pennsylvania",85700,1690,447,5.4,3.25,2.93,1.8,0,0,0.4,6.7,8.2,22.1,27.1,33.6,4.7,17.6,20.2,45.9,11.1,0.6,38.9,61.1,20788,34751
"10530",42101006400,"42","101","006400",4472,39.926799,-75.240748,"Census Tract 64, Philadelphia County, Pennsylvania",89400,1688,348,5.9,3.13,3.92,0,0,0,0.8,7,10.8,16.6,28.7,36.1,0,11,9.8,70.3,7.8,1.2,55.9,44.1,30985,37058
"10531",42101006500,"42","101","006500",4486,39.937635,-75.234515,"Census Tract 65, Philadelphia County, Pennsylvania",79500,2236,467,6,2.95,2.46,1.8,0,1.3,0,4.4,5,14.1,45.2,28.1,1.7,10.4,10.6,64.3,11.7,1.3,54.9,45.1,25659,41625
"10532",42101006600,"42","101","006600",3750,39.929186,-75.231254,"Census Tract 66, Philadelphia County, Pennsylvania",80200,1674,205,5.7,3.06,2.77,3.2,0.6,10.9,3.5,1.6,9.2,9.6,28.2,33.2,2.7,23.1,7,56.3,9.7,1.2,31.7,68.3,26067,33532
"10533",42101006700,"42","101","006700",7472,39.923809,-75.225476,"Census Tract 67, Philadelphia County, Pennsylvania",79100,2848,485,5.8,2.89,2.86,1.4,0,2.7,0,2.4,7.1,21.1,31.5,33.8,0,10.1,14.5,72.5,2.5,0.5,45.3,54.7,24519,33508
"10534",42101006900,"42","101","006900",2539,39.931388,-75.216939,"Census Tract 69, Philadelphia County, Pennsylvania",60300,1167,160,4.6,3.17,2.48,0,0,2.7,0,5.2,11.6,31.5,40.1,8.8,0,10.7,56,29.6,3.8,0,25.6,74.4,16719,25262
"10535",42101007000,"42","101","007000",3990,39.935894,-75.221852,"Census Tract 70, Philadelphia County, Pennsylvania",54800,1834,272,5.9,2.86,3.41,2.1,0,0.6,1.6,2.1,5.2,12.8,46.7,28.9,0,1,20.8,60.3,15.7,2.2,51.8,48.2,30721,46219
"10536",42101007101,"42","101","007101",2557,39.938019,-75.22537,"Census Tract 71.01, Philadelphia County, Pennsylvania",63700,1122,243,5.7,2.79,2.78,0,0,3.3,0,3.9,0,16,57,19.7,1.2,11.9,23,52.6,7,4.3,54.6,45.4,33438,34014
"10537",42101007102,"42","101","007102",4924,39.940885,-75.22803,"Census Tract 71.02, Philadelphia County, Pennsylvania",67400,2172,470,6,2.51,3.06,0.6,0,0.6,0,0.6,4.9,12.1,47.3,33.9,0,2,8.5,82.4,5.6,1.6,62.6,37.4,25320,32117
"10538",42101007200,"42","101","007200",4773,39.944225,-75.232636,"Census Tract 72, Philadelphia County, Pennsylvania",61200,2144,541,5.9,2.77,2.93,0,0,0.7,1.2,2.5,4.4,9.2,48.8,33.1,0,5.3,13.9,71,7.9,2,61.8,38.2,29288,35308
"10539",42101007300,"42","101","007300",3088,39.944244,-75.2225,"Census Tract 73, Philadelphia County, Pennsylvania",79300,1426,309,5.9,3.35,2.57,0,0,4.6,0,1.8,3.9,3.2,53.2,33.2,0.6,10.7,15.2,55.8,12.3,5.5,51.3,48.7,30558,34410
"10540",42101007400,"42","101","007400",4338,39.940874,-75.21537,"Census Tract 74, Philadelphia County, Pennsylvania",63500,2151,419,6,2.53,2.58,3.8,1.7,1.4,1.6,1.1,4.1,9.1,46.5,30.7,0.8,11.2,7.9,66.9,9.8,3.4,57.4,42.6,25433,39045
"10541",42101007700,"42","101","007700",2380,39.946981,-75.207602,"Census Tract 77, Philadelphia County, Pennsylvania",77400,858,144,3.9,2.83,2.06,0,0,0.9,5.2,0.2,14.3,12.2,29.7,37.3,12.8,37.9,16.3,11.1,12.9,9,22.3,77.7,24357,38862
"10542",42101007800,"42","101","007800",4177,39.946474,-75.216037,"Census Tract 78, Philadelphia County, Pennsylvania",332800,2328,337,3.9,2.53,1.68,0,0,0.7,2.3,2.7,0.7,11,29.1,53.6,6.8,44.3,15.9,14.8,8.5,9.8,28.8,71.2,38038,54632
"10543",42101007900,"42","101","007900",4553,39.950497,-75.218295,"Census Tract 79, Philadelphia County, Pennsylvania",335700,2321,224,4.5,2.9,1.91,1.4,1.7,1.4,0.6,0.6,4.2,7.3,32.3,50.6,6.6,28.5,23.2,18.6,12.8,10.2,35.9,64.1,41742,61261
"10544",42101008000,"42","101","008000",3951,39.950498,-75.226745,"Census Tract 80, Philadelphia County, Pennsylvania",117900,1998,486,6.2,2.38,2.08,0,0,0,2.5,0.7,2,17.5,33.8,43.5,4,21.9,9.4,29.9,27,7.8,49.2,50.8,32830,41950
"10545",42101008101,"42","101","008101",2758,39.948376,-75.236064,"Census Tract 81.01, Philadelphia County, Pennsylvania",81900,1278,269,6.1,2.62,2.3,0,0,0,0,1.3,0,17.6,47.6,33.5,0,10.6,12.1,57.7,19,0.6,59.6,40.4,29972,55624
"10546",42101008102,"42","101","008102",5028,39.952232,-75.23465,"Census Tract 81.02, Philadelphia County, Pennsylvania",80700,2153,290,6.1,2.67,3.4,1.2,0,0,0,3.3,5.8,6.5,32.9,50.2,0,3.1,10.9,60.7,24.6,0.7,64.4,35.6,31266,38626
"10547",42101008200,"42","101","008200",6797,39.949012,-75.243785,"Census Tract 82, Philadelphia County, Pennsylvania",92400,3087,475,6.5,2.73,4.54,0,0,0.6,0,4.9,6.4,5.5,37.5,45.1,0,3.7,10.4,45.4,34.6,5.9,76.3,23.7,40127,43960
"10548",42101008301,"42","101","008301",4081,39.957941,-75.24578,"Census Tract 83.01, Philadelphia County, Pennsylvania",80500,2054,390,5.8,2.24,2.26,0,0,0,1,4.2,2.1,10.9,17.5,64.3,0,20.6,16.5,50.5,11.1,1.2,50.1,49.9,25867,37310
"10549",42101008302,"42","101","008302",4307,39.956507,-75.241262,"Census Tract 83.02, Philadelphia County, Pennsylvania",80100,2177,547,6,2.4,2.45,0,0,0.9,0.4,0,3,10.7,35,50.1,2.4,2.8,19.1,57.2,16.2,2.3,51.8,48.2,24583,31485
"10550",42101008400,"42","101","008400",4488,39.957532,-75.235385,"Census Tract 84, Philadelphia County, Pennsylvania",72100,2075,291,5.9,2.67,2.87,0,0,0,2.8,0.5,6.1,13.4,23.4,53.7,3.3,10.7,19,45.7,20.2,1.2,59.1,40.9,26399,39279
"10551",42101008500,"42","101","008500",6313,39.956714,-75.226786,"Census Tract 85, Philadelphia County, Pennsylvania",75000,3367,810,5.6,2.48,2.64,0.3,1.5,1.7,0,4.3,3.4,13.2,21,54.4,1.4,15.2,28.6,36,17.1,1.7,44.7,55.3,29839,37443
"10552",42101008601,"42","101","008601",2947,39.953736,-75.215757,"Census Tract 86.01, Philadelphia County, Pennsylvania",303600,1569,206,3.8,2.52,1.97,0,0,0,0,6.6,5.2,8.2,20.3,59.7,10.6,37.2,23.5,15.9,6.9,5.9,28.3,71.7,45910,57634
"10553",42101008602,"42","101","008602",3010,39.9564,-75.217286,"Census Tract 86.02, Philadelphia County, Pennsylvania",203300,1529,252,4.2,3.02,2.45,0,0,0,5.2,5.6,3.2,7.6,27.6,50.8,10.5,28.8,23.5,19,6.7,11.6,31.7,68.3,29766,37920
"10554",42101008701,"42","101","008701",4147,39.953422,-75.210619,"Census Tract 87.01, Philadelphia County, Pennsylvania",353400,2167,330,4,3.3,2.57,0,0,0,1.7,12.6,2.1,6.8,12.2,64.6,13.3,24,34.1,11.2,7.6,9.8,21,79,38444,54327
"10555",42101008702,"42","101","008702",3036,39.95308,-75.207187,"Census Tract 87.02, Philadelphia County, Pennsylvania",546700,1653,297,3.3,4.85,2.56,0,0,2.9,4,3.3,6.2,14.7,5.3,63.6,19.8,46.1,9.3,4.4,2.6,17.8,13.8,86.2,30493,51046
"10556",42101008801,"42","101","008801",988,39.953628,-75.199166,"Census Tract 88.01, Philadelphia County, Pennsylvania",NA,321,54,3.4,NA,2.37,5,0,0,4.7,10.3,23.4,12.8,6.2,37.7,12.8,25.5,32.7,16.8,6.5,5.6,0,100,15518,26289
"10557",42101008802,"42","101","008802",6983,39.952874,-75.202436,"Census Tract 88.02, Philadelphia County, Pennsylvania",27800,1579,272,3.5,2.13,2.73,6.8,0,0.6,5.8,11.1,1.3,10.9,13,50.4,21,27.7,30.8,2.2,8.5,9.8,7.2,92.8,12892,22288
"10558",42101009000,"42","101","009000",5576,39.959803,-75.190453,"Census Tract 90, Philadelphia County, Pennsylvania",455000,1314,256,3.4,1.93,2.56,0,0,1.1,1.8,5.6,6.9,7.5,17.3,59.8,12.6,41.6,17.7,7.6,6.9,13.5,11.4,88.6,21912,37098
"10559",42101009100,"42","101","009100",2803,39.959972,-75.198193,"Census Tract 91, Philadelphia County, Pennsylvania",235400,1588,211,3.4,2.32,1.51,0,2.4,4.2,3.2,18.1,9.4,7.6,4.2,50.9,17.8,45.3,16.1,10.4,5,5.4,19.5,80.5,14693,35554
"10560",42101009200,"42","101","009200",2884,39.960275,-75.207144,"Census Tract 92, Philadelphia County, Pennsylvania",116700,1443,218,4.5,2.17,2.62,0,0.9,11.6,1.5,6.2,15.7,6.4,16.4,41.3,6.9,14.9,28.1,45.5,1.2,3.4,30.2,69.8,23365,31914
"10561",42101009300,"42","101","009300",4221,39.962411,-75.22419,"Census Tract 93, Philadelphia County, Pennsylvania",61200,2296,654,5.8,2.27,2.43,0,0,11.8,0.5,1.4,8.2,14.7,10.6,52.7,5.6,15.6,14.5,41.3,21.9,1,50.3,49.7,22326,34154
"10562",42101009400,"42","101","009400",3827,39.963221,-75.232305,"Census Tract 94, Philadelphia County, Pennsylvania",53500,1984,399,5.1,2.82,2.27,1.3,0,7.4,5.9,6,8.3,11.8,12.5,46.8,2.2,25.5,19.4,46.4,4.5,2,29.1,70.9,19801,26563
"10563",42101009500,"42","101","009500",3313,39.965929,-75.237911,"Census Tract 95, Philadelphia County, Pennsylvania",64100,1648,312,5.7,2.95,2.18,0,0,1.3,2.1,12.4,9,18.8,17.2,39.1,3.9,16.1,15.1,56.3,8,0.5,41.4,58.6,16786,26232
"10564",42101009600,"42","101","009600",4238,39.96526,-75.243309,"Census Tract 96, Philadelphia County, Pennsylvania",82600,2208,455,5.7,2.99,2.53,0,0,4.7,0,2.8,13.5,8.5,26.5,44,0.8,9.5,24.4,57.6,6.7,1,43.5,56.5,26940,35227
"10565",42101009801,"42","101","009801",2184,39.977288,-75.265903,"Census Tract 98.01, Philadelphia County, Pennsylvania",134400,1004,44,5.8,2.01,2.36,0,0,0,0,2,13.6,60.2,12.1,12.2,1.6,1.6,31.2,65.6,0,0,42.4,57.6,37667,44027
"10566",42101009802,"42","101","009802",5475,39.974346,-75.26687,"Census Tract 98.02, Philadelphia County, Pennsylvania",139500,2343,270,6,2.82,2.6,0,0,0,0,16.7,12.6,37.3,26.9,6.4,0,3.6,18.1,74.7,3.6,0,79.2,20.8,48404,57959
"10567",42101010000,"42","101","010000",4366,39.971012,-75.249732,"Census Tract 100, Philadelphia County, Pennsylvania",124500,1892,138,5.8,2.98,2.66,0,0.4,0,2,4.2,6.7,19.3,28.2,39.2,3.5,10.3,18.2,62.9,5,0,60.6,39.4,40536,42947
"10568",42101010100,"42","101","010100",5459,39.972419,-75.242426,"Census Tract 101, Philadelphia County, Pennsylvania",90100,2608,592,6,2.76,2.12,0.4,0,0,3.8,2.8,0,27.6,18.7,46.7,3,10.8,11.8,59.3,13.8,1.2,55.4,44.6,22813,33283
"10569",42101010200,"42","101","010200",3187,39.968527,-75.231326,"Census Tract 102, Philadelphia County, Pennsylvania",81000,1498,398,5.9,2.5,2.47,0.8,0,2.3,5.4,0.5,6,2.5,19,63.4,8.3,6.9,22.8,29.9,25.9,6.2,49,51,18669,24653
"10570",42101010300,"42","101","010300",2449,39.967679,-75.225428,"Census Tract 103, Philadelphia County, Pennsylvania",60600,1266,322,5.9,2.56,2.59,0,0,6.6,3.9,2.2,1.9,7.7,29.8,47.8,0,5.1,19.4,60.6,12.4,2.5,53.7,46.3,23659,38346
"10571",42101010400,"42","101","010400",3332,39.966578,-75.219408,"Census Tract 104, Philadelphia County, Pennsylvania",63100,1591,395,5.9,2.46,2.41,0,0,3.8,2.8,2.8,1.9,9.1,15,64.6,1.3,10.7,8.9,77.7,1.3,0,54.9,45.1,33333,38431
"10572",42101010500,"42","101","010500",3746,39.96783,-75.213458,"Census Tract 105, Philadelphia County, Pennsylvania",98000,1550,150,5.2,2.72,2.24,12.8,15.5,10.4,4.1,10.3,5,6.2,17.3,18.3,8.6,23.1,15.2,38.9,8.3,5.9,29.3,70.7,18291,28879
"10573",42101010600,"42","101","010600",1476,39.964489,-75.207997,"Census Tract 106, Philadelphia County, Pennsylvania",91400,747,258,5.8,2.59,2.1,2.9,9.9,1.9,1.2,2.1,15.9,9.1,23.7,33.2,1.9,24,9.5,49.4,11.6,3.6,49.7,50.3,24375,32207
"10574",42101010700,"42","101","010700",3562,39.969084,-75.207381,"Census Tract 107, Philadelphia County, Pennsylvania",68500,1898,608,5.8,3.11,2.66,0.4,4.9,7.4,0.9,0.5,6.9,16.8,18.2,44,0.5,21.1,15.1,38.3,14.6,10.4,41.2,58.8,18727,28435
"10575",42101010800,"42","101","010800",3611,39.965282,-75.198808,"Census Tract 108, Philadelphia County, Pennsylvania",75400,1959,578,5.6,2.81,2.43,2.7,4.7,6.3,1.9,8.6,6,17.6,15.6,36.7,12.4,15.2,14.2,42.6,7.7,8,28.2,71.8,18503,27356
"10576",42101010900,"42","101","010900",2313,39.964689,-75.190976,"Census Tract 109, Philadelphia County, Pennsylvania",75000,974,212,5.7,2.85,2.59,1.4,0,8.1,0,13.6,5.7,7.3,16.9,46.9,0.9,14.7,31.1,21.8,18,13.6,35.7,64.3,18788,39066
"10577",42101011000,"42","101","011000",3470,39.973901,-75.206256,"Census Tract 110, Philadelphia County, Pennsylvania",69900,1902,593,5,2.72,2.45,0,0,1.4,0,2.3,2.7,5.5,20.6,67.5,6.9,26,17.4,28.2,11.4,10.1,39.3,60.7,24663,32659
"10578",42101011100,"42","101","011100",3712,39.974374,-75.224825,"Census Tract 111, Philadelphia County, Pennsylvania",55500,1875,516,5.7,2.74,2.41,0,0,5.4,8,4.6,4.8,11.9,15,50.1,4.9,14.7,11.9,48.4,16.7,3.3,53.6,46.4,18835,26956
"10579",42101011200,"42","101","011200",5494,39.973715,-75.233687,"Census Tract 112, Philadelphia County, Pennsylvania",67500,2554,552,6,2.66,3.2,0,0.9,2.7,2,0,8.4,8.8,11.2,65.9,1.1,10.8,13.9,55.5,17.7,1,66.5,33.5,24548,32572
"10580",42101011300,"42","101","011300",2917,39.978296,-75.235408,"Census Tract 113, Philadelphia County, Pennsylvania",90100,1416,227,6,2.85,2.48,0,0,0,0,2.6,12.2,14.7,10,60.5,1.8,4.1,7.9,72.5,7.1,6.7,72.7,27.3,37996,37210
"10581",42101011400,"42","101","011400",6126,39.978986,-75.243744,"Census Tract 114, Philadelphia County, Pennsylvania",109500,3153,256,5.5,2.68,2.42,0.5,0,0,0,2.1,4.9,22.5,17.8,52.2,2.5,18.1,26,36,13.8,3.6,48.7,51.3,29292,38151
"10582",42101011500,"42","101","011500",4282,39.977414,-75.252041,"Census Tract 115, Philadelphia County, Pennsylvania",117900,1797,219,6,2.58,3.22,1.8,0,7.3,0.7,1.8,7.6,13.1,17.2,50.5,2.4,3.3,10.5,73.2,8.4,2.2,77.5,22.5,49734,52273
"10583",42101011700,"42","101","011700",1931,39.992401,-75.239166,"Census Tract 117, Philadelphia County, Pennsylvania",210400,421,39,7.4,2.89,3.71,4.5,0,4.5,2.9,2.4,0,17.6,28,40.1,6.2,0,9.5,51.3,11.4,21.6,80.9,19.1,62011,85784
"10584",42101011800,"42","101","011800",5621,39.98688,-75.236728,"Census Tract 118, Philadelphia County, Pennsylvania",124800,2443,275,6.3,2.99,3.16,0.6,1.1,2.5,2.7,0.7,1.4,15.1,19.9,56,1.1,0,13.5,61.2,19.3,4.8,88,12,44638,58484
"10585",42101011900,"42","101","011900",5195,39.985731,-75.22846,"Census Tract 119, Philadelphia County, Pennsylvania",102200,2550,497,5.9,2.96,2.13,0.5,0.3,0.9,0.9,1.6,9.7,27.3,19.3,39.6,5.5,12.9,17.6,44.4,16.5,3.1,59.6,40.4,35404,45831
"10586",42101012000,"42","101","012000",1947,39.995882,-75.230048,"Census Tract 120, Philadelphia County, Pennsylvania",224400,831,50,4.3,2.49,1.89,1.4,0,0,0,5.5,9,17.4,21.2,45.4,5.4,31.4,21.3,23.3,8.2,10.3,46.4,53.6,33194,52226
"10587",42101012100,"42","101","012100",2547,39.997038,-75.222438,"Census Tract 121, Philadelphia County, Pennsylvania",164900,1354,107,4.5,2.22,1.7,0,0.7,1,2.7,3.2,17.9,26.1,20.6,27.8,6.7,27.6,31.5,27.4,0,6.7,39.2,60.8,34912,39472
"10588",42101012201,"42","101","012201",2911,40.004076,-75.207865,"Census Tract 122.01, Philadelphia County, Pennsylvania",NA,2395,272,2.9,NA,1.37,6.4,0.6,9.8,24.6,17.3,14.2,7.2,8.8,11.2,21.3,56.4,19.7,0.7,0.7,1.3,0,100,16351,29833
"10589",42101012203,"42","101","012203",1120,40.007034,-75.211551,"Census Tract 122.03, Philadelphia County, Pennsylvania",NA,1101,116,2.9,NA,1.32,0,4.7,7.8,14.7,13.9,11.1,13.6,28,6.2,16.4,58.9,11.9,9.5,1.8,1.4,2,98,21686,27643
"10590",42101012204,"42","101","012204",3564,40.000641,-75.20885,"Census Tract 122.04, Philadelphia County, Pennsylvania",179400,1957,202,4.2,1.53,2.11,0,4.8,7.1,4.2,9,36.6,26.5,5,6.9,4.4,23.1,52.6,18.4,1.4,0,46,54,43187,45966
"10591",42101012500,"42","101","012500",5210,39.961278,-75.171517,"Census Tract 125, Philadelphia County, Pennsylvania",370600,3141,388,3.1,1.59,1.4,4.9,0,6.2,23.2,22.2,9.4,23.7,1.1,9.4,13.2,52,27,6,1.8,0,10.6,89.4,52193,78515
"10592",42101013100,"42","101","013100",1529,39.964893,-75.150451,"Census Tract 131, Philadelphia County, Pennsylvania",249200,729,58,4.3,3.25,1.69,6.6,11.5,5.6,0.7,23.9,11.9,4.3,6.6,28.9,6.6,23.6,28.1,36.4,2.6,2.7,27,73,24514,44315
"10593",42101013200,"42","101","013200",2914,39.966023,-75.156893,"Census Tract 132, Philadelphia County, Pennsylvania",228200,1142,147,4.1,3.15,2.14,3,27.1,17,3.9,15.5,3,1,8,21.7,7.7,30.1,26.6,25,10.2,0.4,17.1,82.9,17344,30844
"10594",42101013300,"42","101","013300",2854,39.966164,-75.163625,"Census Tract 133, Philadelphia County, Pennsylvania",212200,1522,183,3.7,1.83,1.99,9.3,2.9,2.3,0.6,14.1,3.4,5.1,1.8,60.6,9.7,36.5,29.8,13,2.8,8.1,24.9,75.1,42733,58375
"10595",42101013401,"42","101","013401",2288,39.966185,-75.175846,"Census Tract 134.01, Philadelphia County, Pennsylvania",339700,1574,95,3.9,1.62,1.27,1,1.6,0,0,7.4,37.5,8.2,10.5,33.7,16.5,33.9,21.5,19.7,5.1,3.3,66.8,33.2,62371,90742
"10596",42101013402,"42","101","013402",2922,39.965342,-75.169187,"Census Tract 134.02, Philadelphia County, Pennsylvania",498100,1596,175,3.9,2.05,2.04,8.1,6.3,0.9,2.7,0,3.8,8.1,7.6,62.4,12.5,27,34,16,6.1,4.3,43.6,56.4,77438,98839
"10597",42101013500,"42","101","013500",3222,39.969803,-75.16993,"Census Tract 135, Philadelphia County, Pennsylvania",303900,1557,263,5.6,3.13,2.19,0,5.5,1.3,1.9,9.2,2,9.8,9.4,61,3.4,24.6,16.5,35.6,7.3,12.5,53.5,46.5,48923,63545
"10598",42101013601,"42","101","013601",2677,39.968975,-75.178837,"Census Tract 136.01, Philadelphia County, Pennsylvania",346100,1458,233,4.5,2.03,1.33,0.7,0,0,5.2,6.7,1.9,2.3,14.6,68.6,2.4,33.7,27,31.3,5.5,0,72.7,27.3,94583,111607
"10599",42101013602,"42","101","013602",3503,39.971541,-75.179589,"Census Tract 136.02, Philadelphia County, Pennsylvania",358800,1805,51,5.5,2.12,2.23,0.7,1.5,2.3,8.8,1.8,2.9,7.8,0.8,73.5,1.2,27.4,24.9,27.9,12.9,5.8,68.2,31.8,73571,96016
"10600",42101013700,"42","101","013700",4813,39.976973,-75.183303,"Census Tract 137, Philadelphia County, Pennsylvania",100400,2613,889,5.6,2.27,2.95,3,3.3,0.6,0,4.1,6.2,11,9.9,62,5.6,8,21.7,45.5,11.1,8,56.4,43.6,20431,43487
"10601",42101013800,"42","101","013800",2061,39.97618,-75.176991,"Census Tract 138, Philadelphia County, Pennsylvania",79300,1198,404,5.1,1.66,2.86,0.7,0.9,2.8,8.8,0.8,5.6,12.8,8.9,58.8,0.3,18.9,21.4,47.1,7.8,4.7,45.5,54.5,23177,33083
"10602",42101013900,"42","101","013900",3764,39.975821,-75.171538,"Census Tract 139, Philadelphia County, Pennsylvania",117900,1373,280,4.8,2.63,2.63,3.1,3.8,16,7.7,6.4,7.9,3.5,14.3,37.4,3.3,28.3,21,29.6,13.6,4.2,11.5,88.5,14985,27869
"10603",42101014000,"42","101","014000",3010,39.973647,-75.162493,"Census Tract 140, Philadelphia County, Pennsylvania",146200,1589,450,4.5,2.39,2.25,2.4,7.8,7.9,4.4,12.1,11.8,4,10.8,38.8,5.2,26.9,28.8,27.4,2.9,8.7,23,77,19688,28742
"10604",42101014100,"42","101","014100",2094,39.970887,-75.152185,"Census Tract 141, Philadelphia County, Pennsylvania",101300,938,93,3.6,2.54,1.91,7.5,11.2,3.3,11.1,4.9,29.7,8.6,7.2,16.4,12.7,35.6,13.4,31.1,7.1,0,17.9,82.1,14491,28183
"10605",42101014200,"42","101","014200",3570,39.967231,-75.141872,"Census Tract 142, Philadelphia County, Pennsylvania",305200,1752,191,4.4,2.24,1.84,17.1,10,0.5,1.4,0.7,0,5,7.5,57.8,0.6,30.6,30.3,19.9,10.6,8,46.3,53.7,67242,78316
"10606",42101014300,"42","101","014300",1439,39.969273,-75.129692,"Census Tract 143, Philadelphia County, Pennsylvania",189700,773,74,5.3,2.25,1.72,2.2,0,0,0,1.7,1.2,4.4,10.3,80.2,0.5,20.1,36.4,32.7,7,3.4,57.8,42.2,62455,66709
"10607",42101014400,"42","101","014400",3105,39.972046,-75.140772,"Census Tract 144, Philadelphia County, Pennsylvania",200400,1406,320,5,2.91,1.73,5.8,0,1,19,2.6,0,5.5,19.8,46.3,7.1,23.3,20.9,20.3,18.4,9.9,57.1,42.9,28190,50958
"10608",42101014500,"42","101","014500",2464,39.976543,-75.148331,"Census Tract 145, Philadelphia County, Pennsylvania",160900,751,77,4.6,3.59,2.19,17.8,13.7,6.9,11.2,6.8,1.5,16.4,1.2,24.5,2.7,34.8,12.8,23,19.7,7.1,25.2,74.8,13807,22169
"10609",42101014600,"42","101","014600",4289,39.976313,-75.155157,"Census Tract 146, Philadelphia County, Pennsylvania",116700,1063,77,5.1,2.16,1.92,5,2.5,5.6,1.8,3.9,50,12.4,8.2,10.5,0,21.1,21.2,48.7,9,0,51.9,48.1,22411,39953
"10610",42101014700,"42","101","014700",3939,39.978267,-75.161603,"Census Tract 147, Philadelphia County, Pennsylvania",159400,1453,418,4.3,3.66,2.75,9.6,7.6,28.6,4.3,0,6.2,7.3,8.8,27.5,14.6,21,18.5,30.6,9.7,5.6,26.7,73.3,11658,28132
"10611",42101014800,"42","101","014800",785,39.980382,-75.169029,"Census Tract 148, Philadelphia County, Pennsylvania",67000,425,158,3.8,2.51,2.05,7.8,3.1,10.1,1.4,8,12.7,3.5,20.5,32.9,7.3,37.9,16.7,20.9,13.2,4,20.6,79.4,17634,28302
"10612",42101014900,"42","101","014900",3967,39.981582,-75.179949,"Census Tract 149, Philadelphia County, Pennsylvania",67600,2116,820,5.6,2.47,1.78,1.5,0,0,1.6,0.6,10.4,7.1,16.4,62.4,4.5,16.5,12.9,44.8,10.8,10.4,38.7,61.3,16528,26583
"10613",42101015101,"42","101","015101",2038,39.987078,-75.185697,"Census Tract 151.01, Philadelphia County, Pennsylvania",75000,1240,310,5.4,2.45,2.62,0,0,0,0,0,2.9,12.7,14.4,70.1,7.6,10.9,19.8,33.7,10.2,17.8,34,66,18839,37382
"10614",42101015102,"42","101","015102",4269,39.986166,-75.179471,"Census Tract 151.02, Philadelphia County, Pennsylvania",41800,2463,460,5.5,2.34,2.45,0,0,2.8,2.7,7.7,2.3,13.3,19.3,51.9,3.5,6.8,26.7,46.4,11.4,5.2,35.5,64.5,12170,21804
"10615",42101015200,"42","101","015200",6133,39.985364,-75.170188,"Census Tract 152, Philadelphia County, Pennsylvania",66000,2549,546,5.4,2.26,3.45,3.9,7.7,16.9,4.7,5,0.4,7.7,14.2,39.5,2.5,4.4,10.7,67,7.8,7.6,30.7,69.3,13265,29620
"10616",42101015300,"42","101","015300",4962,39.984174,-75.160804,"Census Tract 153, Philadelphia County, Pennsylvania",88100,1665,480,5.2,2.56,3.07,5.9,3.8,4.3,7,3.2,5,6.4,18.9,45.4,6.2,20.2,6.7,40.5,14.9,11.4,36,64,13843,25660
"10617",42101015600,"42","101","015600",1741,39.97945,-75.141624,"Census Tract 156, Philadelphia County, Pennsylvania",104300,697,102,5.8,3.18,2.87,2.6,2.6,0,0,0,9,6.2,10.9,68.7,2.2,17.6,28.6,12.5,22.7,16.5,40.5,59.5,16902,34609
"10618",42101015700,"42","101","015700",2641,39.978601,-75.135638,"Census Tract 157, Philadelphia County, Pennsylvania",101900,1097,134,5.1,3.46,3.1,4.3,1.7,3.8,2.6,1.9,10.3,9.8,10.3,55.2,0,10.4,32.8,36.7,18,2.1,51.5,48.5,27043,45906
"10619",42101015800,"42","101","015800",5684,39.973841,-75.129327,"Census Tract 158, Philadelphia County, Pennsylvania",169600,2674,234,5.4,2.39,1.81,4.1,2.5,0.5,0,3.4,1.4,2.6,6,79.5,1.7,14.9,27.9,36.9,14,4.6,71.1,28.9,47326,56551
"10620",42101016000,"42","101","016000",7002,39.979461,-75.123632,"Census Tract 160, Philadelphia County, Pennsylvania",154800,3047,345,5.5,2.41,2.62,1,0.5,0,0.5,3,3.4,6,6.3,79.4,4,7.2,35,39.5,10.4,4,74.2,25.8,43886,56234
"10621",42101016100,"42","101","016100",5590,39.984922,-75.127301,"Census Tract 161, Philadelphia County, Pennsylvania",96300,2120,394,5.3,2.7,3.16,0.3,0.4,0,0.7,0,1.6,5,3.1,88.8,3.3,11.7,34,29.9,14.5,6.7,50.4,49.6,26524,35117
"10622",42101016200,"42","101","016200",2225,39.984016,-75.137703,"Census Tract 162, Philadelphia County, Pennsylvania",88800,918,172,4.4,2.5,2.5,5.3,0,2.4,3.5,2.3,1.4,6,27.6,51.5,12.9,9,35.9,23.9,11.2,7.1,35.3,64.7,16016,23092
"10623",42101016300,"42","101","016300",3248,39.988507,-75.133257,"Census Tract 163, Philadelphia County, Pennsylvania",51300,1213,152,5.1,2.71,2.92,0,0,0,3.1,6.2,8.2,6.1,15.6,60.8,5.8,4.8,39.2,34.5,9.6,6.1,45.1,54.9,14042,21869
"10624",42101016400,"42","101","016400",4564,39.989745,-75.142755,"Census Tract 164, Philadelphia County, Pennsylvania",49500,1904,332,5.3,3.19,2.83,0,2.7,0.4,9.2,6.3,6.4,5.8,16.5,52.7,2.2,9.9,25.8,42.6,10.8,8.7,36.7,63.3,13500,22518
"10625",42101016500,"42","101","016500",2758,39.989914,-75.149845,"Census Tract 165, Philadelphia County, Pennsylvania",36900,1372,388,5.2,2.26,2.03,0,1.2,4.3,6.7,8.9,11.5,9.1,19,39.2,7.3,11.8,30.4,36.4,13.5,0.7,37.2,62.8,14127,24748
"10626",42101016600,"42","101","016600",1788,39.988589,-75.153755,"Census Tract 166, Philadelphia County, Pennsylvania",25100,822,312,5.3,2.93,2.12,0,3.3,2.7,1.6,9,7.4,7.1,29.2,39.8,8,13,23,40.5,5,10.5,34.7,65.3,22713,22131
"10627",42101016701,"42","101","016701",3055,39.990642,-75.161682,"Census Tract 167.01, Philadelphia County, Pennsylvania",28300,1625,524,5.9,2.29,1.9,0,0,0,0.7,1,2.6,6.8,20.6,68.2,1.5,8.2,13.5,50,25.1,1.7,65.3,34.7,20617,32131
"10628",42101016702,"42","101","016702",2903,39.990282,-75.15838,"Census Tract 167.02, Philadelphia County, Pennsylvania",43500,1530,331,5.8,2.57,2.94,1.2,3.9,0,2.7,0,5.5,12.2,16.9,57.6,5,6.6,18,56.3,14.1,0,47,53,17994,26009
"10629",42101016800,"42","101","016800",3935,39.991492,-75.167564,"Census Tract 168, Philadelphia County, Pennsylvania",49200,1897,531,5.9,2.78,3.12,0,0.9,1.2,3.5,0.5,2.6,12.4,22.5,56.5,0,3.1,23.8,59.8,8.6,4.6,53.7,46.3,31621,36843
"10630",42101016901,"42","101","016901",3466,39.993755,-75.175146,"Census Tract 169.01, Philadelphia County, Pennsylvania",43800,1852,525,5.8,2.77,2.7,0.6,0,0.3,2.6,0.5,3.7,11.8,15.5,64.9,1.2,3.8,20.5,65.8,6.3,2.3,57.8,42.2,21711,33437
"10631",42101016902,"42","101","016902",5524,39.994439,-75.183004,"Census Tract 169.02, Philadelphia County, Pennsylvania",38300,2997,831,6,2.22,2.62,0,1.5,2.6,0,0.9,7.3,10,21.1,56.7,0.8,8.2,24.5,44.5,16.4,5.5,50.4,49.6,20909,31403
"10632",42101017000,"42","101","017000",2953,40.007416,-75.183764,"Census Tract 170, Philadelphia County, Pennsylvania",63200,1404,254,4.9,2.26,2.37,17.8,5.6,1.9,4.5,0.9,1.3,12.4,24.6,31.1,3.6,22.3,33.2,29.6,10.7,0.6,33,67,22410,39337
"10633",42101017100,"42","101","017100",4047,40.00369,-75.173157,"Census Tract 171, Philadelphia County, Pennsylvania",52700,1844,252,5.9,2.62,2.39,0,0,0.7,1,1.4,3.3,23.9,27,42.7,0,3.5,23.3,68.4,4.3,0.5,68.1,31.9,18800,28147
"10634",42101017201,"42","101","017201",3194,39.999059,-75.168897,"Census Tract 172.01, Philadelphia County, Pennsylvania",59700,1531,250,5.8,2.84,2.52,0,0.9,0,0,2.4,9.7,14.5,14,58.5,0,6.3,31.7,48.3,12.3,1.2,49.5,50.5,19531,24890
"10635",42101017202,"42","101","017202",4056,39.998791,-75.174052,"Census Tract 172.02, Philadelphia County, Pennsylvania",45700,2077,583,6,2.17,3.06,1.5,0,0.3,1.3,0.8,5.7,8.3,18,64.1,0,1.5,20.8,61.2,15.2,1.3,60.6,39.4,19161,24967
"10636",42101017300,"42","101","017300",3165,39.997893,-75.162428,"Census Tract 173, Philadelphia County, Pennsylvania",63400,1463,201,5.5,2.76,2.62,1.8,2.1,3.2,4.1,3.3,1.1,12.3,19.1,53,0.6,7.1,29.2,48.6,8.5,5.9,54.7,45.3,18090,33994
"10637",42101017400,"42","101","017400",2419,39.995826,-75.150239,"Census Tract 174, Philadelphia County, Pennsylvania",57500,1036,273,5.8,3.44,1.89,7.6,0.8,6.2,0,1.4,3.9,18.9,20.8,40.3,0,10.7,23.5,44.6,13,8.2,62,38,20868,30284
"10638",42101017500,"42","101","017500",7016,39.997487,-75.142566,"Census Tract 175, Philadelphia County, Pennsylvania",37200,2608,198,5.7,3.05,2.75,0,2,1.3,5.9,4.6,5.6,10.6,26.3,43.7,3.6,4.8,26,52.3,12.8,0.5,52.5,47.5,14972,20425
"10639",42101017601,"42","101","017601",5562,39.994039,-75.1338,"Census Tract 176.01, Philadelphia County, Pennsylvania",45300,2228,349,4.9,3.05,2.69,0.4,0,7.1,4.5,0.3,2.3,10,12.1,63.2,2.8,9.8,43.7,38.5,2.7,2.6,46.5,53.5,11122,20738
"10640",42101017602,"42","101","017602",3914,39.996485,-75.129116,"Census Tract 176.02, Philadelphia County, Pennsylvania",45800,1405,232,5,3.26,3.19,0,0,2,3.9,6.2,5.6,6.5,16.4,59.4,1,6.3,39.7,51.4,1.6,0,46.5,53.5,18741,23276
"10641",42101017701,"42","101","017701",3705,39.996935,-75.116666,"Census Tract 177.01, Philadelphia County, Pennsylvania",67800,1412,381,5.1,3.25,3.72,0,0,6.7,1.1,1.6,2.1,9.3,3.6,75.6,2.1,13.7,21.2,57.9,4.1,1,41.6,58.4,21393,26850
"10642",42101017702,"42","101","017702",5076,39.995115,-75.122429,"Census Tract 177.02, Philadelphia County, Pennsylvania",45300,1793,367,5.5,2.5,5.56,0.8,0,2.2,2.4,1.6,7.3,12.7,5.5,67.5,1.7,5.9,26.7,64.8,0.9,0,35.2,64.8,16356,23456
"10643",42101017800,"42","101","017800",6704,39.991662,-75.116315,"Census Tract 178, Philadelphia County, Pennsylvania",52400,2599,567,4.9,3.35,3.02,2.6,0,2.6,2,0,2.6,3,6.1,81.1,5.5,25.2,20.9,39.3,8.5,0.5,46.8,53.2,20093,28503
"10644",42101017900,"42","101","017900",6313,39.987473,-75.112047,"Census Tract 179, Philadelphia County, Pennsylvania",72500,2358,362,5.5,2.5,3,0,0,0,2,1.8,2.8,6.6,5.9,80.9,0,3.5,37,56.1,2.1,1.3,53.9,46.1,26652,40603
"10645",42101018001,"42","101","018001",2586,39.981279,-75.112329,"Census Tract 180.01, Philadelphia County, Pennsylvania",121500,1133,145,5.3,2.09,2.42,1.3,0,0,0.4,2.8,1.4,12.4,6.2,75.4,0,12.7,27.6,56.6,3.1,0,67.5,32.5,36121,45219
"10646",42101018002,"42","101","018002",5451,39.983833,-75.106778,"Census Tract 180.02, Philadelphia County, Pennsylvania",117300,2526,338,5.8,2.37,2.28,0,0,0.9,0,1.7,2.6,4.8,9.2,80.9,1.3,7.5,29,54,8.3,0,75.1,24.9,34124,45393
"10647",42101018300,"42","101","018300",4313,39.998327,-75.074166,"Census Tract 183, Philadelphia County, Pennsylvania",143900,1655,71,6,2.68,2.88,3.3,5.9,0.6,0.4,1.8,4.8,17.6,10.5,55.2,0,4.5,19.3,74.5,1.6,0,84.2,15.8,41338,50477
"10648",42101018400,"42","101","018400",2260,40.002029,-75.067886,"Census Tract 184, Philadelphia County, Pennsylvania",120900,882,87,5.8,2.7,2,0,0.8,1.1,0,0.8,0.7,5.2,19.4,72,0.6,16.1,19.8,43.3,16,4.2,82,18,43036,47700
"10649",42101018800,"42","101","018800",8322,39.997562,-75.105225,"Census Tract 188, Philadelphia County, Pennsylvania",67500,2954,509,5.5,3.32,3.21,0,0,0.4,2.9,1.6,5.5,7.4,13.6,68.7,1,8.4,26.4,58.5,5.5,0.2,61.3,38.7,21672,30567
"10650",42101019000,"42","101","019000",7543,40.009044,-75.099084,"Census Tract 190, Philadelphia County, Pennsylvania",101100,2610,219,5.8,3.29,3.27,1.8,0,3.2,0.7,2.6,12.3,24.8,24.6,30,1.8,13.4,12.8,65.8,6.2,0,57.4,42.6,30488,34393
"10651",42101019100,"42","101","019100",7937,40.009994,-75.106036,"Census Tract 191, Philadelphia County, Pennsylvania",99800,2892,265,5.8,2.72,3.41,0.5,1.9,1.6,3.3,0.6,12.4,44,22.9,13,0,2.1,29.9,61.8,5.9,0.2,78.9,21.1,28365,37126
"10652",42101019200,"42","101","019200",7972,40.000295,-75.115577,"Census Tract 192, Philadelphia County, Pennsylvania",59700,2918,434,5.2,3.53,3.7,0,0,1,0.5,2.9,1.1,8.8,13.4,72.2,1.1,2.4,40.8,48.7,5.4,1.5,49.7,50.3,21090,31552
"10653",42101019501,"42","101","019501",4927,40.000567,-75.130263,"Census Tract 195.01, Philadelphia County, Pennsylvania",48000,1807,229,4.9,2.66,2.63,1.1,0,13.6,9.3,7.7,7.5,10.6,12.8,37.4,2.4,17.3,32,43,3.4,1.9,36.8,63.2,14074,23608
"10654",42101019502,"42","101","019502",3675,40.002907,-75.129839,"Census Tract 195.02, Philadelphia County, Pennsylvania",53400,1372,91,5,2.58,2.98,0,5.1,0,0,0,3.1,3,26.9,61.9,2.6,7.1,49.5,37.2,2.6,1,47,53,16402,26558
"10655",42101019700,"42","101","019700",7001,40.015736,-75.138347,"Census Tract 197, Philadelphia County, Pennsylvania",61200,2462,91,5.8,3.17,3.42,2,0,0,1.5,3,4.7,14.1,21.9,52.8,2.3,5.6,14.3,74.4,2.8,0.6,50.9,49.1,22107,35872
"10656",42101019800,"42","101","019800",6195,40.010505,-75.140776,"Census Tract 198, Philadelphia County, Pennsylvania",49600,2191,377,6,2.74,3.66,4.3,0,1.2,0,7.2,4.6,8.2,27.7,46.7,0.6,3,17.2,72.2,6.6,0.4,59.3,40.7,22997,32119
"10657",42101019900,"42","101","019900",4419,40.005755,-75.143191,"Census Tract 199, Philadelphia County, Pennsylvania",42100,1683,333,5.8,3.1,3.92,1.2,1.1,0.8,0,8.4,0.9,12.5,27.2,47.8,1.9,7.1,27.4,46,15.5,2,54,46,18557,28136
"10658",42101020000,"42","101","020000",1265,40.001623,-75.150644,"Census Tract 200, Philadelphia County, Pennsylvania",63300,770,233,4.8,2.23,2.36,0,0,0,0.8,7.1,16.9,8.4,21.3,45.5,5.1,26.6,21.3,26.8,17.4,2.9,36.9,63.1,31620,31694
"10659",42101020101,"42","101","020101",3547,40.003166,-75.155629,"Census Tract 201.01, Philadelphia County, Pennsylvania",78900,2072,615,5.2,3.06,2.58,2.7,1.4,9.7,3.2,5.1,6,13.1,13.8,45.1,5.9,28.6,14.8,35.4,5.5,9.7,31,69,26144,34290
"10660",42101020102,"42","101","020102",3353,40.010846,-75.154551,"Census Tract 201.02, Philadelphia County, Pennsylvania",72700,1586,239,6.4,2.14,2.28,0,1.3,5.7,0,0,5.7,12.2,18.9,56.1,3.7,10.3,10.4,45.7,25.7,4.2,58,42,31425,37215
"10661",42101020200,"42","101","020200",5189,40.008339,-75.161828,"Census Tract 202, Philadelphia County, Pennsylvania",63900,2579,654,5.9,2.67,2.19,5.2,1.2,1.3,2.7,1.4,3.4,11.1,8.6,65,8.3,18.2,14.7,25.6,22.2,11,50.8,49.2,21521,33391
"10662",42101020300,"42","101","020300",2769,40.012103,-75.148984,"Census Tract 203, Philadelphia County, Pennsylvania",54100,1338,302,6.1,3.09,2.32,1,0,5,0.8,3.9,3.9,10.3,18.8,56.3,3.1,10.9,18.1,38.6,21.5,7.7,51.2,48.8,26773,28563
"10663",42101020400,"42","101","020400",3050,40.020124,-75.152995,"Census Tract 204, Philadelphia County, Pennsylvania",45600,1352,218,5.8,2.46,2.52,3,0,1.3,0,8,3.9,14.5,26.7,42.6,1.5,8.2,27.1,50.3,11.8,1.1,59.6,40.4,31294,42292
"10664",42101020500,"42","101","020500",2819,40.016712,-75.159277,"Census Tract 205, Philadelphia County, Pennsylvania",56400,1516,319,5,2.61,2.56,0,0.2,0,13.2,9.2,2.1,21.8,17.4,36.1,2.6,21,35.6,34.9,3.1,2.9,43,57,20693,30535
"10665",42101020600,"42","101","020600",1819,40.021901,-75.182838,"Census Tract 206, Philadelphia County, Pennsylvania",328600,984,130,4,2.43,1.51,0,1.6,2.8,0,13.1,6.6,30.8,23.5,21.5,14.4,37.5,13.9,10.4,14.1,9.7,36.2,63.8,45192,82188
"10666",42101020700,"42","101","020700",5841,40.012801,-75.191688,"Census Tract 207, Philadelphia County, Pennsylvania",232400,2611,401,5.9,2.43,2.31,3.1,3.2,2.8,3,4.4,4.1,5.6,15.9,57.9,1.3,13.4,21.9,40.5,16.9,5.9,60,40,74076,80036
"10667",42101020800,"42","101","020800",1971,40.0228,-75.19054,"Census Tract 208, Philadelphia County, Pennsylvania",151300,1350,234,3.3,1.59,1.65,0,0.5,1.3,0.9,7.2,16.2,23.9,9.9,40.1,23.4,36.5,29.7,7.4,1.5,1.5,29.6,70.4,37069,57368
"10668",42101020900,"42","101","020900",2910,40.018863,-75.209065,"Census Tract 209, Philadelphia County, Pennsylvania",230500,1405,96,6,2.79,1.76,0.7,4.2,0,2.1,2.9,8,23.3,9.3,49.6,3.6,14.1,28.3,33.1,10.4,10.5,52.6,47.4,63090,68724
"10669",42101021000,"42","101","021000",4917,40.024461,-75.214246,"Census Tract 210, Philadelphia County, Pennsylvania",217400,2294,335,5.8,2.37,2.03,0.5,4.2,1.3,0.7,4.7,12.1,12.1,14.9,49.7,3.3,14.4,24.4,47.4,9.1,1.5,68.6,31.4,60063,69058
"10670",42101021100,"42","101","021100",2327,40.026037,-75.206192,"Census Tract 211, Philadelphia County, Pennsylvania",229500,1178,124,5.9,2.28,1.87,0,0.6,0.5,4,5.3,23.3,31.4,6,28.9,0.9,9.3,31,52.5,3.8,2.5,68.3,31.7,61318,70399
"10671",42101021200,"42","101","021200",2245,40.034299,-75.21201,"Census Tract 212, Philadelphia County, Pennsylvania",218300,1092,149,6.1,2.75,2.02,0.7,2.9,1.6,0,11.9,22,16.5,8.6,35.8,0.7,13.5,24.4,50.5,3.8,7.1,58.9,41.1,61181,69788
"10672",42101021300,"42","101","021300",3551,40.032196,-75.21819,"Census Tract 213, Philadelphia County, Pennsylvania",231400,1548,195,6.3,2.25,2.24,1.4,0,0,3.7,6.2,8.3,11,9.4,59.9,0,12.9,22.9,37.4,18,8.8,61.1,38.9,56949,63806
"10673",42101021400,"42","101","021400",3880,40.028669,-75.22309,"Census Tract 214, Philadelphia County, Pennsylvania",215100,1859,365,5.2,2.26,1.89,0,2.5,5.6,0,4,14.8,13.3,5.7,53.9,11.3,18.8,26.9,25.9,12.4,4.6,41.7,58.3,57010,62419
"10674",42101021500,"42","101","021500",3857,40.034407,-75.228495,"Census Tract 215, Philadelphia County, Pennsylvania",227700,1740,202,5.8,2.36,1.97,6.5,8,8.1,2.8,1.5,6.5,18.4,9.8,38.4,3.6,9.1,35.7,30.8,17.9,2.9,64.5,35.5,60263,69644
"10675",42101021600,"42","101","021600",1826,40.041802,-75.234971,"Census Tract 216, Philadelphia County, Pennsylvania",275700,957,88,5,2.43,1.52,21.9,2.2,2,1.3,18,18.8,20.9,6.2,8.8,1.5,30.2,29.6,30,8.8,0,41.1,58.9,38472,51303
"10676",42101021700,"42","101","021700",5772,40.045389,-75.224592,"Census Tract 217, Philadelphia County, Pennsylvania",229000,2512,201,6.5,2.67,2.48,1.8,0,0.9,0,9.6,43.8,25.1,11.1,7.7,1.6,4.7,11.3,67.5,15,0,83,17,66463,82995
"10677",42101021800,"42","101","021800",4259,40.057613,-75.232642,"Census Tract 218, Philadelphia County, Pennsylvania",274200,2325,349,4.3,3.46,1.76,2.6,0.9,1.2,8.9,19.7,28.9,24.7,8.3,4.7,7.3,31.4,37.8,14.5,6.4,2.5,25.5,74.5,52857,64705
"10678",42101021900,"42","101","021900",1432,40.050426,-75.24056,"Census Tract 219, Philadelphia County, Pennsylvania",200200,717,37,5.3,1.99,1.45,1.4,0,2,7.9,41,8.9,13.9,10.3,14.5,0,19.5,37.7,31.4,10.2,1.3,77.2,22.8,77612,76243
"10679",42101022000,"42","101","022000",1681,40.063511,-75.246237,"Census Tract 220, Philadelphia County, Pennsylvania",338800,766,87,5.7,2.81,1.24,0,9.1,7.7,18.3,30.9,16.3,5,3.7,9,1.2,20.6,29.8,27.4,18.5,2.5,58,42,105260,118610
"10680",42101023100,"42","101","023100",1262,40.06789,-75.202555,"Census Tract 231, Philadelphia County, Pennsylvania",391400,555,15,7.3,2.33,1.91,1.3,0,0,4.5,0,4,7.6,1.1,81.6,0,16.6,7.4,33.9,11.9,30.3,64.3,35.7,106638,172909
"10681",42101023500,"42","101","023500",1161,40.036303,-75.196683,"Census Tract 235, Philadelphia County, Pennsylvania",334400,555,29,5.9,2.44,1.59,0,1.6,1.3,6.1,7,5.9,22.7,11.2,44.1,3.8,11,32.6,19.8,15.9,16.9,62.4,37.6,74881,114201
"10682",42101023600,"42","101","023600",2619,40.043566,-75.194353,"Census Tract 236, Philadelphia County, Pennsylvania",396300,1183,95,6.4,2.89,1.84,4.7,0,0,1.4,2.8,12.2,5.7,11,62.1,1.1,22.4,18.1,13.7,11.6,33.1,63.3,36.7,74810,135124
"10683",42101023700,"42","101","023700",4566,40.048754,-75.188268,"Census Tract 237, Philadelphia County, Pennsylvania",259600,2515,261,5,2.24,1.84,2.8,0,5,1.2,6.4,7.1,13.4,19.7,44.5,11.7,28.5,16.7,19.5,10.6,13.1,35.9,64.1,40256,70466
"10684",42101023800,"42","101","023800",4391,40.03892,-75.183129,"Census Tract 238, Philadelphia County, Pennsylvania",208000,2392,357,4.2,3.07,1.44,0,0.8,1.2,2.5,1.7,3.2,13.6,20.7,56.5,12.3,31.9,15.6,19,9.4,11.7,38.7,61.3,34744,50053
"10685",42101023900,"42","101","023900",1777,40.033417,-75.186037,"Census Tract 239, Philadelphia County, Pennsylvania",228600,1345,226,3.4,1.51,1.45,1.9,0,0,6.8,17,15.2,22.2,9.7,27.2,18.1,42.4,31.8,4.9,1.3,1.5,8.9,91.1,29314,34632
"10686",42101024000,"42","101","024000",3822,40.027445,-75.179167,"Census Tract 240, Philadelphia County, Pennsylvania",172200,2237,378,4.5,2.45,1.83,0,1.4,1.6,5.9,5.7,11.4,14.1,17.3,42.6,9.3,30.4,24.4,23.6,6.8,5.6,28.5,71.5,33417,71527
"10687",42101024100,"42","101","024100",1433,40.03285,-75.176356,"Census Tract 241, Philadelphia County, Pennsylvania",318800,750,185,3.2,1.54,1.24,8.9,10.3,4.5,3.2,0.8,4.7,2.3,19.3,46,21.7,42.5,27.1,2.9,3.6,2.1,4.6,95.4,11230,19694
"10688",42101024200,"42","101","024200",4236,40.027945,-75.169593,"Census Tract 242, Philadelphia County, Pennsylvania",104000,1853,333,5.2,3.14,2.17,0,0,1.6,0,6,7.1,1.9,17.4,65.9,9.3,26.8,16.9,20.6,11.2,15.2,49.1,50.9,25449,41234
"10689",42101024300,"42","101","024300",3913,40.021836,-75.171147,"Census Tract 243, Philadelphia County, Pennsylvania",117200,2043,272,5.5,2.81,2.69,0,2.1,4.9,1.1,5.5,7.3,20.9,14.7,43.6,0.5,19.6,27,37.9,6.3,8.6,40.9,59.1,34671,48780
"10690",42101024400,"42","101","024400",3129,40.024879,-75.164078,"Census Tract 244, Philadelphia County, Pennsylvania",100900,1349,231,6.4,3.14,3.13,0,0,0,0,2.7,3.4,2.7,12.5,78.7,1.3,8.9,13.4,35.4,29.4,11.6,63.3,36.7,33878,41188
"10691",42101024500,"42","101","024500",4035,40.03292,-75.162337,"Census Tract 245, Philadelphia County, Pennsylvania",74000,1867,454,5.5,2.39,2.43,0,0,2.2,4.7,2,4.9,11.9,17.6,56.7,6.6,12.4,29,45,2.9,4,45.2,54.8,26356,34385
"10692",42101024600,"42","101","024600",2956,40.039608,-75.171567,"Census Tract 246, Philadelphia County, Pennsylvania",111500,1421,205,4.8,2.82,2.39,0,0,8.1,3.9,6.8,8.6,18.7,17,36.9,7.1,24.6,20.2,27,12.7,8.4,28.9,71.1,18881,32600
"10693",42101024700,"42","101","024700",4423,40.042286,-75.164266,"Census Tract 247, Philadelphia County, Pennsylvania",109100,1984,510,5.9,2.97,2.83,0,0,0.6,1.6,4.4,9.6,11.8,16.5,55.4,3.4,15,18.8,39,9.1,14.8,61.1,38.9,25047,39363
"10694",42101024800,"42","101","024800",1889,40.047022,-75.166183,"Census Tract 248, Philadelphia County, Pennsylvania",101100,767,62,6.1,3.22,2.8,0,0,0,0,0.5,5.6,21.8,35.1,37,0,8.7,14,61.4,10.8,5.1,65.1,34.9,36433,42957
"10695",42101024900,"42","101","024900",3311,40.051393,-75.15979,"Census Tract 249, Philadelphia County, Pennsylvania",86400,1337,343,6.2,2.67,4.77,0,0,0,0,0,4.4,22.7,19.1,53.9,5.5,0,5.6,72.8,9.5,6.6,64.7,35.3,36667,40893
"10696",42101025200,"42","101","025200",7118,40.046818,-75.176854,"Census Tract 252, Philadelphia County, Pennsylvania",103600,3223,621,5.7,2.9,2.36,0.9,3.5,0.8,5.1,0.5,9.9,6.3,27.1,45.9,6.3,22.1,16,36.4,10.4,8.9,54.8,45.2,35021,48785
"10697",42101025300,"42","101","025300",4002,40.054091,-75.182182,"Census Tract 253, Philadelphia County, Pennsylvania",109900,2036,602,6.1,2.74,2.2,1.6,0.3,1.8,0,5.3,6.9,20.2,20.1,43.8,1.6,9.8,17.6,59.8,8.4,2.8,59.1,40.9,29146,41604
"10698",42101025400,"42","101","025400",3920,40.060095,-75.176437,"Census Tract 254, Philadelphia County, Pennsylvania",203300,2072,346,6.1,2.75,1.57,0,0,0.7,1.6,1.1,11.8,29,24.8,31,2.8,18.1,13,49.1,13.8,3.2,71.7,28.3,54250,67546
"10699",42101025500,"42","101","025500",2571,40.062187,-75.184915,"Census Tract 255, Philadelphia County, Pennsylvania",238000,1129,82,6.4,2.45,2.07,0,0.4,0.7,1.9,0,14.4,15.1,24.1,43.3,3.4,16.2,20.5,35.5,13.1,11.2,78.6,21.4,62118,91010
"10700",42101025600,"42","101","025600",2742,40.066388,-75.188946,"Census Tract 256, Philadelphia County, Pennsylvania",303300,1181,122,6.1,2.39,1.8,0,0,0,4.9,5,12.3,15.1,7.6,55.1,0,11.1,23,43.6,13.7,8.6,68.9,31.1,66116,79467
"10701",42101025700,"42","101","025700",3463,40.072799,-75.195792,"Census Tract 257, Philadelphia County, Pennsylvania",335400,1848,170,4.4,2.27,1.86,0.9,0,3.7,8.9,14.8,15.7,17.4,6.9,31.8,3.5,38.5,26,21,5.2,5.8,27.7,72.3,66774,79154
"10702",42101025800,"42","101","025800",1681,40.073771,-75.182601,"Census Tract 258, Philadelphia County, Pennsylvania",160300,825,77,6,2.54,1.2,1.8,0,0,5.9,0.7,9.9,66.7,12.5,2.4,3.2,9.9,9.1,66.3,11,0.5,79.5,20.5,52900,70455
"10703",42101025900,"42","101","025900",4755,40.079839,-75.176451,"Census Tract 259, Philadelphia County, Pennsylvania",134900,2120,157,5.9,2.5,1.65,0,0,0.6,2.6,5,6.5,54.9,22.6,7.9,3.3,10.2,22.3,61.9,1.7,0.5,77.4,22.6,40633,47316
"10704",42101026000,"42","101","026000",2788,40.075635,-75.170718,"Census Tract 260, Philadelphia County, Pennsylvania",143400,1208,111,6,2.54,2.05,0,0,0,1.1,0.6,6.1,69.8,16.5,6,0,7.4,15.8,69.9,5.7,1.2,92.6,7.4,49861,58796
"10705",42101026100,"42","101","026100",2995,40.070942,-75.175982,"Census Tract 261, Philadelphia County, Pennsylvania",204200,1516,129,5.9,2.18,2.07,0,0,0,0,1.4,13.8,70.3,12.1,2.4,0.5,7.3,23.7,63.5,5.1,0,78.5,21.5,57977,66309
"10706",42101026200,"42","101","026200",4065,40.067213,-75.168774,"Census Tract 262, Philadelphia County, Pennsylvania",142500,1888,48,6,2.41,2.15,0,0,1.7,0,1.1,3.2,60.4,18.9,14.7,0,2.8,19.9,66.5,10.4,0.5,77.1,22.9,45242,53023
"10707",42101026301,"42","101","026301",3840,40.072845,-75.163667,"Census Tract 263.01, Philadelphia County, Pennsylvania",122600,1603,33,6.1,2.44,3.08,0,0.6,0.7,0,0,3.2,50.3,22,23.1,0.6,0,9.4,87.6,2.3,0,85.4,14.6,46953,50975
"10708",42101026302,"42","101","026302",5480,40.068842,-75.156643,"Census Tract 263.02, Philadelphia County, Pennsylvania",128100,2031,226,6.1,2.74,2.37,0,0,0,2.2,9.5,8.2,28.4,23.4,28.4,1.6,8.1,12.2,71.7,4.3,2.1,82.2,17.8,42513,55388
"10709",42101026400,"42","101","026400",5241,40.062431,-75.161115,"Census Tract 264, Philadelphia County, Pennsylvania",131200,2346,253,6,2.61,2.57,0,0,2.2,0,1.2,4.9,50.3,21.5,19.9,0.5,9.2,11.4,74,4.9,0,67.4,32.6,42917,48783
"10710",42101026500,"42","101","026500",4340,40.058848,-75.154716,"Census Tract 265, Philadelphia County, Pennsylvania",104700,1921,249,6.2,2.62,2.99,0,0,0.9,0,3.7,6.6,22.7,34.1,31.9,1.9,0.5,12,79.3,5.4,0.9,71.7,28.3,45906,49940
"10711",42101026600,"42","101","026600",6667,40.064944,-75.148778,"Census Tract 266, Philadelphia County, Pennsylvania",101900,2781,275,6,2.64,2.02,0,0,4,0,5.2,9.1,24.8,19,38,0.9,3.7,13.6,75.6,5.3,1,87,13,42785,46381
"10712",42101026700,"42","101","026700",6565,40.054723,-75.147551,"Census Tract 267, Philadelphia County, Pennsylvania",95400,2970,214,6.4,2.74,1.83,0,0,1.5,0.3,4,8,19.9,32.4,33.8,0,9.5,9.2,66.7,14.7,0,73.8,26.2,37941,46310
"10713",42101026800,"42","101","026800",4647,40.056372,-75.140026,"Census Tract 268, Philadelphia County, Pennsylvania",177200,2143,186,4.1,3.44,1.95,0,0,0.5,14.3,3.5,6.5,27.5,23.2,24.5,11.3,28.3,27.5,14.5,8.2,10.1,30.8,69.2,33513,42968
"10714",42101026900,"42","101","026900",2199,40.055014,-75.131296,"Census Tract 269, Philadelphia County, Pennsylvania",263200,796,108,6.1,3.32,1.43,0,0,4.1,0,3.6,6.2,9.4,12.6,64.1,4.8,15.7,21.2,20.7,10.7,26.9,62.2,37.8,46786,68201
"10715",42101027000,"42","101","027000",2326,40.049332,-75.133027,"Census Tract 270, Philadelphia County, Pennsylvania",222800,962,95,6.7,3.19,2.02,0,0,1.8,4.7,6.7,11.7,16.5,16.3,42.3,0,22.5,14.4,26.5,15.2,21.4,61.4,38.6,51328,60084
"10716",42101027100,"42","101","027100",2453,40.048915,-75.125092,"Census Tract 271, Philadelphia County, Pennsylvania",132000,949,0,5.9,3.05,1.67,0,1.2,0,0,7.7,13.8,39.4,19.4,18.5,0,9,10.5,67.4,9.8,3.3,78.8,21.2,44750,62650
"10717",42101027200,"42","101","027200",4278,40.047459,-75.117483,"Census Tract 272, Philadelphia County, Pennsylvania",147300,1998,119,5.7,2.43,2.69,0.5,0,3.7,2.7,5,19,41,25.3,2.9,0,9,29.8,59.3,0.4,1.7,61.3,38.7,48048,57225
"10718",42101027300,"42","101","027300",6069,40.039232,-75.119754,"Census Tract 273, Philadelphia County, Pennsylvania",107700,2275,128,5.9,3.36,2.76,0,0.8,6.7,0,4.6,9.8,23.8,31.3,23,1.6,9.4,10.9,74.9,2.5,0.7,74.7,25.3,43005,52005
"10719",42101027401,"42","101","027401",3457,40.039373,-75.128371,"Census Tract 274.01, Philadelphia County, Pennsylvania",101900,1280,164,5.8,2.69,2.57,0,0,3.3,1.6,7.7,15.8,16.2,15.8,39.7,4.1,14.9,14.4,60.7,5.7,0.2,57.9,42.1,23345,31959
"10720",42101027402,"42","101","027402",6800,40.04044,-75.124856,"Census Tract 274.02, Philadelphia County, Pennsylvania",97800,2524,141,6.2,2.8,3.54,0,0.5,2.5,1.1,5.9,7.8,19.4,26.2,36.6,0,5.4,10,74.3,10.3,0,78.4,21.6,33688,37982
"10721",42101027500,"42","101","027500",4489,40.039958,-75.132114,"Census Tract 275, Philadelphia County, Pennsylvania",106300,1758,189,6,3.07,2.47,0,0,0,2.4,2,5.1,19.2,26.3,45,0,11.9,12.5,61.5,14,0,68.4,31.6,42938,46261
"10722",42101027600,"42","101","027600",3600,40.04335,-75.139337,"Census Tract 276, Philadelphia County, Pennsylvania",106500,1808,150,5.3,2.71,2.24,0,0.8,4.2,0.8,3.6,12.1,35,20.3,23.3,5.7,23.2,19.3,41.3,7.4,3.2,44.3,55.7,28802,39678
"10723",42101027700,"42","101","027700",4788,40.050472,-75.15121,"Census Tract 277, Philadelphia County, Pennsylvania",91400,2235,307,5.8,2.45,1.88,0,1.6,3.5,0,8.3,4.4,15.3,37.9,29,4.6,21.3,8.5,61.7,3.5,0.5,57.2,42.8,25690,36900
"10724",42101027800,"42","101","027800",4481,40.043379,-75.147079,"Census Tract 278, Philadelphia County, Pennsylvania",91000,2337,360,5.6,2.7,2.5,0,0,0,0.6,11.1,6.9,13.5,24.8,43.1,0,21.7,31.6,34.5,8.3,3.8,46.2,53.8,30647,43974
"10725",42101027901,"42","101","027901",3827,40.045715,-75.154356,"Census Tract 279.01, Philadelphia County, Pennsylvania",90300,1715,354,6,3.53,3.4,0,0,0.8,0.6,4.6,6.1,21.2,16,50.7,1.7,5.1,11.9,75.5,5.8,0,61.9,38.1,28984,31336
"10726",42101027902,"42","101","027902",3873,40.03955,-75.154185,"Census Tract 279.02, Philadelphia County, Pennsylvania",78600,1088,161,6.1,2.68,2.46,0,0,1.7,6.5,3.7,13.3,8,30.5,36.3,0,8.7,19.6,61.8,9.9,0,49.2,50.8,31701,32922
"10727",42101028000,"42","101","028000",4272,40.025523,-75.153701,"Census Tract 280, Philadelphia County, Pennsylvania",70500,1961,199,6,2.86,2.56,0,0,0.7,1.6,6.4,6.6,23.5,27.3,34,3.8,7.3,12,63.8,10,3,60.8,39.2,25267,33152
"10728",42101028100,"42","101","028100",3589,40.030594,-75.148723,"Census Tract 281, Philadelphia County, Pennsylvania",80100,1513,110,6,2.65,2.12,0,0,0.7,0,12.5,5.1,10.2,16.2,55.3,0,12.4,7.7,65.2,13.2,1.5,70.4,29.6,32601,43376
"10729",42101028200,"42","101","028200",4899,40.034542,-75.140291,"Census Tract 282, Philadelphia County, Pennsylvania",93000,2125,181,5.6,3,2.09,0.4,0.5,2.5,1.7,4.1,13.9,18.6,26.4,32,9.1,20.2,15.7,44.6,10.4,0,48.9,51.1,34890,41765
"10730",42101028300,"42","101","028300",6173,40.026454,-75.143771,"Census Tract 283, Philadelphia County, Pennsylvania",85200,2686,468,6,3.31,2.45,0,2,0.8,2.5,6,12.9,17,15.7,43,3.5,14.6,21.2,33.8,15.2,11.6,46.8,53.2,27396,40422
"10731",42101028400,"42","101","028400",4085,40.026324,-75.137937,"Census Tract 284, Philadelphia County, Pennsylvania",81700,1479,117,6.1,3.09,3.7,4.3,0,0,0,2.2,6.3,13.7,29.3,44.3,0.9,2.6,4.8,84.4,6.8,0.5,53.1,46.9,28362,37190
"10732",42101028500,"42","101","028500",2375,40.029058,-75.133574,"Census Tract 285, Philadelphia County, Pennsylvania",88700,876,75,5.5,3.69,2.42,0,0,20.9,1.8,2.1,5.1,10.4,25.5,34.2,6.5,25.6,9,53.4,4.3,1.1,51.9,48.1,30570,34755
"10733",42101028600,"42","101","028600",7124,40.028565,-75.128182,"Census Tract 286, Philadelphia County, Pennsylvania",85000,2534,362,5.9,3.12,3.02,0,0.9,7,3.2,1.5,3.9,17.9,19.4,46.3,0,12.2,8.9,73.6,4.9,0.4,52.1,47.9,31413,36733
"10734",42101028700,"42","101","028700",2507,40.021985,-75.131544,"Census Tract 287, Philadelphia County, Pennsylvania",77400,866,70,5.9,3.06,2.98,0.6,0,9.5,0,18.2,1,9,18,43.6,2.4,10.4,10.6,72.3,4.3,0,46,54,16944,27967
"10735",42101028800,"42","101","028800",4245,40.022171,-75.124141,"Census Tract 288, Philadelphia County, Pennsylvania",75200,1490,62,5.6,3.31,3.44,0,0,8.3,0,1.5,4.3,18.4,20.7,46.8,0,9.2,36.5,45.2,6.6,2.5,49.3,50.7,25121,29760
"10736",42101028901,"42","101","028901",3857,40.019265,-75.115697,"Census Tract 289.01, Philadelphia County, Pennsylvania",82000,1348,154,6,2.53,4.27,1.7,0,0.8,1.7,4.1,3.5,14.2,23.7,50.4,2.7,2.8,26.6,60.8,6.3,0.7,65.2,34.8,30150,35430
"10737",42101028902,"42","101","028902",6315,40.022872,-75.115063,"Census Tract 289.02, Philadelphia County, Pennsylvania",94800,2009,182,6,3.39,4.24,4.2,6.6,1.8,1.3,1.2,2.8,21.4,33.7,27.1,0.6,4.8,13.6,73.9,6.4,0.6,59.6,40.4,34379,41685
"10738",42101029000,"42","101","029000",6160,40.029763,-75.117393,"Census Tract 290, Philadelphia County, Pennsylvania",102900,2215,248,6,3.28,3,0.4,0,0.9,3.3,2.2,8.3,27.3,26,31.6,1.4,9,16.7,63.2,8.7,0.9,53.6,46.4,29521,39359
"10739",42101029100,"42","101","029100",4685,40.033696,-75.107713,"Census Tract 291, Philadelphia County, Pennsylvania",101000,1724,230,5.6,2.8,2.52,1.9,1.8,0,3,6,5.1,36.6,15.7,29.9,0,12.9,22.4,60.3,4.4,0,46.9,53.1,24514,33450
"10740",42101029200,"42","101","029200",4080,40.026241,-75.103081,"Census Tract 292, Philadelphia County, Pennsylvania",114400,1458,215,6.2,3.39,2.31,2.7,0.3,2.5,2.7,2.1,25.2,27.6,13.9,22.9,3,10.6,9.5,60.2,10.8,5.9,69,31,31155,43675
"10741",42101029300,"42","101","029300",2891,40.012912,-75.09064,"Census Tract 293, Philadelphia County, Pennsylvania",77300,1233,339,5.3,3.12,2.48,0.8,0,0,0,2.9,2.9,10.5,15.1,67.8,3.2,19.9,24.8,33.8,17.8,0.5,48.4,51.6,25227,35604
"10742",42101029400,"42","101","029400",3141,40.009891,-75.085224,"Census Tract 294, Philadelphia County, Pennsylvania",55000,1376,262,5.7,3.2,2.87,0,0,0,0,0,3.7,7.2,10,79.1,3.1,10.4,20.4,54.6,9.6,1.9,65.7,34.3,20500,24590
"10743",42101029800,"42","101","029800",4715,40.016198,-75.067773,"Census Tract 298, Philadelphia County, Pennsylvania",87000,1949,226,5.5,2.68,2.67,0,0,0.5,1.4,5.3,6.9,24,29.6,32.3,0,13.2,36.9,46.6,2.9,0.4,48.9,51.1,23777,32767
"10744",42101029900,"42","101","029900",4700,40.013724,-75.07441,"Census Tract 299, Philadelphia County, Pennsylvania",76500,1786,223,5.2,2.82,2.8,0,0,1.8,0.6,4.5,3,21.1,15.9,53,0,13.9,29.5,50.2,6.4,0,47.6,52.4,24552,35865
"10745",42101030000,"42","101","030000",7478,40.018716,-75.077769,"Census Tract 300, Philadelphia County, Pennsylvania",69600,3114,467,5.6,2.74,2.98,0.5,0.4,1.7,3,9.2,8.1,7.2,13.2,56.7,1.5,21.1,13.2,52.8,6.3,5.1,38.4,61.6,27772,40591
"10746",42101030100,"42","101","030100",5869,40.020127,-75.087849,"Census Tract 301, Philadelphia County, Pennsylvania",126500,2557,620,4.4,3.19,2.34,0.8,0,0,0,3.3,2,12.7,8.4,72.8,9.7,32.5,9.5,36.8,6.5,5,48.2,51.8,36021,46193
"10747",42101030200,"42","101","030200",7345,40.026431,-75.082482,"Census Tract 302, Philadelphia County, Pennsylvania",105400,2767,374,5.9,3.11,2.84,0,0.4,1,2,1.2,12.2,18.6,30,34.4,2.6,20.4,5.2,66,5.8,0,70.1,29.9,33601,46871
"10748",42101030501,"42","101","030501",5231,40.042305,-75.099847,"Census Tract 305.01, Philadelphia County, Pennsylvania",112300,1949,180,5.9,2.72,2.81,3.2,0.8,0,0,5.5,8.6,38.1,18.5,25.3,0.7,11.7,17.9,65.8,2.8,1.1,68.9,31.1,35815,42050
"10749",42101030502,"42","101","030502",5839,40.045958,-75.104569,"Census Tract 305.02, Philadelphia County, Pennsylvania",121600,2175,115,6.2,3.13,3.3,1.8,0,0.9,4,2.9,6.7,36.8,23.9,22.9,0,9.3,8.1,78.8,3.3,0.5,69.9,30.1,44318,52365
"10750",42101030600,"42","101","030600",7115,40.050097,-75.094152,"Census Tract 306, Philadelphia County, Pennsylvania",150100,2930,198,5.3,2.85,1.81,0,0.6,0,12.3,6.6,5.5,32,15.8,27.1,5.7,23.6,18.7,44.6,3,4.3,53.9,46.1,33737,49791
"10751",42101030700,"42","101","030700",3235,40.0572,-75.088603,"Census Tract 307, Philadelphia County, Pennsylvania",178200,1562,152,4.7,3.37,2.26,3.1,3.5,2.3,3.3,20.9,16.2,18.6,14.3,17.7,4.5,23.4,34.4,28,8.2,1.4,40.9,59.1,46649,52470
"10752",42101030800,"42","101","030800",4874,40.054613,-75.08224,"Census Tract 308, Philadelphia County, Pennsylvania",181700,1755,60,6.2,3.1,2.64,0,0,0,3,2.2,10.7,48,18.3,17.7,4.6,6.8,10.7,68.7,9.1,0,66.1,33.9,55949,64351
"10753",42101030900,"42","101","030900",3991,40.044594,-75.084271,"Census Tract 309, Philadelphia County, Pennsylvania",137400,1467,99,5.9,3.51,2.92,0,0,0,1.3,3.6,7.3,53.4,22.6,11.8,0,18.4,19.8,53.4,8.3,0,51.8,48.2,38462,48817
"10754",42101031000,"42","101","031000",6755,40.049243,-75.07479,"Census Tract 310, Philadelphia County, Pennsylvania",165400,2295,74,6.3,3.4,2.96,0,0.8,0.7,0,1.3,8.5,50.6,25.4,12.7,0,2.3,13.3,72.6,11.7,0,70.7,29.3,55016,64247
"10755",42101031101,"42","101","031101",4898,40.042473,-75.078741,"Census Tract 311.01, Philadelphia County, Pennsylvania",131500,1733,202,6.2,2.93,3.38,0,0,5,0,2.1,6.3,50.2,22.2,14.1,0,1.2,10.5,76.2,11.5,0.5,66.4,33.6,33537,41665
"10756",42101031102,"42","101","031102",4465,40.03663,-75.083449,"Census Tract 311.02, Philadelphia County, Pennsylvania",125900,1556,149,6.1,3.19,3.15,0,0,1.5,0,3.3,2.3,42.6,34.6,15.6,0,0.8,4.2,92.4,2.5,0.1,77,23,26990,38045
"10757",42101031200,"42","101","031200",4673,40.035684,-75.077409,"Census Tract 312, Philadelphia County, Pennsylvania",134500,1700,110,5.8,3.15,2.39,0,0,0,0,5.7,15.4,32.2,34.6,12.1,0,23.9,6.1,67.9,1.5,0.7,50,50,40132,46019
"10758",42101031300,"42","101","031300",6945,40.039981,-75.070237,"Census Tract 313, Philadelphia County, Pennsylvania",133100,2390,184,5.9,3.46,3.16,0,1.7,0,0.6,2.4,9.2,55.6,17.1,13.5,0.4,12.7,16.9,66.5,1.8,1.8,50,50,31789,45640
"10759",42101031401,"42","101","031401",6664,40.045684,-75.066902,"Census Tract 314.01, Philadelphia County, Pennsylvania",128100,2289,170,6,3.19,2.98,0,0,0.5,0.6,0,8.4,51.6,18.5,20.4,0,3.3,19,74.5,2.7,0.5,54.1,45.9,47801,52468
"10760",42101031402,"42","101","031402",5595,40.043275,-75.06062,"Census Tract 314.02, Philadelphia County, Pennsylvania",121100,1887,105,5.9,2.87,3.4,0,0,0.5,0.2,4.9,8.4,64.8,16.2,5,0,0,23,76.6,0.4,0,69,31,43549,45865
"10761",42101031501,"42","101","031501",6217,40.036789,-75.048193,"Census Tract 315.01, Philadelphia County, Pennsylvania",153100,2388,81,6.1,2.84,2.22,0,0,0.4,0,0.5,2,38.1,30.8,28.3,0.8,13.1,8.9,71.1,5.5,0.7,70.4,29.6,53633,57596
"10762",42101031502,"42","101","031502",4018,40.038447,-75.055227,"Census Tract 315.02, Philadelphia County, Pennsylvania",149300,1576,142,6,2.7,2.78,0,0,0,0.4,7.4,0,48.8,27.7,15.7,1.8,9.3,18,63.4,2.9,4.7,69.3,30.7,51321,56877
"10763",42101031600,"42","101","031600",6045,40.032707,-75.058762,"Census Tract 316, Philadelphia County, Pennsylvania",152600,2161,94,6.1,3.01,2.16,0,0,1,1,0,3.6,42.3,29.6,22.6,1,6.6,7.5,80.3,4.2,0.5,79.2,20.8,41788,56160
"10764",42101031700,"42","101","031700",6093,40.030804,-75.067455,"Census Tract 317, Philadelphia County, Pennsylvania",137400,2358,203,6.1,3.02,2.8,1.4,0,0,1.1,0.9,8.4,50.8,21,16.4,0,4.5,15.7,74.3,5.5,0,69.7,30.3,43393,53130
"10765",42101031800,"42","101","031800",4017,40.030854,-75.077847,"Census Tract 318, Philadelphia County, Pennsylvania",121600,1546,80,5.8,2.87,2.16,0,0,7.1,0.2,4.9,14.8,35.6,23,14.4,0,17.4,24.1,53.4,4.6,0.5,58.4,41.6,38782,45080
"10766",42101031900,"42","101","031900",4971,40.023038,-75.063371,"Census Tract 319, Philadelphia County, Pennsylvania",113300,1849,225,6,2.85,3.05,0,0,0.4,0,4.9,7.8,25.9,29.5,31.5,2.3,5.2,12.5,70.6,7.5,1.9,62.6,37.4,40536,47251
"10767",42101032000,"42","101","032000",6599,40.026567,-75.055595,"Census Tract 320, Philadelphia County, Pennsylvania",131200,2713,143,5.9,2.77,2.64,0,0,0.8,0,1.9,4,51.3,23.2,18.8,0.6,5.6,17.6,74.4,0.9,1,65.4,34.6,40969,47664
"10768",42101032100,"42","101","032100",3903,40.017071,-75.058959,"Census Tract 321, Philadelphia County, Pennsylvania",103500,1581,182,5.5,3.27,2.85,5.4,0,0.4,5,11.3,3.3,19.7,22.1,32.8,0,20,28.3,43.8,6.7,1.2,52.7,47.3,32933,38179
"10769",42101032300,"42","101","032300",3835,40.021562,-75.051767,"Census Tract 323, Philadelphia County, Pennsylvania",97500,1574,289,5.5,2.41,2.34,0,0,1,2,1.5,16.5,31.1,15.1,32.9,0,15.8,33.3,50.4,0,0.4,49.1,50.9,33036,37902
"10770",42101032500,"42","101","032500",5766,40.026145,-75.045883,"Census Tract 325, Philadelphia County, Pennsylvania",119900,2343,388,5.5,3.37,2.23,0.4,0,0,0,3.9,3.3,20.6,20.3,51.5,3.9,21.5,25.3,37.8,9.2,2.3,52.2,47.8,35922,43410
"10771",42101032600,"42","101","032600",6942,40.0308,-75.039698,"Census Tract 326, Philadelphia County, Pennsylvania",135000,2681,274,6,2.79,2.43,0,0,5.2,0,0.4,4,25.4,21,44.1,0,11.5,11.4,70.9,6.3,0,71.5,28.5,36416,47562
"10772",42101032900,"42","101","032900",4089,40.037174,-75.027543,"Census Tract 329, Philadelphia County, Pennsylvania",121100,1805,129,5.7,2.39,2.41,0.7,0.3,2.2,3.2,8.1,12.6,24.1,26.1,22.8,0,26.6,16.7,51.4,3.3,1.9,56.1,43.9,32717,45073
"10773",42101033000,"42","101","033000",7645,40.034455,-75.033888,"Census Tract 330, Philadelphia County, Pennsylvania",130600,2848,128,6.1,2.76,3.32,0,0.5,0.5,0.6,3.7,4.1,28.9,32,29.7,0,6.8,5.8,85.2,1.3,0.9,71,29,38062,42052
"10774",42101033101,"42","101","033101",4913,40.040389,-75.037927,"Census Tract 331.01, Philadelphia County, Pennsylvania",156300,1947,67,6.2,2.64,2.31,0,0,0,3.4,1,14.7,18.9,32.6,29.4,0,12.4,7,78.2,2.4,0,81.7,18.3,53350,60057
"10775",42101033102,"42","101","033102",4145,40.044684,-75.028211,"Census Tract 331.02, Philadelphia County, Pennsylvania",144800,1860,201,5.7,2.72,1.93,0,0.8,1.1,1.6,4.1,15.9,32.2,22.7,21.6,1.8,14.5,28.5,51.8,1.7,1.7,59.4,40.6,46523,54089
"10776",42101033200,"42","101","033200",2741,40.043395,-75.048024,"Census Tract 332, Philadelphia County, Pennsylvania",209400,1024,113,6.2,3.25,1.67,0,0,0,1.1,0,8.8,67.4,12.3,10.4,0,3,13.4,79.2,4.4,0,82.2,17.8,54292,64596
"10777",42101033300,"42","101","033300",4244,40.055555,-75.043866,"Census Tract 333, Philadelphia County, Pennsylvania",217900,1771,100,5.3,2.58,1.43,0,1.9,6.5,10.8,12.6,9.8,39.8,6.4,12,1.8,23,25.9,43.4,4.4,1.5,57.9,42.1,43018,60088
"10778",42101033400,"42","101","033400",4734,40.053948,-75.052825,"Census Tract 334, Philadelphia County, Pennsylvania",199100,2070,147,5.3,2.68,1.87,0.7,0.6,0.5,2,14.4,26.9,38.6,9.5,6.9,1.4,18,32.3,41.8,5.3,1.2,54.1,45.9,41214,52269
"10779",42101033500,"42","101","033500",3680,40.055246,-75.064574,"Census Tract 335, Philadelphia County, Pennsylvania",184800,1453,82,6.1,2.65,2.78,0,0,2.6,1,9.8,16.2,51.1,16.2,3.1,2.5,9.8,16,68.6,1.6,1.5,68.4,31.6,50339,58991
"10780",42101033600,"42","101","033600",6866,40.061654,-75.05979,"Census Tract 336, Philadelphia County, Pennsylvania",227500,2928,185,5.7,3.14,2.12,0,0,1.9,1.5,13.5,25,36.3,6.7,15.1,1.9,18.4,26.1,41.8,9.9,1.9,44.8,55.2,53342,59401
"10781",42101033701,"42","101","033701",5128,40.067129,-75.048078,"Census Tract 337.01, Philadelphia County, Pennsylvania",184000,2392,269,4.6,2.8,1.56,0,2.5,0.7,0.6,9.8,28.3,45.8,10.3,2.1,7,28.4,19.6,40.7,1.9,2.4,48.5,51.5,26354,38551
"10782",42101033702,"42","101","033702",5175,40.070365,-75.056699,"Census Tract 337.02, Philadelphia County, Pennsylvania",191400,2054,108,6.4,2.92,2.11,0,3.4,0,7.3,5.6,19.5,47.7,11,5.6,0,5.4,20.4,59.7,11.6,2.8,74.5,25.5,54485,61610
"10783",42101033800,"42","101","033800",6040,40.062041,-75.073718,"Census Tract 338, Philadelphia County, Pennsylvania",197900,2616,217,5.3,2.96,1.99,0,1.3,15,7.4,6.9,18.2,25.8,8.3,17,1,24.9,20.2,44.8,6,3.1,60.5,39.5,44865,60614
"10784",42101033900,"42","101","033900",2924,40.067507,-75.08485,"Census Tract 339, Philadelphia County, Pennsylvania",197900,1304,98,5.8,3.01,1.37,0,0,1.5,0.9,6.7,20.5,40,13.9,16.5,1.2,22.4,15.7,49,11.7,0,67.2,32.8,48088,62610
"10785",42101034000,"42","101","034000",2872,40.071019,-75.073384,"Census Tract 340, Philadelphia County, Pennsylvania",216500,1088,0,6.4,2.87,2.78,0.7,6.2,0.6,3.6,9.1,19.2,50.8,8.2,1.6,0,4.9,11.9,65.9,17.3,0,92.4,7.6,60875,69280
"10786",42101034100,"42","101","034100",5577,40.07667,-75.080339,"Census Tract 341, Philadelphia County, Pennsylvania",211200,2514,67,5.5,3.15,1.61,0.6,1.8,3.4,2.3,4.8,20.2,29.4,13,24.5,0,27,24.7,34.4,8.2,5.7,59.2,40.8,51125,56575
"10787",42101034200,"42","101","034200",3399,40.081288,-75.072004,"Census Tract 342, Philadelphia County, Pennsylvania",243100,1633,156,4.8,2.72,1.49,14.1,0.7,3.7,8.2,17.3,38.4,16.4,0.7,0.6,2.8,14,46,26.3,10.8,0,49.6,50.4,52841,62486
"10788",42101034400,"42","101","034400",7662,40.092691,-75.054463,"Census Tract 344, Philadelphia County, Pennsylvania",279300,2733,241,7,3.16,1.74,2.5,0.5,1.3,4.8,16.8,38.3,28.8,2.3,4.6,0,2.2,14.1,55.3,23.1,5.3,91,9,81481,89488
"10789",42101034501,"42","101","034501",3370,40.074492,-75.03905,"Census Tract 345.01, Philadelphia County, Pennsylvania",215200,1917,101,3.5,3.45,1.72,0,0.4,5,23,17.6,25.9,16.8,1.5,9.8,7,44.2,34.8,10.6,3.3,0,12.8,87.2,25271,36639
"10790",42101034502,"42","101","034502",5285,40.081628,-75.038977,"Census Tract 345.02, Philadelphia County, Pennsylvania",188800,2526,235,4.6,2.43,2.2,5.6,1.1,9.5,23.9,22.4,16.3,13.7,4.4,3,0.7,20.2,57,16.9,4.9,0.3,41.6,58.4,41719,49415
"10791",42101034600,"42","101","034600",2250,40.069707,-75.027843,"Census Tract 346, Philadelphia County, Pennsylvania",195600,1318,147,3.9,2.45,1.75,4.8,8.3,17.1,7.5,25.1,22.5,8.3,6.3,0,2,42,48.6,5.5,1.3,0.5,22.6,77.4,32404,40091
"10792",42101034701,"42","101","034701",6399,40.064909,-75.032393,"Census Tract 347.01, Philadelphia County, Pennsylvania",208400,2493,109,6,3.11,1.42,0,0.2,0,0,9.2,37.7,47.9,2.2,2.8,0,17.9,9.6,59.9,12.6,0,76.5,23.5,51750,58623
"10793",42101034702,"42","101","034702",3807,40.058129,-75.02778,"Census Tract 347.02, Philadelphia County, Pennsylvania",223200,1444,7,6.6,2.94,2.34,0,0,0.4,0.7,18.7,20.2,45.9,9.8,4.3,0,8,7.9,69.6,13.5,1,88,12,73266,84342
"10794",42101034801,"42","101","034801",4299,40.055231,-75.016409,"Census Tract 348.01, Philadelphia County, Pennsylvania",162300,1912,12,5.5,2.26,2.06,0,0,2.1,3.2,5.1,14.5,22.3,46.2,6.6,0,14.1,38.4,43,3.2,1.3,49,51,42853,55210
"10795",42101034802,"42","101","034802",5373,40.064701,-75.014127,"Census Tract 348.02, Philadelphia County, Pennsylvania",206700,2301,90,5.4,2.66,2.51,0,0.8,3.1,5.6,20.4,26.9,32.1,7.4,3.8,0.5,12.3,36.6,37.6,11.2,1.7,49.5,50.5,47818,57853
"10796",42101034803,"42","101","034803",4390,40.062613,-75.004574,"Census Tract 348.03, Philadelphia County, Pennsylvania",206300,1788,78,6.3,2.92,2.34,0,0,0,0.4,11.5,31.4,45.3,9.5,1.8,0.8,5.2,14.8,71.9,7.3,0,78,22,59031,69222
"10797",42101034900,"42","101","034900",5543,40.04468,-75.012875,"Census Tract 349, Philadelphia County, Pennsylvania",140200,2615,405,5.1,3.21,2.49,1.3,0,4.6,3,9.6,41.1,24.8,4.5,11.1,4,14,29.6,42.1,8.8,1.6,56.2,43.8,34216,44493
"10798",42101035100,"42","101","035100",4086,40.04746,-74.987342,"Census Tract 351, Philadelphia County, Pennsylvania",187500,2343,318,4.4,1.85,1.38,0.5,0,1.8,24.8,48.9,10,1.6,5.2,7.1,6.1,28.6,50.7,11.5,2.5,0.6,62.2,37.8,43323,67737
"10799",42101035200,"42","101","035200",4482,40.057088,-74.991991,"Census Tract 352, Philadelphia County, Pennsylvania",226500,1759,56,6.2,2.84,2.24,1.8,0.4,5.1,9.6,32.3,21.2,15.6,5.2,8.9,2.2,3.2,25.8,53.3,14,1.4,78.4,21.6,72987,75324
"10800",42101035301,"42","101","035301",5300,40.068491,-74.987722,"Census Tract 353.01, Philadelphia County, Pennsylvania",189800,2017,37,6.4,3.1,1.41,0.8,0.7,1.7,7,22.6,52.8,12.3,2,0,0.7,4.1,13.3,79.9,1.7,0.2,87.9,12.1,70305,69204
"10801",42101035302,"42","101","035302",4462,40.07563,-74.993987,"Census Tract 353.02, Philadelphia County, Pennsylvania",215300,1977,128,6,2.77,2.05,0.8,0,1.9,2.7,25.7,53.3,9.9,5,0.8,1.7,12.7,32.2,47,6.4,0,65,35,56829,64935
"10802",42101035500,"42","101","035500",7282,40.090559,-75.027747,"Census Tract 355, Philadelphia County, Pennsylvania",224800,3038,162,5.7,2.78,2.25,0,1.8,2.3,4.5,30.2,29.4,25.3,2,4.5,0.6,11.4,30.1,47.6,7.7,2.7,67.6,32.4,53977,69168
"10803",42101035601,"42","101","035601",5439,40.097226,-75.036507,"Census Tract 356.01, Philadelphia County, Pennsylvania",259700,2400,35,5.6,2.88,1.18,1.7,1.4,7.3,19,17,21.4,25,7.2,0,2.3,16.1,26.2,42.5,12.4,0.6,69.6,30.4,45089,65562
"10804",42101035602,"42","101","035602",3617,40.105001,-75.043323,"Census Tract 356.02, Philadelphia County, Pennsylvania",270400,1272,50,6.2,3.01,2.12,3.2,2.8,5.5,2.3,17.2,39.9,24.4,3,1.7,0,14.3,10.8,52.5,18.2,4.1,77.9,22.1,68333,92234
"10805",42101035701,"42","101","035701",4745,40.110291,-75.028108,"Census Tract 357.01, Philadelphia County, Pennsylvania",218600,2110,164,4.4,2.83,2.5,0,0,2.9,8.5,29.1,41.8,13.3,4.4,0,6.9,21.6,44.8,20.5,6.2,0,38,62,39047,48305
"10806",42101035702,"42","101","035702",4405,40.115486,-75.035055,"Census Tract 357.02, Philadelphia County, Pennsylvania",226300,1786,334,4.8,3.02,2.11,0,0,0,4.2,42.2,45.2,6.4,0.9,1.1,1.8,3.5,70.4,17.2,7,0,42,58,43281,51318
"10807",42101035800,"42","101","035800",5948,40.121146,-75.025879,"Census Tract 358, Philadelphia County, Pennsylvania",230800,2354,78,6.5,2.89,1.69,0.7,0,0.9,7,38.6,35.3,8.9,3.6,5,1.7,8.1,17.8,56.5,16,0,91,9,66618,74868
"10808",42101035900,"42","101","035900",5309,40.111941,-75.018526,"Census Tract 359, Philadelphia County, Pennsylvania",241900,2186,137,6,2.82,1.84,0,0,5.8,27.4,18,22.5,20.3,4.3,1.7,2.2,14.3,19.2,51.2,12.5,0.6,68.4,31.6,53717,68116
"10809",42101036000,"42","101","036000",3201,40.100537,-75.015661,"Census Tract 360, Philadelphia County, Pennsylvania",233100,1147,138,5.6,3.11,1.41,3.7,5.6,4,23.2,16.4,37.6,7.6,0.8,1.2,12.4,24.1,7.1,31.7,22.1,2.6,63.7,36.3,58355,62540
"10810",42101036100,"42","101","036100",4083,40.097193,-74.988418,"Census Tract 361, Philadelphia County, Pennsylvania",230200,1607,93,6.1,2.92,2.65,0,0,0.6,8,22.8,37.3,25,5.2,1.1,1.6,13.8,19.1,54.5,10.5,0.6,62,38,54008,56785
"10811",42101036201,"42","101","036201",4744,40.080577,-74.987012,"Census Tract 362.01, Philadelphia County, Pennsylvania",205200,2034,30,6,2.82,1.65,0,0,1.5,5.8,31.2,48.4,10,3.2,0,2.9,7.7,35,48.5,5.4,0.5,71.1,28.9,52611,61897
"10812",42101036202,"42","101","036202",6138,40.085095,-74.978965,"Census Tract 362.02, Philadelphia County, Pennsylvania",224700,2397,185,6.4,2.87,3.3,0,0,2.7,2.9,30.3,46.4,14.6,1.5,1.6,0.5,0.5,23.2,66,9.8,0,88.9,11.1,66029,72317
"10813",42101036203,"42","101","036203",5129,40.078138,-74.972894,"Census Tract 362.03, Philadelphia County, Pennsylvania",206700,1892,133,6.5,2.73,1.7,0.6,0,6.2,5,21.9,31.9,26.2,3.3,4.9,4.2,0.6,6.5,73.6,12.7,2.3,88.8,11.2,51222,72148
"10814",42101036301,"42","101","036301",3695,40.093495,-74.967575,"Census Tract 363.01, Philadelphia County, Pennsylvania",200900,1373,113,6.4,3.25,2.59,0,0,7.3,1.8,31.4,41.2,13.8,2.7,1.7,0,3.1,17.1,73.1,6.6,0,79.4,20.6,54817,76142
"10815",42101036302,"42","101","036302",3543,40.097332,-74.980551,"Census Tract 363.02, Philadelphia County, Pennsylvania",189900,1354,99,5.8,2.88,2.4,2.2,0.5,0,3,32.6,40.1,16,1.3,4.3,0.7,6.1,26.1,61.4,5.6,0,77.8,22.2,66215,65661
"10816",42101036303,"42","101","036303",6726,40.100903,-74.97195,"Census Tract 363.03, Philadelphia County, Pennsylvania",207100,2428,158,6.5,3.09,1.13,0,0,2,2.9,18.2,63,8.9,2.7,2.3,0,8.5,6.1,81.7,3.7,0,88.2,11.8,62161,74380
"10817",42101036400,"42","101","036400",703,40.113225,-74.986611,"Census Tract 364, Philadelphia County, Pennsylvania",88800,31,0,7.7,2.32,NA,0,0,16.1,0,12.9,12.9,41.9,0,16.1,16.1,12.9,0,54.8,0,16.1,100,0,44063,117619
"10818",42101036501,"42","101","036501",5562,40.129258,-75.013491,"Census Tract 365.01, Philadelphia County, Pennsylvania",269600,2323,118,5.2,3.26,1.75,1.7,1.9,4.1,24,22,24.3,14.3,2.2,5.6,11,9,36.5,27.3,12.4,3.8,53.8,46.2,49798,72419
"10819",42101036502,"42","101","036502",4077,40.123399,-74.997321,"Census Tract 365.02, Philadelphia County, Pennsylvania",275200,1507,139,6.6,2.88,3.03,0,4.5,9.4,26.5,10.6,24.5,20.2,1.7,2.6,1.1,0,8.8,67.4,15.3,7.4,91.9,8.1,78750,89789
"10820",42101036600,"42","101","036600",1643,39.945766,-75.140267,"Census Tract 366, Philadelphia County, Pennsylvania",439700,1168,446,4,1.87,1.71,19.2,35.7,18.2,18.4,2.1,1.1,0.6,0,4.7,0,42.2,40.4,14.7,2.7,0,63.6,36.4,131848,160802
"10821",42101036700,"42","101","036700",2542,39.961798,-75.144424,"Census Tract 367, Philadelphia County, Pennsylvania",325500,1520,233,4.1,2.3,1.53,14.6,9.3,5.2,3.4,9.5,3.9,7.9,2.4,43.8,2.1,38.4,32,20.8,4.4,2.2,45.7,54.3,77060,98238
"10822",42101036900,"42","101","036900",6966,39.952851,-75.194395,"Census Tract 369, Philadelphia County, Pennsylvania",NA,704,63,3.1,NA,1.71,35.8,8.2,3.1,8.5,11.9,11.8,3.1,2.6,14.9,7.1,48.9,44,0,0,0,0,100,48144,71255
"10823",42101037200,"42","101","037200",4244,39.914168,-75.163318,"Census Tract 372, Philadelphia County, Pennsylvania",177400,1831,111,5.6,2.74,1.46,0.8,0,0,0.6,3.5,3.3,13.7,20.3,57.8,1.3,9.7,22,60.2,4.4,2.3,75.6,24.4,44313,57639
"10824",42101037300,"42","101","037300",5137,39.9085,-75.181786,"Census Tract 373, Philadelphia County, Pennsylvania",320100,2375,201,5.6,2.52,1.55,15.5,8.2,4.3,8.4,3.7,25.2,18.7,5.3,10.8,0,26.3,16.5,50.4,4.1,2.7,60.6,39.4,48163,64246
"10825",42101037500,"42","101","037500",3771,39.985182,-75.252275,"Census Tract 375, Philadelphia County, Pennsylvania",228200,1611,84,5.1,2.65,1.78,0,1.7,3.4,22.1,4.3,4.1,4.6,16.1,43.6,2.5,21.9,27.9,25.6,4.9,17.2,48.5,51.5,72063,78318
"10826",42101037600,"42","101","037600",2986,39.960125,-75.156953,"Census Tract 376, Philadelphia County, Pennsylvania",266100,1154,250,3.4,2.03,1.74,5.7,4.1,14.5,3.4,1.5,10.7,4.3,3.2,52.7,9,42,28.2,19.8,1,0,24.3,75.7,56350,66235
"10827",42101037700,"42","101","037700",5635,39.982744,-75.151179,"Census Tract 377, Philadelphia County, Pennsylvania",70600,1509,252,5,2.52,2.92,1,3.6,10.3,1.6,16.7,3.2,14.2,17.4,31.9,1.9,32.1,14.2,25.4,15.8,10.7,31.7,68.3,14838,27389
"10828",42101037800,"42","101","037800",2504,39.979818,-75.111041,"Census Tract 378, Philadelphia County, Pennsylvania",117600,1140,305,5,2.05,2.2,3.1,0,1.2,0.8,0,5.8,8.7,3.9,76.5,0,12.9,46.8,34.2,5.4,0.7,59.6,40.4,34179,43058
"10829",42101037900,"42","101","037900",5315,39.987919,-75.097757,"Census Tract 379, Philadelphia County, Pennsylvania",146700,2253,312,5.6,2.36,1.84,0.6,2.6,0,4.2,1,1.6,21,13.5,55.4,0.7,2,32.7,62.2,2.4,0,76.6,23.4,34464,44453
"10830",42101038000,"42","101","038000",2375,40.006426,-75.077507,"Census Tract 380, Philadelphia County, Pennsylvania",93600,931,139,5.5,3.24,2.38,0,0,0,1.9,3,4.8,3.9,18.5,67.9,0,10.8,26.1,52.4,9.2,1.4,59.6,40.4,39500,42604
"10831",42101038100,"42","101","038100",833,40.013687,-75.057257,"Census Tract 381, Philadelphia County, Pennsylvania",136500,342,72,5.9,1.35,2.75,0,0,0,0,2.9,5.6,24.6,26.9,40.1,0,2.3,29.2,48.2,14.9,5.3,41.9,58.1,21667,29595
"10832",42101038200,"42","101","038200",2631,39.996175,-75.100294,"Census Tract 382, Philadelphia County, Pennsylvania",90000,1002,91,5.7,2.83,3.22,0,0,2.5,0,1.6,0.5,9,17.2,69.3,0,4.5,27.8,58.1,9.6,0,72.9,27.1,26005,34279
"10833",42101038300,"42","101","038300",4157,40.012596,-75.129509,"Census Tract 383, Philadelphia County, Pennsylvania",49100,1089,181,5.6,3.3,4.07,0,0,0,0,8.6,7.6,13.9,19.7,50.1,2.7,0.8,44.2,47.9,4.1,0.3,57.5,42.5,23125,28543
"10834",42101038400,"42","101","038400",2437,40.069351,-75.234576,"Census Tract 384, Philadelphia County, Pennsylvania",288300,942,32,6.6,2.88,1.77,3.1,0,3.6,19.7,15.4,11.6,35.8,7.6,3.2,1.6,6.7,19.2,42.6,25.7,4.2,78.2,21.8,69000,92141
"10835",42101038500,"42","101","038500",1888,40.074828,-75.210895,"Census Tract 385, Philadelphia County, Pennsylvania",561000,931,114,6.3,2.68,1.25,0.3,2,0.9,1,5.6,15.6,10.7,3.3,60.6,1.8,23.7,17.6,21.6,16.1,19.1,67.7,32.3,86915,143673
"10836",42101038600,"42","101","038600",1320,40.055892,-75.207054,"Census Tract 386, Philadelphia County, Pennsylvania",509800,591,8,6.6,3.02,1.56,1.2,5.2,0,3.7,14.7,9.1,33.8,8.6,23.5,0,14,24.5,27.7,18.1,15.6,58.7,41.3,68984,127704
"10837",42101038700,"42","101","038700",2348,40.081461,-75.212139,"Census Tract 387, Philadelphia County, Pennsylvania",444800,698,28,7.4,2.48,1.98,0,1,0.6,7.2,4.6,7,12.3,4.4,62.9,4,4.6,14.9,19.6,25.1,31.8,80.7,19.3,94444,123586
"10838",42101038800,"42","101","038800",3718,40.055908,-75.194938,"Census Tract 388, Philadelphia County, Pennsylvania",252500,1846,197,6,2.45,1.55,0,0.7,0.7,2.3,3.1,10.5,8.1,11.5,63.2,5.3,10.9,23.5,29.5,16.7,14.1,64.2,35.8,78411,86164
"10839",42101038900,"42","101","038900",3080,40.055245,-75.17002,"Census Tract 389, Philadelphia County, Pennsylvania",176600,1384,262,5.7,2.64,2.05,6.3,0,0,1.6,6.1,5.4,42.6,20.7,17.3,5.8,6.9,29.7,46.1,8.5,3,58.8,41.2,46081,50172
"10840",42101039000,"42","101","039000",8154,40.033342,-75.090527,"Census Tract 390, Philadelphia County, Pennsylvania",104900,2825,352,5.9,3.34,2.84,0.4,1.4,1.5,1.3,2.7,13.9,29.3,29.7,19.9,1.1,6,14.7,71.9,6.3,0,51.5,48.5,31961,41079
"10841",42101980000,"42","101","980000",601,39.967498,-75.189446,"Census Tract 9800, Philadelphia County, Pennsylvania",199200,202,64,4.1,1.54,5.3,0,0,5,7.4,6.4,15.8,29.2,5.4,30.7,0,10.4,77.7,5.4,0,6.4,42.8,57.2,16500,39582
"10842",42101980100,"42","101","980100",74,40.034481,-75.20806,"Census Tract 9801, Philadelphia County, Pennsylvania",NA,24,0,3.9,NA,NA,0,0,0,0,41.7,41.7,0,0,16.7,0,16.7,83.3,0,0,0,41.7,58.3,47857,36988
"10843",42101980200,"42","101","980200",504,40.065274,-75.044983,"Census Tract 9802, Philadelphia County, Pennsylvania",429400,24,0,8.4,3.5,NA,0,12.5,0,37.5,33.3,16.7,0,0,0,0,0,0,50,50,0,100,0,143889,122842
"10844",42101980300,"42","101","980300",2,40.081206,-75.010697,"Census Tract 9803, Philadelphia County, Pennsylvania",NA,0,0,NA,NA,NA,NA,NA,NA,NA,NA,NA,NA,NA,NA,NA,NA,NA,NA,NA,NA,NA,NA,NA,NA
"10845",42101980400,"42","101","980400",0,39.879889,-75.233741,"Census Tract 9804, Philadelphia County, Pennsylvania",NA,0,0,NA,NA,NA,NA,NA,NA,NA,NA,NA,NA,NA,NA,NA,NA,NA,NA,NA,NA,NA,NA,NA,NA
"10846",42101980500,"42","101","980500",0,40.017758,-75.144182,"Census Tract 9805, Philadelphia County, Pennsylvania",NA,0,0,NA,NA,NA,NA,NA,NA,NA,NA,NA,NA,NA,NA,NA,NA,NA,NA,NA,NA,NA,NA,NA,NA
"10847",42101980600,"42","101","980600",0,39.905537,-75.170715,"Census Tract 9806, Philadelphia County, Pennsylvania",NA,0,0,NA,NA,NA,NA,NA,NA,NA,NA,NA,NA,NA,NA,NA,NA,NA,NA,NA,NA,NA,NA,NA,NA
"10848",42101980700,"42","101","980700",5,39.904288,-75.151213,"Census Tract 9807, Philadelphia County, Pennsylvania",NA,0,0,NA,NA,NA,NA,NA,NA,NA,NA,NA,NA,NA,NA,NA,NA,NA,NA,NA,NA,NA,NA,NA,NA
"10849",42101980800,"42","101","980800",6,39.974118,-75.268524,"Census Tract 9808, Philadelphia County, Pennsylvania",NA,0,0,NA,NA,NA,NA,NA,NA,NA,NA,NA,NA,NA,NA,NA,NA,NA,NA,NA,NA,NA,NA,NA,NA
"10850",42101980900,"42","101","980900",30,39.900762,-75.233169,"Census Tract 9809, Philadelphia County, Pennsylvania",NA,0,0,NA,NA,NA,NA,NA,NA,NA,NA,NA,NA,NA,NA,NA,NA,NA,NA,NA,NA,NA,NA,NA,NA
"10851",42101989100,"42","101","989100",7765,40.034962,-75.010851,"Census Tract 9891, Philadelphia County, Pennsylvania",NA,0,0,NA,NA,NA,NA,NA,NA,NA,NA,NA,NA,NA,NA,NA,NA,NA,NA,NA,NA,NA,NA,NA,NA
"10852",42103950102,"42","103","950102",2475,41.41463,-74.916947,"Census Tract 9501.02, Pike County, Pennsylvania",232300,1786,723,5.6,2.56,1.85,2.4,8.4,13.2,24.2,21.3,19.1,4.5,3.5,3.5,2,8.6,30.4,47.8,9,2.2,77.2,22.8,54417,76043
"10853",42103950103,"42","103","950103",2469,41.368009,-74.702381,"Census Tract 9501.03, Pike County, Pennsylvania",201000,1026,100,5.8,2.75,1.66,1.4,5.4,9.2,7.9,4.5,8.2,14.7,11.4,37.4,0,9.2,25.5,46.4,16.7,2.2,69.8,30.2,61438,67087
"10854",42103950104,"42","103","950104",2323,41.366063,-74.740498,"Census Tract 9501.04, Pike County, Pennsylvania",236000,1165,225,5.9,2.5,2.18,4.5,13.1,8.2,21.9,11.9,10.4,4.6,10,15.5,0.3,9.5,27.8,42.7,15.2,4.5,77.4,22.6,53200,80129
"10855",42103950201,"42","103","950201",3497,41.505102,-75.073305,"Census Tract 9502.01, Pike County, Pennsylvania",224600,3778,2171,5.5,2.25,2.23,1.9,11.1,19.3,34.3,17.8,4.8,2.4,1.6,6.8,0.4,3.2,20.1,62.3,10.2,3.8,92.2,7.8,58536,78250
"10856",42103950202,"42","103","950202",1497,41.438007,-75.019318,"Census Tract 9502.02, Pike County, Pennsylvania",198400,733,192,6.1,2.53,2.93,5.7,0,11.6,18.6,2.6,12.8,11.1,10,27.7,0,10.6,19.5,41.5,14.9,13.5,90,10,43059,60744
"10857",42103950301,"42","103","950301",2578,41.391438,-75.213603,"Census Tract 9503.01, Pike County, Pennsylvania",228800,2606,1478,5.1,2.44,2.1,5.9,12.7,14.7,16.9,18.5,17.1,3.1,2.8,8.2,1.1,4.1,28.8,48.7,14,3.3,85.5,14.5,56250,73554
"10858",42103950302,"42","103","950302",734,41.393073,-75.244452,"Census Tract 9503.02, Pike County, Pennsylvania",330200,1430,1057,5.2,1.81,1.48,4.3,2.9,11.7,20.6,16.1,13.6,11.7,10.3,8.8,0,5.7,31.8,46,12.1,4.3,82,18,54519,64108
"10859",42103950501,"42","103","950501",1656,41.390799,-75.09651,"Census Tract 9505.01, Pike County, Pennsylvania",207100,886,260,5.9,2.1,1.6,11.1,2.4,14.4,24.5,3.6,8.5,12,9.3,14.3,0,13,28.1,42.1,12.5,4.3,82.9,17.1,37738,50948
"10860",42103950502,"42","103","950502",3163,41.319359,-75.056491,"Census Tract 9505.02, Pike County, Pennsylvania",247700,3055,1726,5.7,2.45,2.28,1.6,8.5,16.5,21.7,33.2,11.3,1.4,1.7,4.2,0.3,2.7,13,64,17,3,87.8,12.2,49760,63128
"10861",42103950601,"42","103","950601",1530,41.341342,-74.817628,"Census Tract 9506.01, Pike County, Pennsylvania",272200,802,65,6.3,2.44,2.29,3.7,17.8,11.1,25.8,12,4.5,8.6,4.2,12.2,0,9.1,17.2,51.2,19.7,2.7,84,16,76477,91088
"10862",42103950603,"42","103","950603",1021,41.324188,-74.801914,"Census Tract 9506.03, Pike County, Pennsylvania",350900,532,37,5.2,2.36,1.65,0.6,1.5,6.4,3.6,6,6.6,7.9,11.3,56.2,5.3,24.6,25.2,23.1,16.2,5.6,51.7,48.3,36442,61436
"10863",42103950605,"42","103","950605",5847,41.314393,-74.960852,"Census Tract 9506.05, Pike County, Pennsylvania",223000,3122,1176,5.5,3.05,3.26,7.3,9.6,25.4,34.1,16.5,2.2,1.7,0,3.3,1.2,12.1,11.3,59.8,13.7,1.9,96.4,3.6,66071,78537
"10864",42103950606,"42","103","950606",6079,41.318824,-74.889226,"Census Tract 9506.06, Pike County, Pennsylvania",253900,2465,296,6.5,2.77,1.95,6.7,14.1,26.2,24.1,10.5,2.1,1.6,2.3,12.4,0,3,13.3,61.7,16.1,5.8,90.9,9.1,73948,82410
"10865",42103950701,"42","103","950701",3817,41.216671,-74.947339,"Census Tract 9507.01, Pike County, Pennsylvania",174800,2178,766,5.4,2.5,2.04,8.4,6.1,11.7,28.3,36.4,0.8,4.3,0,4,0,6,24.8,52.5,14,2.8,87.4,12.6,62639,65580
"10866",42103950702,"42","103","950702",3579,41.258828,-74.922993,"Census Tract 9507.02, Pike County, Pennsylvania",216100,2107,673,6,2.75,2.89,2,15.5,18.9,19.3,24.5,14.2,2,0.6,2.9,1.5,0,26,54.2,13.8,4.5,87.8,12.2,60824,66066
"10867",42103950801,"42","103","950801",5278,41.152193,-74.976586,"Census Tract 9508.01, Pike County, Pennsylvania",167900,2896,1033,5.6,2.7,2.4,3.2,7.1,36,28.5,14.6,3.6,0.4,2,4.4,1.9,1.6,16.3,55.2,24.4,0.6,81.2,18.8,57561,58701
"10868",42103950802,"42","103","950802",5385,41.12142,-75.041291,"Census Tract 9508.02, Pike County, Pennsylvania",180600,3433,1531,5.9,2.9,2.94,9.1,15.5,16.4,44.8,9.6,1.5,1.8,1.3,0,0,2.6,20.1,45.7,29.9,1.6,80.4,19.6,59261,72850
"10869",42103950900,"42","103","950900",4441,41.300938,-75.25826,"Census Tract 9509, Pike County, Pennsylvania",215400,4304,2588,5.1,2.53,2.72,4.2,5.8,15.4,19.8,16.3,10.2,6.4,5.3,16.6,2.5,10.2,26.6,44,13.4,3.4,83.1,16.9,51087,74071
"10870",42105950100,"42","105","950100",4584,41.921282,-77.769941,"Census Tract 9501, Potter County, Pennsylvania",92500,2918,987,5.4,2.56,2.38,2.2,3.9,12.4,16.3,18.9,5.5,5.6,4.2,31.1,2.7,11.1,28.7,35.8,16,5.7,75.8,24.2,38931,50910
"10871",42105950200,"42","105","950200",3284,41.933093,-78.12374,"Census Tract 9502, Potter County, Pennsylvania",83800,1933,627,5.9,2.52,2.07,1.4,3.8,10,14.4,14.8,9.3,8.9,5,32.4,1.9,11.8,27.2,37.9,14.7,6.6,77.6,22.4,37679,44688
"10872",42105950300,"42","105","950300",4307,41.772278,-77.996264,"Census Tract 9503, Potter County, Pennsylvania",108200,2438,631,6.2,2.39,1.99,1.7,5.8,10,16.5,14.2,5.2,7.5,7,32.1,0.5,10.3,23.7,42.9,17.2,5.5,67.7,32.3,44150,61918
"10873",42105950400,"42","105","950400",3100,41.705408,-78.0965,"Census Tract 9504, Potter County, Pennsylvania",85300,3156,1928,5.8,2.5,2.28,2.1,8.9,11.1,11.3,18.1,7.1,7.8,5.3,28.4,3.1,9.3,28,40.6,13.7,5.4,83.1,16.9,41181,52721
"10874",42105950500,"42","105","950500",2182,41.712613,-77.66301,"Census Tract 9505, Potter County, Pennsylvania",94200,2482,1558,4.4,2.34,2.19,0.8,5,6.7,11,14.8,9.9,10,7.2,34.7,4.5,19.2,30.7,32.6,8.5,4.6,74.9,25.1,37000,45358
"10875",42107000100,"42","107","000100",5172,40.885084,-76.188501,"Census Tract 1, Schuylkill County, Pennsylvania",115500,2451,417,6,2.4,1.94,4,5.5,11.3,11.7,13.2,4.6,7.7,4.1,37.9,0.4,3,23.7,55.5,13.8,3.5,86.9,13.1,50149,58062
"10876",42107000200,"42","107","000200",2300,40.901141,-75.993137,"Census Tract 2, Schuylkill County, Pennsylvania",76400,1266,251,5.8,2.56,2.26,0,0,1,0.6,2.4,5.9,11.4,14.7,63.9,0.4,13,29.8,47.4,5.9,3.6,65.4,34.6,37446,45008
"10877",42107000300,"42","107","000300",5295,40.849715,-76.001273,"Census Tract 3, Schuylkill County, Pennsylvania",126900,2550,158,6.4,2.32,1.58,0.9,1.4,7.1,9.3,22.9,8.8,7.5,8.7,33.3,0.8,3.5,26,44.5,22.8,2.4,89.8,10.2,49009,60703
"10878",42107000400,"42","107","000400",5611,40.797667,-76.146986,"Census Tract 4, Schuylkill County, Pennsylvania",111300,1033,175,6.7,2.35,2.4,1.4,3.4,6.9,6.6,11,7.1,6,5.4,52.3,0.9,2.5,18.1,49.4,22.6,6.6,89.5,10.5,51100,60350
"10879",42107000500,"42","107","000500",4162,40.812237,-76.138923,"Census Tract 5, Schuylkill County, Pennsylvania",33200,2569,517,6.1,2.16,1.7,0,0,4.4,3.5,10.7,0.5,3.6,7.3,69.8,1.6,9,20.9,42.2,15.3,10.9,74.2,25.8,26463,34143
"10880",42107000601,"42","107","000601",3658,40.818596,-76.205138,"Census Tract 6.01, Schuylkill County, Pennsylvania",35400,2188,806,6,2.31,2.73,0,0,0.3,0.6,4.3,5.3,3.5,10.5,75.4,4.3,4.3,34,38.7,13.1,5.6,63.2,36.8,27813,37659
"10881",42107000602,"42","107","000602",1413,40.821382,-76.198162,"Census Tract 6.02, Schuylkill County, Pennsylvania",47000,911,249,5.5,2.09,2.76,0,0,5.3,4.2,4,0,10,6.6,70,2.4,6.4,28.6,48.8,12.6,1.1,53.6,46.4,29931,35883
"10882",42107000700,"42","107","000700",3641,40.809084,-76.220241,"Census Tract 7, Schuylkill County, Pennsylvania",54400,1989,426,6.1,2.31,2.13,1,3.1,6.4,2.7,10.5,3.8,8.8,5.1,58.6,0,1.3,24.4,57.4,13.9,3.1,93,7,45509,54533
"10883",42107000800,"42","107","000800",3805,40.783439,-76.233332,"Census Tract 8, Schuylkill County, Pennsylvania",67700,1889,390,6,2.52,2.31,0.5,0,3.9,2.5,2.8,7.9,8,12.5,61.9,1.7,4.8,25.1,55.1,13.3,0,79.2,20.8,41705,50037
"10884",42107000900,"42","107","000900",7506,40.766175,-76.324851,"Census Tract 9, Schuylkill County, Pennsylvania",92500,2964,292,6.5,2.32,1.96,0,2.7,3.7,5.9,11.2,5.9,10.1,7.1,53.5,0,4.9,19.6,55,13.3,7.2,87.3,12.7,49948,55667
"10885",42107001000,"42","107","001000",2817,40.781547,-76.344945,"Census Tract 10, Schuylkill County, Pennsylvania",41900,1521,269,6.3,2.37,2.12,1.1,0.7,5.8,1.2,4.5,0.6,3,9.4,73.8,0.5,14.9,21.1,42.4,11,10.1,63.5,36.5,36487,44242
"10886",42107001100,"42","107","001100",2345,40.698732,-76.506995,"Census Tract 11, Schuylkill County, Pennsylvania",142200,1067,160,6.2,2.51,2.31,2.2,2.3,15.3,11.9,11.1,4.9,7.2,4.8,40.3,0.9,3.7,27.4,45,19.6,3.5,84.6,15.4,51615,57288
"10887",42107001200,"42","107","001200",4370,40.647005,-76.532195,"Census Tract 12, Schuylkill County, Pennsylvania",120700,1987,216,6.2,2.44,2.64,2.4,1.5,6.4,7.5,14,3.8,13,4.9,46.5,0,6.6,22.5,49.4,19.5,2.1,81.5,18.5,55779,63918
"10888",42107001300,"42","107","001300",3158,40.644543,-76.375071,"Census Tract 13, Schuylkill County, Pennsylvania",70900,1425,191,5.9,2.39,2.16,0.8,0.9,6.2,5.1,7.2,2.7,6.1,7.3,63.6,0.7,6.2,30.1,46.7,11.4,4.8,82.3,17.7,41890,48551
"10889",42107001400,"42","107","001400",2372,40.705415,-76.270308,"Census Tract 14, Schuylkill County, Pennsylvania",69100,1100,96,6.2,2.39,2.24,2.1,1.8,3.4,4.3,6.9,2.5,10.5,6.3,62.2,0,1.9,27.3,52.4,13.9,4.5,88.7,11.3,39906,48336
"10890",42107001500,"42","107","001500",4397,40.691065,-76.26123,"Census Tract 15, Schuylkill County, Pennsylvania",61300,2287,302,6,2.24,2.15,0,0.7,0,1,12,8.4,4.2,11.5,62.1,1,15.7,16.1,51.2,9,7,66.3,33.7,35986,44575
"10891",42107001600,"42","107","001600",4123,40.684966,-76.24874,"Census Tract 16, Schuylkill County, Pennsylvania",138800,1808,153,6.5,2.54,1.83,3,5.8,13.2,8.6,19.1,9.1,9.9,6.6,24.7,0,3.8,15.3,57.9,18.3,4.8,85.6,14.4,50264,59822
"10892",42107001700,"42","107","001700",3173,40.67491,-76.213688,"Census Tract 17, Schuylkill County, Pennsylvania",141600,1562,246,6.4,2.67,1.61,1.3,4.7,12.7,2.2,10.4,11,7.8,6.9,43,4.2,12.9,11.6,40,19.4,11.9,76.5,23.5,64344,74902
"10893",42107001800,"42","107","001800",2032,40.679793,-76.214934,"Census Tract 18, Schuylkill County, Pennsylvania",88000,1017,49,6.3,2.45,1.99,0,0,4.7,6.2,11.9,3.4,9.4,9.8,54.5,0,10.3,11.7,57.4,13,7.6,73.8,26.2,44744,56099
"10894",42107001900,"42","107","001900",5475,40.685446,-76.20137,"Census Tract 19, Schuylkill County, Pennsylvania",46900,2957,673,5.7,2.38,1.83,0.5,0.8,4.1,2.3,5.4,5.2,9.7,4.4,67.5,3.4,22.9,21.2,32.2,14.5,5.8,48.5,51.5,22438,32000
"10895",42107002000,"42","107","002000",3644,40.689934,-76.194628,"Census Tract 20, Schuylkill County, Pennsylvania",67300,1636,344,6.2,2.61,2.85,0,0.4,2.1,2.3,7.7,8.3,8.6,4.6,66,0.4,4.2,21.8,54.8,13.6,5.3,59.9,40.1,37946,43508
"10896",42107002100,"42","107","002100",1489,40.688111,-76.174848,"Census Tract 21, Schuylkill County, Pennsylvania",77100,689,90,6.1,2.4,2.59,1.2,0,4.4,2.2,6.2,7.8,10.4,8.4,59.4,0,3.5,24.5,59.1,10.9,2,79,21,41607,48824
"10897",42107002200,"42","107","002200",2752,40.700589,-76.168417,"Census Tract 22, Schuylkill County, Pennsylvania",74500,1351,108,6.4,2.25,2.23,1.6,1.4,2.4,5.2,7.1,8.2,7.2,12.5,54.3,0,5,21.9,51.7,16.1,5.2,77.6,22.4,45380,48777
"10898",42107002300,"42","107","002300",3004,40.719233,-76.189397,"Census Tract 23, Schuylkill County, Pennsylvania",61500,1536,114,6,2.24,1.89,0,0.4,0,2.7,1.2,2.7,7.7,14.6,70.8,2.5,6.7,26.4,53.4,8.7,2.3,64.9,35.1,33304,39650
"10899",42107002400,"42","107","002400",2414,40.722248,-76.114733,"Census Tract 24, Schuylkill County, Pennsylvania",67800,1223,158,6.3,2.17,2.17,1.6,0.9,2,5.7,8.7,4,5.2,8.7,63.3,0,5.2,28.5,47.4,12,6.8,79.4,20.6,37112,45646
"10900",42107002500,"42","107","002500",2183,40.758583,-76.027098,"Census Tract 25, Schuylkill County, Pennsylvania",119100,973,57,6,2.4,1.98,1,2.3,6.4,7.1,10.6,7.8,9.6,4,51.3,0.3,4.1,24.5,53.9,13.6,3.7,79.4,20.6,44688,50660
"10901",42107002600,"42","107","002600",4114,40.800947,-75.968444,"Census Tract 26, Schuylkill County, Pennsylvania",64300,2045,238,6,2.23,1.86,0,0,4.4,2.1,2.6,7.3,6.4,7.2,69.9,0,12.7,24.5,49.6,6.8,6.4,63.6,36.4,27989,37845
"10902",42107002700,"42","107","002700",2993,40.795743,-75.965596,"Census Tract 27, Schuylkill County, Pennsylvania",69000,1560,184,5.9,2.71,2.01,1.7,0.6,0,1,13.1,6.2,5.4,12.8,59.2,5.6,19.5,16.8,38.1,15.4,4.6,55.8,44.2,38237,43096
"10903",42107002800,"42","107","002800",2281,40.821974,-75.90867,"Census Tract 28, Schuylkill County, Pennsylvania",53300,1263,155,6.2,2.15,2.05,0.7,1.4,2.2,0,5.5,4,4.1,10.8,71.1,0.5,7.6,25.4,49.2,13.8,3.5,73.1,26.9,31646,38632
"10904",42107002900,"42","107","002900",5351,40.72928,-75.89951,"Census Tract 29, Schuylkill County, Pennsylvania",158300,2527,206,6,2.42,1.47,4.4,12.5,14.5,11.7,15,4.9,3,8.4,25.4,0.4,7,19.3,60.2,9.6,3.5,84.1,15.9,51409,60257
"10905",42107003000,"42","107","003000",5505,40.640742,-76.05519,"Census Tract 30, Schuylkill County, Pennsylvania",174200,2356,172,6.3,2.51,2.27,6,8.8,14.3,21.3,8.4,10.4,7.4,1.3,22.2,1.1,4.4,26.6,39.5,25.1,3.2,82.7,17.3,64856,83275
"10906",42107003100,"42","107","003100",3099,40.655087,-76.101842,"Census Tract 31, Schuylkill County, Pennsylvania",157400,1271,59,6.4,2.41,2.08,1.9,1.3,10.3,8.4,9.6,11.9,12,3,41.5,0,6.6,24.2,40.3,24.7,4.2,72.8,27.2,48750,68789
"10907",42107003200,"42","107","003200",5539,40.640759,-76.179862,"Census Tract 32, Schuylkill County, Pennsylvania",148600,2317,236,6.1,2.6,1.96,7.8,3.3,15.8,6.6,6.9,7.8,13.9,11.2,26.8,3.1,5.8,19.7,48.3,21.2,1.9,85.4,14.6,56339,66537
"10908",42107003300,"42","107","003300",5437,40.629848,-76.172228,"Census Tract 33, Schuylkill County, Pennsylvania",80100,2486,102,5.9,2.41,2.03,0,2.1,3.8,6.1,8.8,1.8,13,8.8,55.5,1.9,14.2,26.2,41.9,13.2,2.6,63.9,36.1,40933,52775
"10909",42107003400,"42","107","003400",3402,40.596127,-76.145242,"Census Tract 34, Schuylkill County, Pennsylvania",178400,1584,193,6.3,2.57,2.35,8.4,4.6,24.6,12.7,17.4,4.9,3,2.2,22.3,0,1.3,22.2,53.7,18.7,4.1,93.2,6.8,60521,69536
"10910",42107003500,"42","107","003500",5113,40.589357,-76.221397,"Census Tract 35, Schuylkill County, Pennsylvania",165400,2140,169,6.1,2.67,1.95,5.1,9.5,23.6,18.3,13.7,8.5,6,2.4,12.8,0,3.9,11.9,63.7,18.8,1.6,84.6,15.4,55963,74085
"10911",42107003600,"42","107","003600",3033,40.569832,-76.311363,"Census Tract 36, Schuylkill County, Pennsylvania",166800,1187,61,5.9,2.64,2.77,7.5,6.7,16.7,9.4,23.9,4.4,5.6,5.4,20.5,1,2.9,19.4,58.6,16.8,1.2,90.3,9.7,64554,69042
"10912",42107003700,"42","107","003700",3802,40.589604,-76.531502,"Census Tract 37, Schuylkill County, Pennsylvania",83400,1797,306,6.2,2.31,2.54,0.3,2.3,4.1,5.8,11.4,4.1,7,8.8,56.3,1.1,6.9,26,46.2,13.4,6.4,82.8,17.2,50101,56446
"10913",42107003800,"42","107","003800",2186,40.550693,-76.385382,"Census Tract 38, Schuylkill County, Pennsylvania",93800,1014,76,5.8,2.84,1.69,5.3,4,1.8,10.1,7.1,3.7,13.4,7.7,46.8,4.9,11.3,22.6,38.5,20.9,1.8,61.5,38.5,54621,59186
"10914",42107003900,"42","107","003900",4123,40.547903,-76.406835,"Census Tract 39, Schuylkill County, Pennsylvania",142000,1839,242,5.7,2.51,2.77,2.7,6.9,12.9,15.9,10.7,4.2,13.5,7.7,25.5,0,3,30.9,56.1,7.4,2.6,80.3,19.7,50777,61732
"10915",42109070100,"42","109","070100",5581,40.849416,-76.840651,"Census Tract 701, Snyder County, Pennsylvania",136000,2638,228,6.1,2.41,2.35,2.4,1.1,7.7,17,33.2,13.8,6.9,7.1,10.8,0,8.9,21.4,50.5,17.9,1.3,80.1,19.9,54071,78221
"10916",42109070200,"42","109","070200",7820,40.818905,-76.920995,"Census Tract 702, Snyder County, Pennsylvania",146200,3184,342,6.2,2.67,2.5,8.7,4.9,19.9,20.3,14.9,8.9,6,2.9,13.5,1.2,3.5,19.2,54.1,18.4,3.5,82.3,17.7,52407,64926
"10917",42109070300,"42","109","070300",6026,40.809795,-77.060581,"Census Tract 703, Snyder County, Pennsylvania",110300,2386,149,5.9,2.57,2.18,1.8,5.2,12.5,11.8,16.4,9.1,10.2,6.3,26.7,0.6,9,24.9,44.2,15.3,6.1,74.2,25.8,40195,48259
"10918",42109070400,"42","109","070400",5651,40.732539,-77.092599,"Census Tract 704, Snyder County, Pennsylvania",133600,2247,305,6.2,2.95,2.62,2.4,6.4,10.9,12.6,17.8,8,5.5,2.9,33.6,0.3,3.3,17.9,52.9,19.4,6.1,79.6,20.4,44674,51559
"10919",42109070500,"42","109","070500",3667,40.73688,-77.277471,"Census Tract 705, Snyder County, Pennsylvania",105800,1585,255,6.1,2.8,3.09,0.8,3.2,14.3,8.6,14.5,7.2,8.3,6.4,36.7,1.8,4.1,21.5,47,20.3,5.4,77.7,22.3,44097,50665
"10920",42109070600,"42","109","070600",5303,40.724338,-76.926656,"Census Tract 706, Snyder County, Pennsylvania",138500,1926,151,6.3,3.1,2.83,4,3.3,10.6,14,16.2,9.9,5.9,5.4,30.7,0.7,4.5,14.1,55.7,18.3,6.7,82.7,17.3,48412,58285
"10921",42109070701,"42","109","070701",3731,40.802749,-76.862952,"Census Tract 707.01, Snyder County, Pennsylvania",121500,1861,215,5.6,2.21,1.68,0,3.8,5.7,11,10.5,16.2,19.1,8.1,25.5,0.9,10.3,27.9,43.4,14.8,2.7,53,47,37000,49869
"10922",42109980705,"42","109","980705",1923,40.797691,-76.873936,"Census Tract 9807.05, Snyder County, Pennsylvania",NA,138,0,5,4,2.61,0,0,0,18.8,54.3,0,0,10.1,16.7,0,8.7,55.8,35.5,0,0,8.7,91.3,11771,27373
"10923",42111020101,"42","111","020101",2074,40.264561,-78.965625,"Census Tract 201.01, Somerset County, Pennsylvania",94200,979,122,6,2.4,1.47,2.3,3.7,5.2,3,20.5,9.1,19.2,17,20,0,3.4,31.5,41.9,17.3,6,90.8,9.2,44331,56198
"10924",42111020102,"42","111","020102",5396,40.229647,-78.940196,"Census Tract 201.02, Somerset County, Pennsylvania",91900,2525,249,6.4,2.43,2.15,4,1.2,13.5,8.6,9,4.9,6.5,9.5,42.6,0,4,29.8,48.5,13.2,4.5,88.6,11.4,51875,55610
"10925",42111020200,"42","111","020200",4673,40.215047,-78.826035,"Census Tract 202, Somerset County, Pennsylvania",89700,2139,179,5.9,2.41,1.85,2.6,2,10.4,12.9,8.8,7.3,18.5,8.4,29,0,5.5,27.2,46.7,18.1,2.5,83.9,16.1,39773,51320
"10926",42111020300,"42","111","020300",4138,40.235618,-78.828584,"Census Tract 203, Somerset County, Pennsylvania",71000,2093,259,5.9,2.55,1.75,0.7,1.3,1.7,3.4,14.6,6,10,11.8,50.5,0.7,11.7,23.6,51.5,10.9,1.7,64.6,35.4,32024,39468
"10927",42111020400,"42","111","020400",3898,40.10829,-78.822659,"Census Tract 204, Somerset County, Pennsylvania",69300,2012,356,6,2.4,2.25,1,0.9,6.2,6.9,13.6,5.7,11.8,9.6,44.4,0.2,3.4,32.5,52.4,10,1.4,84.1,15.9,37647,42875
"10928",42111020500,"42","111","020500",3025,40.119904,-78.947625,"Census Tract 205, Somerset County, Pennsylvania",83700,1424,224,6.2,2.52,2.34,0.6,1.9,11.7,10,13.7,7.7,6.5,5.3,42.7,0.5,10,19.5,52.5,12.6,5,78.6,21.4,40417,45699
"10929",42111020600,"42","111","020600",6094,40.160665,-79.05167,"Census Tract 206, Somerset County, Pennsylvania",84800,2800,409,5.8,2.65,2.07,3,1.7,11,10.6,13.2,8,13.7,7.4,31.5,0.1,5.1,27.4,50.3,15.6,1.6,82,18,45191,52874
"10930",42111020700,"42","111","020700",2942,40.071032,-79.149141,"Census Tract 207, Somerset County, Pennsylvania",127600,2077,981,5.8,2.49,2.54,1.2,4,11.3,41.6,8.9,7.8,3.8,3.9,17.5,0.4,4.5,26.3,53.9,12.5,2.3,85.8,14.2,48352,60781
"10931",42111020800,"42","111","020800",6230,40.000394,-79.07775,"Census Tract 208, Somerset County, Pennsylvania",110500,1890,95,6.1,2.64,2.05,2.1,3.9,18.4,12,17.6,20,7.4,2.3,16.3,0,3.1,21.4,56.8,15.1,3.7,83.2,16.8,41917,59087
"10932",42111020900,"42","111","020900",5892,40.024996,-79.026621,"Census Tract 209, Somerset County, Pennsylvania",118900,2056,282,5.8,2.6,1.98,1.3,6,14.7,14.5,21.1,8.7,7.7,4.1,21.8,1.4,4.9,31.1,47.6,13.4,1.7,80,20,44049,56012
"10933",42111021000,"42","111","021000",4044,40.00393,-79.087401,"Census Tract 210, Somerset County, Pennsylvania",123300,1863,135,5.9,2.41,1.99,2.4,2.4,5.7,7.9,15.5,11.3,22.9,6,26,1.1,6.6,28.5,36.3,24.2,3.3,62.4,37.6,41445,56857
"10934",42111021100,"42","111","021100",2233,40.005895,-79.071139,"Census Tract 211, Somerset County, Pennsylvania",84000,1133,213,4.4,2.92,2.18,0.9,0,7.7,12.3,18.8,9.9,10.5,9.8,30.2,3.1,23.6,42.5,26.1,4.7,0,30.9,69.1,28000,34360
"10935",42111021200,"42","111","021200",2868,40.017652,-78.896167,"Census Tract 212, Somerset County, Pennsylvania",163400,1732,665,6.3,2.61,3.02,2.3,4.6,15.3,7.2,17.4,20.4,7.8,3.4,21.7,1.4,2.9,17.7,52.9,19.7,5.3,88.8,11.2,48625,68649
"10936",42111021300,"42","111","021300",3464,39.823913,-78.875851,"Census Tract 213, Somerset County, Pennsylvania",104700,1886,506,5.7,2.61,2.61,2.2,5.9,12.9,13.1,19.6,6.7,7.8,6.6,25,2.1,5.7,27.8,50.6,10.2,3.6,84.3,15.7,41648,53502
"10937",42111021400,"42","111","021400",4502,39.919613,-78.964607,"Census Tract 214, Somerset County, Pennsylvania",98800,1927,112,5.9,2.61,1.74,1.2,3.7,13,12.7,12.8,6.6,8.2,8.5,33.3,2.3,6.3,23.6,49.7,14.4,3.7,74.9,25.1,37464,50843
"10938",42111021500,"42","111","021500",2727,39.826551,-79.047409,"Census Tract 215, Somerset County, Pennsylvania",94300,1158,216,6.2,2.96,1.99,1.5,4.6,9.2,3.6,18.7,6.9,11.3,8.6,35.6,1.3,3.7,27.5,51,12.3,4.1,82.9,17.1,44519,58356
"10939",42111021600,"42","111","021600",2184,39.813275,-79.02654,"Census Tract 216, Somerset County, Pennsylvania",75400,1058,79,6.1,2.39,1.84,0,0,4.1,2.4,6.5,3.3,7.7,17.9,58.2,2.2,11.6,25.1,40.3,17.7,3.1,73.3,26.7,32473,42878
"10940",42111021700,"42","111","021700",2968,39.75654,-79.10595,"Census Tract 217, Somerset County, Pennsylvania",101900,1270,212,6.2,2.82,2.24,1.3,1.4,7.9,8.9,12.6,8.6,12,8.3,39.1,0.7,6.2,23.3,43.8,18.3,7.6,83.1,16.9,36646,46290
"10941",42111021800,"42","111","021800",3584,39.932125,-79.155526,"Census Tract 218, Somerset County, Pennsylvania",85900,1678,243,6.1,2.52,2.25,1.6,4.5,11.4,8.5,14.5,9.6,10.1,7.2,32.6,1,6.3,24.9,46.8,18.3,2.7,85.1,14.9,43792,51791
"10942",42111021901,"42","111","021901",2464,39.913701,-79.287721,"Census Tract 219.01, Somerset County, Pennsylvania",102500,2707,1662,5.4,2.69,2.02,2.1,4.6,22.2,21.7,15.3,7.7,6.5,6.8,13.1,1.9,5,37.7,41.7,10.2,3.5,87.8,12.2,42650,53414
"10943",42111021902,"42","111","021902",2342,39.785844,-79.333842,"Census Tract 219.02, Somerset County, Pennsylvania",86600,1660,700,5.4,2.52,2.44,3,5.4,7,13.2,16.6,11.1,10.1,6.6,27,3.9,6.7,34.3,39.9,12.2,3,78.1,21.9,38958,44336
"10944",42113960100,"42","113","960100",3672,41.47909,-76.396378,"Census Tract 9601, Sullivan County, Pennsylvania",120100,2985,1568,5.8,2.64,2.05,3.9,3.6,15,12.6,12.9,4.9,9.4,2.6,35.1,3.3,6.6,22.6,47.8,14.7,5,80.7,19.3,37196,47458
"10945",42113960200,"42","113","960200",2756,41.459691,-76.616613,"Census Tract 9602, Sullivan County, Pennsylvania",131000,3311,2290,5.7,2.54,1.95,1.3,1.8,15.4,11.1,20,6.6,5.7,4.7,33.2,3.4,7.8,30.6,34,17.1,7.2,86.1,13.9,39263,52615
"10946",42115032000,"42","115","032000",3172,41.919257,-76.034721,"Census Tract 320, Susquehanna County, Pennsylvania",137800,1788,417,6,2.58,2.48,2,3.7,11.3,17.2,20.2,13.4,6.4,2.7,23.2,0.6,7.2,23,43.1,19,7.2,83.6,16.4,51125,61556
"10947",42115032100,"42","115","032100",3945,41.947423,-75.875654,"Census Tract 321, Susquehanna County, Pennsylvania",148000,2210,747,5.9,2.57,3.07,1.8,3.6,15.7,17.1,16.4,8.5,10.8,4.6,21.6,1.3,6.2,26.5,44.8,17.4,3.8,86.5,13.5,53411,60695
"10948",42115032200,"42","115","032200",3986,41.964522,-75.738912,"Census Tract 322, Susquehanna County, Pennsylvania",104900,1968,142,5.7,2.54,1.93,2.2,3.7,11.6,14.5,8.3,16.6,5.3,5.8,32,2.1,10.2,27.3,40.4,16.7,3.3,66.1,33.9,43571,49829
"10949",42115032300,"42","115","032300",3857,41.949549,-75.593996,"Census Tract 323, Susquehanna County, Pennsylvania",87000,1939,438,5.9,2.61,2.23,2.7,3.4,6.8,10.5,10.5,3.4,4.3,5.6,52.8,1,9.2,28.5,40.8,17,3.5,68,32,36723,48000
"10950",42115032400,"42","115","032400",4321,41.802545,-75.56034,"Census Tract 324, Susquehanna County, Pennsylvania",175300,3161,1357,5.5,2.52,2.38,1.9,6.7,14.1,19.1,14.9,7.2,4.2,5.1,26.9,1.6,5.1,26.9,47,14.1,5.3,86.4,13.6,47750,60745
"10951",42115032500,"42","115","032500",4340,41.835417,-75.713113,"Census Tract 325, Susquehanna County, Pennsylvania",133200,2439,742,5.7,2.7,2.31,2.9,5.3,11.5,18.8,15.5,6.2,4.8,5.1,30,1,5.7,28.5,44.7,15,5.1,83.4,16.6,52007,63108
"10952",42115032600,"42","115","032600",4461,41.827864,-75.867703,"Census Tract 326, Susquehanna County, Pennsylvania",138400,2138,226,5.9,2.41,2.04,0.5,1.5,14,12.2,10.7,12.7,8.7,1.4,38.3,1.5,8.8,26,40.4,19.5,3.7,69.5,30.5,44286,56641
"10953",42115032700,"42","115","032700",3742,41.73971,-76.039071,"Census Tract 327, Susquehanna County, Pennsylvania",134900,1761,408,6,2.42,2.71,1.9,4.3,18.2,16.6,17,5.5,5,1.4,30.2,0.9,5.1,25.2,49.6,12.3,6.9,84.6,15.4,43220,54148
"10954",42115032800,"42","115","032800",5279,41.715628,-75.866157,"Census Tract 328, Susquehanna County, Pennsylvania",138000,2428,461,6.1,2.54,2.57,2.3,4.1,10.7,15.7,16.1,6.8,5.1,1.9,37.4,1.3,8.1,25,45.1,13.9,6.7,79.4,20.6,45299,57075
"10955",42115032901,"42","115","032901",4342,41.674207,-75.622859,"Census Tract 329.01, Susquehanna County, Pennsylvania",168100,2160,505,6,2.54,2.16,1.9,2.4,18,18.8,16.1,10.6,5.5,3.4,23.4,0.3,2.6,28.2,41.8,19.9,7.3,86.4,13.6,49347,70493
"10956",42115032902,"42","115","032902",1911,41.651678,-75.468532,"Census Tract 329.02, Susquehanna County, Pennsylvania",88200,952,228,6,2.66,1.61,0,0.5,2.2,11.3,0.4,4.5,7.7,15,58.3,0.4,10.8,23.1,47.8,15.1,2.7,66.4,33.6,37292,47937
"10957",42117950100,"42","117","950100",4186,41.969639,-77.052639,"Census Tract 9501, Tioga County, Pennsylvania",106400,1998,220,5.9,2.48,2.29,2,8.6,17.9,11.3,18.9,9.5,4.1,1.5,26.3,1.2,4.9,26.9,49.8,12.4,4.8,79.1,20.9,43295,51827
"10958",42117950200,"42","117","950200",3688,41.97687,-77.30332,"Census Tract 9502, Tioga County, Pennsylvania",82100,1734,154,6,2.34,2.18,0.9,4.2,10.1,10.3,10.4,9.6,6.1,6.6,41.9,1,5,28.9,48.4,13.2,3.5,73.2,26.8,36438,47027
"10959",42117950300,"42","117","950300",3823,41.934316,-77.50222,"Census Tract 9503, Tioga County, Pennsylvania",79700,2006,238,6.3,2.23,2.27,1.3,4.4,9.1,7.2,13.6,6.1,4.9,4.7,48.7,0.7,6.9,29.4,38.3,17.6,7,73,27,37054,46439
"10960",42117950400,"42","117","950400",4111,41.882902,-77.273284,"Census Tract 9504, Tioga County, Pennsylvania",94900,2271,678,5.6,2.43,2.31,1.4,8.8,14.8,13.2,18.8,10.3,3,3.7,26.2,2.9,10.2,28.4,42.2,12.8,3.5,83.3,16.7,44360,54651
"10961",42117950500,"42","117","950500",4559,41.775678,-77.014052,"Census Tract 9505, Tioga County, Pennsylvania",118000,2342,628,5.8,2.5,2.93,2.6,9.8,16.1,11.6,15.3,6,3.2,2.7,32.7,2.3,9.1,28.4,44.1,12.6,3.5,81.6,18.4,42903,52666
"10962",42117950600,"42","117","950600",6021,41.805491,-77.080993,"Census Tract 9506, Tioga County, Pennsylvania",131300,2182,192,5.9,2.34,2.13,3.8,4.3,11,10.9,21.7,11.6,4.4,2.4,30,1.3,12.1,22.4,41.4,16.7,6.2,64.2,35.8,37500,52393
"10963",42117950700,"42","117","950700",5251,41.727817,-77.179812,"Census Tract 9507, Tioga County, Pennsylvania",139900,2550,197,6.1,2.28,1.94,2.6,1.8,14.6,17.2,16.9,9.7,5.1,1.9,30.1,6,8.2,13.8,53.8,13.9,4.2,79.6,20.4,46843,57874
"10964",42117950800,"42","117","950800",3263,41.746583,-77.300441,"Census Tract 9508, Tioga County, Pennsylvania",129400,1635,97,5.9,2.25,1.73,0.7,2.1,6.2,2.3,15.7,5.9,8.1,5.3,53.6,2.1,20.2,23.4,40.2,6.4,7.6,59.9,40.1,40511,54337
"10965",42117950900,"42","117","950900",3974,41.729972,-77.385675,"Census Tract 9509, Tioga County, Pennsylvania",125100,2799,1049,5.3,2.23,2.55,1,5.6,12.8,16.6,12.9,9.4,8,3.6,30.1,2.4,13.5,26.3,39.5,13,5.3,83.5,16.5,43239,54723
"10966",42117951000,"42","117","951000",3105,41.587317,-77.100797,"Census Tract 9510, Tioga County, Pennsylvania",107000,1802,679,5.6,2.38,2.66,3.1,4.7,11.6,10.4,14.5,7.3,4.8,5.2,38.5,2.4,10.7,27.6,37.6,15.7,5.9,74.6,25.4,41941,51565
"10967",42119090102,"42","119","090102",5558,41.05964,-76.906741,"Census Tract 901.02, Union County, Pennsylvania",122200,2603,88,5.9,2.33,2.16,4.4,7.2,16.7,14.3,20.2,3.7,7.4,4.3,21.8,0.3,4.6,23.2,51.3,14.1,6.5,84.9,15.1,47016,52485
"10968",42119090200,"42","119","090200",6452,40.921348,-77.121474,"Census Tract 902, Union County, Pennsylvania",131100,3377,856,5.7,2.63,2.37,2.5,6.9,19.6,14.1,15.1,5.3,6.4,4.9,25.2,1,7.5,25.8,45.9,15.2,4.7,83.2,16.8,43375,53897
"10969",42119090300,"42","119","090300",3646,40.919047,-77.045605,"Census Tract 903, Union County, Pennsylvania",126800,1698,80,5.8,2.35,2.08,0,3.9,7.8,6.2,25,10.7,6.5,4.7,35.2,0,5.8,26,47.7,15.5,4.9,71.7,28.3,38750,50197
"10970",42119090400,"42","119","090400",4101,40.891157,-76.964906,"Census Tract 904, Union County, Pennsylvania",145900,1870,244,6.2,2.47,2.27,2.6,4.2,12.1,14.3,14.6,10.4,7.1,5,29.6,0.3,3.5,21.5,50.5,19.5,4.8,83.8,16.2,50729,67017
"10971",42119090502,"42","119","090502",7176,40.979936,-76.940356,"Census Tract 905.02, Union County, Pennsylvania",164400,3040,83,5.8,2.5,2.12,8.2,9.4,17.8,13.8,15,5,7.7,1.4,21.6,1.4,11.8,23.8,40.3,20.1,2.6,67.4,32.6,40726,56873
"10972",42119090600,"42","119","090600",5469,40.94486,-76.900638,"Census Tract 906, Union County, Pennsylvania",212800,2076,49,7.6,2.34,1.97,4.8,5.6,12.6,12.8,15.4,14.6,11.2,9.9,13.2,0,4,9.2,39.6,35.8,11.4,87.9,12.1,68250,98920
"10973",42119090700,"42","119","090700",4095,40.964511,-76.889682,"Census Tract 907, Union County, Pennsylvania",162800,2143,159,5.6,2.15,1.55,1.7,1.5,5.3,7.4,7.7,8.7,9.6,14.8,43.4,9.6,12.5,23.8,31.6,16,6.4,46.7,53.3,32662,58120
"10974",42119980101,"42","119","980101",3873,41.127506,-76.926081,"Census Tract 9801.01, Union County, Pennsylvania",NA,4,0,NA,NA,NA,0,0,0,0,0,0,100,0,0,0,100,0,0,0,0,0,100,NA,NA
"10975",42119980501,"42","119","980501",1845,40.987494,-76.91352,"Census Tract 9805.01, Union County, Pennsylvania",NA,21,0,NA,NA,2.48,0,0,0,0,0,0,0,100,0,0,0,0,100,0,0,0,100,NA,NA
"10976",42119980800,"42","119","980800",2732,40.956331,-76.883966,"Census Tract 9808, Union County, Pennsylvania",167100,37,0,5.2,1.3,NA,0,0,0,73,0,0,27,0,0,0,0,0,100,0,0,100,0,45787,NA
"10977",42121200000,"42","121","200000",3562,41.586304,-79.637677,"Census Tract 2000, Venango County, Pennsylvania",79200,1646,242,5.9,2.54,2.46,3.3,4.9,9.9,12.8,15.2,7.5,10.9,6.1,29.4,2.1,3.8,28.6,44.5,17.9,3.2,84.1,15.9,43015,50687
"10978",42121200100,"42","121","200100",4167,41.521913,-79.824748,"Census Tract 2001, Venango County, Pennsylvania",88500,1845,285,5.8,2.5,2.98,2.2,6.4,11.1,10.8,25.5,9.5,8,2,24.7,0.7,4,22.5,53.2,17.2,2.4,87.9,12.1,50000,56898
"10979",42121200200,"42","121","200200",5830,41.391577,-79.895181,"Census Tract 2002, Venango County, Pennsylvania",92600,2650,292,5.9,2.48,2.32,3.4,4.4,9.9,11.5,19.1,12.8,11.6,3.7,23.6,1.1,5.8,27.7,50.2,12.8,2.5,84.3,15.7,50317,60212
"10980",42121200300,"42","121","200300",1771,41.407708,-79.840187,"Census Tract 2003, Venango County, Pennsylvania",45000,823,102,5.4,2.07,2.04,0.6,4.5,2.4,2.8,16.3,7.9,1.2,11.9,52.4,0,10.4,34.4,49,6.2,0,60.7,39.3,29531,35971
"10981",42121200400,"42","121","200400",2308,41.390563,-79.837328,"Census Tract 2004, Venango County, Pennsylvania",88300,1362,166,5.3,2.1,1.87,0,0.6,3.6,8,14.3,7.8,14.5,5.1,46.2,3.2,17.8,34.9,28.3,13.1,2.6,53.1,46.9,33850,55291
"10982",42121200500,"42","121","200500",2466,41.389391,-79.825415,"Census Tract 2005, Venango County, Pennsylvania",62200,1188,115,5.7,2.53,1.68,0.6,0,0.8,1.8,0.8,1.2,12.4,4.9,77.6,6.2,6.4,36.2,25.7,22.2,3.3,69.2,30.8,39712,49632
"10983",42121200600,"42","121","200600",5294,41.423571,-79.824236,"Census Tract 2006, Venango County, Pennsylvania",71300,2386,224,5.8,2.34,2.54,0,3.1,2.9,6.2,7.5,6.3,12.8,13.1,48.1,0.8,8.3,32.2,46.1,11.5,1.1,82.2,17.8,37414,47694
"10984",42121200700,"42","121","200700",2201,41.437069,-79.703635,"Census Tract 2007, Venango County, Pennsylvania",35700,1132,302,6.1,2.27,2.27,0.6,0,5.4,3.5,2.1,7.1,3.6,10.6,67,0,9.7,24.2,45.5,17,3.6,53.4,46.6,28625,34156
"10985",42121200800,"42","121","200800",2465,41.421416,-79.719534,"Census Tract 2008, Venango County, Pennsylvania",60600,1132,52,6.4,2.41,2.37,0,1.1,1,1.6,5,4.8,12.9,7.6,66.1,0,12.3,19.3,43,22,3.4,65.4,34.6,36214,44300
"10986",42121200900,"42","121","200900",2509,41.425355,-79.709759,"Census Tract 2009, Venango County, Pennsylvania",47000,1340,215,5.8,2.62,2.21,0,1.1,1.2,1.2,3.6,6.6,10.8,7.6,67.8,5.7,11.6,24.3,38.4,13,7.1,55.9,44.1,22688,32507
"10987",42121201000,"42","121","201000",3382,41.429155,-79.691814,"Census Tract 2010, Venango County, Pennsylvania",49300,1451,253,6.1,2.56,2.8,0,1.1,0,5.4,17.2,5.4,11.4,8.5,51,0.6,6.2,31.6,49.6,9.8,2.2,65.1,34.9,44479,50529
"10988",42121201100,"42","121","201100",4835,41.434211,-79.631531,"Census Tract 2011, Venango County, Pennsylvania",80200,2777,828,5.6,2.37,2.35,0.5,3.6,7.6,10.2,13.9,9.9,15.2,7.9,31.1,1.4,6.8,33.2,47,9.4,2.2,81.2,18.8,42349,51185
"10989",42121201200,"42","121","201200",3006,41.378818,-79.665977,"Census Tract 2012, Venango County, Pennsylvania",89800,1347,164,5.8,2.52,1.72,0.4,0,12.2,12.1,21.6,10.1,17.7,7.3,18.6,1.5,7.3,25.2,53.7,10.2,2.2,79,21,47443,51702
"10990",42121201300,"42","121","201300",3679,41.386356,-79.719006,"Census Tract 2013, Venango County, Pennsylvania",87500,1793,120,6,2.24,2.6,2.1,2.8,3.6,9.2,15.1,12.9,12.4,11.3,30.5,0,6.3,21,55.5,15.3,1.8,78.2,21.8,46509,50320
"10991",42121201400,"42","121","201400",3908,41.234869,-79.922418,"Census Tract 2014, Venango County, Pennsylvania",91500,1942,439,5.5,2.58,2.19,3.1,6,16.7,14.8,16.1,7.5,8.1,3.5,24.3,0.6,11.6,29.2,46.5,9.8,2.3,80.2,19.8,45824,56466
"10992",42121201500,"42","121","201500",3601,41.238553,-79.728964,"Census Tract 2015, Venango County, Pennsylvania",87100,2651,1184,5.2,2.48,2.17,2.1,6.2,10.4,12.3,13.9,9.8,9.7,7.1,28.4,1.5,11,31.7,40.2,13.1,2.5,79.6,20.4,45679,52752
"10993",42123970100,"42","123","970100",2356,41.822528,-79.072805,"Census Tract 9701, Warren County, Pennsylvania",81200,1577,404,5.5,2.28,2.09,0.7,1.8,9.4,7.6,15.8,12.9,10,6.6,35.2,1.9,9.1,31.5,39.6,14.8,3,83.1,16.9,45750,53361
"10994",42123970200,"42","123","970200",3954,41.947304,-79.163414,"Census Tract 9702, Warren County, Pennsylvania",112900,1797,230,6.4,2.53,2.59,1.3,5.5,17.5,15.3,13.4,6.3,9.3,5.2,26.2,0.9,5.1,20.3,55.1,15.1,3.4,92.2,7.8,55353,69368
"10995",42123970300,"42","123","970300",6045,41.951142,-79.44472,"Census Tract 9703, Warren County, Pennsylvania",94400,2263,300,6.1,2.76,2.42,1.3,3.6,11.9,11.9,13.8,8.2,9.4,4.8,35,1.2,5.1,28.3,40.2,17.4,7.8,87,13,46394,54465
"10996",42123970400,"42","123","970400",2907,41.820258,-79.487043,"Census Tract 9704, Warren County, Pennsylvania",96800,1837,725,5.3,2.56,2.79,0.9,3.3,13.1,16.5,18.7,10,9.6,6,21.9,3.3,7.9,35.2,38.9,11,3.8,81.8,18.2,46000,54134
"10997",42123970500,"42","123","970500",3613,41.851808,-79.319839,"Census Tract 9705, Warren County, Pennsylvania",82900,1834,234,6,2.33,2,2.6,1.6,6.8,8.1,11.5,13.2,14.7,8.5,33,1.7,11,25.1,49.7,8.9,3.6,72.6,27.4,37101,47001
"10998",42123970600,"42","123","970600",3594,41.869731,-79.184757,"Census Tract 9706, Warren County, Pennsylvania",81700,1802,234,5.7,2.37,1.28,0,3.7,6.4,15.1,9.4,18.4,14,7,25.9,1.3,4.7,33.3,48.9,9.5,2.2,86.7,13.3,45729,65088
"10999",42123970700,"42","123","970700",2621,41.853973,-79.13988,"Census Tract 9707, Warren County, Pennsylvania",81300,1207,46,6.7,2.3,2.21,0.9,0,0.9,0.7,2.6,10.6,17.8,10.3,56.2,0.8,0,15.4,58.8,23,1.9,84.6,15.4,49893,60607
"11000",42123970800,"42","123","970800",3603,41.845289,-79.15228,"Census Tract 9708, Warren County, Pennsylvania",66300,1820,209,5.4,2.24,1.69,1,2.9,4.9,4.1,4.3,2.5,7.9,4.7,67.6,4.5,29.3,14.2,42,6.2,3.8,44.6,55.4,30233,41982
"11001",42123970900,"42","123","970900",3486,41.838113,-79.129799,"Census Tract 9709, Warren County, Pennsylvania",68800,1713,74,6,2.37,1.94,0,1.6,1.3,4.5,14.5,5,12,6.9,54.2,2.9,18.8,20.4,40,16.1,1.8,57.8,42.2,31838,41962
"11002",42123971000,"42","123","971000",2308,41.864631,-79.112544,"Census Tract 9710, Warren County, Pennsylvania",109900,1197,205,6.1,2.37,2.35,0,4,7.1,9.8,20.6,16,16.2,4.5,21.8,0,9.4,32.6,37,18.5,2.4,79.7,20.3,48226,64260
"11003",42123971100,"42","123","971100",3121,41.794761,-79.211442,"Census Tract 9711, Warren County, Pennsylvania",98700,3017,1641,4.3,2.32,2.22,0.4,2.3,5.1,7.2,19.5,20.7,27.1,9.6,8.1,6.2,19.1,35.5,29.8,8.1,1.3,83.7,16.3,51935,57850
"11004",42123971200,"42","123","971200",2337,41.700189,-79.043505,"Census Tract 9712, Warren County, Pennsylvania",74600,1688,671,5.7,2.34,2.11,0.2,0.1,7.7,6.2,14.9,12.4,12.5,8.3,37.7,3.6,14.6,33,35.1,11.7,2.1,85.5,14.5,40645,58849
"11005",42123971400,"42","123","971400",1870,41.682924,-79.454528,"Census Tract 9714, Warren County, Pennsylvania",73700,1828,1005,4.4,2.26,1.85,0.8,3,4.8,11.4,12.6,18.4,18.5,6.2,24.1,4.6,15.8,40.3,28.9,7.8,2.5,83.6,16.4,34489,43374
"11006",42125704100,"42","125","704100",1934,40.170844,-80.245754,"Census Tract 7041, Washington County, Pennsylvania",NA,719,91,3.3,2.29,1.32,0,4.3,7.8,17.1,18.4,19.1,6.1,2.9,24.3,4.9,63.7,16.3,13.4,0.6,1.3,6.5,93.5,15263,21995
"11007",42125711000,"42","125","711000",3835,40.401467,-80.467115,"Census Tract 7110, Washington County, Pennsylvania",132700,1644,105,6,2.6,2.48,3.3,5.4,18.8,10,13.2,15.3,14.1,6.3,13.7,0,2.4,21.4,60,13.2,3,87.5,12.5,50685,62079
"11008",42125712700,"42","125","712700",1388,40.381147,-80.391686,"Census Tract 7127, Washington County, Pennsylvania",99800,734,114,6,2.51,1.95,0,1.2,1.9,3.3,6.9,5.6,15.9,11.2,54,1.5,6.7,34.2,41.3,14.3,2,68.5,31.5,49792,63236
"11009",42125713700,"42","125","713700",4476,40.368323,-80.374815,"Census Tract 7137, Washington County, Pennsylvania",96400,2201,286,5.8,2.41,2.02,2.7,4.9,6.8,12.4,13.1,8.6,10.9,10.4,30.3,0.2,5.3,36.3,46.4,9.8,1.9,83.2,16.8,45802,51313
"11010",42125714000,"42","125","714000",2844,40.386325,-80.286636,"Census Tract 7140, Washington County, Pennsylvania",117500,1245,54,5.7,2.39,2.25,1.7,3.4,7,9.8,14.3,13.1,10.8,5.2,34.8,0,2.1,35.4,50.7,10.6,1.2,78.9,21.1,48555,56478
"11011",42125715700,"42","125","715700",1766,40.370076,-80.235381,"Census Tract 7157, Washington County, Pennsylvania",102200,916,128,5.2,2.51,1.89,0,0.5,10.4,2.5,2.2,7.4,9.1,9,59,2.3,26,27,28.9,15.4,0.4,51.9,48.1,41250,47532
"11012",42125721000,"42","125","721000",4209,40.263439,-80.43109,"Census Tract 7210, Washington County, Pennsylvania",139000,1809,231,6.2,2.66,2.71,2.6,7.1,9.1,13.4,12.3,7.6,7.3,4.8,35.9,0,3.5,23.4,55.7,12.1,5.4,87.3,12.7,56328,67937
"11013",42125722700,"42","125","722700",3515,40.309428,-80.298633,"Census Tract 7227, Washington County, Pennsylvania",156500,1446,93,6.4,2.55,2.79,3.5,9.1,14.2,7.9,13.3,8.9,9.9,6.2,27,0,0,28.4,47.3,22.1,2.2,85.6,14.4,63589,73269
"11014",42125731000,"42","125","731000",6053,40.136732,-80.406983,"Census Tract 7310, Washington County, Pennsylvania",128400,2470,132,6,2.64,2.63,1.6,5.9,12.6,9.8,19.3,9.1,7.3,5.8,28.6,0,3.8,25.6,54.3,13.4,2.8,82.3,17.7,49231,58750
"11015",42125732000,"42","125","732000",3339,40.107658,-80.288695,"Census Tract 7320, Washington County, Pennsylvania",153600,1345,0,6.2,2.57,2.09,3.2,4.6,18.7,13.4,33.1,6.5,9.7,4.5,6.3,0,2.5,21.6,58,14.1,3.9,94.3,5.7,56563,67948
"11016",42125741100,"42","125","741100",4141,40.329832,-80.209532,"Census Tract 7411, Washington County, Pennsylvania",173300,1791,203,6.5,2.6,2.35,4.7,5.8,6.3,19.4,16.9,5.8,10.7,12.5,17.9,0,1.7,15.7,59.1,21.9,1.6,89.4,10.6,61750,81263
"11017",42125741300,"42","125","741300",3346,40.307679,-80.143201,"Census Tract 7413, Washington County, Pennsylvania",163200,1484,103,6,2.38,2.11,3.3,8.5,28.2,15.9,8.8,4.6,8.8,2.6,19.4,0,1.1,23.3,68.3,6.5,0.7,85.4,14.6,60792,69937
"11018",42125742100,"42","125","742100",6081,40.239654,-80.223869,"Census Tract 7421, Washington County, Pennsylvania",152600,2727,236,6.2,2.31,1.81,10.2,7,8.5,3.2,12.8,9.9,18,4.1,26.3,0,4,28.8,52.4,13.9,0.9,87.1,12.9,54171,70928
"11019",42125742200,"42","125","742200",1737,40.23488,-80.271346,"Census Tract 7422, Washington County, Pennsylvania",114000,757,0,5.9,2.49,2.31,2.5,10.2,5.2,12.5,24.3,9,11.5,3.7,21.1,0,2.9,31,46.1,14.7,5.3,90.8,9.2,49340,70031
"11020",42125743700,"42","125","743700",1296,40.250164,-80.210764,"Census Tract 7437, Washington County, Pennsylvania",114100,683,21,5.2,2.33,1.85,0.6,2.2,7.9,7.2,2.6,6.7,12.4,15.1,45.2,0.4,27.2,33.4,29.4,7.5,2,50.9,49.1,39412,47489
"11021",42125744100,"42","125","744100",5675,40.266964,-80.181731,"Census Tract 7441, Washington County, Pennsylvania",118800,2782,188,5.5,2.55,1.77,4.1,6.3,4.3,4.8,11.8,4.8,22.7,8.1,33.1,1.4,18.1,30.4,32,16.5,1.7,59.9,40.1,41012,47972
"11022",42125744200,"42","125","744200",3317,40.260282,-80.193272,"Census Tract 7442, Washington County, Pennsylvania",116400,1718,310,5.2,2.42,1.83,3.6,4.1,16.9,3.1,1.7,10.4,15.7,14.8,29.7,0.5,13.7,39.6,35.7,10,0.5,57.5,42.5,49820,52510
"11023",42125745100,"42","125","745100",8564,40.251127,-80.172614,"Census Tract 7451, Washington County, Pennsylvania",170400,3668,259,6.3,2.57,1.98,8.9,21.5,19.5,4.2,15.2,7,8.9,4.1,10.8,0,4.1,20.7,49.9,22.8,2.5,85.4,14.6,68471,78748
"11024",42125745200,"42","125","745200",4844,40.234238,-80.139879,"Census Tract 7452, Washington County, Pennsylvania",237900,1811,0,6.8,2.48,1.92,6.4,19.7,8.4,7.3,15.3,12.5,12.4,7.7,10.3,0.9,2.2,17.1,54.8,22.7,2.2,88.6,11.4,68734,81919
"11025",42125746100,"42","125","746100",6096,40.291692,-80.081477,"Census Tract 7461, Washington County, Pennsylvania",236100,2321,44,7.5,2.76,3.04,1.9,6.9,12.5,8.9,23.3,14.7,22,5.1,4.8,0,0,11.8,43.8,37.1,7.3,94.4,5.6,77739,105430
"11026",42125746200,"42","125","746200",4223,40.283778,-80.117536,"Census Tract 7462, Washington County, Pennsylvania",277100,1542,39,7.8,2.78,2.62,6.5,13.2,7.8,12.1,12,14.2,27.6,3.6,2.9,0,0.6,13.7,37.4,39,9.2,96.5,3.5,96050,115577
"11027",42125746301,"42","125","746301",5455,40.266043,-80.104922,"Census Tract 7463.01, Washington County, Pennsylvania",323200,1816,52,8.3,2.98,1.94,5.6,4.5,19.7,19.3,30.3,7.4,9.7,1.4,2.1,0,0,9,22.2,58.2,10.6,95,5,117650,145840
"11028",42125746302,"42","125","746302",5439,40.261267,-80.051282,"Census Tract 7463.02, Washington County, Pennsylvania",327700,1643,99,NA,3.26,1.4,14.7,22.1,31.5,5.1,4.1,3.9,5.5,6.1,6.9,0,2.5,5.7,24.8,60,7.1,93.7,6.3,113833,123321
"11029",42125751100,"42","125","751100",5226,40.198948,-80.291387,"Census Tract 7511, Washington County, Pennsylvania",81000,2444,125,5.4,2.38,2,4.7,5,13.4,10.4,24.8,16.2,14.2,4.9,6.5,0,5.2,28.3,56.5,8.4,1.6,88.7,11.3,51649,60348
"11030",42125751200,"42","125","751200",3149,40.172516,-80.282641,"Census Tract 7512, Washington County, Pennsylvania",102300,1414,165,5.2,2.44,2.05,2.7,2.8,7.2,5.8,3.6,13.2,26.4,20.5,17.7,0,7.4,37,47.8,7.8,0,80.5,19.5,46679,55849
"11031",42125752700,"42","125","752700",4583,40.153624,-80.262113,"Census Tract 7527, Washington County, Pennsylvania",161700,1897,165,6.2,2.57,2.4,3.1,3.4,3.6,10.1,13.3,16.9,24,12.6,13,1.6,9.1,23.6,46,18.4,1.3,74.8,25.2,52688,66830
"11032",42125753700,"42","125","753700",2234,40.173564,-80.235168,"Census Tract 7537, Washington County, Pennsylvania",195000,878,87,6,2.51,1.8,0,1,0.9,3.4,8.4,9.9,12.9,4.7,58.8,2.2,18,24.8,26.8,17.2,11,53.1,46.9,73506,93414
"11033",42125754200,"42","125","754200",2461,40.164845,-80.235371,"Census Tract 7542, Washington County, Pennsylvania",102800,1176,125,5.5,2.24,1.93,1.7,0.5,4.3,7.1,8.8,7,9.8,8.7,52.3,0.8,17.2,36.3,34.9,10.8,0,57.9,42.1,41544,55082
"11034",42125754300,"42","125","754300",3170,40.177869,-80.245772,"Census Tract 7543, Washington County, Pennsylvania",94100,1660,304,5.2,2.8,2.27,0.7,0.5,0.7,4.3,6.4,10.1,8.9,21.7,46.6,10.5,17.2,31.9,30.4,9.2,0.9,42.8,57.2,38971,45674
"11035",42125754400,"42","125","754400",1864,40.171377,-80.261868,"Census Tract 7544, Washington County, Pennsylvania",54300,868,97,5.2,2.58,2.2,0,0,2.4,1.5,7.5,4.5,10.1,17.2,56.8,1.8,16.1,37.1,43.9,1,0,37.6,62.4,31828,35170
"11036",42125754500,"42","125","754500",2561,40.181247,-80.258352,"Census Tract 7545, Washington County, Pennsylvania",100200,1369,174,5.4,2.27,2.2,0,0,1.7,3.2,5.2,7.5,28.2,17.3,37,1.7,14.8,43.2,31.5,7.8,1,55.8,44.2,32821,46612
"11037",42125754600,"42","125","754600",1673,40.18905,-80.261581,"Census Tract 7546, Washington County, Pennsylvania",82400,900,49,4.7,2.24,1.73,1.4,2.8,0.7,1.9,20.2,10.3,17.8,5.9,39,2.3,23.6,46.1,25.2,2.8,0,46.7,53.3,32443,39762
"11038",42125755100,"42","125","755100",4041,40.194907,-80.239628,"Census Tract 7551, Washington County, Pennsylvania",133600,2187,148,5.2,2.42,1.48,7.4,20,7.2,5.4,12,6.4,16.3,13.8,11.6,6.3,24.3,23.8,39.8,4.1,1.7,48.2,51.8,39872,49779
"11039",42125755200,"42","125","755200",5305,40.173486,-80.200132,"Census Tract 7552, Washington County, Pennsylvania",187400,2222,109,6.4,2.62,1.22,6.4,5.7,18,12.5,20.3,13.6,8.5,4.5,10.4,1.5,6.1,25.6,36.8,27.7,2.4,85.5,14.5,67107,79963
"11040",42125755700,"42","125","755700",3751,40.090536,-80.199645,"Census Tract 7557, Washington County, Pennsylvania",142300,1625,129,6,2.51,2.52,4.1,5.8,9.8,18.5,12.2,7.4,11.1,5.8,25.4,0,0.6,26.7,57.4,14.7,0.7,90.2,9.8,64875,69318
"11041",42125761000,"42","125","761000",5411,40.121088,-80.069453,"Census Tract 7610, Washington County, Pennsylvania",148700,2402,238,6,2.52,2.53,1.8,3.5,11.3,9,17,6.2,10.3,6.7,34.1,0.3,4.2,33.3,43.7,14.4,4.2,84.6,15.4,53696,69682
"11042",42125762000,"42","125","762000",2676,40.031032,-80.084257,"Census Tract 7620, Washington County, Pennsylvania",103200,1213,100,5.8,2.48,1.97,0.7,1.9,5.6,7.7,6.8,4.6,13.4,6.3,52.8,0.7,3,33.3,54,8.1,1,83.7,16.3,50028,58022
"11043",42125763700,"42","125","763700",1587,40.075398,-79.969547,"Census Tract 7637, Washington County, Pennsylvania",122500,773,33,6.3,2.55,2.16,0.8,3.9,10.7,11,12.4,5.4,8.9,10.9,36,0,3,28.1,49.4,16.6,3,81.1,18.9,50294,64902
"11044",42125764000,"42","125","764000",3608,40.114952,-80.010822,"Census Tract 7640, Washington County, Pennsylvania",92500,1680,139,5.3,2.52,2.06,1.3,2.1,2.1,11.4,10.7,5.9,20,10.3,36.3,1.1,14,39.1,35.1,9.5,1.3,59,41,34223,44643
"11045",42125771100,"42","125","771100",5727,40.235326,-80.023387,"Census Tract 7711, Washington County, Pennsylvania",160500,2393,90,6.2,2.54,2.08,8.4,8.5,14.1,10.7,18.3,11.4,8.3,5.5,14.9,0.6,6.5,18,55.9,16.4,2.7,90.2,9.8,62917,73970
"11046",42125771200,"42","125","771200",3470,40.263622,-80.006466,"Census Tract 7712, Washington County, Pennsylvania",125400,1634,152,5.9,2.3,1.91,6.4,3.1,4.6,11.1,22.3,13,20.6,6.5,12.4,1.4,8.3,28.1,46.8,13.9,1.6,81.9,18.1,44861,51891
"11047",42125772700,"42","125","772700",2184,40.206194,-79.953174,"Census Tract 7727, Washington County, Pennsylvania",72800,1101,123,5.3,2.41,1.96,0,6.6,13.4,5.3,10.2,13,16.6,11.6,23.3,2,9.5,37.6,43.1,6.4,1.3,76.3,23.7,33563,43927
"11048",42125773100,"42","125","773100",2859,40.197952,-79.925315,"Census Tract 7731, Washington County, Pennsylvania",87700,1651,322,5.1,2.55,1.95,0,0,0,7.1,5.2,10.5,21.4,11.6,44.1,1.9,16.8,34.6,37.3,8.1,1.3,53,47,34176,45640
"11049",42125773200,"42","125","773200",1441,40.202349,-79.934839,"Census Tract 7732, Washington County, Pennsylvania",96100,692,109,6.3,2.33,1.99,0,0,0.7,1.7,0,4.9,14.2,17.3,61.1,0,9.7,21,54.5,12.3,2.6,76.5,23.5,46838,51867
"11050",42125774700,"42","125","774700",5640,40.180258,-79.925436,"Census Tract 7747, Washington County, Pennsylvania",121100,2526,179,6,2.42,1.72,1.2,2.5,7.8,8.9,8.2,13.7,24.3,15.8,17.6,0,4.7,31.6,48.3,11.2,4.3,91.5,8.5,54567,68255
"11051",42125775200,"42","125","775200",2344,40.181481,-79.860655,"Census Tract 7752, Washington County, Pennsylvania",52400,1387,410,5.5,2.5,1.58,0,0,7.8,0.6,6.4,1.7,14.9,13.4,55.2,2.8,13.3,28,41.7,13.7,0.5,67.2,32.8,30729,40491
"11052",42125775300,"42","125","775300",2437,40.173032,-79.862351,"Census Tract 7753, Washington County, Pennsylvania",48800,1385,297,5,2.52,2.24,1.9,0,0.6,3,7.9,3.2,11.8,18.6,53,0.4,8.7,53.6,32.6,4.2,0.4,56,44,28365,36880
"11053",42125781700,"42","125","781700",4321,40.141296,-79.944262,"Census Tract 7817, Washington County, Pennsylvania",101200,1919,155,6.2,2.46,1.91,1.1,6.9,5.4,3.5,17.2,8.1,25,10.7,22,0,2.5,31.1,53.3,11.8,1.4,95.4,4.6,50268,57961
"11054",42125782700,"42","125","782700",1313,40.150318,-79.909586,"Census Tract 7827, Washington County, Pennsylvania",59000,682,103,5.7,2.18,1.44,0.6,0.4,1.2,4.8,6.7,6,14.4,11.6,54.3,0,22.7,27,41.5,6.2,2.6,67.5,32.5,33750,40560
"11055",42125783200,"42","125","783200",2331,40.140636,-79.903822,"Census Tract 7832, Washington County, Pennsylvania",39900,1404,337,5.3,2.61,1.98,0,0,2,3.5,2.5,1.6,12.1,8.5,69.9,0,21.7,35.2,35.8,6.8,0.6,58.7,41.3,26232,35418
"11056",42125783300,"42","125","783300",1789,40.134429,-79.899171,"Census Tract 7833, Washington County, Pennsylvania",65000,1021,213,5.6,2.16,1.77,0,5.2,0.7,0.8,0,8.2,7.3,9.5,68.3,0,20,35.3,31.5,7.3,5.9,62.3,37.7,25000,39272
"11057",42125784000,"42","125","784000",2807,40.107172,-79.867857,"Census Tract 7840, Washington County, Pennsylvania",102000,1360,131,5.7,2.23,1.93,0.7,1.5,4.9,1.5,12.5,10.5,27.1,14.5,26.8,1,4.5,36,51.3,5.7,1.5,78.4,21.6,44557,54175
"11058",42125791000,"42","125","791000",1582,40.084376,-79.872699,"Census Tract 7910, Washington County, Pennsylvania",86600,727,66,5.9,2.33,2.2,1.7,1.8,6.1,3,4.7,10.2,17.6,8.9,46.1,2.1,5.5,32,45.4,11.1,3.9,85.6,14.4,41042,49104
"11059",42125792100,"42","125","792100",3927,40.060058,-79.902443,"Census Tract 7921, Washington County, Pennsylvania",111300,1985,276,5.7,2.37,2.14,1.9,8.9,5.9,3.3,17.1,7,14,14.2,27.8,0,12.5,25.4,39.8,20.3,2,63.7,36.3,41391,58382
"11060",42125792200,"42","125","792200",3007,40.061784,-79.887671,"Census Tract 7922, Washington County, Pennsylvania",80300,1057,219,5.2,2.51,2.4,2,3.2,3.9,1.9,5.5,15.4,11.9,13.3,42.9,6.2,4.8,37.7,36.1,9,6.1,51.7,48.3,31042,38697
"11061",42125795700,"42","125","795700",2354,39.996413,-80.007095,"Census Tract 7957, Washington County, Pennsylvania",87600,1055,269,5.5,2.75,1.89,0,2.7,2.7,3,6.5,3.3,10.6,13.7,57.3,1.1,3,48.6,31.9,14.7,0.6,79,21,56920,59489
"11062",42125795800,"42","125","795800",3784,40.29003,-80.198284,"Census Tract 7958, Washington County, Pennsylvania",221300,1454,128,6.7,2.94,1.92,4.1,25.9,26.9,3.1,6.5,3.5,7.5,3.6,18.8,0,3.9,23.2,36.5,34.5,1.9,89.4,10.6,77500,95860
"11063",42125795900,"42","125","795900",4255,40.034248,-79.947498,"Census Tract 7959, Washington County, Pennsylvania",86100,1942,276,5.8,2.37,2.74,0.8,3.8,4.5,7.3,11.3,3.3,13.3,8.7,47.1,0,3.6,36.1,47.6,11.6,1.1,84.3,15.7,48947,58396
"11064",42125796000,"42","125","796000",3375,40.047664,-80.378307,"Census Tract 7960, Washington County, Pennsylvania",157000,1458,177,6.1,2.67,2.66,3.6,5.6,13.4,14.7,22.4,6.5,4.5,2.6,26.5,0.2,2.7,21.7,59.9,13,2.5,79.8,20.2,50401,59384
"11065",42127960100,"42","127","960100",1356,41.838106,-75.234044,"Census Tract 9601, Wayne County, Pennsylvania",183700,1185,586,5.4,2.26,1.8,4.1,2.6,16.5,15.4,19.2,9.1,8.2,2.5,22.4,1.8,12.3,29.3,38.8,12.3,5.5,90,10,38729,53020
"11066",42127960200,"42","127","960200",3137,41.819244,-75.39675,"Census Tract 9602, Wayne County, Pennsylvania",185300,2270,1064,5.9,2.5,2.66,3.1,5.7,10.6,15.7,18.1,9.3,9,1.5,26.9,1.7,5.2,27.7,41.9,17.3,6.1,87.5,12.5,50417,60795
"11067",42127960300,"42","127","960300",2303,41.636789,-75.402416,"Census Tract 9603, Wayne County, Pennsylvania",169400,1155,334,5.7,2.64,2.89,2.4,7.9,7.6,15.2,12.6,5.8,10.7,6.7,31.1,1.1,3.7,27.1,51.6,13.8,2.7,84,16,51632,63550
"11068",42127960400,"42","127","960400",3112,41.649418,-75.263231,"Census Tract 9604, Wayne County, Pennsylvania",205200,1710,414,6.1,2.51,2.08,3.9,3.7,14.6,18.3,23,8.5,8.4,2.3,17.3,0.4,3.2,20.6,53.3,18.5,4,85,15,54521,65362
"11069",42127960500,"42","127","960500",3659,41.685454,-75.117931,"Census Tract 9605, Wayne County, Pennsylvania",193000,2327,832,6.1,2.54,1.59,2.9,6.5,10.5,16,22,11.3,3.5,3.1,24.2,0,2.9,24.7,44.7,22.6,5,90,10,48428,58099
"11070",42127960600,"42","127","960600",5128,41.538131,-75.174879,"Census Tract 9606, Wayne County, Pennsylvania",201400,2296,435,6,2.66,2.28,3.7,6.5,19.6,15.4,13.5,6.8,5.5,3.6,25.3,1.7,7.5,18.2,45,20.9,6.7,76.6,23.4,51479,65710
"11071",42127960700,"42","127","960700",4480,41.572105,-75.25654,"Census Tract 9607, Wayne County, Pennsylvania",141200,2395,286,5.5,2.38,1.72,1.2,0.3,5.8,2.7,8.3,6.8,7.8,4.8,62.2,0,22.1,24.7,35.7,12.9,4.6,62.4,37.6,32782,43632
"11072",42127960800,"42","127","960800",4464,41.543528,-75.2623,"Census Tract 9608, Wayne County, Pennsylvania",174200,2223,277,5.7,2.56,2.67,1.2,3.1,18.9,22.4,14.7,7.2,8.9,3.6,20,0.9,4.2,28.1,50.4,11.6,4.8,82.4,17.6,48879,58535
"11073",42127960900,"42","127","960900",7072,41.555319,-75.413828,"Census Tract 9609, Wayne County, Pennsylvania",171400,1620,238,6.1,2.9,2.56,2.6,3.6,15.4,7.6,15.6,7,7,7.7,33.5,0.6,3.8,17.5,52.6,22.8,2.8,74.2,25.8,47813,55643
"11074",42127961000,"42","127","961000",5269,41.450677,-75.368481,"Census Tract 9610, Wayne County, Pennsylvania",176000,4194,2426,5.9,2.94,2.41,1.8,5.6,13.4,41.1,20.1,2.5,2.4,2.9,10.3,0,5.7,24.2,48.3,16,5.8,87.2,12.8,53284,62876
"11075",42127961100,"42","127","961100",3828,41.428184,-75.257554,"Census Tract 9611, Wayne County, Pennsylvania",222300,4073,2504,6,2.32,2.92,2.8,7.3,13.1,29.5,20.8,9.4,9.9,2.1,5.1,0,4.1,20.2,55,17.5,3.2,89.2,10.8,49954,72982
"11076",42127961200,"42","127","961200",4271,41.40011,-75.37973,"Census Tract 9612, Wayne County, Pennsylvania",202600,2903,1248,5.8,2.53,2.62,5.6,6.7,18.8,31.2,18.1,5.9,3.7,0.8,9.2,0.3,2.7,23.6,56,13.7,3.7,80.4,19.6,52724,57682
"11077",42127961300,"42","127","961300",2862,41.31303,-75.375736,"Census Tract 9613, Wayne County, Pennsylvania",177400,1451,552,5.5,2.7,2.62,3.7,3.7,14.9,19.1,25.6,4.8,6.2,5,17,2.2,8.3,26.9,42,13.6,6.9,91,9,52883,67380
"11078",42127961400,"42","127","961400",1881,41.255574,-75.428493,"Census Tract 9614, Wayne County, Pennsylvania",132200,1889,1190,4.9,2.46,3.6,0.8,7.2,21.2,28,18.1,11.3,4.8,1.6,7,3.9,15.6,27.8,39.8,11.6,1.3,79.4,20.6,44271,72890
"11079",42129800100,"42","129","800100",1193,40.576545,-79.768937,"Census Tract 8001, Westmoreland County, Pennsylvania",26600,882,236,4,1.56,1.63,1.4,0,3.5,20.3,3.1,13.4,10.3,14.4,33.7,2.3,42.6,33.2,17.6,3.1,1.2,16.1,83.9,13929,23592
"11080",42129800200,"42","129","800200",1428,40.575854,-79.764471,"Census Tract 8002, Westmoreland County, Pennsylvania",48500,726,200,5.9,2.8,2.31,0,0,1.1,5.9,0,5.5,8,28.4,51.1,0,14.3,11,58.8,11.3,4.5,40.9,59.1,24444,34583
"11081",42129800300,"42","129","800300",2536,40.580723,-79.761399,"Census Tract 8003, Westmoreland County, Pennsylvania",69400,1338,151,5.7,2.46,2,0,0,0,0.7,2.5,12.9,23.5,22.4,38,0,15.2,38.3,38.4,7.2,0.9,62.9,37.1,33797,43883
"11082",42129800400,"42","129","800400",1440,40.588464,-79.757584,"Census Tract 8004, Westmoreland County, Pennsylvania",90400,778,74,5.5,1.97,1.74,0,3,8.2,9.1,8,12.7,22.2,20.6,16.2,0,13.9,34.8,47.4,1.8,2.1,75.4,24.6,38879,49070
"11083",42129800500,"42","129","800500",2524,40.577648,-79.750501,"Census Tract 8005, Westmoreland County, Pennsylvania",124500,1250,35,6.6,2.19,1.74,0,0,2.2,8.6,10.4,11.2,32.8,14.8,20.1,0,2.8,24.6,55.7,13.8,3.1,87.7,12.3,54814,71162
"11084",42129800600,"42","129","800600",2495,40.570755,-79.760796,"Census Tract 8006, Westmoreland County, Pennsylvania",58000,1328,288,6.2,2.59,2.56,0,0.4,1.1,1.1,5.5,2.2,14.5,16,59.2,0,11.4,25.5,41.4,17.2,4.4,49.6,50.4,30726,36507
"11085",42129800700,"42","129","800700",2188,40.56109,-79.763533,"Census Tract 8007, Westmoreland County, Pennsylvania",59000,1409,357,4.6,2.75,1.79,2.1,0,0,8.2,25.3,5.6,3.5,13.8,41.5,1.8,39.7,17.7,34.8,5.7,0.3,28,72,20417,29127
"11086",42129800800,"42","129","800800",1783,40.557571,-79.752613,"Census Tract 8008, Westmoreland County, Pennsylvania",96900,828,72,6.4,2.41,2.77,0,1.2,0,4.5,5.7,6.8,30,20.4,31.5,0,3.3,28.3,56.9,11.6,0,75.1,24.9,47000,54153
"11087",42129800900,"42","129","800900",2686,40.565004,-79.742593,"Census Tract 8009, Westmoreland County, Pennsylvania",84900,1363,217,5.5,2.31,2.07,1.5,0.9,1.5,3.7,4.8,6.5,29.6,39.1,12.5,0.7,12.1,31.4,48.7,6,1,55.8,44.2,35208,47518
"11088",42129801001,"42","129","801001",3993,40.584387,-79.730025,"Census Tract 8010.01, Westmoreland County, Pennsylvania",123700,1631,66,6.3,2.32,2.41,0,0,4.8,2.3,8,23.2,47.8,11,2.9,0,1.8,25.3,56.8,13.7,2.5,88.4,11.6,51367,56801
"11089",42129801002,"42","129","801002",2621,40.570741,-79.712741,"Census Tract 8010.02, Westmoreland County, Pennsylvania",121300,1262,83,5.6,2.31,2.19,1.9,12.4,7.7,13.6,11.3,15.2,13.5,10.2,14,0,13.9,29.4,38.3,14.5,3.9,71.5,28.5,49886,61603
"11090",42129801100,"42","129","801100",5147,40.595631,-79.720198,"Census Tract 8011, Westmoreland County, Pennsylvania",136400,2387,145,5.7,2.52,1.9,0.5,3.4,14.5,13.1,12.7,8.1,30.1,8.3,9.4,0.9,6.2,33.1,45.1,14,0.8,75.4,24.6,45000,58718
"11091",42129801200,"42","129","801200",5537,40.602891,-79.645009,"Census Tract 8012, Westmoreland County, Pennsylvania",152600,2448,177,6.3,2.48,2.12,2.7,4.3,18.3,11.8,13.8,13.9,13.8,11.4,10,0,3,21.5,52.8,17.7,4.9,92.1,7.9,60875,73509
"11092",42129801300,"42","129","801300",4421,40.627504,-79.616855,"Census Tract 8013, Westmoreland County, Pennsylvania",128000,1983,147,6,2.56,1.96,4.5,6.5,9.2,8.9,10.4,10.6,17.2,9.4,23.2,0.2,2.7,28.5,49.9,16,2.7,77.2,22.8,51314,60727
"11093",42129801400,"42","129","801400",1899,40.596042,-79.576406,"Census Tract 8014, Westmoreland County, Pennsylvania",77200,878,58,6,2.33,2.17,0,0,1.4,11,3.5,6.4,11.6,11.4,54.7,0,6.7,35.5,50.5,7.3,0,69.3,30.7,32361,41961
"11094",42129801500,"42","129","801500",2568,40.59926,-79.567312,"Census Tract 8015, Westmoreland County, Pennsylvania",70000,1278,175,5.8,2.47,2.34,0,0,0.7,0,2.3,2.7,7.9,17.8,68.5,0,6.5,46.6,35.4,10.7,0.8,62.6,37.4,38169,43946
"11095",42129801600,"42","129","801600",1412,40.603101,-79.560748,"Census Tract 8016, Westmoreland County, Pennsylvania",68400,779,113,5.7,2.16,1.9,0,0,1,0,4.6,13.9,3.3,0,77.2,2.3,19.4,28,43.4,5.8,1.2,53.6,46.4,26250,34771
"11096",42129801701,"42","129","801701",2326,40.547368,-79.67649,"Census Tract 8017.01, Westmoreland County, Pennsylvania",167100,942,93,6.9,2.58,2.32,6.1,4.4,12.2,19.2,12.5,9.9,17.3,12.3,6.2,0,6.4,18.5,51.6,18.4,5.2,88.2,11.8,59044,74906
"11097",42129801702,"42","129","801702",4770,40.505937,-79.620462,"Census Tract 8017.02, Westmoreland County, Pennsylvania",160300,1962,111,6.3,2.51,1.68,1.4,9.2,16.8,16.1,18.6,7.7,14.1,4.9,11.2,0,2.3,19.6,55.9,19.7,2.5,92.1,7.9,66433,71001
"11098",42129801703,"42","129","801703",2632,40.53905,-79.581919,"Census Tract 8017.03, Westmoreland County, Pennsylvania",130000,1215,32,6.2,2.26,2.12,1.6,6.3,11.1,11.7,8.6,10.5,18.3,14.7,17.2,0,3.7,24.4,60.4,10.9,0.7,87.4,12.6,43594,59610
"11099",42129801800,"42","129","801800",6550,40.50579,-79.492759,"Census Tract 8018, Westmoreland County, Pennsylvania",104900,2704,291,5.9,2.46,2.22,2.7,2.4,8.1,10.3,17.2,11,9.1,5.4,33.9,0.3,4.9,34.6,46.9,11.7,1.6,84.9,15.1,46316,57985
"11100",42129801900,"42","129","801900",6623,40.406252,-79.5268,"Census Tract 8019, Westmoreland County, Pennsylvania",123200,3167,286,5.8,2.34,2.13,3.5,5.8,11.6,8.1,25.4,13.2,7.2,6,19.1,1.4,6.5,27.6,48.3,13.2,3,80.5,19.5,42528,56738
"11101",42129802001,"42","129","802001",2726,40.456198,-79.634556,"Census Tract 8020.01, Westmoreland County, Pennsylvania",272400,1019,115,7.3,2.92,1.59,7.1,14.1,13.4,11.1,10.9,14.4,12.3,0.4,16.3,0,4.6,6.6,48.1,33.6,7.2,90.4,9.6,79741,121558
"11102",42129802002,"42","129","802002",7611,40.412082,-79.597827,"Census Tract 8020.02, Westmoreland County, Pennsylvania",162200,3316,187,6.7,2.64,1.72,1.6,2.9,13.3,15,13.1,18.4,9,3,23.7,0.4,8.9,19.6,40.1,28.6,2.4,76.2,23.8,57280,72399
"11103",42129802101,"42","129","802101",4966,40.453854,-79.694313,"Census Tract 8021.01, Westmoreland County, Pennsylvania",218200,2146,123,7.5,2.41,2.11,1,1.4,18.7,21.3,31.2,12.2,8.5,2.5,3.2,1.5,2.4,15.6,32.9,40.4,7.2,91.6,8.4,86495,109215
"11104",42129802102,"42","129","802102",6071,40.442234,-79.666801,"Census Tract 8021.02, Westmoreland County, Pennsylvania",210500,2656,114,7.4,2.54,2.02,2.1,17.4,9.1,4.7,17.7,15,28.6,2.6,2.7,0,3.2,19.8,34.6,35.8,6.6,87.3,12.7,87821,103879
"11105",42129802103,"42","129","802103",2328,40.412966,-79.697849,"Census Tract 8021.03, Westmoreland County, Pennsylvania",238200,930,51,7.4,2.54,1.42,0.8,4.5,23.8,11.8,23.5,8.8,11.6,4.6,10.5,0,2.5,11.9,34.5,46.9,4.2,97.8,2.2,109805,152664
"11106",42129802200,"42","129","802200",3113,40.385455,-79.754253,"Census Tract 8022, Westmoreland County, Pennsylvania",107500,1557,136,6,2.29,1.96,0.3,0.5,5,6.3,6.4,6.7,28,15.5,31.2,0.7,11.9,32.8,38.4,14.6,1.5,70.5,29.5,47574,59505
"11107",42129802301,"42","129","802301",6075,40.383179,-79.709586,"Census Tract 8023.01, Westmoreland County, Pennsylvania",174500,2303,75,6.9,2.58,2.01,1,6.3,14.2,9.2,15.9,16.1,21.5,7.1,8.9,0,1.5,12.9,52.2,31,2.4,92,8,81121,92284
"11108",42129802303,"42","129","802303",3111,40.352708,-79.647046,"Census Tract 8023.03, Westmoreland County, Pennsylvania",175400,1251,0,6.7,2.65,1.84,0.8,4.1,10.6,12.2,26.3,20.5,17.5,0,8.2,0,4,7.9,63,19.5,5.6,95.4,4.6,59598,76409
"11109",42129802304,"42","129","802304",6623,40.374272,-79.658264,"Census Tract 8023.04, Westmoreland County, Pennsylvania",211800,2384,44,7.8,2.99,2.08,3.7,9.5,38.1,11.7,13.5,6.5,10.9,0.7,5.3,0,1.1,6.5,43.3,46.9,2.2,90.2,9.8,88065,93779
"11110",42129802400,"42","129","802400",4369,40.36567,-79.608668,"Census Tract 8024, Westmoreland County, Pennsylvania",162400,1814,86,6.1,2.5,2.05,8.5,9.5,8.9,3.4,17.6,21.1,5.2,8.4,17.3,0.4,3,21.9,55.1,13.8,5.8,87.7,12.3,57193,68422
"11111",42129802500,"42","129","802500",2234,40.336172,-79.60477,"Census Tract 8025, Westmoreland County, Pennsylvania",86600,1193,138,5.7,2.14,2.33,0,1,3.3,2.7,13.3,7,27.7,18.4,26.6,0,12.6,37.6,42,7.9,0,74,26,47862,48947
"11112",42129802600,"42","129","802600",3627,40.331783,-79.614529,"Census Tract 8026, Westmoreland County, Pennsylvania",75700,1933,234,5.4,2.19,2.07,0,0.6,1.4,6.8,3.3,3.7,15.9,13.4,54.9,4.6,12.2,38.3,42,3.1,0,51.4,48.6,28063,38119
"11113",42129802700,"42","129","802700",2012,40.318132,-79.612674,"Census Tract 8027, Westmoreland County, Pennsylvania",98400,1039,32,5.9,2.2,1.72,0.7,1,3.1,4.6,4.4,3.7,40,8.2,34.4,0,15.5,26.4,43.8,13.8,0.6,76.2,23.8,53867,55031
"11114",42129802800,"42","129","802800",2256,40.326655,-79.625719,"Census Tract 8028, Westmoreland County, Pennsylvania",70800,1251,171,5.2,2.32,1.93,1.1,0.6,0.2,0.6,5,16,11.3,10.1,55.2,6.9,10.6,42.3,31.7,7.9,0.6,51.1,48.9,27109,34895
"11115",42129802900,"42","129","802900",5382,40.337082,-79.672323,"Census Tract 8029, Westmoreland County, Pennsylvania",150700,2261,156,6.5,2.62,1.88,6.1,6.8,19.5,9.9,4,11.9,11.6,5.1,25.2,0,2.6,20.7,52.3,21.8,2.6,87.7,12.3,70186,76331
"11116",42129803000,"42","129","803000",4819,40.32756,-79.702378,"Census Tract 8030, Westmoreland County, Pennsylvania",110800,2720,284,5.2,2.37,1.72,0.1,1.5,1.9,8.8,9.7,18.1,17.2,8.2,34.6,1.3,24.9,34.2,25.6,11.7,2.3,43.4,56.6,39864,49474
"11117",42129803100,"42","129","803100",4125,40.335949,-79.710813,"Census Tract 8031, Westmoreland County, Pennsylvania",122200,1794,44,6.1,2.43,1.69,1.3,4.6,9.1,5,10.1,17.6,27.9,9.8,14.5,0,2.2,28.6,54.2,13.8,1.3,81.9,18.1,52833,67272
"11118",42129803200,"42","129","803200",2470,40.35311,-79.742859,"Census Tract 8032, Westmoreland County, Pennsylvania",129800,1064,110,5.9,2.54,1.83,6,2.4,13.4,11,16.6,14.3,16.9,4.4,14.8,0,4.2,23.8,55.3,15.1,1.6,85.4,14.6,49219,67736
"11119",42129803301,"42","129","803301",5957,40.336524,-79.765456,"Census Tract 8033.01, Westmoreland County, Pennsylvania",146100,2626,70,6.4,2.47,1.8,1.9,7.3,3.4,4.1,19.4,36,18.1,7,2.7,0,7,12.3,65.2,14.1,1.4,86.9,13.1,63333,68017
"11120",42129803302,"42","129","803302",4137,40.315237,-79.761381,"Census Tract 8033.02, Westmoreland County, Pennsylvania",166000,1666,45,6.6,2.56,2.04,0.6,14.1,6.8,1.7,14.6,27,26.8,4.3,4.1,0,5.8,14.8,57.2,20.1,2,86.7,13.3,65134,75668
"11121",42129803400,"42","129","803400",3190,40.311514,-79.74295,"Census Tract 8034, Westmoreland County, Pennsylvania",164300,1144,57,6.6,2.58,1.73,17.9,6.1,3.7,3.1,12.5,23.5,20.3,7.2,5.7,0,0,15.3,52.5,28.8,3.3,94.2,5.8,75605,90105
"11122",42129803501,"42","129","803501",4601,40.304566,-79.71598,"Census Tract 8035.01, Westmoreland County, Pennsylvania",185100,1622,68,6.9,3,2.14,10.7,13,7.6,6.5,25.2,6.5,19.5,3.8,7.3,0,1,9.4,57,26.4,6.2,97.6,2.4,85926,89965
"11123",42129803502,"42","129","803502",3986,40.317791,-79.714825,"Census Tract 8035.02, Westmoreland County, Pennsylvania",131500,1653,70,6.4,2.64,1.86,0,0.5,11.4,4.1,14.4,24,19.5,5.1,20.9,0,0.9,19.2,53.7,23.5,2.7,94.5,5.5,65365,70505
"11124",42129803600,"42","129","803600",1717,40.320171,-79.644253,"Census Tract 8036, Westmoreland County, Pennsylvania",118500,805,88,6.1,2.46,2.09,3.2,3,0.9,15.4,16,8.9,18.9,5.7,28,0,5.2,20.7,53.5,18.1,2.4,82.4,17.6,53583,63615
"11125",42129803700,"42","129","803700",4166,40.326576,-79.575194,"Census Tract 8037, Westmoreland County, Pennsylvania",180100,1924,73,6.7,2.47,2.25,4.5,7,7.2,5.2,11.4,21.9,24,5,13.8,0.2,4.7,20,46.7,23.3,5.2,84.4,15.6,69413,93906
"11126",42129803800,"42","129","803800",5838,40.331591,-79.521267,"Census Tract 8038, Westmoreland County, Pennsylvania",173300,2537,227,6.1,2.56,1.93,1.3,17.7,15.1,8.7,7.2,7.9,12.5,3.6,25.9,1.1,5.7,32,33.8,26.4,0.9,75,25,52264,84985
"11127",42129803901,"42","129","803901",3170,40.327496,-79.540773,"Census Tract 8039.01, Westmoreland County, Pennsylvania",132400,1709,34,6.1,2.38,1.59,0,1.3,30,21.8,12.9,10.2,15.3,6.6,1.9,1.1,9.7,29.7,38.6,20.1,0.9,59.7,40.3,55039,72117
"11128",42129803902,"42","129","803902",3878,40.31129,-79.547766,"Census Tract 8039.02, Westmoreland County, Pennsylvania",133700,1742,116,5.1,2.25,1.59,1.7,4,2.5,7.7,14.9,7.2,27.4,6.8,27.7,4,25.7,23.7,27.7,12.9,6.1,49,51,38173,57776
"11129",42129804000,"42","129","804000",1325,40.301527,-79.556816,"Census Tract 8040, Westmoreland County, Pennsylvania",83400,813,158,4.6,1.79,1.99,0,1.4,2.7,7.3,3.2,9.7,17.1,22.1,36.5,8.9,6.4,53.3,26.3,3.8,1.4,58.5,41.5,40245,47966
"11130",42129804100,"42","129","804100",2668,40.299531,-79.547786,"Census Tract 8041, Westmoreland County, Pennsylvania",83900,1614,315,5,1.98,1.75,0,0,1.2,7.6,10.7,6.1,7.4,11.6,55.4,3.6,26.6,29.9,26.6,12.8,0.4,35.6,64.4,29496,35914
"11131",42129804200,"42","129","804200",3851,40.297365,-79.534853,"Census Tract 8042, Westmoreland County, Pennsylvania",118100,2049,84,5.8,2.18,1.7,2.1,1.4,5.2,2.9,8.5,13.8,13,22.1,31,5.5,13,26.4,32.8,18.5,3.8,57.9,42.1,39598,52083
"11132",42129804300,"42","129","804300",2155,40.293453,-79.548249,"Census Tract 8043, Westmoreland County, Pennsylvania",111100,1153,118,5.6,2.45,1.96,0,0.3,0.3,1,4,17.3,12.6,14.1,50.5,0,16.7,39.8,33.3,7.9,2.3,54.4,45.6,35039,46907
"11133",42129804400,"42","129","804400",2117,40.277198,-79.547003,"Census Tract 8044, Westmoreland County, Pennsylvania",88900,1148,152,5.3,2.19,1.75,2.2,5.9,2.9,7.1,3.9,7.5,24.7,6.5,39.2,1,8.3,41.1,44.4,5.1,0,74.9,25.1,41838,49787
"11134",42129804501,"42","129","804501",4804,40.261848,-79.533214,"Census Tract 8045.01, Westmoreland County, Pennsylvania",161000,2006,19,6.8,2.63,1.56,2.7,3.1,10.3,12.3,27.3,16.2,10.5,7.2,10.4,0,2.4,25.5,49.5,20.8,1.7,83.3,16.7,62519,76578
"11135",42129804502,"42","129","804502",5736,40.286663,-79.51774,"Census Tract 8045.02, Westmoreland County, Pennsylvania",152400,2816,265,6.1,2.48,1.42,1.2,3.4,10.9,7.9,24.6,23.4,19.5,5.5,3.6,2.2,11.3,22.8,43.5,15.9,4.4,71.3,28.7,56018,72686
"11136",42129804600,"42","129","804600",3050,40.239807,-79.582396,"Census Tract 8046, Westmoreland County, Pennsylvania",91800,1582,157,5.6,2.24,1.92,0,0,4.4,0,14.2,16.3,15.9,11.2,38.1,5.4,7.7,41.8,35.7,7.5,1.9,60.6,39.4,39611,47234
"11137",42129804701,"42","129","804701",3147,40.272682,-79.601071,"Census Tract 8047.01, Westmoreland County, Pennsylvania",139000,1340,101,6.7,2.5,2.48,1,0.1,4.7,5.2,43.8,19.4,4.6,6.4,14.7,0.3,0,7,75.4,16,1.3,96.3,3.7,65228,68142
"11138",42129804702,"42","129","804702",6708,40.277427,-79.568225,"Census Tract 8047.02, Westmoreland County, Pennsylvania",129400,2238,232,5.7,2.45,1.77,2.1,5.1,14.3,10.5,35.9,5.8,11.7,4.2,10.5,2.1,16.3,20.4,41.1,18.1,2,75.2,24.8,40671,60752
"11139",42129804801,"42","129","804801",2458,40.301853,-79.604387,"Census Tract 8048.01, Westmoreland County, Pennsylvania",138300,1201,184,5.2,2.17,2.07,8.7,12,7.7,7.8,19.9,12.2,18.4,6.3,6.9,0,9,36.5,43.8,9.4,1.3,65.3,34.7,36976,53845
"11140",42129804802,"42","129","804802",6465,40.294461,-79.652644,"Census Tract 8048.02, Westmoreland County, Pennsylvania",153900,2617,174,6.6,2.65,2.88,3.8,9.2,14.1,6.7,15.1,19.1,12.8,5.4,13.8,0,1.7,12.8,49.4,33.7,2.4,96.8,3.2,68159,78960
"11141",42129804900,"42","129","804900",5432,40.225576,-79.614092,"Census Tract 8049, Westmoreland County, Pennsylvania",153400,2698,167,5.8,2.37,1.7,4.7,5.5,9.9,11.2,29.5,7.2,7.2,3.5,21.4,0,10.7,32.6,41.8,14.5,0.4,69.8,30.2,45163,57397
"11142",42129805000,"42","129","805000",3803,40.24822,-79.713132,"Census Tract 8050, Westmoreland County, Pennsylvania",102500,1749,202,5.7,2.67,2.08,0,5.1,5.8,8.5,16,11.8,15,6.3,31.6,0,9.1,30.3,45.5,14.8,0.4,73.3,26.7,46575,59141
"11143",42129805100,"42","129","805100",2798,40.25919,-79.765478,"Census Tract 8051, Westmoreland County, Pennsylvania",136800,1357,189,5.6,2.25,2.51,1,10.4,7.1,6,15.5,11.6,18.6,5.3,24.6,0.7,7.7,28.9,52.3,9.4,0.9,83,17,46429,55520
"11144",42129805200,"42","129","805200",2105,40.154486,-79.876949,"Census Tract 8052, Westmoreland County, Pennsylvania",59700,1083,106,5.7,2.22,2.39,0,0,0,0.5,0.6,5.4,30.7,17.5,45.4,0,11.1,28.9,47.6,12,0.5,69.1,30.9,26754,45889
"11145",42129805400,"42","129","805400",1823,40.158409,-79.890414,"Census Tract 8054, Westmoreland County, Pennsylvania",36500,1217,329,5.6,2.1,1.99,0,4.2,3.9,1.7,14.7,2.5,13.1,15.1,44.7,0,23.3,30.5,29.7,10.6,5.8,37.8,62.2,19222,25122
"11146",42129805500,"42","129","805500",3792,40.147119,-79.883252,"Census Tract 8055, Westmoreland County, Pennsylvania",86600,1991,216,5.7,2.04,2.33,0,0,2.4,3.1,6.9,12.5,44.9,14.2,16.2,0,1.8,41.5,49,6.1,1.6,88,12,41458,51923
"11147",42129805600,"42","129","805600",1971,40.130948,-79.863597,"Census Tract 8056, Westmoreland County, Pennsylvania",85900,975,160,5.4,2.43,2.22,0.8,1.5,4.6,0.4,2.2,5.7,25.6,11.2,47.9,0,8.9,40.6,39.8,10.7,0,66.4,33.6,34883,49186
"11148",42129805800,"42","129","805800",3315,40.159695,-79.844612,"Census Tract 8058, Westmoreland County, Pennsylvania",97700,1481,272,5.9,2.56,2.71,0.5,0.8,7.8,5,7.3,12.4,12.7,17.8,35.9,0,3.8,28.6,55.4,11.4,0.8,73,27,36681,47403
"11149",42129805901,"42","129","805901",1661,40.141369,-79.78089,"Census Tract 8059.01, Westmoreland County, Pennsylvania",161800,790,64,6.5,2.38,2.33,5.6,10.6,16.2,5.9,18.1,8.6,15.3,7.7,11.9,0,0,31.4,47,17.5,4.2,91.6,8.4,54786,72438
"11150",42129805902,"42","129","805902",6387,40.186303,-79.799842,"Census Tract 8059.02, Westmoreland County, Pennsylvania",158300,2743,239,6.2,2.57,2.88,3.4,7.3,22.9,9.6,9.4,10.6,18.2,8.6,10,0,2.7,19,56.5,18.3,3.5,92.9,7.1,59534,74393
"11151",42129806000,"42","129","806000",2633,40.210113,-79.768569,"Census Tract 8060, Westmoreland County, Pennsylvania",86800,1373,125,5.6,2.3,1.87,0,0,3.9,9.4,5.2,5.7,17.9,11.7,46.1,0,20.8,30.2,39.2,6.7,3.2,62.9,37.1,30200,43219
"11152",42129806100,"42","129","806100",3623,40.201643,-79.707301,"Census Tract 8061, Westmoreland County, Pennsylvania",115900,1682,161,5.9,2.37,1.89,0.4,2.3,13.2,3.2,11.1,12.2,13.1,7,37.5,0.7,6.3,29,50.4,11.6,2.1,79.1,20.9,46250,57590
"11153",42129806200,"42","129","806200",2572,40.151364,-79.697082,"Census Tract 8062, Westmoreland County, Pennsylvania",116100,1170,45,6.1,2.61,2.61,3.6,2.4,7.9,14.2,16.9,10,4.2,6.2,34.6,0,8,30.5,37.3,15.9,8.3,87.8,12.2,56328,61805
"11154",42129806300,"42","129","806300",1982,40.098428,-79.593061,"Census Tract 8063, Westmoreland County, Pennsylvania",102100,1038,209,5.9,2.39,1.67,0,0.9,1.3,4.5,1,6.3,16.9,9.4,59.7,3.9,14.5,22.1,43.4,13.8,2.4,67.8,32.2,39036,44971
"11155",42129806400,"42","129","806400",2402,40.105888,-79.591243,"Census Tract 8064, Westmoreland County, Pennsylvania",98000,1291,45,5.8,2.23,1.81,0,0,2.9,5.7,15,15.6,16,6.8,38,1.1,9.4,24.7,51.8,7.1,5.9,66.5,33.5,38451,52047
"11156",42129806500,"42","129","806500",4783,40.119259,-79.585599,"Census Tract 8065, Westmoreland County, Pennsylvania",119000,2053,95,5.8,2.43,1.82,3.7,4.4,15.9,10.3,15.4,12.2,12.1,4.3,21.7,3,8,27.6,49.7,10.5,1.1,73.3,26.7,42611,52604
"11157",42129806600,"42","129","806600",3180,40.171356,-79.599146,"Census Tract 8066, Westmoreland County, Pennsylvania",86100,1589,80,5.4,2.21,2.43,4.3,8,10.3,22.3,14.9,3.5,8.7,3,25,1.1,11.5,32.3,40.2,8,6.9,75,25,41955,46371
"11158",42129806700,"42","129","806700",2869,40.152197,-79.545683,"Census Tract 8067, Westmoreland County, Pennsylvania",123200,1380,52,5.5,2.39,1.65,0,1.3,5.9,12.5,7.2,12.5,14.2,7.3,39,1.2,17.5,27.2,47.9,5.4,0.9,55.9,44.1,36607,49346
"11159",42129806800,"42","129","806800",1585,40.146469,-79.537335,"Census Tract 8068, Westmoreland County, Pennsylvania",92800,761,93,5.9,2.39,2.11,0,3.2,1.3,5,0,6,13,15.5,56,0,2.1,37.2,46.9,10.8,3,75,25,35625,46558
"11160",42129806900,"42","129","806900",4040,40.15568,-79.527359,"Census Tract 8069, Westmoreland County, Pennsylvania",107800,1808,197,5.7,2.36,2.36,2.8,5.1,17.5,4.6,15.7,5.7,13.6,9.5,25.4,1.4,4.5,29.2,52.3,9.8,2.8,72.9,27.1,54345,56801
"11161",42129807000,"42","129","807000",3535,40.175636,-79.462807,"Census Tract 8070, Westmoreland County, Pennsylvania",125600,1648,269,6,2.65,2.51,2.1,1.3,10.1,11.6,17.6,10.3,10.5,5.1,31.4,1.3,1.5,27.3,57.3,10.4,2.2,81.4,18.6,53523,62329
"11162",42129807100,"42","129","807100",3336,40.21376,-79.490026,"Census Tract 8071, Westmoreland County, Pennsylvania",120400,1506,54,6,2.53,1.38,2.9,2.5,2.3,11,11.6,10.6,9.2,6.8,43.2,0.7,1.4,27.1,51.7,17.2,1.9,86,14,46875,56215
"11163",42129807200,"42","129","807200",7613,40.267899,-79.468338,"Census Tract 8072, Westmoreland County, Pennsylvania",193700,3115,274,6.8,2.58,2.27,6.8,5.8,17.8,17.9,10.7,9.9,4.7,5.1,21.4,0,2.1,24.9,41.8,26.1,5.1,81.4,18.6,69738,80080
"11164",42129807300,"42","129","807300",5230,40.265164,-79.376939,"Census Tract 8073, Westmoreland County, Pennsylvania",136700,2364,163,6.2,2.28,2,5.3,4.1,4.6,14.2,14.1,13.2,10.3,6.8,27.4,0,3.5,27.9,49.2,18.5,0.9,81.5,18.5,49133,67096
"11165",42129807401,"42","129","807401",2198,40.33598,-79.429208,"Census Tract 8074.01, Westmoreland County, Pennsylvania",123200,995,64,6.8,2.63,2.77,2.9,2.2,8,3.5,17.9,11.1,18.8,7.1,28.4,0,3.7,10.1,61.4,17.5,7.3,93.9,6.1,57461,62115
"11166",42129807402,"42","129","807402",7892,40.296155,-79.421359,"Census Tract 8074.02, Westmoreland County, Pennsylvania",171200,2888,144,6.5,2.55,1.8,6.2,5,12.6,10.8,17.7,13.9,19.6,4,10.1,0,8.9,21.6,44,20,5.4,77.6,22.4,59306,78725
"11167",42129807500,"42","129","807500",2294,40.3205,-79.390679,"Census Tract 8075, Westmoreland County, Pennsylvania",99600,1144,83,5.3,2.13,2.53,1,4.5,3.1,12.5,8.7,12.8,18.8,8,30.6,2.1,2.4,38.6,48.6,8.3,0,75.9,24.1,41109,51077
"11168",42129807600,"42","129","807600",2593,40.309465,-79.383363,"Census Tract 8076, Westmoreland County, Pennsylvania",84500,1471,153,4.6,2.17,1.63,2.2,2.7,6.7,1.4,22.5,5.1,10.5,11.1,37.9,5.7,27.1,23.8,36.6,5.1,1.8,50.4,49.6,26042,34270
"11169",42129807700,"42","129","807700",3451,40.314038,-79.376044,"Census Tract 8077, Westmoreland County, Pennsylvania",112200,1687,202,6.3,2.58,1.78,0,0,2.3,0.5,6.3,3.9,20.1,16.4,50.6,1.5,14.3,19.8,32.6,24.6,7.1,68.4,31.6,45568,53340
"11170",42129807800,"42","129","807800",3973,40.311924,-79.360644,"Census Tract 8078, Westmoreland County, Pennsylvania",101000,1952,83,5.6,2.23,2.23,2.1,1.5,14.2,3,12.4,11.1,25.9,11.1,18.8,1.7,4.8,33.5,50.5,7.7,1.9,74.9,25.1,39206,52513
"11171",42129807900,"42","129","807900",6610,40.374326,-79.357154,"Census Tract 8079, Westmoreland County, Pennsylvania",125400,3001,302,5.7,2.53,2.18,2.4,5.9,8.9,13.9,18.3,15.1,11.4,5,19.1,0,7.8,32.8,47.9,8.4,3.2,72.9,27.1,42843,53136
"11172",42129808100,"42","129","808100",4479,40.35498,-79.286795,"Census Tract 8081, Westmoreland County, Pennsylvania",87100,2011,216,5.8,2.22,2.27,1,2.8,13.8,12.3,12.2,9.6,12.4,6.2,29.6,0,7.7,30,45.7,16.1,0.4,80.2,19.8,43996,47196
"11173",42129808200,"42","129","808200",2688,40.333444,-79.300742,"Census Tract 8082, Westmoreland County, Pennsylvania",91900,1330,117,5.8,2.44,1.8,0,2.6,1.7,9,4.6,9,9.3,15.9,47.8,0,15.6,25.5,44.4,13.1,1.4,67.4,32.6,36146,44147
"11174",42129808300,"42","129","808300",5591,40.364704,-79.103447,"Census Tract 8083, Westmoreland County, Pennsylvania",92300,2587,296,5.9,2.42,2.59,5.6,2.9,7.7,9.7,18.1,9.5,14.5,6.9,25,0.1,5.4,28.6,47.7,14.7,3.4,82.7,17.3,42292,52716
"11175",42129808401,"42","129","808401",2065,40.227709,-79.264081,"Census Tract 8084.01, Westmoreland County, Pennsylvania",147100,1238,333,5.9,2.13,2.2,1.1,0,3.2,7.3,11.2,15.8,17.9,14.2,29.5,0,10.4,33.9,32.7,20,2.9,83,17,45127,54238
"11176",42129808402,"42","129","808402",4705,40.255052,-79.200703,"Census Tract 8084.02, Westmoreland County, Pennsylvania",155800,2324,345,6.2,2.54,1.58,3.8,5.6,3.5,8.9,11.9,23.3,13,7.5,22.6,0.9,7.2,28.2,44.5,15.7,3.4,88.9,11.1,62038,79399
"11177",42129808500,"42","129","808500",1573,40.244716,-79.236587,"Census Tract 8085, Westmoreland County, Pennsylvania",162300,903,115,5.3,2.19,1.63,6.9,2.7,2.9,0.9,9.3,14.7,12.8,5.6,44.2,0.4,12.4,45.2,33.6,7.9,0.6,52.8,47.2,48446,55438
"11178",42129808600,"42","129","808600",4773,40.145893,-79.34145,"Census Tract 8086, Westmoreland County, Pennsylvania",127200,2424,599,5.6,2.35,2.44,3.2,6.4,10.5,12.6,19.8,12.4,12.3,7.1,15.8,0.4,6.4,30.2,47.4,13.4,2.1,85.5,14.5,45868,60285
"11179",42131400100,"42","131","400100",3358,41.61863,-76.106251,"Census Tract 4001, Wyoming County, Pennsylvania",107100,1571,388,5.5,2.82,2.69,0.8,5.1,11.8,14.2,19.8,8.4,5.7,3.8,30.4,2,8.8,24.8,44.7,14.1,5.6,71.2,28.8,43836,52929
"11180",42131400200,"42","131","400200",4150,41.581769,-76.011367,"Census Tract 4002, Wyoming County, Pennsylvania",151100,2111,499,5.8,2.54,2.44,1.9,5,12.9,12,19.8,8.5,5.1,3.2,31.6,1.4,5.1,24.1,49.4,16.1,3.8,76.2,23.8,48567,57839
"11181",42131400300,"42","131","400300",4677,41.590538,-75.797063,"Census Tract 4003, Wyoming County, Pennsylvania",157800,1954,209,6,2.55,1.98,2.9,5.5,15.4,9.4,17.6,6.4,3.4,5.8,33.7,1.9,5.3,23.4,49.9,15.8,3.7,78.6,21.4,46941,59086
"11182",42131400400,"42","131","400400",4273,41.551881,-75.924724,"Census Tract 4004, Wyoming County, Pennsylvania",154800,1832,238,5.9,2.62,2.59,0.8,5.8,19.1,9.1,31.7,4.5,10.1,4.6,14.4,0.7,0.9,28.3,49,19.6,1.5,81,19,52222,63403
"11183",42131400500,"42","131","400500",4351,41.488191,-75.842439,"Census Tract 4005, Wyoming County, Pennsylvania",151700,2121,433,5.8,2.37,2.17,0.7,3,12.4,13.5,21.7,7.3,6.6,5.3,29.5,2.9,3.9,30.9,44.6,14,3.6,81.1,18.9,51222,57021
"11184",42131400600,"42","131","400600",3355,41.525794,-75.957055,"Census Tract 4006, Wyoming County, Pennsylvania",154900,1778,286,5.8,2.49,2.15,0.4,2.2,9.4,12.1,13.7,10.6,8.8,5.8,37,2.6,13.7,26.8,30.3,22.4,4.1,67.4,32.6,48581,62252
"11185",42131400700,"42","131","400700",4112,41.428252,-75.988718,"Census Tract 4007, Wyoming County, Pennsylvania",130300,1901,202,5.5,2.58,2.05,0.7,6.1,12.7,15.3,19.1,9.9,5.6,3.7,26.8,0.9,6.7,25.6,48.8,12.2,5.7,82.6,17.4,43653,56621
"11186",42133000100,"42","133","000100",1284,39.961921,-76.726397,"Census Tract 1, York County, Pennsylvania",65000,780,176,4.5,2.84,2.2,7.4,0,0,0,4.1,0,15.4,8.5,64.6,6,35.1,20.8,19.4,1.7,17.1,11.3,88.7,16304,24556
"11187",42133000200,"42","133","000200",2831,39.963785,-76.721508,"Census Tract 2, York County, Pennsylvania",48000,1270,222,4.8,4.19,2.64,3.1,0,6.9,2.8,6.9,6.5,9.8,5.6,58.3,3,25.4,23.8,19.1,10.8,17.9,32.3,67.7,25270,31853
"11188",42133000300,"42","133","000300",2363,39.968912,-76.715869,"Census Tract 3, York County, Pennsylvania",76300,1046,71,5.8,2.62,2.66,0.7,0,3.2,1.6,1.4,4,31.4,8,49.7,6.6,14.3,21.7,28.3,18.3,10.8,48.7,51.3,29688,35431
"11189",42133000400,"42","133","000400",2159,39.971407,-76.708513,"Census Tract 4, York County, Pennsylvania",82100,920,134,5.8,2.79,2.1,0,0,1.1,0,0,6.4,15.8,17.2,59.6,1.1,14.2,17.6,47.2,15.7,4.2,58.7,41.3,32083,43639
"11190",42133000500,"42","133","000500",2605,39.966493,-76.709562,"Census Tract 5, York County, Pennsylvania",67800,1193,176,4.4,2.88,1.99,0,0,4.9,4,32.4,2.2,8.3,19.5,28.7,11.5,24.4,20.9,36.8,3.9,2.5,34.1,65.9,19724,29696
"11191",42133000600,"42","133","000600",2752,39.961255,-76.710736,"Census Tract 6, York County, Pennsylvania",82300,1088,119,5.6,2.82,2.56,0,0.6,6.3,2.8,7,2.8,23.2,6.8,50.5,2.1,9.9,32.6,41.4,8.5,5.4,60.9,39.1,35907,37423
"11192",42133000700,"42","133","000700",3247,39.956856,-76.72179,"Census Tract 7, York County, Pennsylvania",67000,1275,368,5.4,2.44,3.01,0,1.5,1,4.7,1.3,0.5,5.2,36,49.8,4.2,13,21.5,48.4,12.4,0.5,36.9,63.1,23944,33004
"11193",42133000800,"42","133","000800",2127,39.952071,-76.717121,"Census Tract 8, York County, Pennsylvania",106300,930,110,6.3,2.51,2.68,0,0,0,1.8,1.1,7.4,12.7,15.5,61.5,0.5,15.5,14.1,47.8,10.5,11.5,63.7,36.3,44113,56420
"11194",42133000900,"42","133","000900",3238,39.951467,-76.727961,"Census Tract 9, York County, Pennsylvania",66400,1014,114,6.7,2.67,3.36,0,0,0,1.1,5.6,10,13.1,20.7,49.5,0,7.5,18.7,21.2,16.5,36.1,35.7,64.3,30238,40651
"11195",42133001000,"42","133","001000",1654,39.956249,-76.733277,"Census Tract 10, York County, Pennsylvania",77900,711,119,5.9,2.54,3.88,0,5.8,7.5,4.6,1.1,8.2,20.4,9,43.5,2.8,7.6,32.2,38.4,16.3,2.7,44.8,55.2,28867,39430
"11196",42133001100,"42","133","001100",3789,39.95443,-76.743475,"Census Tract 11, York County, Pennsylvania",56400,1462,311,5.7,2.77,3.32,2.5,0.8,0,2.7,9.9,0.7,9.8,19.8,53.8,1.4,20.2,17.7,30.8,10.4,19.5,33.4,66.6,29005,37013
"11197",42133001200,"42","133","001200",3197,39.957977,-76.743425,"Census Tract 12, York County, Pennsylvania",61600,1268,260,4.2,2.96,2.61,0,0,4.9,4.4,11.2,4.3,12.5,20.2,42.4,9.1,22.4,31.9,14.9,9.1,12.5,25,75,27024,34885
"11198",42133001300,"42","133","001300",2924,39.961673,-76.749131,"Census Tract 13, York County, Pennsylvania",99500,1387,129,6.2,2.46,2.97,0,0.6,0,0,0.4,6.8,16.9,13.2,62.1,2.7,16.1,20,26.7,15.9,18.5,56.6,43.4,37433,47201
"11199",42133001400,"42","133","001400",4255,39.974864,-76.748223,"Census Tract 14, York County, Pennsylvania",98200,2000,73,5.4,2.08,2.14,0,0,0,1.7,8.2,16.8,41.9,21.5,10,1.2,6.7,29.5,51.4,7.9,3.4,74.7,25.3,37528,46745
"11200",42133001500,"42","133","001500",3742,39.966766,-76.736803,"Census Tract 15, York County, Pennsylvania",64600,1427,85,5.2,2.88,2.44,0,1.5,6.9,4.2,7.8,20.2,12.4,8.8,38.3,0,13.5,35.2,27.2,16,8.1,34.7,65.3,25585,36009
"11201",42133001600,"42","133","001600",1551,39.963169,-76.732909,"Census Tract 16, York County, Pennsylvania",107400,780,61,4,1.78,2.19,1.8,0,0.6,12.9,22.3,3.2,10.1,5.5,43.5,4,44.4,30,3.5,15,3.2,9.6,90.4,27898,33012
"11202",42133010110,"42","133","010110",9659,39.990277,-76.654365,"Census Tract 101.10, York County, Pennsylvania",189400,2895,31,5.8,2.77,1.82,4.8,7.2,16,23.1,11.2,15.6,14,0.5,7.6,3,15.8,24.9,27.8,26.4,2,58.6,41.4,49921,68452
"11203",42133010120,"42","133","010120",4506,39.995122,-76.700542,"Census Tract 101.20, York County, Pennsylvania",167200,1922,151,6.1,2.52,1.97,6.5,2,10.5,5.2,12.9,11,36.4,6.6,9,0,6.6,18.4,58.2,14.5,2.3,78.1,21.9,64386,75372
"11204",42133010130,"42","133","010130",3479,39.974838,-76.642281,"Census Tract 101.30, York County, Pennsylvania",240100,1364,32,8,2.69,2.07,5.9,7.6,13,20.7,18.3,17.7,13,2.6,1.2,0,0,9.2,43.4,42.6,4.8,96.6,3.4,88636,102493
"11205",42133010210,"42","133","010210",3204,39.972489,-76.685795,"Census Tract 102.10, York County, Pennsylvania",163000,1478,41,5.9,2.41,1.68,0.9,2.6,0.7,2.2,4.3,16.6,29.9,21.8,21,0.6,9.3,30.2,43.8,13.4,2.6,76.3,23.7,65094,77480
"11206",42133010220,"42","133","010220",5820,39.965391,-76.671034,"Census Tract 102.20, York County, Pennsylvania",184300,2560,81,6.4,2.4,2.11,3.9,1.8,12,16.4,17.6,19.5,22.1,3.5,3.2,4.8,4.7,26.3,40.4,23.2,0.6,70.7,29.3,63646,75253
"11207",42133010300,"42","133","010300",1669,39.970826,-76.701691,"Census Tract 103, York County, Pennsylvania",139900,759,0,6.9,2.49,2.07,1.2,0,1.6,0,4.3,2.1,29.5,13.3,48,0,5.3,15.8,63.4,11.9,3.7,81.9,18.1,59572,73383
"11208",42133010400,"42","133","010400",3705,39.953528,-76.696291,"Census Tract 104, York County, Pennsylvania",147500,1637,66,6.2,2.48,2.36,0,1.1,4.3,7.4,6.3,8,35.7,23.4,13.9,0,6,24.3,56,12.3,1.4,86.6,13.4,56442,70281
"11209",42133010510,"42","133","010510",4902,39.94094,-76.734047,"Census Tract 105.10, York County, Pennsylvania",332200,1257,73,7.8,2.47,2,5.4,18.6,10.3,7.5,8.3,9.1,15.4,8,17.4,0,2.6,11.1,47.4,29.8,9.1,96.6,3.4,110750,156988
"11210",42133010520,"42","133","010520",2302,39.943108,-76.707166,"Census Tract 105.20, York County, Pennsylvania",197300,1022,63,7,2.52,1.75,0,0.5,3.9,0,9.3,15.9,39.8,20,10.7,0,0,12.5,55.3,26.1,6.1,92.9,7.1,88469,90586
"11211",42133020100,"42","133","020100",3430,40.214549,-76.875573,"Census Tract 201, York County, Pennsylvania",215500,1572,176,6,2.54,2.14,1.7,3.8,13.2,12.1,9.2,27,14.6,8.9,9.6,2.3,10.6,23,42.2,21.6,0.4,65,35,61917,89673
"11212",42133020220,"42","133","020220",4081,40.181291,-76.825078,"Census Tract 202.20, York County, Pennsylvania",193800,1735,72,6.6,2.51,1.48,9.3,22,16.2,8.6,20.5,8.5,6.4,2.4,6,0,2.1,18.9,54.3,23.4,1.3,94,6,77287,83248
"11213",42133020221,"42","133","020221",4659,40.182625,-76.862192,"Census Tract 202.21, York County, Pennsylvania",211400,1884,50,7.3,2.53,2.38,9.3,9.4,23.4,6.1,24.6,10.4,11.7,1.8,3.5,0,1.3,9.3,55.8,26.3,7.2,96.1,3.9,78548,87966
"11214",42133020222,"42","133","020222",4498,40.157444,-76.889692,"Census Tract 202.22, York County, Pennsylvania",215200,1861,165,7,2.72,1.66,5.1,7.6,17.3,25.5,20.4,8.8,6.3,1.8,7.2,0,5.6,13.7,52.2,21.7,6.8,89.3,10.7,84219,99698
"11215",42133020310,"42","133","020310",2630,40.138294,-76.969916,"Census Tract 203.10, York County, Pennsylvania",220100,995,47,6.9,2.77,2.48,6.6,14.9,15.3,13.3,13,6.1,9,2.8,19,0.3,2.1,13.3,60.7,17.6,6,86,14,67500,92262
"11216",42133020320,"42","133","020320",7447,40.046662,-76.946503,"Census Tract 203.20, York County, Pennsylvania",214900,3044,180,6.4,2.61,2.32,5.5,3.9,15,15,19,9.1,5.4,6.1,21.1,0.4,8.1,17.4,52.8,18.4,2.8,89.1,10.9,61747,81797
"11217",42133020410,"42","133","020410",5167,40.073739,-77.064645,"Census Tract 204.10, York County, Pennsylvania",195900,2093,94,5.9,2.53,2.58,5.5,6.3,25.8,25.3,9.3,7.4,3.9,1,15.6,1.7,3.1,24.3,51.3,14.9,4.8,81.3,18.7,63783,71158
"11218",42133020420,"42","133","020420",8502,40.115428,-77.026088,"Census Tract 204.20, York County, Pennsylvania",225600,3331,229,6.6,2.76,2.41,6.9,10.7,19.4,13.2,12.8,4.4,11.8,5.5,15.4,0,9,15.5,44.5,29.3,1.7,81,19,69720,81459
"11219",42133020510,"42","133","020510",3766,39.911265,-76.939899,"Census Tract 205.10, York County, Pennsylvania",187900,1385,42,6.3,2.84,1.99,1.5,8.5,16.5,12.6,22.8,10.3,9.7,1.7,16.4,0,5.4,18.2,55.2,15.7,5.5,93.4,6.6,70059,74807
"11220",42133020521,"42","133","020521",5576,39.902017,-76.852723,"Census Tract 205.21, York County, Pennsylvania",157500,2388,155,6.2,2.66,2.05,9.1,9.4,9.3,19.5,13.4,7.2,7.4,3.5,21.3,1,3,19,61.4,14.6,1,76.1,23.9,59071,65791
"11221",42133020522,"42","133","020522",4085,39.899854,-76.891149,"Census Tract 205.22, York County, Pennsylvania",197800,1616,82,6.7,2.74,2.62,8.8,12.3,9.2,9.9,10.9,16.7,14.1,1.8,16.3,3.2,2.7,15.5,45.5,28.7,4.5,90.9,9.1,70287,73955
"11222",42133020600,"42","133","020600",7107,40.005442,-76.875358,"Census Tract 206, York County, Pennsylvania",182700,2883,115,6.3,2.49,2.04,2.6,2.5,14.9,15.6,22.5,6.6,6.8,7,21.3,0.5,4.7,19.5,50.9,22.4,2,95.1,4.9,52833,68118
"11223",42133020710,"42","133","020710",6517,39.995361,-76.841909,"Census Tract 207.10, York County, Pennsylvania",144400,2802,50,5.9,2.45,2.31,9.9,12.4,9.4,15.2,18.1,10.1,12.9,1.9,10.1,0,7,23.4,47.6,20.8,1.2,76.8,23.2,50096,58023
"11224",42133020720,"42","133","020720",9461,39.98099,-76.825494,"Census Tract 207.20, York County, Pennsylvania",151100,3845,143,6,2.51,2.67,9.6,11.8,22.9,17,11.5,13.5,9.3,2.7,1.7,0,4.2,26.4,51.5,16.7,1.2,78.6,21.4,53849,60440
"11225",42133020800,"42","133","020800",7510,40.057132,-76.788151,"Census Tract 208, York County, Pennsylvania",175600,2922,205,5.7,2.83,1.93,15.4,15.1,14.5,12.9,14.4,9.2,6.3,4.3,7.9,1.8,3.2,21.4,53.9,16.9,2.8,82.3,17.7,61698,70054
"11226",42133020910,"42","133","020910",6306,40.120623,-76.741609,"Census Tract 209.10, York County, Pennsylvania",123000,2547,241,5.9,2.5,3.14,4,9.1,23.6,10.8,8.3,6.6,11.9,4.8,21,0.5,3.7,24,57.5,12.7,1.6,86.9,13.1,52323,60755
"11227",42133020921,"42","133","020921",7107,40.146802,-76.789991,"Census Tract 209.21, York County, Pennsylvania",155300,2891,76,6.7,2.54,2.59,3.9,2.2,15.4,33.6,21.5,7.9,7.9,1.5,6.1,0,0.4,26.1,59.5,13.2,0.8,89.2,10.8,67203,71098
"11228",42133020922,"42","133","020922",3895,40.123886,-76.832496,"Census Tract 209.22, York County, Pennsylvania",168900,1704,47,6.1,2.5,2.62,1.9,8.5,18.8,21.8,24.4,5.5,2.3,2.8,14,0,4.5,24.2,50.3,18.7,2.3,89.5,10.5,60703,70759
"11229",42133021010,"42","133","021010",5009,40.044134,-76.696212,"Census Tract 210.10, York County, Pennsylvania",183700,1864,59,6.2,2.81,3.16,10.3,22.9,22.1,10.6,8.1,4.4,7.7,1.1,12.8,0,1.2,14.2,55.2,24.1,5.3,89,11,67639,76736
"11230",42133021020,"42","133","021020",6411,40.0655,-76.716103,"Census Tract 210.20, York County, Pennsylvania",166500,2550,136,6,2.73,2.03,3.8,11,13.2,10.2,12.9,9.2,11.1,6.6,22.1,0.6,7.4,22.5,50.1,16.9,2.6,68.1,31.9,52971,61952
"11231",42133021100,"42","133","021100",4510,40.00628,-76.729674,"Census Tract 211, York County, Pennsylvania",145600,1906,75,6,2.29,2.19,10.5,9.8,21.8,2.8,9.7,9.2,21.2,11.3,3.6,0,2.4,39.3,51.6,5.8,0.9,80.1,19.9,53601,60673
"11232",42133021210,"42","133","021210",8303,39.991044,-76.750526,"Census Tract 212.10, York County, Pennsylvania",153200,3387,193,6,2.62,2.14,2,19.8,32.4,5.4,2.2,4.5,7.9,9.1,16.9,1.5,4.8,28.4,43.2,17,5,80.9,19.1,58232,69281
"11233",42133021220,"42","133","021220",7262,40.013021,-76.774332,"Census Tract 212.20, York County, Pennsylvania",289900,2429,72,8.3,3.02,3.46,17.3,24,25.4,6.7,9.5,9,3.5,0.9,3.7,0,0,3,29.9,55.6,11.4,97.9,2.1,108156,116075
"11234",42133021300,"42","133","021300",4617,39.953424,-76.75904,"Census Tract 213, York County, Pennsylvania",111100,2170,170,6,2.53,1.91,1.4,0,0.5,5.2,4.7,3.2,17.4,17.5,50.1,1,17.6,25.2,40.1,8.2,8,62.9,37.1,46316,48233
"11235",42133021410,"42","133","021410",4861,39.982512,-76.787173,"Census Tract 214.10, York County, Pennsylvania",161700,2238,20,5.4,2.35,1.69,2.1,5.6,34.6,25.2,7.6,4.4,5.9,4.4,10.2,0.6,20.2,35,24.7,16.7,2.8,63,37,44521,62555
"11236",42133021420,"42","133","021420",7330,39.968208,-76.803661,"Census Tract 214.20, York County, Pennsylvania",181000,2870,58,6.6,2.59,1.56,3.7,6.8,19.8,17.9,17.7,14.4,13.5,2.9,3.3,0,5.5,15.3,50.7,25.8,2.8,91,9,73024,81473
"11237",42133021500,"42","133","021500",3827,39.955605,-76.782507,"Census Tract 215, York County, Pennsylvania",148900,1790,22,5.8,2.12,2.4,0.6,2.4,12.7,12.6,7.7,7.6,29.7,17.3,9.3,0,4.4,32.7,48.7,12.7,1.5,77,23,50175,61939
"11238",42133021600,"42","133","021600",2876,39.935231,-76.790134,"Census Tract 216, York County, Pennsylvania",133000,1297,35,5.7,2.5,1.57,0.8,1.5,3.1,7.1,23.5,14,20.4,18.2,11.5,2.4,17,24.2,38.5,17.2,0.7,71.6,28.4,53226,55744
"11239",42133021711,"42","133","021711",3078,39.832358,-76.914845,"Census Tract 217.11, York County, Pennsylvania",216200,1210,59,6.4,2.71,2.41,1.5,6.1,18.5,20,12.1,11.4,9.8,0.8,19.8,0,3.5,16.1,54.5,22.5,3.5,85.7,14.3,67102,87897
"11240",42133021712,"42","133","021712",6531,39.852553,-76.829252,"Census Tract 217.12, York County, Pennsylvania",179100,2453,215,6.4,2.85,3.14,0.4,7.2,17.3,10,13.7,7.7,12.8,2.7,28.2,0,1.5,21,55.2,19.6,2.7,91.3,8.7,63699,73074
"11241",42133021720,"42","133","021720",4348,39.894,-76.785203,"Census Tract 217.20, York County, Pennsylvania",170700,1879,95,6.1,2.37,2.43,22.9,1.8,10.1,9.2,23.3,9.3,7.3,3.7,12.5,0,4,26.7,46.5,18.9,3.9,75.9,24.1,60245,68143
"11242",42133021801,"42","133","021801",4527,39.776546,-76.970847,"Census Tract 218.01, York County, Pennsylvania",207800,1654,49,6.7,2.82,1.63,9,13.1,19,16.6,15,7.6,12.8,4.6,2.3,0,3.7,21.6,51.8,20.9,2,80.4,19.6,69441,80579
"11243",42133021802,"42","133","021802",4150,39.800117,-76.951001,"Census Tract 218.02, York County, Pennsylvania",242600,1547,39,7,2.83,2.69,2.1,13.6,35.3,13.4,7.2,10.4,4.1,7.4,6.4,0,1.1,13,54,26.6,5.2,92.2,7.8,80735,93703
"11244",42133021900,"42","133","021900",6935,39.7926,-76.973412,"Census Tract 219, York County, Pennsylvania",143700,2870,132,5.5,2.6,2.56,1.2,6.4,15.1,11.3,13.9,7.7,13.3,8.3,22.7,1.6,6.3,26.9,57.9,6.8,0.5,68.5,31.5,54375,55555
"11245",42133022000,"42","133","022000",3623,39.79748,-76.979133,"Census Tract 220, York County, Pennsylvania",159800,1649,65,6.1,2.39,2.47,0,0,0.7,2.2,2.2,7.4,14.7,18.7,54,2.2,10.2,24.1,44.8,15,3.7,59.5,40.5,45450,50477
"11246",42133022100,"42","133","022100",3279,39.801827,-76.982982,"Census Tract 221, York County, Pennsylvania",140900,1556,66,4.8,2.39,2.09,2.8,0.6,3.1,1.9,9.8,4.1,11.4,16.3,49.7,1.5,30.1,29.2,29.5,7.1,2.6,36.1,63.9,34242,45398
"11247",42133022200,"42","133","022200",4372,39.815805,-76.979703,"Census Tract 222, York County, Pennsylvania",194800,2044,93,6.3,2.04,2.65,5.6,6.4,17.5,4.6,10,13.7,17.2,9.6,15.4,0.4,2.3,36.8,44.7,14.7,1.1,80.7,19.3,54198,80010
"11248",42133022300,"42","133","022300",4015,39.807344,-76.993721,"Census Tract 223, York County, Pennsylvania",152300,1889,151,5.3,2.25,2.1,0.4,1.4,8.5,3.5,16.7,15.5,13.2,16.3,24.4,0.4,20,28.1,42.9,8.6,0,48.4,51.6,43966,49621
"11249",42133022401,"42","133","022401",3380,39.757916,-76.864125,"Census Tract 224.01, York County, Pennsylvania",301600,1352,141,7.2,2.85,2.34,2.9,14.4,20.2,13.5,14,6.7,1.5,1.6,25.1,0.5,2.5,8.6,50.3,29.1,8.9,87.5,12.5,83125,96805
"11250",42133022402,"42","133","022402",7744,39.754415,-76.94841,"Census Tract 224.02, York County, Pennsylvania",220500,2861,122,6.5,2.81,2.18,12.3,24.4,6.2,12.5,16.9,7.5,6.6,2.6,10.8,1.3,3.3,10.7,50.8,30.4,3.6,86.9,13.1,77793,78625
"11251",42133022500,"42","133","022500",3796,39.78365,-76.796,"Census Tract 225, York County, Pennsylvania",224900,1375,26,7.1,2.86,2.44,1.3,7.5,11.1,13.1,20.1,5.9,6.6,4.7,29.7,1.1,0,16.2,43.6,22.2,16.9,88.7,11.3,60313,73215
"11252",42133022600,"42","133","022600",8233,39.861621,-76.712691,"Census Tract 226, York County, Pennsylvania",220200,3222,96,7,2.53,2.63,12.8,12.2,6.8,10.7,24.2,10.2,9.7,2.1,11.4,0,3.2,15.4,51.1,25.4,5,86.4,13.6,71203,88936
"11253",42133022700,"42","133","022700",6318,39.925901,-76.705574,"Census Tract 227, York County, Pennsylvania",194000,3094,203,5.6,2.6,1.63,1.2,3.8,16.8,14.7,23.8,17.6,10.9,3.5,7.8,1.8,19.4,27.3,31.9,14,5.6,60,40,53625,71777
"11254",42133022800,"42","133","022800",7667,39.91293,-76.682321,"Census Tract 228, York County, Pennsylvania",193900,3244,52,6.5,2.45,2.16,3.7,10.6,18.4,9.6,23,19,8.3,3.3,4.1,0,8.7,23.2,42.2,23.3,2.5,71.5,28.5,67579,79954
"11255",42133022910,"42","133","022910",9580,39.934232,-76.652262,"Census Tract 229.10, York County, Pennsylvania",196500,3972,145,5.9,2.54,2.15,12.7,21.1,25.7,16.8,8.7,9.2,3,0.7,2,0,9.5,36.1,35.4,16,3,65,35,52871,76893
"11256",42133022920,"42","133","022920",4228,39.893992,-76.643723,"Census Tract 229.20, York County, Pennsylvania",193600,1661,70,6.8,2.52,2.18,7.9,5.6,21.5,14.3,17.3,14.9,11.2,2.2,4.9,0,8.2,14.3,59.8,16,1.7,88.4,11.6,70742,88443
"11257",42133023000,"42","133","023000",5067,39.901915,-76.640545,"Census Tract 230, York County, Pennsylvania",132400,2292,197,5.8,2.61,2.09,1.8,2.1,2.4,15.8,18.4,5.6,9.4,8.3,36,0.2,11.3,29.9,45,9.7,3.9,58.9,41.1,46605,58326
"11258",42133023100,"42","133","023100",6373,39.899093,-76.608991,"Census Tract 231, York County, Pennsylvania",137300,2737,82,5.7,2.45,2.34,0.5,2.3,5.3,5.9,13.2,7.9,15.8,6.9,42.3,0.4,13.2,30.1,42.5,10.6,3.1,51.3,48.7,46861,62526
"11259",42133023200,"42","133","023200",6333,39.898743,-76.577334,"Census Tract 232, York County, Pennsylvania",166900,2546,67,6.1,2.69,2.35,8.4,7.8,12,11.4,9.9,11.5,13.2,8.6,17.2,0,5.8,19.6,54.7,18,1.9,83.5,16.5,61807,68594
"11260",42133023301,"42","133","023301",6121,39.954004,-76.625876,"Census Tract 233.01, York County, Pennsylvania",213300,2283,100,6.9,2.77,1.41,11.5,17,31.7,11.2,6.8,6.2,4.7,3,7.9,0,0.7,25.8,38.1,29.2,6.2,93.8,6.2,66083,83021
"11261",42133023302,"42","133","023302",6369,39.924131,-76.609393,"Census Tract 233.02, York County, Pennsylvania",182400,2383,120,6.5,2.64,3.29,8.2,11.8,26.3,13.5,12.8,11,3.8,2.9,9.7,0,5.2,12.8,52,27.5,2.6,86.2,13.8,74030,78206
"11262",42133023400,"42","133","023400",5681,40.014709,-76.60568,"Census Tract 234, York County, Pennsylvania",151100,2821,327,5.3,2.27,1.98,5.4,19.5,12.8,7.8,10,8.4,8.8,5.1,22.3,0,3.7,45,44.7,5.3,1.3,73.7,26.3,58906,69780
"11263",42133023500,"42","133","023500",5345,40.013047,-76.553287,"Census Tract 235, York County, Pennsylvania",142100,2255,52,6,2.46,2.53,0.8,1.9,10.4,16.7,16,8.3,9,6,31,0,7.8,32.1,42.9,16,1.2,73.2,26.8,60841,74230
"11264",42133023601,"42","133","023601",3673,39.965879,-76.559164,"Census Tract 236.01, York County, Pennsylvania",146400,1516,40,6.2,2.61,2.45,2,11.9,14.4,16.5,20.2,7.9,7.6,1.3,18.3,0,2.8,16.8,65.6,12.2,2.5,84.1,15.9,57738,85928
"11265",42133023602,"42","133","023602",4843,39.955356,-76.517424,"Census Tract 236.02, York County, Pennsylvania",158300,2113,140,5.7,2.29,2.59,3.1,5.4,17.7,11.8,20.1,9.7,11.9,6,14.4,0.6,4.5,32.8,49.1,12.2,0.9,82.8,17.2,51791,61131
"11266",42133023710,"42","133","023710",3929,39.833291,-76.610695,"Census Tract 237.10, York County, Pennsylvania",194100,1607,52,6,2.59,2.15,3.6,10.6,22.4,16.3,18.1,3.4,3.4,1.9,20.3,0,2.8,23.2,55.4,16.3,2.2,84.5,15.5,56088,67473
"11267",42133023721,"42","133","023721",6111,39.881287,-76.496082,"Census Tract 237.21, York County, Pennsylvania",192100,2433,171,6.6,2.67,3.11,1.8,11.1,19.7,14.7,18,6.3,7.9,1.5,18.8,0,2.1,15.5,50.7,26.9,4.8,90.4,9.6,68718,73205
"11268",42133023722,"42","133","023722",3028,39.80755,-76.376077,"Census Tract 237.22, York County, Pennsylvania",220500,1198,139,6.3,2.79,3.13,0.6,6.3,12.7,14.8,17.9,8.3,14.7,3.2,21.6,1.1,3.8,26.6,45.5,15.2,7.8,77.5,22.5,60272,69962
"11269",42133023810,"42","133","023810",4678,39.783587,-76.723203,"Census Tract 238.10, York County, Pennsylvania",230200,1825,80,6.7,2.78,2.56,3.3,5.9,7.7,19,9.6,6,8.7,6.6,33.2,0.2,4.4,18.2,47.5,24.7,5,79.2,20.8,69144,80651
"11270",42133023821,"42","133","023821",5339,39.737205,-76.69512,"Census Tract 238.21, York County, Pennsylvania",257600,2154,76,7.1,2.67,2.37,5.3,8.9,21.4,17.3,8.8,5.6,6.5,2.5,23.7,1.2,2.3,15.7,46,32.8,1.9,80.4,19.6,73194,82184
"11271",42133023822,"42","133","023822",7020,39.759288,-76.671017,"Census Tract 238.22, York County, Pennsylvania",240700,2548,59,7.1,2.7,1.74,4.7,19,10.6,12,28,11,4.3,2.1,8.3,0,9.5,9.9,45,32.1,3.4,82.7,17.3,73365,82918
"11272",42133023901,"42","133","023901",7524,39.759082,-76.596743,"Census Tract 239.01, York County, Pennsylvania",238300,3023,134,6.9,2.64,2.63,4.2,16,28.8,10.8,10.6,4,5.8,1.1,18.6,0,2.6,19.9,40.4,33.7,3.4,88.5,11.5,78378,92794
"11273",42133023902,"42","133","023902",2928,39.802513,-76.549984,"Census Tract 239.02, York County, Pennsylvania",244400,1105,11,6.9,2.87,2.8,3,8,25.6,24.3,12.7,2.7,3.7,3.1,17,0,2.2,12.9,55.7,19.5,9.7,93.5,6.5,76417,89574
"11274",42133024001,"42","133","024001",5541,39.747298,-76.348991,"Census Tract 240.01, York County, Pennsylvania",209500,2597,383,6,2.43,2.45,12.3,6.1,12.2,12.6,12.9,12.6,7.8,4.9,18.7,0,5.9,28.6,48.1,12.7,4.7,80.6,19.4,56667,64622
"11275",42133024002,"42","133","024002",3551,39.752601,-76.458578,"Census Tract 240.02, York County, Pennsylvania",253400,1359,79,6.6,2.83,2.68,3.5,11.8,15.1,15.4,15.2,7.1,5.7,2.4,23.7,0.3,1.9,19.4,52.9,21,4.5,83.8,16.3,71638,78039
